#####################################################################
# Alchemist log file - simulation started at: 2019-09-18T07:14+0000 #
#####################################################################
# seed = 89.0, stage_width = 2000
#
# The columns have the following meaning: 
# time rep-bcast[Sum] rep-ccast[Sum] share-bcast[Sum] share-ccast[Sum] 
0.0 NaN NaN NaN NaN 
1.0003328954079753 NaN NaN NaN NaN 
2.000332895407975 NaN NaN NaN NaN 
3.000332895407976 NaN NaN NaN NaN 
4.000332895407976 NaN NaN 2.607633210944221 NaN 
5.000332895407977 NaN NaN 3.5176257307571683 NaN 
6.0001969426737665 NaN NaN 2.4672090550103283 2.4796940803437773 
7.000332895407979 NaN NaN 2.6828498469679927 2.4796940803437773 
8.000332895407979 NaN NaN 3.0122607000521517 2.8145570143573693 
9.000332895407976 NaN NaN 3.0068576080021554 3.727627333067617 
10.00027725539411 NaN NaN 2.7092580519913385 2.878956814672229 
11.000332895407968 NaN NaN 3.4762673327756426 3.0128798836622392 
12.000332895407965 NaN NaN 2.504415085796996 4.841565631015761 
13.000211246784623 NaN NaN 2.947075943630944 4.841565631015761 
14.000332895407958 NaN NaN 3.7006522947178535 3.1026304205526607 
15.000332895407954 NaN NaN 3.5541627671533984 4.579506336965361 
16.00033289540795 NaN NaN 3.893837126128645 3.9362910483369973 
17.000332895407947 NaN NaN 3.3000408584944765 3.7996448742902125 
18.000332895407944 NaN NaN 4.850276779767174 4.894881537428748 
19.00013879459924 NaN NaN 3.801154384098174 4.894881537428748 
20.000205514087025 NaN NaN 3.1973149422067877 3.714050709893156 
21.000035607238036 NaN NaN 3.1126832561772453 3.134010785613512 
22.00033289540793 NaN NaN 3.7781493621230737 3.391261852921886 
23.000332895407926 NaN NaN 3.3416934675814147 3.491504308819618 
24.000067986412837 NaN NaN 3.8013586213617394 3.491504308819618 
25.00033289540792 NaN NaN 2.303756442200406 3.5398057230273885 
26.000122939938937 NaN NaN 2.6794648017055422 3.9952725014733375 
27.000170614498007 NaN NaN 3.598648949747137 3.5492733919190442 
28.000332895407908 26.1633533969703 NaN 3.8987888658450807 3.5361685784844568 
29.000332895407904 25.920822180146324 NaN 3.059073809172869 3.359557268114532 
30.0003328954079 26.38336443500524 NaN 2.8094549658121117 3.3773198115039555 
31.00013114277683 26.382532417951467 NaN 3.6722297450176598 3.5762152928241235 
32.000332895407894 28.151797040427514 NaN 3.1272435358509263 3.5762152928241235 
33.00033289540791 29.090418605458023 NaN 3.128918409450417 3.457601770419405 
34.00033289540792 28.64173005435515 NaN 2.536048099004276 3.324730503621357 
35.00033289540794 26.779465853596065 NaN 3.933175563522944 4.668783804739409 
36.00033289540795 24.623898675638777 NaN 3.6399735665179733 2.892508330454419 
37.000332895407965 25.762401797646824 NaN 3.5860309212595993 3.7737016308714786 
38.00033289540798 26.13069182416904 NaN 3.2908235788897144 3.590968532356463 
39.00033289540799 26.580076536414445 NaN 3.7402082911351187 3.0304532536853017 
40.00000048864953 27.94294227455366 NaN 3.2902700156357056 3.0304532536853017 
41.00033289540802 26.113379941075777 NaN 2.9535243791928067 4.644047925472087 
42.000332895408036 27.038004993866366 NaN 2.7265388086539772 4.258237610493659 
43.00033289540805 28.24116312722788 NaN 3.9296969420154895 3.197425330090013 
44.000332895408064 27.198187359592133 NaN 3.5288317612748514 3.197425330090013 
45.00014484237346 27.5312495045345 NaN 3.861893906217219 3.8559832430955723 
46.0000186320197 25.980851943487227 NaN 3.561215948738237 4.301114866037835 
47.00032000687403 26.266821112246106 NaN 2.1911354770861493 4.301114866037835 
48.00026261464302 25.93173280162615 NaN 3.1547858544748593 3.688932960003342 
49.000091089390104 26.534687476349273 NaN 2.38798385346513 3.3917658021639596 
50.00021704610521 28.006738444752695 NaN 3.8600348218685525 3.5315043176601932 
51.000332895408164 26.688648222870462 25.553190127705264 2.7304032383707977 3.2202595362238213 
52.00033289540818 27.613774417054458 25.553190127705264 3.6555294325547933 3.2202595362238213 
53.00033289540819 26.487657766249722 26.884539362268015 3.1978959040536523 3.94865409606345 
54.00033289540821 25.195909737750018 24.32063670867872 3.002276878159286 4.485325295217017 
55.00033289540822 25.637764634516454 25.12725657055342 3.4441317749257223 2.6418192642275216 
56.000318153654625 25.713584863793155 25.78921194802179 3.1255494610706904 4.16654942090144 
57.00024545609395 26.636867000635373 25.78921194802179 4.048831597912908 4.16654942090144 
58.00033289540826 26.738601910945036 27.224727500154923 3.4359617107696536 4.409299478922861 
59.00033289540828 27.447071923972622 26.00219384275148 4.14443172379724 4.511608403810548 
60.000327886478736 28.530310052259182 26.024427449441006 3.7029396954098814 5.684386315242634 
61.000332895408306 29.550147625003675 26.663410120560734 3.2872617160212414 3.9454650320459876 
62.00004186593082 26.910237624222248 27.27980369640337 3.229482200775969 3.639492595158174 
63.000332895408334 28.24196893371171 27.27993146289849 2.7494529277136195 2.682796974162251 
64.00018205297854 28.873881903211654 27.66119407805074 3.3813658972135627 3.9413007374919786 
65.00033289540836 26.618858788052336 24.751343867691794 2.930023624005429 4.01121248552937 
66.00033289540838 26.92042221233619 25.93133349234676 2.2896813879707523 2.7924385879093805 
67.00033289540839 24.43626988362505 27.098741706563764 2.8592568929322724 3.3279338326264423 
68.0003328954084 24.734268097036058 27.098741706563764 4.27009888021616 3.3279338326264423 
69.00033289540842 25.786289277415825 25.924728708771262 3.052381115159079 3.577757534022439 
70.00033289540843 26.64071476588665 25.924728708771262 2.739398389412898 3.577757534022439 
71.00033289540845 26.21926650685782 24.947579406618793 3.8092755217974883 2.9362878639181105 
72.00033289540846 26.980058087431814 25.05324332681422 2.7835294356040237 3.435719865192624 
73.00004846748071 27.0853972717617 24.842626821493504 4.258625295666761 3.702448789965956 
74.00033289540849 24.20689587484427 25.720815360783554 2.685156865690246 3.195038648707353 
75.0003328954085 25.126468257547025 24.67742481783771 3.6047292483929994 2.9271582280073005 
76.00025728844207 23.55206629221032 24.67742481783771 3.2610482415033886 2.9271582280073005 
77.00026550968322 24.310884354671664 22.493077844367463 3.1416777646746823 3.611936619536536 
78.00033289540855 25.1543011426701 23.81809693576089 2.9534794524924166 3.6383941108178703 
79.00033289540856 25.074716291228086 24.59685931847814 4.16475334974497 3.4975841108323635 
80.00033289540858 26.438069069159027 23.779474162193416 3.758127987185077 3.352957331053787 
81.00033289540859 NaN NaN NaN NaN 
82.0003328954086 NaN NaN NaN NaN 
83.00033289540862 NaN NaN NaN NaN 
84.00033289540863 NaN NaN 2.947102219342 NaN 
85.00033289540865 NaN NaN 3.8194023315910073 NaN 
86.00021152156425 NaN NaN 2.769048631347104 NaN 
87.00019279940334 NaN NaN 3.7621073288806173 NaN 
88.00033289540869 NaN NaN 3.3807625896259452 NaN 
89.0003328954087 NaN NaN 2.7872030157054155 NaN 
90.0001422622703 NaN NaN 3.056026126679072 NaN 
91.00030357138274 NaN NaN 3.056026126679072 NaN 
92.00033289540875 NaN NaN 3.2189423559994026 NaN 
93.00013144732971 NaN NaN 3.164852720901621 NaN 
94.00033289540877 NaN NaN 3.164852720901621 NaN 
95.00033289540879 NaN NaN 3.594660902649082 NaN 
96.0003328954088 NaN NaN 3.7325915540215817 NaN 
97.00033289540882 NaN NaN 2.5807763167069595 2.539131684484232 
98.00033289540883 NaN NaN 2.5807763167069595 3.4419824475595675 
99.00033289540885 NaN NaN 3.0378690105506507 3.175303701237894 
100.00033289540886 NaN NaN 4.157101020457958 3.1368605043289364 
101.00033289540887 NaN NaN 4.157101020457958 4.077497758341906 
102.00025052915026 NaN NaN 2.982716662927487 3.594638315533615 
103.0003328954089 NaN NaN 3.560008353112636 4.404708253469948 
104.00033289540892 NaN NaN 3.560008353112636 3.4760716905795164 
105.00033289540893 NaN NaN 2.677635664690598 3.4909230520194683 
106.00030747134274 23.81823311525453 NaN 2.147862600391747 4.0344327264482445 
107.00000271179253 25.15882424605806 NaN 2.5072689602188234 3.8245146838012687 
108.00033289540897 26.249837323189794 NaN 3.5982820373505575 3.749455764250129 
109.00033289540899 26.249837323189794 NaN 3.5982820373505575 4.317042605104646 
110.00011361605303 23.749400344469876 NaN 2.8174698755490084 5.437298614453653 
111.00013856895976 25.190068342485844 NaN 2.7783647483561538 4.159600524187908 
112.00033289540903 25.190068342485844 NaN 2.7783647483561538 3.998450736090234 
113.00033289540904 25.98871185905925 NaN 3.651183702567863 3.6411387110422027 
114.0001508186958 27.16313331998377 NaN 3.705349154143377 3.967617073349956 
115.00025567023937 26.025830265286714 NaN 3.3145944391919784 3.5619203769233962 
116.00002126065056 27.237214443255084 NaN 3.098057782614873 3.4465805126338154 
117.0003328954091 26.349616859130407 NaN 3.3594242190576864 3.4887273646062056 
118.00033289540912 27.39252952108717 NaN 2.839246925318008 4.010780394455736 
119.00004867657617 27.718807780988584 NaN 3.403102385774446 4.529824291307463 
120.00033289540914 28.554328293669286 NaN 3.552523368324387 2.9047298877034393 
121.00016306926295 28.554328293669286 NaN 3.552523368324387 4.5002767442818765 
122.00033289540917 25.486040335185194 NaN 3.858931939760552 3.07682669404079 
123.00033289540919 26.896156504131326 NaN 2.0201531610138517 3.2102234666405565 
124.00025944631383 26.807631086562793 NaN 2.983836168027352 4.112439053624527 
125.00033289540922 27.846564054461254 NaN 3.217290658579415 3.6400840279934243 
126.00005571183901 26.9645086014922 NaN 2.885458624806688 4.3714568019387485 
127.00033289540924 26.9645086014922 NaN 2.885458624806688 4.4658015450257125 
128.0000029380762 25.43551448971462 NaN 2.524899660672588 5.146276386306752 
129.0003328954092 26.71549154615394 NaN 3.8048767171119096 6.30309562301008 
130.0000579188528 25.308572376274682 NaN 2.5609718091315727 4.0578632481262105 
131.0003328954091 25.854559842047664 NaN 3.106959274904554 4.658905737594807 
132.00033289540903 22.751780631902122 NaN 3.5000705789405657 3.3580356989966447 
133.00033289540897 23.749388808788368 NaN 3.340859519123484 3.171302062180928 
134.00033289540892 24.994360079428432 NaN 2.903385136729554 3.4906136114379933 
135.00023359596997 26.228389265471534 NaN 2.730075323660884 3.485530762016168 
136.0003328954088 27.109113817842157 NaN 2.8056047348491404 4.704072157339169 
137.00002391081364 25.62142580823989 NaN 2.943121839160966 3.474002810705315 
138.0003328954087 26.52462947367836 NaN 2.777822208704208 4.456724987637756 
139.00033289540863 25.566832202177977 NaN 3.7407694287875586 3.308741163670078 
140.00016004999117 25.650841042954227 NaN 3.5626037117477836 4.07537747184449 
141.00033289540852 25.650841042954227 NaN 3.5626037117477836 3.3030196472307125 
142.00012300039327 24.15117053546693 NaN 3.5364710263488632 3.095678917964534 
143.0003328954084 25.180057298546913 NaN 3.5985878749827975 2.964284658781054 
144.00033289540835 26.44593946243519 NaN 2.9641717705301005 3.915066713325132 
145.00030684300728 25.817285699478305 NaN 3.541966871634827 3.456262204420824 
146.00013684041195 25.817285699478305 NaN 3.541966871634827 3.287371869616436 
147.00033289540818 25.199255133809885 NaN 2.7514080760928437 4.526499448672155 
148.00033289540812 23.550927291514483 NaN 3.304017466472345 3.889746925402477 
149.000222270536 24.389438557022544 NaN 2.2696420495599057 3.889420117962459 
150.00028351228656 25.43517820062644 NaN 3.3153816931638005 3.245253009088856 
151.00033289540795 26.415368008204837 NaN 2.9345455910992655 4.058485662442507 
152.0003328954079 24.904098417886544 NaN 3.5415671863217995 2.762956502956058 
153.00033289540784 24.904098417886544 NaN 3.5415671863217995 4.113789280355235 
154.00033289540778 26.080869203462655 NaN 3.31683728925708 3.513208945060228 
155.00033289540772 27.243651623698682 NaN 2.9712422467203794 4.157065409928634 
156.00033289540767 24.590966465539736 NaN 3.3503047109461477 3.6543710643340432 
157.00007020135476 24.590966465539736 NaN 3.3503047109461477 4.367107893624137 
158.00017740658413 26.213012789384834 NaN 2.9031454540355526 5.168103872643712 
159.0003328954075 24.785069553576704 NaN 3.3860087747266903 4.678867601078139 
160.00033289540744 24.785069553576704 NaN 3.3860087747266903 3.801756125257981 
161.00003887935014 24.76507832153743 NaN 3.5774936085679485 3.327975967037588 
162.000028973338 25.45796137253589 NaN 4.270376659566409 3.6376247289043704 
163.00033289540727 26.247825964502624 NaN 3.2099243172865783 3.4031163399329216 
164.0003328954072 26.477060393964393 NaN 3.5988850818360163 5.056332206807184 
165.00033289540715 26.91315449409052 NaN 3.559786431403097 3.204031216103118 
166.0003328954071 26.91315449409052 NaN 3.559786431403097 3.82950944198447 
167.0000219770683 24.04187426088015 NaN 3.844518212722562 3.588731177833864 
168.00033289540698 25.480317291186907 NaN 2.454044558803389 4.379181465315554 
169.00033289540693 26.472926995912047 NaN 3.4466542635285293 5.549214731449496 
170.00033289540687 27.663664791705514 NaN 2.850984090176638 4.996669106421592 
171.0003328954068 26.675369035861735 NaN 3.4056367104158483 4.115819772396691 
172.00012878775317 26.675369035861735 NaN 3.4056367104158483 2.721893976754558 
173.0003328954067 25.287000729811382 NaN 2.469034367400269 3.008080683013361 
174.00033289540664 25.441850698076422 NaN 3.4964493476417147 3.7840990516016006 
175.0003328954066 25.441850698076422 NaN 3.4964493476417147 4.075522397511037 
176.00033289540653 26.773947672160034 NaN 3.7914193823355617 4.075522397511037 
177.00033289540647 23.70542688356136 NaN 4.005851720926017 3.1924519979922934 
178.00033289540642 24.464734445732972 NaN 3.402047344839474 3.930130818186143 
179.00033289540636 25.790216219155553 NaN 2.7429369432151702 4.632984189195241 
180.00015354920447 25.796290225105622 NaN 2.5178585757184067 2.9858189808626605 
181.00033289540625 25.796290225105622 NaN 2.5178585757184067 4.09325720714628 
182.00012694372737 27.074420223869822 NaN 2.6856453752981793 3.7360754950362036 
183.0001708696502 26.10068127923293 NaN 3.1985389771784014 4.829364916355985 
184.00033289540607 25.503338849724543 NaN 2.8337453416476706 2.551393982363521 
185.00033289540602 26.71994770854579 NaN 3.648228350407379 3.40678645578339 
186.00033289540596 26.71994770854579 NaN 3.648228350407379 3.4678208301541815 
187.00006663683737 25.315198078504267 NaN 2.8740105200792527 3.0013472709263738 
188.00033289540585 24.542136027634456 NaN 3.399189301353232 2.8413785897936634 
189.0003328954058 24.542136027634456 NaN 3.399189301353232 3.6584257438975385 
190.00033289540573 26.022496387654684 NaN 2.653162047203608 3.017851053312029 
191.00033289540568 21.94540230654212 NaN 2.605428349990717 3.062100717437744 
192.00033289540562 23.065869160471095 NaN 2.9088480498158162 3.733039491436955 
193.00010409304878 24.129475846476595 NaN 3.0360605818121655 2.8736730002875674 
194.0003328954055 25.05514718516517 NaN 3.413111347325554 3.996177658344692 
195.00027488569697 25.910054554099673 NaN 2.72087959661647 4.4564021493310975 
196.0003328954054 24.925985522249135 NaN 2.950897492669583 5.247590028924549 
197.00033289540534 25.857243173809593 NaN 2.759650486172916 4.342085209673797 
198.0000055740695 23.794951961470616 NaN 3.1234269786180278 3.3286928749380422 
199.00033289540522 24.517542302841377 NaN 3.8279820234428428 3.6603403439939655 
200.00003348228915 24.517542302841377 NaN 3.8279820234428428 3.7607650426232055 
201.00000210109246 NaN 137.97363168687372 NaN NaN 
202.00033289540505 NaN 137.97363168687372 NaN NaN 
203.000332895405 NaN 139.17348688965168 NaN NaN 
204.00033289540494 NaN 140.39500688530308 3.59081087143619 NaN 
205.00012280601072 NaN 141.48711456926563 3.642390029407551 NaN 
206.00033289540482 NaN 142.92757576034376 3.2803005130802774 NaN 
207.00033289540477 NaN 142.92757576034376 3.9172660288706993 NaN 
208.00004049106235 NaN 144.3843033245471 2.6594207585607137 NaN 
209.00031212438003 NaN 145.55047847959872 3.7122550444434808 NaN 
210.0003328954046 NaN 146.37822710560832 4.026425965820437 NaN 
211.00032441356052 NaN 147.49846791917116 3.6442157928998427 NaN 
212.00033289540448 NaN 148.9513411649318 3.4302081818789816 NaN 
213.00033289540443 NaN 148.9513411649318 3.307747030837959 NaN 
214.00033289540437 NaN 150.1832369863596 4.329269388021345 NaN 
215.00016762880009 NaN 151.17630442741273 2.636997675006029 NaN 
216.00008043903617 NaN 152.46947804133328 2.628633380588468 NaN 
217.0003328954042 NaN 153.1110313150832 2.9364372099779246 NaN 
218.000230022082 NaN 154.48036732796996 3.8755673966622055 3.7728708343402957 
219.00033289540409 NaN 155.36076543775238 3.1370532723213955 3.2253332884581596 
220.00033289540403 NaN 156.25308639273698 2.311624503736681 3.4412160257889184 
221.00033289540397 NaN 157.2831030153231 2.3364438949636224 3.1522203335882466 
222.00033289540391 NaN 158.5088966208995 2.362905916220882 2.9023653072448212 
223.00033289540386 NaN 159.15824432598225 2.6835361953629615 3.551713012327582 
224.0000319093929 NaN 160.3693760000741 3.609324751553487 3.577384168367473 
225.00033289540374 NaN 161.55819999713196 3.0405697400851466 2.9422076881741077 
226.0003328954037 NaN 162.77947429473096 3.8990250855682405 3.2134025335294893 
227.00029287013282 26.664410552823966 163.83588157240288 3.379872137563865 3.869242361716829 
228.00033289540357 25.1550298479695 165.05373288205288 2.7703167404892213 4.1613051151763045 
229.00033289540352 26.304235499136666 165.05373288205288 2.6982480940573907 4.1613051151763045 
230.00033289540346 27.676124179899915 166.07636805919623 3.0137294971487165 3.5939498528790637 
231.0003328954034 28.421366235889508 167.69417771029276 2.541120243488308 3.944929572654786 
232.00033289540335 24.14102205830588 168.915784662365 3.471592500800085 3.438062273576662 
233.0003328954033 25.192381746137386 170.0457420793634 3.5003170114882494 3.1961310098118076 
234.00008977588334 26.61347155923022 170.0457420793634 3.3035971734845475 3.1961310098118076 
235.00033289540318 27.51664156135766 171.32456950207066 2.9851602235397365 3.729716376529467 
236.00033289540312 27.201245787105677 172.41276743915387 2.705982187340993 3.8874420563008982 
237.00005405765947 26.996901355989763 173.47911389825092 3.3293863822346736 3.324963437247817 
238.000332895403 28.576202130154343 174.87940406135553 3.629859733692001 3.881629177578219 
239.00033289540295 28.188488212292413 174.87940406135553 3.274188692309707 3.881629177578219 
240.00004576143348 29.099579802657985 176.4562200267738 4.185280282675279 3.704495760069392 
241.00033289540283 30.428412922121453 177.66666134473107 4.4477669430416995 3.1037503345912683 
242.00033289540278 25.808840983537607 178.70456718327682 3.3989149635153524 3.750137947514162 
243.00033289540272 24.481394958566966 179.8686798387647 3.385940369545551 2.7930485194941923 
244.00033289540266 25.47325747957612 180.7917781626514 3.1673615725974287 2.8648973213587965 
245.00032486811216 24.24960001496777 181.70993331060217 3.866041685559793 3.7830524693095526 
246.00033289540255 24.876495206174326 182.91577326883538 3.4550310382205964 3.073612872516037 
247.0003328954025 24.60311567872904 183.82338398748078 2.969581842059881 2.9893610701522846 
248.00033289540244 25.81462040495697 185.01613042813977 3.262931420337054 4.182107510811278 
249.00033289540238 25.410579295717696 185.01613042813977 4.070021985189641 4.182107510811278 
250.00033289540232 26.64018901086368 186.3295411864789 3.18618102345701 2.9050338824035578 
251.00019565090417 24.851226170479805 187.5613293903668 3.8073164777299837 2.5884646594275864 
252.000053535595 25.55130602600866 188.49410582972376 3.3146498925998458 2.7141505339319565 
253.00003060290376 24.91580858452204 189.7747348852038 2.408212076208116 2.7651698742660074 
254.0003328954021 25.754768477106154 190.81284150396027 3.2471719687922302 3.80327649302248 
255.00033289540204 26.777459694588885 190.81284150396027 3.337086746918004 3.80327649302248 
256.000332895402 25.26297849433388 192.14988369638266 4.181123125892128 3.8191033756430386 
257.0003328954019 26.257637215060214 193.72580597804023 2.8570461723819562 3.7562645114653037 
258.00003077109744 26.015384467367312 194.9155758364471 4.118327625772054 3.841214023023923 
259.0003328954018 26.885824518605602 194.9155758364471 3.6517254845879563 3.841214023023923 
260.00033289540175 25.233178235993392 196.11026419299066 4.407864041681393 3.4350352373747626 
261.00001111245115 25.23943284690057 180.92894676156254 2.7366244496073477 3.8343546298143565 
262.00033289540164 26.43650716442187 181.96314945198213 2.739010410585081 3.6072758668438496 
263.0003328954016 26.984696516423526 183.41640489405881 3.287199762586738 3.4339527005888044 
264.0000054911779 25.67496822552087 184.06250286574095 3.0501299807198166 3.5420465157387184 
265.00012361985813 26.86143563578534 184.06250286574095 3.202394700564696 3.5420465157387184 
266.0003328954014 24.25614212628369 185.55500596466322 2.9690088709076576 4.053714545518574 
267.00033289540136 25.126871592665054 186.6975406609247 3.193640365606882 2.7184639186423283 
268.0003328954013 25.786966966417424 188.10125754713226 3.8537357393592515 3.580197204224987 
269.00033289540124 26.126362582330614 189.08662864258366 2.722206215576591 3.0328216132140824 
270.0003328954012 26.519618506563404 189.08662864258366 3.115462139809381 3.0328216132140824 
271.00033289540113 27.259320618783164 190.68366665857076 3.3745456897082704 4.298252893604285 
272.0000565126097 27.259320618783164 191.98964802478764 3.3745456897082704 3.2696110119100013 
273.000332895401 28.137871235327538 192.76938222700824 4.1858803587520015 3.349635350506958 
274.00033289540096 26.73075593010151 194.4702815371527 4.892215730404587 2.994478300312153 
275.00032127455734 27.247195797524455 194.4702815371527 2.5056362156235537 2.994478300312153 
276.00033289540085 26.65642301474108 195.53801771310935 3.6412864296177077 4.062214476268821 
277.00009636513283 27.15656468001393 196.93386834445477 3.1763833350391337 4.130777992429273 
278.00011292205903 25.842065918203616 197.91025616787869 3.2905946661806524 3.414971927467491 
279.0003229299261 25.116599165591992 198.86728337944515 3.8161274118488677 3.0194668122856 
280.00013221127915 26.019455038598267 200.12261292687003 3.323132653509731 3.7119442702440892 
281.00033289540056 27.08901042064963 201.4003446042189 3.4163002121371733 3.639468400885562 
282.0003328954005 27.577803471169887 201.4003446042189 3.905093262657431 3.639468400885562 
283.00033289540045 27.80721142595135 202.88023848213152 3.2591866508699354 3.526093357173295 
284.0003328954004 28.434048032833886 204.0270524892345 3.88602325775247 3.397643275965322 
285.0002253811872 25.749665708484827 205.2348574385947 3.8842897526625393 3.4195080080585853 
286.0003328954003 25.42787823332145 206.35740533903436 3.476586512752476 3.540114138827107 
287.0003328954002 26.019678552427024 207.1990734980564 2.92157282475506 3.190437313433904 
288.00033289540016 26.21060060251284 208.16949446582584 2.938892615900272 4.160858281203332 
289.000016129618 25.099831157292215 209.2687408287278 3.927476584438466 2.911915833843807 
290.00026499373763 25.984393145826743 210.31318978196873 3.6894906725333385 3.3645644679791644 
291.0003328954 25.679107494013124 210.31318978196873 3.0646189928505123 3.3645644679791644 
292.00033289539994 26.55018610141667 212.22415284439978 3.935697600254059 3.411564951422747 
293.0003328953999 27.19348575311801 213.3750035867826 3.4797508890534345 2.6304496481243405 
294.0003328953998 25.4594498677734 214.3459201664656 3.2475176329369333 3.111806707789242 
295.00033289539977 26.457329135159682 28.139917496303497 3.0730180814916253 3.2908686615714373 
296.0003328953997 27.049720087191815 25.8310411461714 2.761345142992866 4.262076056907915 
297.00033289539965 27.50050838951387 25.8310411461714 3.212133445314919 4.262076056907915 
298.0003328953996 26.2717440234552 27.261880947652116 2.8653313205915083 3.239521242176579 
299.00033289539954 27.102344629541335 26.1637396066742 3.6959319266776447 4.408243276407745 
300.00030481677913 26.00502922686684 23.036761030270327 3.372188090738689 3.3604343200715903 
#####################################################################
# End of data export. Simulation finished at: 2019-09-18T07:32+0000 #
#####################################################################
