#####################################################################
# Alchemist log file - simulation started at: 2019-02-19T15:43+0000 #
#####################################################################
# seed = 17.0
#
# The columns have the following meaning: 
# time derr-single-broadcast-rep[Mean] terr-single-broadcast-rep[Mean] derr-single-broadcast-share[Mean] terr-single-broadcast-share[Mean] derr-single-collection-rep[Mean] terr-single-collection-rep[Mean] derr-single-collection-share[Mean] terr-single-collection-share[Mean] derr-single-distance-rep[Mean] terr-single-distance-rep[Mean] derr-single-distance-share[Mean] terr-single-distance-share[Mean] derr-stack-broadcast-rep[Mean] terr-stack-broadcast-rep[Mean] derr-stack-broadcast-share[Mean] terr-stack-broadcast-share[Mean] derr-stack-collection-rep[Mean] terr-stack-collection-rep[Mean] derr-stack-collection-share[Mean] terr-stack-collection-share[Mean] derr-stack-distance-rep[Mean] terr-stack-distance-rep[Mean] derr-stack-distance-share[Mean] terr-stack-distance-share[Mean] 
0.0 NaN NaN NaN NaN NaN NaN NaN NaN NaN NaN NaN NaN NaN NaN NaN NaN NaN NaN NaN NaN NaN NaN NaN NaN 
2.0000606891650765 0.0 0.8149288987947986 0.0 1.075937025272384 3.7325048868872996 0.0019128264395722307 2.6546768732021615 0.002443791531712879 0.0 1.1392389781146388 27.83173322858673 1.0664386744180727 NaN NaN NaN NaN 0.0 0.0 0.0 0.0 0.0 1.1392389781146388 27.83173322858673 1.0664386744180727 
4.000060689165078 0.0 1.8571083513020394 0.0 2.057451889548271 3.566071403255685 0.003888763417017054 2.0935016581045627 0.00415906310715432 7.427596019929658 2.693758901841756 56.79607331427841 2.365798060275511 NaN NaN NaN NaN 0.0 0.0 0.0 0.0 7.427596019929658 2.693758901841756 56.79607331427841 2.365798060275511 
6.00006068916508 0.0 2.8359028693315005 0.0 2.933728382867074 3.4486479385290036 0.005953658664483615 1.3092577031163686 0.006015416670045104 7.4872930945535 3.7357552920546135 60.48302103832792 3.3637745167993174 NaN NaN NaN NaN 0.0 0.0 0.0 0.0 7.4872930945535 3.7357552920546135 60.48302103832792 3.3637745167993174 
8.000060689165082 0.0 3.7905851956913756 0.0 3.771231261684112 3.289298727729765 0.008590596783827358 0.8705867744014526 0.007869775596835603 9.404997334372803 4.951226153070212 44.7021175460071 3.951615758493245 NaN NaN NaN NaN 0.0 0.0 0.0 0.0 9.404997334372803 4.951226153070212 44.7021175460071 3.951615758493245 
10.000060689165075 0.0 4.715047860248001 0.0 4.568280324388608 3.2003051351535423 0.010205563025926926 0.7259674240665296 0.008713792252017375 12.568441912307442 6.2474314380017075 37.983395696649794 4.4354136249060705 NaN NaN NaN NaN 0.0 0.0 0.0 0.0 12.568441912307442 6.2474314380017075 37.983395696649794 4.4354136249060705 
12.000060689165068 0.0 9.898010723888653 0.0 8.987800793304343 2.4798929308991915 0.02259805066527811 0.004996878900157279 0.016852112263172896 9.952439369812582 8.46528217307757 24.51294376914382 6.111821698487783 NaN NaN NaN NaN 0.0 0.0 0.0 0.0 9.952439369812582 8.46528217307757 24.51294376914382 6.111821698487783 
14.00006068916506 0.0 10.738365983967757 0.0 9.58627967669353 2.3722697313577954 0.023149676129822463 0.004996878900157279 0.01766305922546186 11.873650608772403 9.68882545619362 26.19011126649251 6.254087109460611 NaN NaN NaN NaN 0.0 0.0 0.0 0.0 11.873650608772403 9.68882545619362 26.19011126649251 6.254087109460611 
16.000060689165053 0.0 11.544172364144163 0.0 10.142259827346875 2.253232376547285 0.02522018632167798 0.0049968789001572774 0.016178147858662343 13.579551409268358 10.85290192615311 28.321872587613193 6.308350258911906 NaN NaN NaN NaN 0.0 0.0 0.0 0.0 13.579551409268358 10.85290192615311 28.321872587613193 6.308350258911906 
18.000060689165046 0.0 12.319368496974274 0.0 10.653978408532442 2.1243737891603165 0.02811308181885334 0.0049968789001572774 0.015196023873271338 15.66397807630536 12.080540132558976 29.29542346740967 6.31771148355632 NaN NaN NaN NaN 0.0 0.0 0.0 0.0 15.66397807630536 12.080540132558976 29.29542346740967 6.31771148355632 
20.00006068916504 0.0 13.07719610376179 0.0 11.15936328545327 2.0234841570928155 0.029320625110239595 0.004996878900157279 0.014712269565179511 16.968698611711236 13.253322938269326 29.69933613225634 6.299714192348428 NaN NaN NaN NaN 0.0 0.0 0.0 0.0 16.968698611711236 13.253322938269326 29.69933613225634 6.299714192348428 
22.000060689165032 0.0 17.40304281491412 0.0 13.851188722673475 1.359452528413582 0.04147634463491963 0.004996878900157279 0.015736269441887548 11.748722516403685 15.543066051035648 30.16320049494258 6.068693857075512 NaN NaN NaN NaN 0.0 0.0 0.0 0.0 11.748722516403685 15.543066051035648 30.16320049494258 6.068693857075512 
24.000060689165025 0.0 18.072884521793547 0.0 14.099855717094673 1.1891123550952094 0.04309097785566358 0.0049968789001572774 0.014763482717729896 13.50538930560099 16.280353164044325 30.017412277847715 5.9537982488277 NaN NaN NaN NaN 0.0 0.0 0.0 0.0 13.50538930560099 16.280353164044325 30.017412277847715 5.9537982488277 
26.000060689165018 0.0 18.714990354246392 0.0 14.332985430480186 1.0455812699658427 0.04472347875075504 0.0049968789001572774 0.015000536785156043 20.459872241833633 17.632652296750955 29.16939495426207 5.929517609673626 NaN NaN NaN NaN 0.0 0.0 0.0 0.0 20.459872241833633 17.632652296750955 29.16939495426207 5.929517609673626 
28.00006068916501 0.0 19.30238330125795 0.0 14.535421670968713 0.8565872216230646 0.04737674153765602 0.004996878900157279 0.015138166329010813 21.277138654149446 18.581976440024587 28.098632623340684 5.9411905996638685 NaN NaN NaN NaN 0.0 0.0 0.0 0.0 21.277138654149446 18.581976440024587 28.098632623340684 5.9411905996638685 
30.000060689165004 0.0 19.898803845806395 0.0 14.707865950380455 0.7813963289647285 0.04862382935115995 0.004996878900157279 0.01443455748428754 22.420697340905104 19.603650008745518 27.455829062321815 5.948817954623568 NaN NaN NaN NaN 0.0 0.0 0.0 0.0 22.420697340905104 19.603650008745518 27.455829062321815 5.948817954623568 
32.000060689165 0.0 23.3179238309271 0.0 15.607873371869184 0.001439811611240658 0.059908161725449896 0.004996878900157279 0.01381137281049007 17.232086050505032 22.276744245421973 26.403837642261262 6.142784550332961 NaN NaN NaN NaN 0.0 0.0 0.0 0.0 17.232086050505032 22.276744245421973 26.403837642261262 6.142784550332961 
34.000060689165025 0.0 23.813969659563565 0.0 15.726618545276654 0.0014398116112406584 0.06175060867988793 0.0049968789001572774 0.012679360209199438 20.515890274617025 23.22790409299795 27.31383260187135 6.232515956825162 NaN NaN NaN NaN 0.0 0.0 0.0 0.0 20.515890274617025 23.22790409299795 27.31383260187135 6.232515956825162 
36.00006068916505 0.0 24.271984635885563 0.0 15.761797403621685 0.0020227457120849984 0.063423477116408 0.004996878900157279 0.012853574481858728 20.521287872245694 23.9110405795507 28.325014948224368 6.240014423745107 NaN NaN NaN NaN 0.0 0.0 0.0 0.0 20.521287872245694 23.9110405795507 28.325014948224368 6.240014423745107 
38.00006068916508 0.0 24.733942408120996 0.0 15.754980189640179 0.0027249568085291067 0.06459870818140932 0.005195445940429553 0.012682844231541117 18.12441541615788 24.279348023902138 28.50022645757763 6.208820428119221 NaN NaN NaN NaN 0.0 0.0 0.0 0.0 18.12441541615788 24.279348023902138 28.50022645757763 6.208820428119221 
40.00006068916511 0.0 25.17152741091993 0.0 15.805801096667478 0.0030398768388170787 0.06436201867887523 0.005284497136933601 0.013150574644258785 16.397722218930063 24.61602567168066 28.166545312465 6.154970557603385 NaN NaN NaN NaN 0.0 0.0 0.0 0.0 16.397722218930063 24.61602567168066 28.166545312465 6.154970557603385 
42.00006068916514 0.0 27.875195767077855 0.0 16.116708649356067 0.004996878900157279 0.0656127632245037 0.0058378864369529205 0.018778783605012398 9.360693484585772 26.541968316969076 26.02315115837356 5.967927706948705 NaN NaN NaN NaN 0.0 0.0 0.0 0.0 9.360693484585772 26.541968316969076 26.02315115837356 5.967927706948705 
44.00006068916517 0.0 28.158411765427207 0.0 16.20563773410128 0.004996878900157279 0.06909096152929654 0.006256935464541229 0.01520448298853658 9.000605368638118 26.903861679394467 26.949494235159612 6.016166744451075 NaN NaN NaN NaN 0.0 0.0 0.0 0.0 9.000605368638118 26.903861679394467 26.949494235159612 6.016166744451075 
46.000060689165196 0.0 28.50548833684944 0.0 16.27770696911926 0.004996878900157279 0.07031288714248371 0.006295175712421535 0.015782834009801874 8.766427815596536 27.221149493373392 25.721388195414978 6.076423685054766 NaN NaN NaN NaN 0.0 0.0 0.0 0.0 8.766427815596536 27.221149493373392 25.721388195414978 6.076423685054766 
48.000060689165224 0.0 28.84674849696316 0.0 16.316260364191738 0.0049968789001572774 0.07185018259369517 0.006323463702959929 0.016844049075134964 8.633175557684702 27.519610209846224 25.867141028230574 6.137655544230763 NaN NaN NaN NaN 0.0 0.0 0.0 0.0 8.633175557684702 27.519610209846224 25.867141028230574 6.137655544230763 
50.00006068916525 0.0 29.194560828400398 0.0 16.35790088302019 0.004996878900157279 0.07147012939290856 0.006352867700293707 0.019094919390565433 8.53111381862514 27.76842561404409 25.93921507508633 6.15493814917143 NaN NaN NaN NaN 0.0 0.0 0.0 0.0 8.53111381862514 27.76842561404409 25.93921507508633 6.15493814917143 
52.00006068916528 0.0 31.088961698719835 0.0 16.356439875676482 0.004996878900157279 0.06964713870804838 0.006432242477023866 0.030128888048910465 7.951845970963763 29.485620283533027 24.81436875823884 6.233615151134546 NaN NaN NaN NaN 0.0 0.0 0.0 0.0 7.951845970963763 29.485620283533027 24.81436875823884 6.233615151134546 
54.00006068916531 0.0 31.36171702677225 0.0 16.27358549423229 0.004996878900157279 0.06908119252102517 0.006432242477023866 0.03132486014218255 7.993341030725828 29.83419298375457 25.641006190605285 6.190018924470326 NaN NaN NaN NaN 0.0 0.0 0.0 0.0 7.993341030725828 29.83419298375457 25.641006190605285 6.190018924470326 
56.00006068916534 0.0 31.57200458471628 0.0 16.186015767707406 0.0049968789001572774 0.07038764826507714 0.006432242477023866 0.034185690062744606 8.05057753387063 30.050495839220474 25.669963734462637 6.179045032326729 NaN NaN NaN NaN 0.0 0.0 0.0 0.0 8.05057753387063 30.050495839220474 25.669963734462637 6.179045032326729 
58.000060689165366 0.0 31.732429853944556 0.0 16.172278450056233 0.004996878900157279 0.06963839878675517 0.006432242477023866 0.036257380887378045 8.012516445278852 30.241183401564843 25.664416900689723 6.188815348242532 NaN NaN NaN NaN 0.0 0.0 0.0 0.0 8.012516445278852 30.241183401564843 25.664416900689723 6.188815348242532 
60.000060689165394 0.0 31.88072565744697 0.0 16.079474797357616 0.004996878900157279 0.06976831291075195 0.0064322424770238635 0.037399120773335987 7.923887360134894 30.3584971695769 25.629053328489263 6.208896996178389 NaN NaN NaN NaN 0.0 0.0 0.0 0.0 7.923887360134894 30.3584971695769 25.629053328489263 6.208896996178389 
62.00006068916542 0.0 34.41043109279545 0.0 16.102323752416577 0.006432242477023864 0.04917957805607501 0.005921788836274148 0.039956456987376376 986.1523558596048 30.369375207440708 801.1780401945725 5.065098494102167 NaN NaN 149.29975612266298 29.237621277989927 0.0 0.0 0.29859951224532505 0.057142531643234955 986.1523558596048 30.369375207440708 801.1780401945725 5.065098494102167 
64.00006068916545 0.0 35.572297031631756 0.0 16.66701172964284 0.006432242477023864 0.050991977341843596 0.0061334208441887654 0.04559272483864434 944.1751685564299 29.196415888303388 651.1320128046497 4.462976830043489 NaN NaN 149.29975612266298 30.712441468874065 0.0 0.0 0.29859951224532505 0.057142531643234955 944.1751685564299 29.196415888303388 651.1320128046497 4.462976830043489 
66.00006068916548 0.0 36.78044795754237 0.0 17.336776298159062 0.006432242477023864 0.05406978835288821 0.006262866850438694 0.05100942834098042 917.7520841927048 28.471568524409246 554.7046246939062 4.558102946586712 NaN NaN 149.29975612266298 31.55874414548429 0.0 0.0 0.29859951224532505 0.057142531643234955 917.7520841927048 28.471568524409246 554.7046246939062 4.558102946586712 
68.00006068916551 0.0 38.040510249763514 0.0 17.966474960562856 0.006432242477023866 0.05576176026484706 0.006295623455839863 0.05329326230131551 883.8122298439711 27.547812465497312 472.637750101275 4.835335161526982 NaN NaN 149.29975612266298 32.26427547844029 0.0 0.0 0.29859951224532505 0.057142531643234955 883.8122298439711 27.547812465497312 472.637750101275 4.835335161526982 
70.00006068916554 0.0 39.19808068766484 0.0 18.61227465369379 0.006432242477023864 0.05688795350359222 0.006312017763915201 0.05471567575703245 849.6372183742027 26.64236854823756 402.2694792572841 5.098383162410644 NaN NaN 149.29975612266298 32.85665719525714 0.0 0.0 0.29859951224532505 0.057142531643234955 849.6372183742027 26.64236854823756 402.2694792572841 5.098383162410644 
72.00006068916557 0.0 45.111588466142464 0.0 21.295015013865257 0.006432242477023864 0.06945147521663916 0.006432242477023864 0.06945147521663916 653.7603107930403 21.465198222069144 60.02855868545888 6.389049652926685 NaN NaN 149.29975612266298 38.852409104355594 0.0 0.0 0.0 0.0 653.7603107930403 21.465198222069144 60.02855868545888 6.389049652926685 
74.0000606891656 0.0 45.94371349363951 0.0 21.614969729312357 0.006432242477023866 0.07122258120687366 0.006432242477023866 0.07122258120687366 624.8785211792517 20.804289760527393 51.66782196163485 6.311025319031395 NaN NaN 149.29975612266298 39.96471379566772 0.0 0.0 0.0 0.0 624.8785211792517 20.804289760527393 51.66782196163485 6.311025319031395 
76.00006068916562 0.0 46.73164049321583 0.0 21.569374692472486 0.006432242477023864 0.07377544800952326 0.006432242477023864 0.07377544800952326 595.969913617025 20.08889370861611 47.75878900838942 6.239481925754748 NaN NaN 149.29975612266298 41.132023986334836 0.0 0.0 0.0 0.0 595.969913617025 20.08889370861611 47.75878900838942 6.239481925754748 
78.00006068916565 0.0 47.248241384635506 0.0 21.647721120490694 0.006432242477023866 0.0754267525527658 0.006432242477023866 0.0754267525527658 570.0929600033546 19.499554587781358 45.356421744172266 6.278850988660151 NaN NaN 149.29975612266298 42.198158395775586 0.0 0.0 0.0 0.0 570.0929600033546 19.499554587781358 45.356421744172266 6.278850988660151 
80.00006068916568 0.0 47.83701150698497 0.0 21.805091071484668 0.006432242477023864 0.07648035638397661 0.006432242477023864 0.07648035638397661 548.5414939258737 19.165462069363347 43.79960182506434 6.319803532835627 NaN NaN 149.29975612266298 43.153187893627724 0.0 0.0 0.0 0.0 548.5414939258737 19.165462069363347 43.79960182506434 6.319803532835627 
82.00006068916571 0.0 51.37602780536009 0.0 22.18379142238078 0.006432242477023864 0.08987642237115939 0.006432242477023864 0.08987642237115939 438.2281809412605 18.347944640576248 40.64143179027821 6.202492235262351 NaN NaN 149.29975612266298 48.79968957199154 0.0 0.0 0.0 0.0 438.2281809412605 18.347944640576248 40.64143179027821 6.202492235262351 
84.00006068916574 0.0 51.88741514209908 0.0 21.716603109554264 0.006432242477023864 0.09094983090866585 0.006432242477023864 0.09094983090866585 427.49388853694654 18.88482053063434 40.961168577526934 6.116734202659074 NaN NaN 149.29975612266298 49.69665137809394 0.0 0.0 0.0 0.0 427.49388853694654 18.88482053063434 40.961168577526934 6.116734202659074 
86.00006068916576 0.0 52.28351115021111 0.0 21.05734504762601 0.006432242477023864 0.09351261390157081 0.006432242477023864 0.09351261390157081 416.76096609193615 19.450732146989676 39.35193131903305 6.101039786594177 NaN NaN 149.29975612266298 50.43062096441225 0.0 0.0 0.0 0.0 416.76096609193615 19.450732146989676 39.35193131903305 6.101039786594177 
88.00006068916579 0.0 52.5721063815661 0.0 20.46418071749389 0.006432242477023863 0.09550247037727394 0.006432242477023863 0.09550247037727394 405.7337765545121 20.070391642841976 39.380586094626835 6.131047544957728 NaN NaN 149.29975612266298 50.86996674307029 0.0 0.0 0.0 0.0 405.7337765545121 20.070391642841976 39.380586094626835 6.131047544957728 
90.00006068916582 0.0 52.827214451212505 0.0 19.88540742647269 0.006432242477023864 0.09678701870922372 0.006531697276706271 0.08536046848398096 394.364259384938 20.6920758533153 39.45714223201505 6.173750723409474 NaN NaN 149.29975612266298 51.172952882739445 0.0 0.0 0.0 0.0 394.364259384938 20.6920758533153 39.45714223201505 6.173750723409474 
92.00006068916585 0.0 54.40285991318359 0.0 16.480078379555057 0.006432242477023866 0.11001732427148622 0.007238800748260399 0.017350317497568258 324.46810729306463 24.248861184944 41.87966130583558 6.665766284863775 NaN NaN 149.29975612266298 58.52189733071431 0.0 0.0 0.0 0.0 324.46810729306463 24.248861184944 41.87966130583558 6.665766284863775 
94.00006068916588 0.0 54.16359416418828 0.0 16.436158206769306 0.006432242477023864 0.11141091307691166 0.007238800748260399 0.0187439063029922 310.95573345572853 24.79172034528411 42.77477074007915 6.677864284806977 NaN NaN 149.29975612266298 58.7754049877995 0.0 0.0 0.0 0.0 310.95573345572853 24.79172034528411 42.77477074007915 6.677864284806977 
96.0000606891659 0.0 54.22886597978759 0.0 16.42016475400072 0.006432242477023864 0.11405107591766667 0.007238800748260399 0.021384069143747162 296.6375003578835 25.34555049568224 42.30955606895929 6.685625355942434 NaN NaN 149.29975612266298 58.7754049877995 0.0 0.0 0.0 0.0 296.6375003578835 25.34555049568224 42.30955606895929 6.685625355942434 
98.0000385807827 0.0 54.25321029983224 0.0 16.524834910044948 0.006432242477023864 0.11546574949335749 0.007238800748260399 0.02279874271943714 282.1229533759106 25.85801608946044 42.87109781323949 6.670928878504071 NaN NaN 149.29975612266298 58.7754049877995 0.0 0.0 0.0 0.0 282.1229533759106 25.85801608946044 42.87109781323949 6.670928878504071 
100.00006068916596 0.0 54.21986370928553 0.0 16.632298431544967 0.006432242477023864 0.11818057802832473 0.007238800748260401 0.02551357125440716 268.19966510403765 26.31973618961963 42.441173158843526 6.612174250553354 NaN NaN 149.29975612266298 58.7754049877995 0.0 0.0 0.0 0.0 268.19966510403765 26.31973618961963 42.441173158843526 6.612174250553354 
102.00006068916599 0.0 53.86949856608859 0.0 17.142945028716756 0.006432242477023864 0.1304375475986271 0.007238800748260399 0.03777054082470722 186.6421793156651 28.97581185100419 37.61955943832304 6.258941258865757 NaN NaN NaN NaN 0.0 0.0 0.0 0.0 186.6421793156651 28.97581185100419 37.61955943832304 6.258941258865757 
104.00004830128984 0.0 53.2637560188555 0.0 17.1515964359892 0.006432242477023863 0.1330701808834825 0.007238800748260399 0.040403174109564836 174.78114583126325 29.370529036187534 35.889870653795775 6.2369784518366345 NaN NaN NaN NaN 0.0 0.0 0.0 0.0 174.78114583126325 29.370529036187534 35.889870653795775 6.2369784518366345 
106.00006068916605 0.0 52.97737299987334 0.0 17.143152583311114 0.006432242477023863 0.13468902902504487 0.007238800748260401 0.042022022251126355 163.04500114337964 29.60755637821975 34.08433257854573 6.320780254960523 NaN NaN NaN NaN 0.0 0.0 0.0 0.0 163.04500114337964 29.60755637821975 34.08433257854573 6.320780254960523 
108.00006068916608 0.0 52.31196653251924 0.0 17.278391020795333 0.006432242477023863 0.13671527810372988 0.007238800748260401 0.04404827132981105 151.80779291969284 29.87417134256257 33.897486472421946 6.369431948408409 NaN NaN NaN NaN 0.0 0.0 0.0 0.0 151.80779291969284 29.87417134256257 33.897486472421946 6.369431948408409 
110.0000606891661 0.0 51.562420709190384 0.0 17.36967552114592 0.006432242477023864 0.1386729371579653 0.007238800748260402 0.04600593038404546 140.92497738213726 30.13157171719939 34.05725976023688 6.370607449726687 NaN NaN NaN NaN 0.0 0.0 0.0 0.0 140.92497738213726 30.13157171719939 34.05725976023688 6.370607449726687 
112.00006068916613 0.0 47.68905311143013 0.0 17.529649176611738 0.006432242477023866 0.1494309618598091 0.007238800748260397 0.05676395508589008 81.24260897583966 31.399021050138607 30.667049746218208 6.167946238640004 NaN NaN NaN NaN 0.0 0.0 0.0 0.0 81.24260897583966 31.399021050138607 30.667049746218208 6.167946238640004 
114.00006068916616 0.0 46.69549498471578 0.0 17.543436769846142 0.006432242477023864 0.152565071321759 0.007238800748260397 0.05989806454783993 73.08742345824288 31.493466365120693 29.271132577192144 6.3198977191710775 NaN NaN NaN NaN 0.0 0.0 0.0 0.0 73.08742345824288 31.493466365120693 29.271132577192144 6.3198977191710775 
116.00006068916619 0.0 45.946648940739394 0.0 17.592079963679403 0.006650290618505059 0.12910796516267214 0.007238800748260397 0.061492922176428426 65.73204586834085 31.668705180029924 28.056667011602986 6.391657677263979 NaN NaN NaN NaN 0.0 0.0 0.0 0.0 65.73204586834085 31.668705180029924 28.056667011602986 6.391657677263979 
118.00006068916622 0.0 45.20243572631753 0.0 17.59473176775202 0.006824865268392218 0.11141059964475207 0.007238800748260397 0.06385276869212451 59.18005492428219 31.744111096409608 27.936561248451078 6.439451983474144 NaN NaN NaN NaN 0.0 0.0 0.0 0.0 59.18005492428219 31.744111096409608 27.936561248451078 6.439451983474144 
120.00006068916625 0.0 44.592559180877934 0.0 17.567414772103206 0.006869740210024581 0.10720907562891877 0.007238800748260396 0.06480701167851667 53.472800257905085 31.806150830511303 26.966388995803843 6.418634149871488 NaN NaN NaN NaN 0.0 0.0 0.0 0.0 53.472800257905085 31.806150830511303 26.966388995803843 6.418634149871488 
122.00006068916628 0.0 40.48488841683215 0.0 17.210355047546525 0.007238800748260401 0.07689127477953311 0.007238800748260401 0.07689127477953311 21.961224600104465 32.11683793820851 24.893333103581618 6.431210451404153 NaN NaN NaN NaN 0.0 0.0 0.0 0.0 21.961224600104465 32.11683793820851 24.893333103581618 6.431210451404153 
124.0000606891663 0.0 39.71773183011217 0.0 17.164312233025242 0.007238800748260399 0.07913017916385987 0.007238800748260399 0.07913017916385987 19.26909468168485 32.08667553774155 26.325053786680208 6.38121295532526 NaN NaN NaN NaN 0.0 0.0 0.0 0.0 19.26909468168485 32.08667553774155 26.325053786680208 6.38121295532526 
126.00006068916633 0.0 38.90463791487866 0.0 17.098603005519873 0.007238800748260399 0.0803779271057343 0.007238800748260399 0.0803779271057343 16.91949177853102 32.01784220453338 26.961636616677062 6.394392489517767 NaN NaN NaN NaN 0.0 0.0 0.0 0.0 16.91949177853102 32.01784220453338 26.961636616677062 6.394392489517767 
128.00006068916636 0.0 38.53134735551101 0.0 17.11895915805144 0.007238800748260397 0.08272490877107433 0.007238800748260397 0.08272490877107433 14.846496623802778 31.9201400494601 28.263355733554263 6.395300835770018 NaN NaN NaN NaN 0.0 0.0 0.0 0.0 14.846496623802778 31.9201400494601 28.263355733554263 6.395300835770018 
130.00006068916625 0.0 38.21398968387294 0.0 17.159304800089057 0.007238800748260397 0.08436581669564136 0.007238800748260397 0.08436581669564136 13.801698719468504 31.817884030726116 28.64900308708233 6.406190761968954 NaN NaN NaN NaN 0.0 0.0 0.0 0.0 13.801698719468504 31.817884030726116 28.64900308708233 6.406190761968954 
132.00006068916613 0.0 35.958078999138536 0.0 17.526397756493694 0.007238800748260399 0.09704406080782624 0.007238800748260399 0.09704406080782624 9.209349002313806 31.422013051471524 30.557452092404084 6.468769650344933 NaN NaN NaN NaN 0.0 0.0 0.0 0.0 9.209349002313806 31.422013051471524 30.557452092404084 6.468769650344933 
134.00006068916602 0.0 35.658450556916634 0.0 17.545557332746863 0.007238800748260399 0.0986682069114749 0.007238800748260399 0.0986682069114749 9.289795573759129 31.394908571937414 32.97084061814698 6.5131018280130135 NaN NaN NaN NaN 0.0 0.0 0.0 0.0 9.289795573759129 31.394908571937414 32.97084061814698 6.5131018280130135 
136.0000606891659 0.0 35.29594998838502 0.0 17.539840579186357 0.007238800748260399 0.10029939382972707 0.007238800748260399 0.10029939382972707 9.23644308401666 31.24462108415531 34.15813532372037 6.560546994410467 NaN NaN NaN NaN 0.0 0.0 0.0 0.0 9.23644308401666 31.24462108415531 34.15813532372037 6.560546994410467 
138.0000606891658 0.0 35.12496643200137 0.0 17.51440651801104 0.007238800748260399 0.10314685609097062 0.007238800748260399 0.10314685609097062 9.143460169019066 31.153239481315563 35.408671760998644 6.540386386560284 NaN NaN NaN NaN 0.0 0.0 0.0 0.0 9.143460169019066 31.153239481315563 35.408671760998644 6.540386386560284 
140.00005449664027 0.0 34.98248521933085 0.0 17.46855288068388 0.007238800748260401 0.10471363737182071 0.007238800748260401 0.10471363737182071 9.051847440715834 31.110054260325413 36.01424664952837 6.569818960555781 NaN NaN NaN NaN 0.0 0.0 0.0 0.0 9.051847440715834 31.110054260325413 36.01424664952837 6.569818960555781 
142.00006068916557 0.0 34.45724620398131 0.0 17.011524880373944 0.007238800748260399 0.11760530378813681 0.007238800748260399 0.11760530378813681 8.67489956476227 30.613085066429097 38.79947547902725 6.497567135384018 NaN NaN NaN NaN 0.0 0.0 0.0 0.0 8.67489956476227 30.613085066429097 38.79947547902725 6.497567135384018 
144.00006068916545 0.0 34.39946207387463 0.0 16.925215597325884 0.007238800748260397 0.11899472376484463 0.007238800748260397 0.11899472376484463 8.506839700013987 30.589839466936954 38.093045515992586 6.440197032741708 NaN NaN NaN NaN 0.0 0.0 0.0 0.0 8.506839700013987 30.589839466936954 38.093045515992586 6.440197032741708 
146.00006068916534 0.0 34.430066917678325 0.0 16.87647504300787 0.007238800748260397 0.12072690387483566 0.007238800748260397 0.12072690387483566 8.58497779880674 30.62470933984821 36.896652955576485 6.398230475943018 NaN NaN NaN NaN 0.0 0.0 0.0 0.0 8.58497779880674 30.62470933984821 36.896652955576485 6.398230475943018 
148.00006068916522 0.0 34.347540823459326 0.0 16.862401929710998 0.007238800748260399 0.12323627828914328 0.007238800748260399 0.12323627828914328 8.622921863872087 30.674933477925446 35.457815492620234 6.370859175404477 NaN NaN NaN NaN 0.0 0.0 0.0 0.0 8.622921863872087 30.674933477925446 35.457815492620234 6.370859175404477 
150.0000606891651 0.0 34.28582595111249 0.0 16.769891687367824 0.007238800748260397 0.12447285017285266 0.007238800748260397 0.12447285017285266 8.627683182603867 30.71751134440606 34.68882520497809 6.3948877071491985 NaN NaN NaN NaN 0.0 0.0 0.0 0.0 8.627683182603867 30.71751134440606 34.68882520497809 6.3948877071491985 
152.00004070615793 0.0 33.784649355125 0.0 15.96640048938247 0.007238800748260399 0.13742211050698644 0.007238800748260399 0.13742211050698644 8.438168445569715 31.292379182158516 32.514122789434 6.439564988569674 NaN NaN NaN NaN 0.0 0.0 0.0 0.0 8.438168445569715 31.292379182158516 32.514122789434 6.439564988569674 
154.00006068916488 0.0 33.736510073041615 0.0 15.973714632581162 0.007238800748260399 0.13781172752751142 0.007238800748260399 0.13781172752751142 8.51638370941139 31.469435722186205 32.599173140990544 6.4230910560875465 NaN NaN NaN NaN 0.0 0.0 0.0 0.0 8.51638370941139 31.469435722186205 32.599173140990544 6.4230910560875465 
156.00006068916477 0.0 33.77862284347127 0.0 15.936533964483559 0.007238800748260399 0.14089687586961708 0.007303581274687723 0.08286069334168268 8.678622267874703 31.548612016850914 31.50315268966365 6.378913428558424 NaN NaN NaN NaN 0.0 0.0 0.0 0.0 8.678622267874703 31.548612016850914 31.50315268966365 6.378913428558424 
158.00006068916466 0.0 33.82390708518004 0.0 15.932248853936782 0.007238800748260399 0.1431579381468717 0.007323792721730681 0.06701453583495634 8.803213899337491 31.64236325841986 30.943980567503317 6.347007231387819 NaN NaN NaN NaN 0.0 0.0 0.0 0.0 8.803213899337491 31.64236325841986 30.943980567503317 6.347007231387819 
160.00006068916454 0.0 33.88526135871185 0.0 15.97021932714837 0.007238800748260397 0.14437969064300957 0.0073309371573235275 0.06183566470255089 8.919542646885557 31.693380125119713 31.014165949860644 6.359814410841622 NaN NaN NaN NaN 0.0 0.0 0.0 0.0 8.919542646885557 31.693380125119713 31.014165949860644 6.359814410841622 
162.00006068916443 0.0 34.311707597466004 0.0 16.402321489488475 0.007238800748260401 0.15715549092737363 0.007383367370646297 0.02763979621240597 9.875722160245632 31.804988775820338 33.95845849352851 6.614579589999919 NaN NaN NaN NaN 0.0 0.0 0.0 0.0 9.875722160245632 31.804988775820338 33.95845849352851 6.614579589999919 
164.00006068916431 0.0 34.19308174784083 0.0 16.436369423598496 0.007238800748260399 0.15814655901376437 0.007383367370646297 0.02863086429879706 9.811665745683198 31.77786854629716 35.669407266909275 6.586356167645249 NaN NaN NaN NaN 0.0 0.0 0.0 0.0 9.811665745683198 31.77786854629716 35.669407266909275 6.586356167645249 
166.0000606891642 0.0 34.11783858045717 0.0 16.37747510620851 0.007238800748260399 0.1606747742213942 0.007383367370646298 0.03115907950642629 9.972479926898357 31.797531660488595 35.879160503057776 6.587519133405983 NaN NaN NaN NaN 0.0 0.0 0.0 0.0 9.972479926898357 31.797531660488595 35.879160503057776 6.587519133405983 
168.0000606891641 0.0 34.09197121002912 0.0 16.283388951992446 0.007238800748260399 0.16242917191234355 0.007383367370646298 0.03291347719737618 9.989496256291696 31.840223884021317 36.26371235021678 6.549731817906046 NaN NaN NaN NaN 0.0 0.0 0.0 0.0 9.989496256291696 31.840223884021317 36.26371235021678 6.549731817906046 
170.0000326750999 0.0 34.02839527711976 0.0 16.18517381896441 0.007238800748260397 0.16542896908338658 0.007383367370646298 0.03591327436841748 10.043162940837005 31.834407092816818 37.463341192566105 6.556542347757697 NaN NaN NaN NaN 0.0 0.0 0.0 0.0 10.043162940837005 31.834407092816818 37.463341192566105 6.556542347757697 
172.00006068916386 0.0 34.047483455486955 0.0 15.82864991209275 0.007238800748260401 0.1773352869213535 0.007383367370646298 0.047819592206386825 10.427462639319538 31.823474606627318 35.00502353378506 6.46607342222646 NaN NaN NaN NaN 0.0 0.0 0.0 0.0 10.427462639319538 31.823474606627318 35.00502353378506 6.46607342222646 
174.00006068916375 0.0 33.990497492828545 0.0 15.76184143115739 0.007238800748260401 0.17925009408432754 0.007383367370646298 0.04973439936935916 10.436340015228993 31.868806408158523 35.43069971874474 6.4583307969345505 NaN NaN NaN NaN 0.0 0.0 0.0 0.0 10.436340015228993 31.868806408158523 35.43069971874474 6.4583307969345505 
176.00006068916363 0.0 34.01439706834532 0.0 15.719190532863221 0.007238800748260399 0.18213178969466495 0.007383367370646297 0.05261609497969642 10.597341551733201 31.879078780352653 36.40633374023846 6.436823652661635 NaN NaN NaN NaN 0.0 0.0 0.0 0.0 10.597341551733201 31.879078780352653 36.40633374023846 6.436823652661635 
178.00006068916352 0.0 34.10420622354105 0.0 15.845816154552878 0.007238800748260399 0.18400223085091588 0.007383367370646297 0.054486536135948754 10.740010440971876 31.920346194004665 38.195127656908646 6.439938523836964 NaN NaN NaN NaN 0.0 0.0 0.0 0.0 10.740010440971876 31.920346194004665 38.195127656908646 6.439938523836964 
180.0000606891634 0.0 34.13010203225718 0.0 15.943751467815263 0.007238800748260399 0.18569561828474748 0.007383367370646297 0.056179923569780466 10.828461849834655 31.92692753502853 39.747211951526424 6.411294362097427 NaN NaN NaN NaN 0.0 0.0 0.0 0.0 10.828461849834655 31.92692753502853 39.747211951526424 6.411294362097427 
182.0000606891633 0.0 36.82575120327319 0.0 17.819363400541132 0.007383367370646298 0.06801974812722329 0.007383367370646298 0.06801974812722329 999.6764594913409 31.85396298746673 949.149591911041 6.161259462638212 34.5316118290084 109.66649953948034 119.54297348653517 29.703286999164828 0.06906322365801686 0.21933299907896253 0.23908594697306743 0.05851932019632703 999.6764594913409 31.85396298746673 949.149591911041 6.161259462638212 
184.00006068916318 0.0 37.490004071595166 0.0 18.609341663131094 0.007383367370646301 0.07032154162070191 0.007383367370646301 0.07032154162070191 962.3911927709078 30.587523814028593 746.2121608007424 5.132061835117943 34.5316118290084 111.51205716195082 119.54297348653517 31.205005640654942 0.06906322365801686 0.22163479257243637 0.23908594697306737 0.0608211136898041 962.3911927709078 30.587523814028593 746.2121608007424 5.132061835117943 
186.00006068916306 0.0 38.07852139283354 0.0 19.322490203065765 0.007383367370646301 0.07228085964511617 0.007383367370646301 0.07228085964511617 902.5404771342008 28.747168152499974 610.7269507449598 4.802695710992699 34.5316118290084 113.04409398419 119.54297348653517 32.33493114190927 0.06906322365801686 0.22359411059685452 0.23908594697306743 0.06278043171421877 902.5404771342008 28.747168152499974 610.7269507449598 4.802695710992699 
188.00006068916295 0.0 38.488162861139095 0.0 20.209559617145025 0.007383367370646301 0.0740017681448956 0.007383367370646301 0.0740017681448956 853.7552261648235 27.244931500531493 511.671542411254 4.943741444027304 34.5316118290084 114.63447329785559 119.54297348653517 33.368264045336836 0.06906322365801686 0.22531501909663557 0.23908594697306743 0.0645013402139996 853.7552261648235 27.244931500531493 511.671542411254 4.943741444027304 
190.00006068916284 0.0 39.04951520553414 0.0 20.857686324866528 0.007383367370646301 0.07623302816242564 0.007383367370646301 0.07623302816242564 811.9397564314296 26.070551505390082 430.21890708764255 5.1935081073113825 34.5316118290084 115.90604209224485 119.54297348653517 34.422131991904415 0.06906322365801686 0.22754627911416106 0.23908594697306748 0.06673260023152848 811.9397564314296 26.070551505390082 430.21890708764255 5.1935081073113825 
192.00006068916272 0.0 43.15352360302168 0.0 24.258179929788984 0.007383367370646297 0.0875057042603028 0.007383367370646297 0.0875057042603028 583.6927822210388 20.28843557162146 46.994305177790444 6.445255067544656 34.5316118290084 119.45090124421293 119.54297348653517 39.0311380801849 0.06906322365801686 0.2388189552120398 0.23908594697306743 0.07800527632940488 583.6927822210388 20.28843557162146 46.994305177790444 6.445255067544656 
194.0000606891626 0.0 43.933776611136366 0.0 24.326248473875722 0.007383367370646298 0.09015391433777316 0.007383367370646298 0.09015391433777316 551.7291761519423 19.49732859997579 36.99199973441282 6.407778270303184 34.5316118290084 120.61485974123534 119.54297348653517 40.169945967767255 0.06906322365801686 0.2414671652895117 0.23908594697306737 0.08065348640687636 551.7291761519423 19.49732859997579 36.99199973441282 6.407778270303184 
196.0000606891625 0.0 44.592885421856394 0.0 24.52611035231574 0.007383367370646298 0.09200412615650458 0.007383367370646298 0.09200412615650458 522.8972525865498 18.753705107771538 33.70327384970469 6.3775078691899925 34.5316118290084 121.84546166098019 119.54297348653517 41.508458494467085 0.06906322365801686 0.24331737710824192 0.23908594697306743 0.08250369822560658 522.8972525865498 18.753705107771538 33.70327384970469 6.3775078691899925 
198.00006068916238 0.0 45.222684876925776 0.0 24.707845316141466 0.007383367370646301 0.09394929689179353 0.007383367370646301 0.09394929689179353 502.1451536622198 18.35435294832387 33.27433795106669 6.392282275655275 34.5316118290084 123.10591903112677 119.54297348653517 42.785690529382585 0.06906322365801686 0.24526254784353393 0.23908594697306743 0.08444886896089558 502.1451536622198 18.35435294832387 33.27433795106669 6.392282275655275 
200.00006068916227 0.0 45.788231188248936 0.0 24.76593224133376 0.007383367370646298 0.09638148343803414 0.007383367370646298 0.09638148343803414 485.86826054502654 18.274753313597206 32.94033725472268 6.369417923332678 34.5316118290084 124.62405812343266 119.54297348653517 44.11261934459397 0.06906322365801688 0.24769473438977346 0.23908594697306737 0.08688105550713825 485.86826054502654 18.274753313597206 32.94033725472268 6.369417923332678 
202.00006068916215 0.0 49.18721651325262 0.0 24.43596590619514 0.007383367370646298 0.10720964353058371 0.007383367370646298 0.10720964353058371 406.23141746853236 18.740308704095035 24.910312344275166 6.124607107231815 34.5316118290084 129.45659390749614 119.54297348653517 49.04157395561274 0.06906322365801686 0.2585228944823174 0.23908594697306743 0.09770921559968558 406.23141746853236 18.740308704095035 24.910312344275166 6.124607107231815 
204.00006068916204 0.0 49.22739735803242 0.0 24.322054900389226 0.007383367370646298 0.11042515935252718 0.007383367370646298 0.11042515935252718 397.19464562900845 19.27786694592626 24.78370413082436 6.07416412635389 34.5316118290084 130.60046298969908 119.54297348653517 50.08213758126426 0.06906322365801686 0.26173841030426503 0.23908594697306743 0.10092473142162998 397.19464562900845 19.27786694592626 24.78370413082436 6.07416412635389 
206.0000601873298 0.0 49.158768517073334 0.0 23.7296381508386 0.007383367370646298 0.11256012370044503 0.007383367370646298 0.11256012370044503 387.9770710443229 19.761675824147108 23.508321496315745 5.990985412886849 34.5316118290084 131.8029214953376 119.54297348653517 51.10835426759779 0.06906322365801686 0.26387337465218474 0.23908594697306743 0.10305969576954975 387.9770710443229 19.761675824147108 23.508321496315745 5.990985412886849 
208.0000606891618 0.0 49.233942153454315 0.0 23.0515650297117 0.007383367370646298 0.1138860673611181 0.007383367370646298 0.1138860673611181 377.879521159234 20.153777498888992 22.8045429546738 5.975847019023151 34.5316118290084 133.06368845136308 119.54297348653517 52.11655078117708 0.06906322365801686 0.26519931831285776 0.23908594697306748 0.10438563943022293 377.879521159234 20.153777498888992 22.8045429546738 5.975847019023151 
210.0000606891617 0.0 49.36747161694005 0.0 22.434105070620326 0.007383367370646298 0.1166215194307033 0.007383367370646298 0.1166215194307033 367.2669726054424 20.588380786157636 22.72724726078796 6.021328936929095 34.5316118290084 134.295977324278 119.54297348653517 53.12464302348103 0.06906322365801686 0.26793477038243996 0.23908594697306743 0.1071210914998052 367.2669726054424 20.588380786157636 22.72724726078796 6.021328936929095 
212.0000606891616 0.0 49.05976096758361 0.0 18.707677742708924 0.007383367370646298 0.1288673315631106 0.007383367370646298 0.1288673315631106 300.13099419650405 23.22396689809673 25.38242876546433 6.357652032247518 34.5316118290084 139.4317667728015 119.54297348653517 59.02145656679169 0.06906322365801686 0.2801805825148484 0.23908594697306737 0.11936690363221328 300.13099419650405 23.22396689809673 25.38242876546433 6.357652032247518 
214.00006068916147 0.0 49.219237342719296 0.0 18.2663556095915 0.007383367370646301 0.13026865314661448 0.007383367370646301 0.13026865314661448 287.1419632476403 23.691213893591048 26.415797495042234 6.362478727610472 34.5316118290084 140.46110187692977 119.54297348653517 60.02377988599872 0.06906322365801686 0.2801805825148484 0.23908594697306743 0.12076822521571719 287.1419632476403 23.691213893591048 26.415797495042234 6.362478727610472 
216.00006068916136 0.0 48.95359005735196 0.0 17.897306315304206 0.007383367370646301 0.13256015901259605 0.007383367370646301 0.13256015901259605 273.4623127949795 24.24468986561741 28.186843130886967 6.362160634239271 34.5316118290084 141.45463943589445 119.54297348653517 61.01799830850194 0.06906322365801686 0.2801805825148484 0.23908594697306748 0.12305973108169878 273.4623127949795 24.24468986561741 28.186843130886967 6.362160634239271 
218.00006068916124 0.0 48.71780942841818 0.0 17.597122146559133 0.007383367370646301 0.13400062401735635 0.007383367370646301 0.13400062401735635 259.4328707680198 24.734331096782263 30.19995098083269 6.40225663255111 34.5316118290084 142.46811774828888 119.54297348653517 62.02806195351646 0.06906322365801686 0.2801805825148484 0.23908594697306748 0.12450019608645845 259.4328707680198 24.734331096782263 30.19995098083269 6.40225663255111 
220.00006068916113 0.0 48.65199996165942 0.0 17.35840010613514 0.007383367370646301 0.13649579751718358 0.007383367370646301 0.13649579751718358 245.39144528667907 25.175640451842046 31.527547163901225 6.4391750823213885 34.5316118290084 143.460849884176 119.54297348653517 63.018664646347936 0.06906322365801686 0.2801805825148484 0.23908594697306748 0.1269953695862863 245.39144528667907 25.175640451842046 31.527547163901225 6.4391750823213885 
222.00006068916102 0.0 47.36847535195233 0.0 16.461493462348646 0.007383367370646297 0.14733717091751536 0.007383367370646297 0.14733717091751536 164.1109991669315 27.76617650223834 36.771755362941704 6.387927244382071 34.5316118290084 149.40160090881042 119.54297348653517 69.01269768901102 0.0 0.0 0.23908594697306737 0.13783674298661627 164.1109991669315 27.76617650223834 36.771755362941704 6.387927244382071 
224.0000606891609 0.0 46.77796953514104 0.0 16.446476628680013 0.007383367370646298 0.1501817552051284 0.007383367370646298 0.1501817552051284 151.96630967979132 28.08707250123894 36.12216746672509 6.250980013648265 34.5316118290084 150.40607941508105 119.54297348653517 70.01751657955045 0.0 0.0 0.23908594697306737 0.14068132727423024 151.96630967979132 28.08707250123894 36.12216746672509 6.250980013648265 
226.0000606891608 0.0 46.1342941153207 0.0 16.47543391376376 0.007383367370646298 0.151633043415527 0.007383367370646298 0.151633043415527 140.89918685662408 28.360068888767625 35.10200838788869 6.228889863257317 34.5316118290084 151.50976168369505 119.54297348653517 71.03209454900494 0.0 0.0 0.23908594697306743 0.1421326154846303 140.89918685662408 28.360068888767625 35.10200838788869 6.228889863257317 
228.00006068916068 0.0 45.64625615028609 0.0 16.478519264857926 0.007383367370646298 0.1528097540502887 0.007383367370646298 0.1528097540502887 130.8972526785115 28.607264549026677 34.62893492186649 6.27051151050816 34.5316118290084 152.54227331492694 119.54297348653517 72.0084765199736 0.0 0.0 0.23908594697306743 0.14330932611939165 130.8972526785115 28.607264549026677 34.62893492186649 6.27051151050816 
230.00006068916056 0.0 44.95222467173611 0.0 16.470130007695797 0.007383367370646301 0.15531413802749977 0.007383367370646301 0.15531413802749977 121.2462480863853 28.83958655109453 34.431792644461346 6.311169715585617 34.5316118290084 153.56824284401173 119.63102294652046 72.75255472713663 0.0 0.0 0.24269902427855844 0.13552293326773304 121.2462480863853 28.83958655109453 34.431792644461346 6.311169715585617 
232.00006068916045 0.0 41.22892307808518 0.0 16.28545159986183 0.007383367370646298 0.16759890831049723 0.007383367370646298 0.16759890831049723 66.73206259765861 30.168408490829002 35.45609677038527 6.4078271880937 34.5316118290084 159.39694833189543 121.4001223280819 73.7208578562767 0.0 0.0 0.27867688724840245 0.04533545419149999 66.73206259765861 30.168408490829002 35.45609677038527 6.4078271880937 
234.00006068916034 0.0 40.27146836572374 0.0 16.23251840166787 0.007383367370646298 0.1688179172601493 0.007383367370646298 0.1688179172601493 60.116709504353175 30.309062781972443 33.86385759661684 6.416875653311167 34.5316118290084 160.39335077001917 122.17818673591894 72.50197261068988 0.0 0.0 0.27867688724840245 0.04655446314115375 60.116709504353175 30.309062781972443 33.86385759661684 6.416875653311167 
236.00006068916022 0.0 39.85657342753172 0.0 16.21583176110534 0.007383367370646298 0.17111544067413592 0.007383367370646298 0.17111544067413592 54.25626969419275 30.291669410988668 33.90452391515914 6.394494616731411 34.5316118290084 161.3285808079745 122.8248041760872 71.66435885377567 0.0 0.0 0.27867688724840245 0.04885198655513886 54.25626969419275 30.291669410988668 33.90452391515914 6.394494616731411 
238.0000606891601 0.0 39.32766484942065 0.0 16.203000021764772 0.007383367370646298 0.17286565932147724 0.007383367370646298 0.17286565932147724 48.953561263912526 30.27060744585522 34.336828299337995 6.416868518897646 34.5316118290084 162.25023911234135 123.48694347367307 70.7683265133195 0.0 0.0 0.27867688724840245 0.0506022052024816 48.953561263912526 30.27060744585522 34.336828299337995 6.416868518897646 
240.00006068916 0.0 38.716327184194114 0.0 16.1718822035717 0.007383367370646301 0.17524027769130193 0.007383367370646301 0.17524027769130193 44.26316388290166 30.278809559170767 34.805697536037 6.4202801150666815 34.5316118290084 163.10251202012265 124.08355376623399 70.08570534609777 0.0 0.0 0.27867688724840245 0.05297682357230591 44.26316388290166 30.278809559170767 34.805697536037 6.4202801150666815 
242.00006068915988 0.0 35.655135337995894 0.0 15.933088111427876 0.007383367370646298 0.18757265961857608 0.007383367370646298 0.18757265961857608 20.08805816977182 30.84224481391495 37.270120386414575 6.290928505049451 34.5316118290084 169.42185643070226 128.03102590164903 64.85117892277552 0.0 0.0 0.27867688724840245 0.06530920549958255 20.08805816977182 30.84224481391495 37.270120386414575 6.290928505049451 
244.00006068915977 0.0 35.266312791026245 0.0 15.829897179529583 0.007383367370646298 0.19043417841666097 0.007383367370646298 0.19043417841666097 17.753400166711632 30.78037910610893 37.806046595346146 6.196406691426468 34.5316118290084 170.38736384553835 128.8644949955791 63.485484363999554 0.0 0.0 0.27867688724840245 0.06817072429766748 17.753400166711632 30.78037910610893 37.806046595346146 6.196406691426468 
246.00006068915965 0.0 35.12320104497692 0.0 15.810037181708875 0.007383367370646298 0.19164314939115626 0.007383367370646298 0.19164314939115626 15.645850090432525 30.72791827664355 38.0785771346724 6.223674570217949 34.5316118290084 171.35104571287917 129.6961727947933 62.10936954727266 0.0 0.0 0.27867688724840245 0.0693796952721601 15.645850090432525 30.72791827664355 38.0785771346724 6.223674570217949 
248.00006068915954 0.0 34.77990008378268 0.0 15.885336786414484 0.007383367370646298 0.1943322837493694 0.007383367370646298 0.1943322837493694 14.144411491589192 30.75096234280626 37.64887397987542 6.212440368499657 34.5316118290084 172.442085830409 130.43693576499126 61.01611000504742 0.0 0.0 0.27867688724840245 0.07206882963037639 14.144411491589192 30.75096234280626 37.64887397987542 6.212440368499657 
250.00006068915943 0.0 34.61977947163185 0.0 15.89418151769147 0.007383367370646298 0.19527973358461587 0.007383367370646298 0.19527973358461587 13.284005017958213 30.779933000624922 36.453296313814725 6.222958876919841 34.5316118290084 173.39399334393732 131.08221608949202 60.18648787491764 0.0 0.0 0.27867688724840256 0.07301627946561802 13.284005017958213 30.779933000624922 36.453296313814725 6.222958876919841 
252.0000606891593 0.0 33.40539263686267 0.0 15.77476263281324 0.007383367370646298 0.20774491754417956 0.007383367370646298 0.20774491754417956 10.048982113923048 30.895570578875418 34.788488393082616 6.353330672409841 34.5316118290084 179.44616680297582 134.3283943966671 56.91315923562335 0.0 0.0 0.27867688724840245 0.08548146342518172 10.048982113923048 30.895570578875418 34.788488393082616 6.353330672409841 
254.0000606891592 0.0 33.13660762475089 0.0 15.822192039219715 0.007383367370646298 0.20887988639730737 0.007383367370646298 0.20887988639730737 9.868920548963105 30.84826109319188 34.66867023428021 6.416941213703585 34.5316118290084 180.36566569209148 134.88554138165927 56.34517920478512 0.0 0.0 0.27867688724840245 0.0866164322783084 9.868920548963105 30.84826109319188 34.66867023428021 6.416941213703585 
256.0000606891591 0.0 32.965586013343895 0.0 15.914516811583479 0.007383367370646301 0.21164058545379758 0.007383367370646301 0.21164058545379758 9.75127169526116 30.830433992880497 33.87455601549689 6.433048417648817 34.5316118290084 181.2148416960129 135.41633888589857 55.832453987730474 0.0 0.0 0.27867688724840245 0.08937713133480368 9.75127169526116 30.830433992880497 33.87455601549689 6.433048417648817 
258.000060689159 0.0 32.89761934455934 0.0 16.010977522516022 0.007383367370646301 0.2131909564054647 0.007383367370646301 0.2131909564054647 9.7254574567803 30.84073157151315 32.80210147009797 6.4232456422075535 34.5316118290084 181.93231434038765 135.85900096803314 55.574001684456874 0.0 0.0 0.27867688724840245 0.09092750228646544 9.7254574567803 30.84073157151315 32.80210147009797 6.4232456422075535 
260.0000606891589 0.0 32.88352365449178 0.0 16.06834947399858 0.007383367370646303 0.21572084319196622 0.007383367370646303 0.21572084319196622 9.591907666303992 30.8370170280247 31.85435466468245 6.426022997968076 34.5316118290084 182.58444669205613 136.4280134070128 54.93752776328671 0.0 0.0 0.27867688724840245 0.09345738907296892 9.591907666303992 30.8370170280247 31.85435466468245 6.426022997968076 
262.0000606891588 0.0 32.673223307771686 0.0 16.004142945712815 0.007383367370646298 0.22834529848564225 0.007383367370646298 0.22834529848564225 9.466884133781223 30.569407485918454 27.941835477027922 6.500797696640686 34.5316118290084 189.3723785853832 140.76252883285446 51.797087589750824 0.0 0.0 0.3720785467326551 0.040772638867062345 9.466884133781223 30.569407485918454 27.941835477027922 6.500797696640686 
264.00006068915866 0.0 32.62342648966231 0.0 16.188776348713727 0.007383367370646298 0.2297768684671777 0.007383367370646298 0.2297768684671777 9.41065595888604 30.388982410755176 29.339840685179773 6.502509879773731 34.5316118290084 190.30440013064904 142.0863608217439 51.81797828168718 0.0 0.0 0.3720785467326552 0.04220420884860187 9.41065595888604 30.388982410755176 29.339840685179773 6.502509879773731 
266.00006068915854 0.0 32.646596886595816 0.0 16.295857142011723 0.007383367370646301 0.23271958294991266 0.007383367370646301 0.23271958294991266 9.391623289342009 30.36700088183423 30.280647509855225 6.470622277913392 34.5316118290084 191.15468924762052 143.64633174718924 51.69039227955676 0.0 0.0 0.3720785467326551 0.04514692333133432 9.391623289342009 30.36700088183423 30.280647509855225 6.470622277913392 
268.00006068915843 0.0 32.68723903553485 0.0 16.32746993388401 0.007383367370646301 0.23436547679453237 0.007383367370646301 0.23436547679453237 9.403250924823386 30.362603585134885 30.64621781309527 6.408266676384343 34.5316118290084 191.8875081433193 145.73836954862935 51.2177540653912 0.0 0.0 0.3720785467326552 0.04679281717595644 9.403250924823386 30.362603585134885 30.64621781309527 6.408266676384343 
270.0000606891583 0.0 32.72141362180406 0.0 16.408212133716578 0.007383367370646301 0.23646239672006067 0.007383367370646301 0.23646239672006067 9.406579516105468 30.341418277429433 30.56119581607564 6.342389492507681 34.5316118290084 192.42104179758329 148.1875690734451 50.49750133773115 0.0 0.0 0.3720785467326551 0.0488897371014806 9.406579516105468 30.341418277429433 30.56119581607564 6.342389492507681 
272.0000606891582 0.0 32.68850418881376 0.0 16.589215124600663 0.007383367370646298 0.24806452359680098 0.007383367370646298 0.24806452359680098 9.453560051140666 30.005279962484842 30.845122357308114 6.100802901135534 34.5316118290084 199.4454677010198 160.98079881076146 47.516580159216616 0.0 0.0 0.3720785467326551 0.06049186397822593 9.453560051140666 30.005279962484842 30.845122357308114 6.100802901135534 
274.0000606891581 0.0 32.520459880995 0.0 16.533343194990294 0.007383367370646297 0.2496315594542367 0.007383367370646297 0.2496315594542367 9.343556326063311 30.040283457708508 29.134560099889253 6.111908040287035 34.5316118290084 200.3953150336363 162.6993142063955 47.318118264550456 0.0 0.0 0.3720785467326551 0.062058899835656975 9.343556326063311 30.040283457708508 29.134560099889253 6.111908040287035 
276.000060689158 0.0 32.58445115386836 0.0 16.512037795303435 0.007383367370646298 0.25236805598588935 0.007383367370646298 0.25236805598588935 9.391644418868896 30.174259999702038 28.92622016588679 6.126177663777602 34.5316118290084 201.07152383520815 164.19483065472704 47.28076809957134 0.0 0.0 0.372078546732655 0.06479539636731389 9.391644418868896 30.174259999702038 28.92622016588679 6.126177663777602 
278.00006068915786 0.0 32.63720551294593 0.0 16.433304382182932 0.007383367370646301 0.2535878244351794 0.007383367370646301 0.2535878244351794 9.453592313044272 30.175298124954793 29.217570175464445 6.198614737158812 34.5316118290084 201.4803202782226 165.85598807329893 47.11004096819283 0.0 0.0 0.3720785467326551 0.06601516481659996 9.453592313044272 30.175298124954793 29.217570175464445 6.198614737158812 
280.00006068915775 0.0 32.717158776796765 0.0 16.384097468123098 0.007383367370646301 0.2560786617895422 0.007383367370646301 0.2560786617895422 9.465582802685786 30.163023447273186 29.5032953819055 6.235493745551588 34.5316118290084 202.023667924308 167.34038665603344 47.06537173952763 0.0 0.0 0.3720785467326551 0.06850600217096464 9.465582802685786 30.163023447273186 29.5032953819055 6.235493745551588 
282.00006068915764 0.0 33.062641118019926 0.0 16.24678385548435 0.007383367370646298 0.26809350017554395 0.007383367370646298 0.26809350017554395 9.357694958110036 30.144727681374185 32.37212487981433 6.4838587700117545 34.5316118290084 209.37633819209984 176.5958295462501 46.58836932621624 0.0 0.0 0.3720785467326551 0.08052084055696514 9.357694958110036 30.144727681374185 32.37212487981433 6.4838587700117545 
284.0000606891575 0.0 33.08419294012514 0.0 16.298443102616993 0.007383367370646298 0.26980681305707416 0.007383367370646298 0.26980681305707416 9.147458340035097 30.08527504058223 32.71208666490042 6.462412442370114 34.5316118290084 209.78294749283197 178.33532911038546 46.369029679707744 0.0 0.0 0.3720785467326552 0.08223415343849484 9.147458340035097 30.08527504058223 32.71208666490042 6.462412442370114 
286.0000606891574 0.0 33.0994010482948 0.0 16.22036297832303 0.007383367370646297 0.2720579102312468 0.007383367370646297 0.2720579102312468 9.211090052567311 30.08284901162218 31.845226657439166 6.39470262844176 34.5316118290084 210.04059699369432 179.5727864086064 46.521324638239975 0.0 0.0 0.3720785467326551 0.0844852506126672 9.211090052567311 30.08284901162218 31.845226657439166 6.39470262844176 
288.0000606891573 0.0 33.10631864272604 0.0 16.15489919300839 0.007383367370646297 0.2731594196905238 0.007383367370646297 0.2731594196905238 9.413403370754741 30.065254365292077 31.30326603111307 6.348759095220806 34.5316118290084 210.3044204795929 180.68059745041492 46.72517389758403 0.0 0.0 0.3720785467326552 0.08558676007194811 9.413403370754741 30.065254365292077 31.30326603111307 6.348759095220806 
290.0000606891572 0.0 33.09100227487066 0.0 16.098334137118563 0.007383367370646298 0.2759274904049168 0.007383367370646298 0.2759274904049168 9.46711694773808 30.040385191259514 30.65503965188034 6.32492972985127 34.5316118290084 210.3225024493798 181.7281081536693 47.003354579792834 0.0 0.0 0.3720785467326552 0.08835483078633723 9.46711694773808 30.040385191259514 30.65503965188034 6.32492972985127 
292.00006068915707 0.0 33.28024151998359 0.0 15.924223568246896 0.007383367370646298 0.28797616957545763 0.007383367370646298 0.28797616957545763 9.252933191967786 30.046772113379728 26.97874751075349 6.161580607934903 NaN NaN 186.0392733663257 49.98990024731854 0.0 0.0 0.3720785467326551 0.10040350995687948 9.252933191967786 30.046772113379728 26.97874751075349 6.161580607934903 
294.00006068915695 0.0 33.23202252612407 0.0 16.0353675487469 0.007383367370646298 0.2892685234121844 0.007383367370646298 0.2892685234121844 9.12021384027234 30.177629040823135 25.13584098734071 6.184064888177262 NaN NaN 186.0392733663257 50.99889784717986 0.0 0.0 0.372078546732655 0.10169586379360596 9.12021384027234 30.177629040823135 25.13584098734071 6.184064888177262 
296.00006068915684 0.0 33.30727298625794 0.0 16.05479341803834 0.007383367370646301 0.29204199537010384 0.007383367370646301 0.29204199537010384 8.996041149484997 30.236703152208378 24.791044615376492 6.194939963253798 NaN NaN 186.0392733663257 52.00031412947921 0.0 0.0 0.3720785467326551 0.1044693357515257 8.996041149484997 30.236703152208378 24.791044615376492 6.194939963253798 
298.0000606891567 0.0 33.2932624965631 0.0 16.142094283104267 0.007383367370646298 0.29333184128535955 0.007383367370646298 0.29333184128535955 8.898459013895623 30.276068392670517 24.8472471027588 6.217594128382115 NaN NaN 186.0392733663257 52.987158801567546 0.0 0.0 0.3720785467326551 0.10575918166677892 8.898459013895623 30.276068392670517 24.8472471027588 6.217594128382115 
300.0000606891566 0.0 33.27862472547498 0.0 16.249763543770122 0.007383367370646301 0.2964818496459092 0.007383367370646301 0.2964818496459092 8.810832834184838 30.362857055813517 25.231268673738626 6.281044369361417 NaN NaN 186.0392733663257 53.98824837043349 0.0 0.0 0.3720785467326551 0.1089091900273302 8.810832834184838 30.362857055813517 25.231268673738626 6.281044369361417 
302.0000606891565 0.0 35.27128073091323 0.0 18.271375791117602 0.007383367370646298 0.3075495457067039 0.006160035028053551 0.02643380664568677 972.1622550492193 30.60995940603844 869.1187762446449 5.891453421996999 63.07223523154107 110.54683805883548 177.5589468586417 56.93694668229329 0.1261444704630824 0.22004384144640457 0.16623845991813674 0.038975150087427794 972.1622550492193 30.60995940603844 869.1187762446449 5.891453421996999 
304.0000606891564 0.0 36.58772005969736 0.0 18.62858835281785 0.007383367370646297 0.3100111027336136 0.0065511551474655245 0.11063929238433923 944.375171768738 29.707419951478325 675.2803182280186 4.6102987154557225 63.07223523154107 112.04309815429697 154.98331118117196 49.7037027487398 0.12614447046308244 0.22250539847331005 0.2700862773141353 0.08230267068410298 944.375171768738 29.707419951478325 675.2803182280186 4.6102987154557225 
306.0000054188918 0.0 37.57375112715004 0.0 18.998181448169905 0.007383367370646297 0.3110103129798157 0.006620846600636987 0.12620398493923 904.7483160768221 28.436243299291583 579.3282234721389 4.498643570566365 63.07223523154107 113.74488169238967 148.39749957414836 48.304031321344326 0.12614447046308244 0.22350460871951583 0.28859032490415654 0.09058355283895421 904.7483160768221 28.436243299291583 579.3282234721389 4.498643570566365 
308.00006068915616 0.0 38.5924906594825 0.0 19.250046737704107 0.007383367370646298 0.3126393484074497 0.006688049720941015 0.14187844222755386 867.2526066171788 27.247364059053655 500.4188360031079 4.651709682050051 63.07223523154107 115.16623652723902 147.28641880729367 48.85512848360232 0.12614447046308244 0.2251336441471458 0.3064336855992594 0.09923426812864818 867.2526066171788 27.247364059053655 500.4188360031079 4.651709682050051 
310.00006068915604 0.0 39.72803026568795 0.0 19.39949057755174 0.007383367370646298 0.31552209924364255 0.006757495005423437 0.15927522622732637 832.5605421361917 26.30955486652839 428.01073820269494 4.876504439709166 63.07223523154107 116.62040756531464 147.13896633748809 49.809506849029304 0.12614447046308244 0.22801639498333875 0.3248723719874101 0.10937297007779626 832.5605421361917 26.30955486652839 428.01073820269494 4.876504439709166 
312.00006068915593 0.0 46.16862424896647 0.0 20.752254441246652 0.007383367370646301 0.32813586711212933 0.006935286750751332 0.20904738875340034 626.6941068528631 21.177020795755606 66.28495200996143 6.148480713754784 63.07223523154107 120.14212606758021 147.05204467459745 55.84512697057386 0.1261444704630824 0.2406301628518308 0.37207854673265495 0.14056320749355308 626.6941068528631 21.177020795755606 66.28495200996143 6.148480713754784 
314.0000606891558 0.0 46.171824424019 0.0 20.541433041848382 0.007383367370646298 0.3294994883636064 0.006935286750751332 0.21041101000487653 584.7587987744834 20.038000619114904 48.828918654139905 6.172690500898387 63.07223523154107 121.30665327406959 148.66279935531034 57.38056098252887 0.12614447046308244 0.2419937841033073 0.37207854673265506 0.14192682874503088 584.7587987744834 20.038000619114904 48.828918654139905 6.172690500898387 
316.0000606891557 0.0 46.70234334668529 0.0 20.666537554474584 0.007383367370646301 0.33167273762122446 0.006935286750751332 0.2125842592624908 554.5346497280641 19.266217892077528 41.866915650041925 6.163468608041857 63.07223523154107 122.59432327179628 150.85739648323963 59.176711130148824 0.12614447046308244 0.2441670333609206 0.37207854673265495 0.14410007800264646 554.5346497280641 19.266217892077528 41.866915650041925 6.163468608041857 
318.0000606891556 0.0 47.24676971890495 0.0 20.868450555862317 0.007383367370646301 0.3333387977066711 0.006935286750751332 0.2142503193479369 531.5443327433801 18.759955619069896 37.77238736919798 6.1571106728106075 63.07223523154107 123.99978312980816 152.13770870729815 60.675689293135214 0.12614447046308244 0.2458330934463691 0.37207854673265506 0.14576613808809097 531.5443327433801 18.759955619069896 37.77238736919798 6.1571106728106075 
320.0000606891555 0.0 47.68985468816336 0.0 20.990121750318686 0.007383367370646301 0.3347160692607742 0.006935286750751332 0.215627590902037 513.8369322369331 18.54836491464218 35.74334680169075 6.1592730331967065 63.07223523154107 125.3116376994836 152.82458402964508 61.92843852448256 0.12614447046308244 0.24721036500046695 0.37207854673265506 0.14714340964219264 513.8369322369331 18.54836491464218 35.74334680169075 6.1592730331967065 
322.00006068915536 0.0 50.20315545397414 0.0 21.45522499153509 0.007383367370646298 0.3460609248540817 0.006935286750751334 0.22697244649534407 423.99800942621994 18.608847026266062 27.531948522886264 6.239829322408306 63.07223523154107 130.02182508394793 157.01900454977667 69.48450025715884 0.1261444704630824 0.25855522059377434 0.37207854673265506 0.1584882652354996 423.99800942621994 18.608847026266062 27.531948522886264 6.239829322408306 
324.00000985306286 0.0 50.486382149240505 0.0 20.922603151383708 0.007383367370646298 0.34885447442529116 0.006935286750751336 0.22976599606656456 414.41497248314676 19.026630329218165 27.403991187143433 6.22953806513053 63.07223523154107 131.1718523160527 157.83092666298165 70.78739334681634 0.1261444704630824 0.26134877016499536 0.37207854673265517 0.16128181480671858 414.41497248314676 19.026630329218165 27.403991187143433 6.22953806513053 
326.00006068915513 0.0 50.86030491569061 0.0 20.466734311977145 0.007383367370646298 0.351109115176843 0.006935286750751336 0.23202063681810933 404.62008841330334 19.543648864958065 26.325391006229516 6.286906408590806 63.07223523154107 132.356502327537 158.01726135324753 71.8402876001793 0.1261444704630824 0.26360341091653955 0.37207854673265506 0.1635364555582629 404.62008841330334 19.543648864958065 26.325391006229516 6.286906408590806 
328.000060689155 0.0 51.01258684406333 0.0 20.02045234884399 0.007383367370646298 0.3529921580466919 0.006935286750751336 0.23390367968795817 394.6368963130949 20.057451159162298 26.804599294707668 6.317537744464722 63.07223523154107 133.61079659395799 159.0995851013406 73.25859641272643 0.1261444704630824 0.26360341091653955 0.37207854673265495 0.16541949842811168 394.6368963130949 20.057451159162298 26.804599294707668 6.317537744464722 
330.00003463198846 0.0 51.17023647826093 0.0 19.728635033002735 0.007383367370646298 0.355504744959172 0.006935286750751334 0.23641626660044193 383.9775064359063 20.57561722985079 26.891034368228954 6.369476479779861 63.07223523154107 134.8041934401712 160.7331026998028 74.84241284242555 0.1261444704630824 0.26360341091653955 0.37207854673265506 0.16793208534059637 383.9775064359063 20.57561722985079 26.891034368228954 6.369476479779861 
332.0000606891548 0.0 51.29201086502624 0.0 18.057486070237136 0.007383367370646297 0.36902810580464995 0.006935286750751334 0.24993962744592071 320.99466404631215 23.515389679240617 26.933928712650644 6.647473664033018 63.07223523154107 140.01977525927748 175.2320036168956 86.00125359824804 0.0 0.0 0.37207854673265506 0.18145544618607387 320.99466404631215 23.515389679240617 26.933928712650644 6.647473664033018 
334.0000606891547 0.0 51.337730672304076 0.0 17.345000468620192 0.007383367370646297 0.37059135444005875 0.006935286750751336 0.2515028760813275 308.9590370041074 24.00945373207325 28.033000048599718 6.640920518983728 63.07223523154107 140.98416569984724 178.5270108240393 88.19558233032839 0.0 0.0 0.37207854673265506 0.18301869482147648 308.9590370041074 24.00945373207325 28.033000048599718 6.640920518983728 
336.00006068915457 0.0 51.315026869005116 0.0 17.016090604328582 0.007383367370646297 0.37217375344397524 0.006935286750751336 0.25308527508524487 296.0295204997314 24.571862125963197 27.77410605808023 6.5832671765144415 63.07223523154107 141.9381638905571 180.7227122614831 90.00473776305105 0.0 0.0 0.37207854673265506 0.1846010938253967 296.0295204997314 24.571862125963197 27.77410605808023 6.5832671765144415 
338.00006068915445 0.0 51.385691096155156 0.0 16.878400768616757 0.007383367370646298 0.3735473689150263 0.006935286750751334 0.25445889055629894 282.6901705862765 25.070110614720875 28.152025125655896 6.528639422807104 63.07223523154107 142.83580961117653 182.04988153319977 91.49268461943463 0.0 0.0 0.37207854673265506 0.1859747092964518 282.6901705862765 25.070110614720875 28.152025125655896 6.528639422807104 
340.00006068915434 0.0 51.18438211437707 0.0 16.83673565052405 0.007383367370646298 0.3766174562329526 0.006935286750751332 0.2575289778742259 269.3183885380147 25.546952545167652 28.63691095211987 6.513977056396433 63.07223523154107 143.84248359377824 182.86729729451923 92.80766652585577 0.0 0.0 0.37207854673265506 0.18904479661437465 269.3183885380147 25.546952545167652 28.63691095211987 6.513977056396433 
342.0000606891542 0.0 49.8505563926372 0.0 16.796419838441935 0.007383367370646298 0.38777037081784144 0.006935286750751334 0.2686818924591031 189.57729124422275 28.082227410746203 31.276985258088494 6.384187841178803 63.07223523154107 150.0103442178174 186.0392733663257 99.98571051885122 0.0 0.0 0.37207854673265506 0.20019771119925867 189.57729124422275 28.082227410746203 31.276985258088494 6.384187841178803 
344.0000606891541 0.0 49.49900653809661 0.0 16.69927610674604 0.007383367370646298 0.39049494867719636 0.006939955458501728 0.1891652651521248 177.42357656642972 28.29941643979088 29.804988758405084 6.355067831685638 63.07223523154107 151.0176346227725 186.0392733663257 100.98874327370667 0.0 0.0 0.37207854673265495 0.2029222890586208 177.42357656642972 28.29941643979088 29.804988758405084 6.355067831685638 
346.000060689154 0.0 49.03207406241779 0.0 16.604105271973445 0.007383367370646298 0.39213923352481994 0.006942648086824756 0.14337779582008983 166.6527702794681 28.493099520638843 29.30891719814249 6.391864439532573 63.07223523154107 152.07702842641416 186.0392733663257 101.98246254741555 0.0 0.0 0.37207854673265495 0.204566573906239 166.6527702794681 28.493099520638843 29.30891719814249 6.391864439532573 
348.0000606891539 0.0 48.67441987212844 0.0 16.537179025141324 0.007383367370646301 0.39358067472174435 0.006944085059317914 0.11950637616837056 155.6220747485395 28.73965391122813 29.061321950571514 6.3835919602831375 63.07223523154107 153.013252149869 186.0392733663257 102.99135260685807 0.0 0.0 0.37207854673265506 0.20600801510317096 155.6220747485395 28.73965391122813 29.061321950571514 6.3835919602831375 
350.00006068915377 0.0 48.21579866360597 0.0 16.45613181344952 0.007383367370646301 0.39627065651422166 0.006945678182485222 0.09413283883046265 145.77796811286765 28.9791600476156 28.970482399387205 6.3521434718530525 63.07223523154107 153.91025657675456 186.0392733663257 103.97337895745669 0.0 0.0 0.37207854673265495 0.20869799689564353 145.77796811286765 28.9791600476156 28.970482399387205 6.3521434718530525 
352.00006068915366 0.0 45.67224003430246 0.0 16.116512506159097 0.007383367370646297 0.4077997051074532 0.00695005515394763 0.028559736828148843 87.77903737540296 30.413358616023825 30.72384418390499 6.289279934143361 63.07223523154107 160.02797938894744 186.0392733663257 109.9723484029586 0.0 0.0 0.37207854673265506 0.22022704548887723 87.77903737540296 30.413358616023825 30.72384418390499 6.289279934143361 
354.00006068915354 0.0 45.225519907043996 0.0 16.139053155577496 0.007383367370646298 0.4093991133191313 0.00695005515394763 0.03015914503982011 79.84748010163437 30.630637384786233 30.136122412672854 6.290547090323589 63.07223523154107 160.95767530271192 186.0392733663257 110.97691558522172 0.0 0.0 0.37207854673265506 0.22182645370055393 79.84748010163437 30.630637384786233 30.136122412672854 6.290547090323589 
356.00006068915343 0.0 44.6325415683005 0.0 16.233308548587036 0.007383367370646298 0.412465935709506 0.00695005515394763 0.03322596743020093 72.2222836877372 30.795216615084637 31.125827371782506 6.301924682168621 63.07223523154107 161.85862264382808 186.0392733663257 111.96278592222394 0.0 0.0 0.37207854673265506 0.22489327609093407 72.2222836877372 30.795216615084637 31.125827371782506 6.301924682168621 
358.0000606891533 0.0 44.20448340961554 0.0 16.409998458151595 0.007383367370646298 0.414683908737561 0.00695005515394763 0.03544394045824802 65.23941933912033 30.95504877808425 31.365246489457867 6.290011215061533 63.07223523154107 162.78489811284447 186.0392733663257 112.97821587883239 0.0 0.0 0.37207854673265495 0.22711124911897979 65.23941933912033 30.95504877808425 31.365246489457867 6.290011215061533 
360.0000606891532 0.0 43.644157582449495 0.0 16.515614554175468 0.007383367370646297 0.41618470937523516 0.00695005515394763 0.036944741095930274 59.12201043190224 31.0996465460481 31.337251865223642 6.304956826305097 63.07223523154107 163.68667842545355 186.0392733663257 113.97397172704058 0.0 0.0 0.37207854673265495 0.2286120497566589 59.12201043190224 31.0996465460481 31.337251865223642 6.304956826305097 
362.0000606891531 0.0 39.692898907889635 0.0 17.109646167259065 0.007383367370646301 0.4267268663726711 0.00695005515394763 0.0474868980933587 25.375914958582833 32.061177399938934 27.611212104670624 6.258463600354313 63.07223523154107 170.01564718233382 186.0392733663257 119.97426053136854 0.0 0.0 0.37207854673265506 0.23915420675408713 25.375914958582833 32.061177399938934 27.611212104670624 6.258463600354313 
364.000060689153 0.0 38.94452543922215 0.0 17.04980317556467 0.007383367370646301 0.4300756308305091 0.006950055153947632 0.05083566255120238 21.92877056672291 31.980668764992128 28.536810687124483 6.316320583008486 63.07223523154107 171.02046125356802 186.0392733663257 120.9863663466958 0.0 0.0 0.37207854673265506 0.24250297121193268 21.92877056672291 31.980668764992128 28.536810687124483 6.316320583008486 
366.00006068915286 0.0 38.35952365362378 0.0 16.963392983491108 0.007383367370646301 0.43199365463878403 0.006950055153947632 0.052753686359473556 19.118513230472768 31.865126012102074 28.791266172118224 6.3168072753114615 63.07223523154107 171.92802707413233 186.0392733663257 121.99700766557028 0.0 0.0 0.37207854673265506 0.2444209950202021 19.118513230472768 31.865126012102074 28.791266172118224 6.3168072753114615 
368.00006068915275 0.0 37.86989793946656 0.0 16.94547852620487 0.007383367370646301 0.4336196988088917 0.006950055153947632 0.05437973052958857 17.133350223471066 31.796632647635498 28.512483078511607 6.360414617119812 63.07223523154107 172.8799584962365 186.0392733663257 122.99671549580397 0.0 0.0 0.37207854673265506 0.24604703919032173 17.133350223471066 31.796632647635498 28.512483078511607 6.360414617119812 
370.00006068915263 0.0 37.31363047008231 0.0 16.97548803879196 0.007383367370646298 0.4363157933491038 0.006950055153947633 0.05707582506979685 15.548678870623158 31.68876849262459 28.98456282889553 6.428326163223574 63.07223523154107 173.79984953463617 186.0392733663257 123.98275372198164 0.0 0.0 0.37207854673265506 0.2487431337305275 15.548678870623158 31.68876849262459 28.98456282889553 6.428326163223574 
372.0000606891525 0.0 34.995662728168625 0.0 17.491375842461654 0.007383367370646298 0.4482777801178394 0.00695005515394763 0.06903781183853148 9.198600686386301 31.16390568544211 36.75444680625935 6.801609015307941 63.07223523154107 180.06662848865219 186.0392733663257 129.98744460602418 0.0 0.0 0.37207854673265506 0.2607051204992611 9.198600686386301 31.16390568544211 36.75444680625935 6.801609015307941 
374.0000606891524 0.0 34.92502182522273 0.0 17.37461876970555 0.007383367370646298 0.45052737359275713 0.00695005515394763 0.07128740531345093 9.325097936950462 31.380432931403114 34.854020417553 6.701014227688234 63.07223523154107 181.02604813419364 186.0392733663257 130.97816468835128 0.0 0.0 0.37207854673265506 0.2629547139741817 9.325097936950462 31.380432931403114 34.854020417553 6.701014227688234 
376.0000606891523 0.0 34.99110140947918 0.0 17.399707637119487 0.007383367370646298 0.4519643980816574 0.00695005515394763 0.07272442980234786 9.400627135533906 31.586170718539357 35.27434415526236 6.681085407616409 63.07223523154107 181.89985921482966 186.0392733663257 131.9920695314183 0.0 0.0 0.37207854673265506 0.26439173846307995 9.400627135533906 31.586170718539357 35.27434415526236 6.681085407616409 
378.0000606891522 0.0 35.090940470631494 0.0 17.316379705678848 0.007383367370646298 0.45337356365720627 0.00695005515394763 0.0741335953778988 9.37947620214752 31.70240369922918 36.56547786012853 6.669649584504151 63.07223523154107 182.60559259057166 186.0392733663257 132.98199069871518 0.0 0.0 0.37207854673265506 0.2658009040386305 9.37947620214752 31.70240369922918 36.56547786012853 6.669649584504151 
380.00006068915206 0.0 35.17846374454493 0.0 17.24360193849581 0.007383367370646297 0.45584517231359656 0.00695005515394763 0.07660520403428588 9.365613507783088 31.777925926790832 36.86781455108261 6.642397796636628 63.07223523154107 183.3619996715169 186.0392733663257 133.99000223252372 0.0 0.0 0.37207854673265517 0.26827251269501495 9.365613507783088 31.777925926790832 36.86781455108261 6.642397796636628 
382.00006068915195 0.0 35.652904315833446 0.0 17.039593321270182 0.007383367370646298 0.4674731944207474 0.0070194254570951405 0.04888200992842731 9.354180060626847 32.22881142589686 36.25069945549724 6.222874859635663 63.07223523154107 190.03674014249412 186.0392733663257 139.99404095745686 0.0 0.0 0.37207854673265506 0.2799005348021751 9.354180060626847 32.22881142589686 36.25069945549724 6.222874859635663 
384.00006068915184 0.0 35.73199394026907 0.0 17.23946454285692 0.007383367370646298 0.46943736187422364 0.007049133094586998 0.033994129559250685 9.309146095833528 32.32264528264232 36.5260572854196 6.315421459838368 63.07223523154107 190.99532489312148 186.0392733663257 141.00912290436898 0.0 0.0 0.37207854673265517 0.28186470225565147 9.309146095833528 32.32264528264232 36.5260572854196 6.315421459838368 
386.0000606891517 0.0 35.76623685716795 0.0 17.44221370114371 0.007383367370646301 0.47187714526545727 0.00706146138896266 0.029440525931813757 9.34840418359397 32.36442201162101 38.60478350262234 6.326946985674976 63.07223523154107 191.85393312929017 186.0392733663257 141.99691340465483 0.0 0.0 0.37207854673265506 0.28430448564687893 9.34840418359397 32.36442201162101 38.60478350262234 6.326946985674976 
388.0000606891516 0.0 35.77378780636339 0.0 17.502697342009725 0.007383367370646301 0.47350526944388444 0.007066029839277942 0.02847713662450718 9.292922457544224 32.3336368668928 38.763951838351375 6.3319721354829 63.07223523154107 192.64255823547177 186.0392733663257 142.98620751315383 0.0 0.0 0.37207854673265506 0.28593260982531365 9.292922457544224 32.3336368668928 38.763951838351375 6.3319721354829 
390.0000606891515 0.0 35.81373013420166 0.0 17.4865608089335 0.007383367370646298 0.4747862305234012 0.007068402438076931 0.02841220985155071 9.34811981201912 32.37628339176359 38.52370656954646 6.397022443309414 63.07223523154107 193.35518327591686 186.0392733663257 144.00019729289414 0.0 0.0 0.37207854673265506 0.2872135709048181 9.34811981201912 32.37628339176359 38.52370656954646 6.397022443309414 
392.0000606891514 0.0 36.219630981877806 0.0 17.434927427481135 0.007383367370646297 0.4875577226938469 0.007084418719984486 0.03209825560359018 9.715304293863575 32.43952414300148 40.96794493042223 6.6772842831952195 63.07223523154107 200.01043184957567 186.0392733663257 149.99883974964834 0.0 0.0 0.37207854673265506 0.29998506307527156 9.715304293863575 32.43952414300148 40.96794493042223 6.6772842831952195 
394.00006068915127 0.0 36.176360996521275 0.0 17.290724008407384 0.007383367370646297 0.48929057767527334 0.007084418719984486 0.03383111058501018 9.758147682515 32.248705573288426 42.18496515276336 6.5713614009296135 63.07223523154107 200.82354982930778 186.0392733663257 150.9880913543049 0.0 0.0 0.37207854673265506 0.30171791805669057 9.758147682515 32.248705573288426 42.18496515276336 6.5713614009296135 
396.00006068915116 0.0 36.15697097421652 0.0 17.21498040504486 0.007383367370646297 0.49173554873491543 0.007084418719984486 0.036276081644653756 9.76588845662629 32.12860464530962 42.945188761842225 6.5282333267656965 63.07223523154107 201.57932826469735 186.0392733663257 151.98187134219066 0.0 0.0 0.37207854673265506 0.30416288911633305 9.76588845662629 32.12860464530962 42.945188761842225 6.5282333267656965 
398.00006068915104 0.0 36.180058525323126 0.0 17.129481382558307 0.007383367370646297 0.49277914086564545 0.007084418719984488 0.03731967377538884 9.801035120160991 32.02888848201763 43.59826989615767 6.5309415344628095 63.07223523154107 202.22456855736667 186.0392733663257 152.97980169301664 0.0 0.0 0.37207854673265506 0.3052064812470701 9.801035120160991 32.02888848201763 43.59826989615767 6.5309415344628095 
400.0000606891509 0.0 36.19295673558532 0.0 17.11314199744652 0.007383367370646298 0.49427649238741295 0.007099183811697746 0.033107831759935924 9.81371285395486 31.939604997333266 43.62026091382754 6.535034854442384 63.07223523154107 202.67705035300796 186.0392733663257 154.00173542049595 0.0 0.0 0.37207854673265495 0.3067038327688353 9.81371285395486 31.939604997333266 43.62026091382754 6.535034854442384 
402.0000606891508 0.0 36.270459356793815 0.0 16.795814030565804 0.007383367370646297 0.5074999552138171 0.0071786688146544065 0.015596960252092182 9.454945046241141 31.208322317330328 41.19673164324191 6.318940445191284 63.07223523154107 209.89295523225513 186.0392733663257 159.98702212603098 0.0 0.0 0.37207854673265506 0.31992729559523664 9.454945046241141 31.208322317330328 41.19673164324191 6.318940445191284 
404.0000606891507 0.0 36.15905801763957 0.0 16.89907012101694 0.007383367370646301 0.5084860418516466 0.0071786688146544065 0.01658304688992937 9.442364601045252 31.08554884105289 38.70577311708462 6.177186183507903 63.07223523154107 210.4630977958724 186.0392733663257 161.00499199152506 0.0 0.0 0.37207854673265495 0.3209133822330704 9.442364601045252 31.08554884105289 38.70577311708462 6.177186183507903 
406.0000606891506 0.0 36.094197474163224 0.0 16.907191275323672 0.007383367370646301 0.511167085004511 0.0071786688146544065 0.019264090042796625 9.406537534325306 30.919136050198997 36.26625577675157 6.223881635469706 63.07223523154107 210.70917173444838 186.0392733663257 162.00522635065653 0.0 0.0 0.37207854673265506 0.3235944253859382 9.406537534325306 30.919136050198997 36.26625577675157 6.223881635469706 
408.0000606891505 0.0 36.025142241845664 0.0 16.89252448067362 0.007383367370646298 0.5128834243710731 0.0071786688146544065 0.020980429409350798 9.247168320282064 30.778024475089897 34.58944069308505 6.281495837685742 63.07223523154107 210.70917173444838 186.0392733663257 163.00912033940423 0.0 0.0 0.37207854673265506 0.32531076475249593 9.247168320282064 30.778024475089897 34.58944069308505 6.281495837685742 
410.00006068915036 0.0 35.97845371252633 0.0 16.875455022894595 0.007383367370646298 0.514015587817536 0.0071786688146544065 0.02211259285581699 9.084253217237649 30.703897687978984 32.94870873185218 6.310441222668447 63.07223523154107 210.70917173444838 186.0392733663257 163.99942482340003 0.0 0.0 0.37207854673265506 0.3264429281989605 9.084253217237649 30.703897687978984 32.94870873185218 6.310441222668447 
412.00006068915025 0.0 35.510609828510965 0.0 16.26347062448279 0.007383367370646298 0.5273583768890794 0.0071786688146544065 0.03545538192736036 8.34415445228892 30.610702659202904 24.72526027170744 6.242844342674022 NaN NaN 186.0392733663257 169.98538989589193 0.0 0.0 0.37207854673265506 0.3397857172705037 8.34415445228892 30.610702659202904 24.72526027170744 6.242844342674022 
414.00006068915013 0.0 35.129648957682384 0.0 16.108579211243374 0.007383367370646298 0.5287804602500225 0.0071786688146544065 0.036877465288304254 8.310643660431241 30.669564900009995 24.26304941625706 6.349870816302163 NaN NaN 186.0392733663257 170.9864362726142 0.0 0.0 0.37207854673265506 0.3412078006314437 8.310643660431241 30.669564900009995 24.26304941625706 6.349870816302163 
416.00006068915 0.0 34.919501432468486 0.0 16.032170212276636 0.007383367370646298 0.5315773671503189 0.0071786688146544065 0.039674372188602244 8.316705118647885 30.73216579893101 24.819243865325873 6.457490088133396 NaN NaN 186.0392733663257 171.99769572561192 0.0 0.0 0.37207854673265506 0.34400470753174445 8.316705118647885 30.73216579893101 24.819243865325873 6.457490088133396 
418.0000606891499 0.0 34.79279688107919 0.0 15.952481193497219 0.007383367370646298 0.5325636677032908 0.0071786688146544065 0.040660672741574255 8.35941408474847 30.82315696252672 25.467986258064816 6.508237127684063 NaN NaN 186.0392733663257 172.97923018092425 0.0 0.0 0.37207854673265506 0.3449910080847147 8.35941408474847 30.82315696252672 25.467986258064816 6.508237127684063 
420.0000606891498 0.0 34.65800919085255 0.0 15.915359365413897 0.007383367370646297 0.5355145087309401 0.007178668814654408 0.043611513769216084 8.283104516396333 30.922191786932515 25.901812223633375 6.531961748438005 NaN NaN 186.0392733663257 173.99338084160456 0.0 0.0 0.37207854673265506 0.34794184911236137 8.283104516396333 30.922191786932515 25.901812223633375 6.531961748438005 
422.0000606891497 0.0 36.224885122947576 0.0 15.030089103475639 0.007383367370646297 0.5470401002790326 0.006507998295014963 0.034381465954614415 966.858681961171 30.461407802117066 734.681550034381 4.987701070262354 25.65813334382301 121.82777930790424 170.38178534340008 156.6936226149373 0.051316266687645946 0.24184967540194505 0.17023324270014514 0.07081356036569414 966.858681961171 30.461407802117066 734.681550034381 4.987701070262354 
424.00006068914956 0.0 36.47006675721433 0.0 15.690824835754658 0.007383367370646297 0.5489787571446749 0.0068089576230656885 0.045634090100673715 898.5089984626194 28.631761937804686 605.2482720994877 4.274952865671829 25.65813334382301 123.18208349610977 156.69591990083558 137.84745675387708 0.05131626668764596 0.2437883322675916 0.17162749262484608 0.08055312852102503 898.5089984626194 28.631761937804686 605.2482720994877 4.274952865671829 
426.00006068914945 0.0 36.81863884192313 0.0 16.23729220597657 0.007383367370646297 0.5502712513484725 0.006889816467697005 0.049428971049235944 850.5959877172859 27.261561572703158 528.0345749126644 4.190654944009557 25.65813334382301 124.72079785155877 149.86266968785375 129.6064832593032 0.05131626668764596 0.2450808264713846 0.18183433154110554 0.10995630973132704 850.5959877172859 27.261561572703158 528.0345749126644 4.190654944009557 
428.00006068914934 0.0 37.14413492042441 0.0 16.94287556339176 0.007383367370646298 0.552955535179692 0.006979967505959052 0.05490321266680281 804.5169411036023 25.94864819174535 459.0044289737076 4.420927835281084 25.65813334382301 126.12700595971353 146.4188531862392 126.6812366238179 0.051316266687645974 0.2477651103026096 0.19321412715740977 0.14398172428798467 804.5169411036023 25.94864819174535 459.0044289737076 4.420927835281084 
430.0000606891492 0.0 37.746764201834175 0.0 17.52139539094907 0.007383367370646297 0.554863863540174 0.00701739318593453 0.05796977579939115 765.0402538994963 24.895304471987295 394.41415068655226 4.721735553185227 25.65813334382301 127.38780514929152 144.19395993985384 125.40213977015962 0.051316266687645974 0.24967343866308522 0.1979383832185093 0.15890114105317504 765.0402538994963 24.895304471987295 394.41415068655226 4.721735553185227 
432.0000606891491 0.0 41.59978073098067 0.0 20.380707074815568 0.007383367370646297 0.5681028406622625 0.007178668814654405 0.0761998457005392 554.6680342797421 19.285968164254662 62.58778438671083 6.268272910096099 25.65813334382301 131.25182852444476 131.94676576558547 119.66968813379577 0.05131626668764593 0.2629124157851767 0.21829625960134622 0.22820780924104114 554.6680342797421 19.285968164254662 62.58778438671083 6.268272910096099 
434.000060689149 0.0 42.08669291500354 0.0 20.828183260096925 0.007383367370646298 0.5699378471196874 0.007178668814654405 0.07803485215796616 528.8120125495938 18.651958143206613 46.289820033232154 6.330074471879717 25.65813334382301 132.4176861085949 130.23567542162192 119.06400205480031 0.051316266687645946 0.2647474222425965 0.21829625960134622 0.2300428156984681 528.8120125495938 18.651958143206613 46.289820033232154 6.330074471879717 
436.0000606891489 0.0 42.51285690295449 0.0 21.02999429562352 0.007383367370646297 0.5716197040563727 0.007178668814654405 0.079716709094651 504.81924283572476 18.019828145919444 41.4700439221925 6.318427860333431 25.65813334382301 133.73441496556364 127.8650964735682 117.66844086140922 0.05131626668764596 0.26642927917928727 0.21829625960134622 0.23172467263515167 504.81924283572476 18.019828145919444 41.4700439221925 6.318427860333431 
438.00006068914877 0.0 42.97642855586368 0.0 21.113388280566806 0.007383367370646297 0.5740039371422969 0.0071786688146544065 0.08210094218057701 486.5406461001022 17.714594219319725 38.75118143561742 6.321359551581299 25.65813334382301 135.144401648941 125.82467756613353 117.0793456765981 0.051316266687645946 0.2688135122652095 0.21829625960134624 0.2341089057210808 486.5406461001022 17.714594219319725 38.75118143561742 6.321359551581299 
440.00006068914865 0.0 43.359083785330284 0.0 21.148474079808725 0.007383367370646297 0.575404911677573 0.0071786688146544065 0.08350191671585175 472.24319486189177 17.602561298460483 37.15174917262838 6.327332779713933 25.65813334382301 136.4657974222433 123.41442340325631 115.91666948649274 0.051316266687645946 0.2702144868004863 0.21829625960134622 0.23550988025635108 472.24319486189177 17.602561298460483 37.15174917262838 6.327332779713933 
442.00006068914854 0.0 45.90866356551182 0.0 21.141352174661623 0.007383367370646297 0.587515457643947 0.007178668814654405 0.095612462682223 397.593818476365 18.268453024688245 31.048754491028085 6.3040844388317545 25.65813334382301 141.18088146844065 110.69273470901862 111.35961719574908 0.05131626668764593 0.28232503276685517 0.21829625960134622 0.24762042622272695 397.593818476365 18.268453024688245 31.048754491028085 6.3040844388317545 
444.0000196448376 0.0 46.23923504273441 0.0 20.515374799224418 0.007383367370646297 0.5893673147845214 0.007178668814654405 0.09746431982279562 388.9802997695299 18.78274188335309 32.44250169540805 6.278475026675633 25.65813334382301 142.38800107446067 109.75628118808382 112.45131211774711 0.05131626668764593 0.28417688990743134 0.21829625960134622 0.2494722833632961 388.9802997695299 18.78274188335309 32.44250169540805 6.278475026675633 
446.0000606891483 0.0 46.72084601732964 0.0 20.066461644397595 0.007383367370646298 0.5918993220933988 0.007178668814654405 0.09999632713168341 379.7281026479971 19.30385058233364 32.18795689113137 6.217093713465755 25.65813334382301 143.43560527190752 108.39896725476848 112.61809858817999 0.05131626668764593 0.28417688990743134 0.21829625960134624 0.2520042906721838 379.7281026479971 19.30385058233364 32.18795689113137 6.217093713465755 
448.0000606891482 0.0 46.76342263134778 0.0 19.78771224072935 0.007383367370646297 0.5933188459821082 0.0071786688146544065 0.10141585102038735 370.437748647858 19.832312685453616 31.34151805193755 6.133575820259073 25.65813334382301 144.50871180192658 107.19457899533619 112.90784587209355 0.05131626668764593 0.28417688990743134 0.21829625960134622 0.25342381456088714 370.437748647858 19.832312685453616 31.34151805193755 6.133575820259073 
450.0000606891481 0.0 46.72060335141768 0.0 19.3715076410244 0.007383367370646297 0.5958637758096869 0.007178668814654408 0.10396078084797011 361.4236286073743 20.360415764824754 30.58235942560194 6.0903463029242655 25.65813334382301 145.4285510315576 106.67689781609178 113.01396099622887 0.05131626668764593 0.28417688990743134 0.2208983528976173 0.20293122777257508 361.4236286073743 20.360415764824754 30.58235942560194 6.0903463029242655 
452.000060689148 0.0 45.82949766478495 0.0 17.120483653668074 0.007383367370646298 0.6087455586452152 0.0071786688146544065 0.11684256368348986 302.4142753438474 23.46404379627606 27.324904395625854 5.998168519016191 25.65813334382301 151.1499250082649 107.63727298224451 109.0513546181978 0.0 0.0 0.24052512728997782 0.044684947622880826 302.4142753438474 23.46404379627606 27.324904395625854 5.998168519016191 
454.00006068914786 0.0 45.62971062480513 0.0 16.81381409949037 0.007383367370646298 0.6099850832108445 0.0071786688146544065 0.11808208824912132 291.1569749399066 23.94311889551078 26.102035385806595 5.894982914445927 25.65813334382301 152.0256906188882 108.28529975642208 106.30587042275124 0.0 0.0 0.24052512728997782 0.04592447218851212 291.1569749399066 23.94311889551078 26.102035385806595 5.894982914445927 
456.00006068914774 0.0 45.855966749796224 0.0 16.6636700939745 0.007383367370646298 0.6118273028912232 0.007178668814654408 0.11992430792950419 278.01820665380217 24.38810483178869 25.670113129195286 5.911685407301038 25.65813334382301 152.94656839002016 109.04934315658544 103.67496152307035 0.0 0.0 0.24052512728997777 0.047766691868892736 278.01820665380217 24.38810483178869 25.670113129195286 5.911685407301038 
458.00006068914763 0.0 45.90702360627111 0.0 16.566755243898015 0.007383367370646298 0.6131227565229161 0.007178668814654408 0.12121976156118866 264.66663439564604 24.766778785986805 25.43226720817178 5.922091070363321 25.65813334382301 153.9081058776635 109.72794314044636 101.5977271641586 0.0 0.0 0.24052512728997777 0.04906214550057938 264.66663439564604 24.766778785986805 25.43226720817178 5.922091070363321 
460.0000606891475 0.0 45.83982514423983 0.0 16.46068470780992 0.007383367370646297 0.6166988266442164 0.007178668814654408 0.12479583168249432 250.8235356725281 25.114788032794138 25.80453387281682 5.944413948877091 25.65813334382301 154.69853200764135 110.3547269643773 99.89282407974096 0.0 0.0 0.24052512728997777 0.05263821562188371 250.8235356725281 25.114788032794138 25.80453387281682 5.944413948877091 
462.0000606891474 0.0 45.52826319782152 0.0 16.028379732944547 0.007383367370646301 0.6275385030718973 0.0071786688146544065 0.13563550811017255 168.2299674222072 27.141852235159472 28.687174150728225 6.237595242833066 25.65813334382301 161.14752833387337 113.6745672685517 89.0784255053622 0.0 0.0 0.24052512728997788 0.06347789204956451 168.2299674222072 27.141852235159472 28.687174150728225 6.237595242833066 
464.0000606891473 0.0 45.5311328522538 0.0 16.076418895993022 0.007383367370646298 0.6296397885440579 0.007178668814654408 0.137736793582342 156.11461069615186 27.452363672893696 30.190936600497828 6.268480383751745 25.65813334382301 162.203162482224 113.94636228581068 89.49758628021736 0.0 0.0 0.24052512728997788 0.06557917752173133 156.11461069615186 27.452363672893696 30.190936600497828 6.268480383751745 
466.0000606891472 0.0 45.53997128675488 0.0 16.023435275190803 0.007383367370646298 0.6318459371900157 0.007178668814654408 0.139942942228291 145.02309506218057 27.704015074518885 30.813095544664726 6.259367050632903 25.65813334382301 163.21241259764795 114.22008182684185 88.29748318035138 0.0 0.0 0.24052512728997782 0.06778532616768128 145.02309506218057 27.704015074518885 30.813095544664726 6.259367050632903 
468.00006068914706 0.0 45.37234356444806 0.0 15.981035650699685 0.007383367370646301 0.6333822440047793 0.0071786688146544065 0.1414792490430557 134.54776637993172 27.84090311256818 31.573171476224555 6.259113211258222 25.65813334382301 164.28065637802047 114.67677167786292 85.87201735945557 0.0 0.0 0.24222584018600704 0.06243054309225589 134.54776637993172 27.84090311256818 31.573171476224555 6.259113211258222 
470.00006068914695 0.0 44.7255426972277 0.0 16.015071983818633 0.007383367370646298 0.6366066509923699 0.0071786688146544065 0.14470365603064067 124.51204092316773 27.92822899828959 32.38832879821708 6.263074574465072 25.65813334382301 165.29493650348957 115.21818139986497 82.33860907884986 0.0 0.0 0.24409788323907294 0.05806965041694059 124.51204092316773 27.92822899828959 32.38832879821708 6.263074574465072 
472.00006068914684 0.0 41.04376541566913 0.0 16.339261624091126 0.007383367370646298 0.6472844682738249 0.007178668814654408 0.1553814733121042 69.47849200827349 28.325076440688864 31.739766196475333 6.140622487034861 25.65813334382301 171.1909873077723 118.38397836959268 62.07659779212605 0.0 0.0 0.24805550409711377 0.05271165051391924 69.47849200827349 28.325076440688864 31.739766196475333 6.140622487034861 
474.0000606891467 0.0 40.69365586942501 0.0 16.266716122106278 0.007383367370646298 0.650276443731594 0.007178668814654408 0.1583734487698713 62.95756592686496 28.4927567135323 31.581722271912362 6.182471594812266 25.65813334382301 172.23263689516094 118.91135628281523 59.05139509412777 0.0 0.0 0.24805550409711377 0.05570362597168762 62.95756592686496 28.4927567135323 31.581722271912362 6.182471594812266 
476.0000606891466 0.0 40.4751133218644 0.0 16.31932802193232 0.007383367370646298 0.651445742917514 0.0071786688146544065 0.15954274795579163 56.7622734003914 28.69545754679887 32.39642185696081 6.191669000228936 25.65813334382301 173.239441204458 119.34883713903075 56.65132381087366 0.0 0.0 0.24805550409711377 0.05687292515760869 56.7622734003914 28.69545754679887 32.39642185696081 6.191669000228936 
478.0000606891465 0.0 40.027279116113604 0.0 16.33240366303047 0.007383367370646298 0.6542517044103425 0.007178668814654408 0.16234870944862193 51.12182556197327 28.84248289510371 32.19280622941796 6.191052286334397 25.65813334382301 174.19331766286902 127.29168975247443 53.70186925710532 0.0 0.0 0.46264885158701474 0.0528049589298619 51.12182556197327 28.84248289510371 32.19280622941796 6.191052286334397 
480.0000606891464 0.0 39.59245855212159 0.0 16.368045473850863 0.007383367370646298 0.6556806778853984 0.007178668814654408 0.16377768292368317 46.30107847545818 28.924117949085538 31.996150989350163 6.172037809885919 25.65813334382301 175.1041432164168 137.6392955302523 51.76715154385394 0.0 0.0 0.5228357835297742 0.05230600395449826 46.30107847545818 28.924117949085538 31.996150989350163 6.172037809885919 
482.00006068914627 0.0 35.626754313936885 0.0 16.486270916818384 0.007383367370646301 0.6670675059063569 0.007178668814654408 0.17516451094463248 19.482168857533832 29.28247374153128 29.458676648066323 6.021576671675059 25.65813334382301 181.13430621445093 196.4077199145262 42.73892047738095 0.0 0.0 0.8585117074200169 0.05294034563163125 19.482168857533832 29.28247374153128 29.458676648066323 6.021576671675059 
484.00006068914615 0.0 34.86257230691614 0.0 16.548242820235014 0.007383367370646297 0.6697040575840292 0.0071786688146544065 0.17780106262230252 17.17539138531376 29.342874530214896 29.074560985178202 6.027003490552366 25.65813334382301 182.13014219799368 204.40935286301126 42.55854436256857 0.0 0.0 0.8585117074200169 0.05557689730930337 17.17539138531376 29.342874530214896 29.074560985178202 6.027003490552366 
486.00006068914604 0.0 34.29553714356541 0.0 16.539464264031324 0.007383367370646298 0.670966891994024 0.007178668814654405 0.17906389703229997 15.245913381475681 29.38288898403354 28.83976022925108 6.062149672910246 25.65813334382301 183.03785249934592 213.6347896821268 42.47390650181217 0.0 0.0 0.8585117074200169 0.05683973171930053 15.245913381475681 29.38288898403354 28.83976022925108 6.062149672910246 
488.0000606891459 0.0 33.930021037293415 0.0 16.424395501912787 0.007383367370646298 0.6730912136974729 0.007178668814654405 0.18118821873576071 13.711811930064 29.41526791381194 27.9701921915936 6.073366334449707 25.65813334382301 183.84957321044303 224.27171290808056 42.43650654415737 0.0 0.0 0.8585117074200171 0.05896405342275747 13.711811930064 29.41526791381194 27.9701921915936 6.073366334449707 
490.0000606891458 0.0 33.53625057864498 0.0 16.30360736774454 0.007383367370646298 0.6753784315578769 0.007178668814654403 0.1834754365961562 12.53192962683761 29.433249655881454 27.47659608700912 6.0987986150241165 25.65813334382301 184.6732862351429 234.09069484736577 42.487995273214395 0.0 0.0 0.8585117074200171 0.0612512712831547 12.53192962683761 29.433249655881454 27.47659608700912 6.0987986150241165 
492.0000606891457 0.0 31.70605924207834 0.0 15.975138445883738 0.007383367370646298 0.6873847426417988 0.0071786688146544065 0.19548174768008264 7.963001550883087 29.436340947229723 27.354822586144074 6.241986636474635 25.65813334382301 191.1051343691696 291.85755185872273 43.486786544405604 0.0 0.0 0.8585117074200169 0.07325758236708062 7.963001550883087 29.436340947229723 27.354822586144074 6.241986636474635 
494.0000606891456 0.0 31.641353491411408 0.0 16.011819095852736 0.007383367370646298 0.6902456136776925 0.0071786688146544065 0.19834261871597186 7.92414563225559 29.47535644059401 29.463644081728244 6.198612417084306 25.65813334382301 192.02847306133566 301.37429140051574 43.828426324751845 0.0 0.0 0.8585117074200169 0.07611845340297033 7.92414563225559 29.47535644059401 29.463644081728244 6.198612417084306 
496.00006068914547 0.0 31.511059772935898 0.0 16.089572431956988 0.007383367370646298 0.6922790452475442 0.0071786688146544065 0.20037605028583097 7.847670998723158 29.494283107392107 28.24681392524797 6.228905860245749 25.65813334382301 192.7214018327314 310.6808950268267 44.15003387216742 0.0 0.0 0.8585117074200167 0.07815188497282811 7.847670998723158 29.494283107392107 28.24681392524797 6.228905860245749 
498.00006068914536 0.0 31.451562296371538 0.0 16.15638608412897 0.007383367370646298 0.6938656300652609 0.0071786688146544065 0.2019626351035401 7.7488917416157115 29.619975824283387 27.56206995747988 6.243669122456755 25.65813334382301 193.39936679478615 320.22987069155045 44.552276783269015 0.0 0.0 0.8585117074200169 0.07973846979053908 7.7488917416157115 29.619975824283387 27.56206995747988 6.243669122456755 
500.00006068914524 0.0 31.429392405368517 0.0 16.175203479856872 0.007383367370646297 0.6963901917988834 0.007178668814654405 0.20448719683715771 7.686151129825486 29.68385362462676 26.620700156062274 6.2514564498306955 25.65813334382301 193.91810585941585 329.52413682777757 44.988862267744246 0.0 0.0 0.8585117074200169 0.08226303152415891 7.686151129825486 29.68385362462676 26.620700156062274 6.2514564498306955 
#####################################################################
# End of data export. Simulation finished at: 2019-02-19T16:04+0000 #
#####################################################################
