#####################################################################
# Alchemist log file - simulation started at: 2019-02-19T15:45+0000 #
#####################################################################
# seed = 39.0
#
# The columns have the following meaning: 
# time derr-single-broadcast-rep[Mean] terr-single-broadcast-rep[Mean] derr-single-broadcast-share[Mean] terr-single-broadcast-share[Mean] derr-single-collection-rep[Mean] terr-single-collection-rep[Mean] derr-single-collection-share[Mean] terr-single-collection-share[Mean] derr-single-distance-rep[Mean] terr-single-distance-rep[Mean] derr-single-distance-share[Mean] terr-single-distance-share[Mean] derr-stack-broadcast-rep[Mean] terr-stack-broadcast-rep[Mean] derr-stack-broadcast-share[Mean] terr-stack-broadcast-share[Mean] derr-stack-collection-rep[Mean] terr-stack-collection-rep[Mean] derr-stack-collection-share[Mean] terr-stack-collection-share[Mean] derr-stack-distance-rep[Mean] terr-stack-distance-rep[Mean] derr-stack-distance-share[Mean] terr-stack-distance-share[Mean] 
0.0 NaN NaN NaN NaN NaN NaN NaN NaN NaN NaN NaN NaN NaN NaN NaN NaN NaN NaN NaN NaN NaN NaN NaN NaN 
2.0000837812573287 0.0 0.7401589806443095 0.0 1.0517911160499487 3.760361807315706 0.002249461898598813 2.928247818176076 0.002541543971394718 0.0 0.6570041238034307 58.131372988296114 0.8318670491133745 NaN NaN NaN NaN 0.0 0.0 0.0 0.0 0.0 0.6570041238034307 58.131372988296114 0.8318670491133745 
4.000069010804954 0.0 1.8112559996416562 0.0 2.07640184956021 3.7065745098378438 0.0044062648110517865 2.311078545962378 0.004600289988149399 2.2967475455137447 2.2383946599778586 82.09348967680832 2.179871574419469 NaN NaN NaN NaN 0.0 0.0 0.0 0.0 2.2967475455137447 2.2383946599778586 82.09348967680832 2.179871574419469 
6.000250897204957 0.0 2.7665643045334933 0.0 2.9874138041187117 3.642864443210692 0.0060566757409457285 1.5244866049822035 0.006531289113061058 8.816537985659 3.538857667254442 94.05925804977291 3.4469757590245544 NaN NaN NaN NaN 0.0 0.0 0.0 0.0 8.816537985659 3.538857667254442 94.05925804977291 3.4469757590245544 
8.000250897204957 0.0 3.7223001691457016 0.0 3.8611833111175 3.5403251296914737 0.008210780359572657 1.1355763033922828 0.007793065666436592 11.662532032934356 4.946489331314917 70.10660168714823 4.145074250834935 NaN NaN NaN NaN 0.0 0.0 0.0 0.0 11.662532032934356 4.946489331314917 70.10660168714823 4.145074250834935 
10.000250897204957 0.0 4.67253117970078 0.0 4.7008257026249725 3.4271601180681226 0.009882451711526645 0.9427859115319783 0.008370974391905938 16.171816929088912 6.230388842754138 55.83204139729103 4.724172097342539 NaN NaN NaN NaN 0.0 0.0 0.0 0.0 16.171816929088912 6.230388842754138 55.83204139729103 4.724172097342539 
12.000250897204957 0.0 9.843877047029705 0.0 9.252034122544236 2.589424584932468 0.02174474244810587 0.0049968789001572774 0.013973920157418895 13.54815165653729 7.891561081890432 27.63270758787103 6.423868629153794 NaN NaN NaN NaN 0.0 0.0 0.0 0.0 13.54815165653729 7.891561081890432 27.63270758787103 6.423868629153794 
14.000250897204957 0.0 10.664025514795233 0.0 9.86647421500588 2.509516660618325 0.023083613370750215 0.0049968789001572774 0.014846195543823692 27.471039637379263 9.354098359577577 27.641297464759454 6.546007453800123 NaN NaN NaN NaN 0.0 0.0 0.0 0.0 27.471039637379263 9.354098359577577 27.641297464759454 6.546007453800123 
16.000250897204957 0.0 11.491702955027092 0.0 10.43605069174215 2.436244056112334 0.025430779075449033 0.0049968789001572774 0.0140292227386018 29.11344835039712 10.539355993157313 29.265866203829418 6.5911122270065885 NaN NaN NaN NaN 0.0 0.0 0.0 0.0 29.11344835039712 10.539355993157313 29.265866203829418 6.5911122270065885 
18.000250897204957 0.0 12.343336291281735 0.0 10.979739192193934 2.2690425594540624 0.027592164298760227 0.0049968789001572774 0.013691994073775986 35.52443135091804 11.800828134832312 30.41019650229836 6.5813331788515805 NaN NaN NaN NaN 0.0 0.0 0.0 0.0 35.52443135091804 11.800828134832312 30.41019650229836 6.5813331788515805 
20.000250897204957 0.0 13.154114807368824 0.0 11.534765573173427 2.2083082601972457 0.028795603101490142 0.005050898472130695 0.01360143393906328 43.877944759844894 13.379146200423346 30.97603506735635 6.556459579896022 NaN NaN NaN NaN 0.0 0.0 0.0 0.0 43.877944759844894 13.379146200423346 30.97603506735635 6.556459579896022 
22.000250897204957 0.0 17.915256593231096 0.0 14.442136460617906 1.6216919720669019 0.04077091778926092 0.00632649086447377 0.015275895611507734 29.80379404257947 15.74896081723686 33.89155598009212 6.555914003579966 NaN NaN NaN NaN 0.0 0.0 0.0 0.0 29.80379404257947 15.74896081723686 33.89155598009212 6.555914003579966 
24.000250897204957 0.0 18.601972171301913 0.0 14.739607184792215 1.3979488419106942 0.04324082778756865 0.006326490864473772 0.017804139218036676 38.90301801057406 17.182602792562907 35.10524678022748 6.687434847694383 NaN NaN NaN NaN 0.0 0.0 0.0 0.0 38.90301801057406 17.182602792562907 35.10524678022748 6.687434847694383 
26.00000111736344 0.0 19.331349524488036 0.0 15.076778988876748 1.2085760371700434 0.04536786908466646 0.00632649086447377 0.020022551840499492 40.533491603322126 18.357150974289162 36.120358666715674 6.692949568611276 NaN NaN NaN NaN 0.0 0.0 0.0 0.0 40.533491603322126 18.357150974289162 36.120358666715674 6.692949568611276 
28.000250897204957 0.0 20.00947374201123 0.0 15.330257928370186 1.0415447682228052 0.047343400094068885 0.00632649086447377 0.02204848440477448 39.96543331922274 19.372070401789802 37.02279473825353 6.654331906559225 NaN NaN NaN NaN 0.0 0.0 0.0 0.0 39.96543331922274 19.372070401789802 37.02279473825353 6.654331906559225 
30.000189556516375 0.0 20.651345215105124 0.0 15.546563149562514 0.9210753262528112 0.04911839937659994 0.00632649086447377 0.023836285763598797 43.33966857362324 20.53646279852253 37.649295793483645 6.634506005531006 NaN NaN NaN NaN 0.0 0.0 0.0 0.0 43.33966857362324 20.53646279852253 37.649295793483645 6.634506005531006 
32.00025089720496 0.0 24.530663207694072 0.0 16.71777046340025 0.14552226566096224 0.06233692544523877 0.006326490864473772 0.037008510969070825 33.078421837706045 23.851210396730416 38.45461069048903 6.5960658169027715 NaN NaN NaN NaN 0.0 0.0 0.0 0.0 33.078421837706045 23.851210396730416 38.45461069048903 6.5960658169027715 
34.00025089720496 0.0 25.07281111380153 0.0 16.714781811100558 0.08733355246157473 0.06187236946381696 0.006326490864473772 0.03834916754061177 30.293497851441487 24.48926994579003 38.27226039609066 6.574046799284885 NaN NaN NaN NaN 0.0 0.0 0.0 0.0 30.293497851441487 24.48926994579003 38.27226039609066 6.574046799284885 
36.00025089720496 0.0 25.62663220295313 0.0 16.73369612465631 0.053909831967581895 0.062485264822078654 0.006326490864473772 0.04088174740088649 26.621313802613564 24.991262147793595 38.076030424246916 6.580818770977453 NaN NaN NaN NaN 0.0 0.0 0.0 0.0 26.621313802613564 24.991262147793595 38.076030424246916 6.580818770977453 
38.00025089720496 0.0 26.157902190030534 0.0 16.796346862866233 0.04284720579430091 0.06354957698381813 0.0063264908644737735 0.04258143921822725 23.881270484246812 25.473642076351048 36.8939962411394 6.5966254440150145 NaN NaN NaN NaN 0.0 0.0 0.0 0.0 23.881270484246812 25.473642076351048 36.8939962411394 6.5966254440150145 
40.00025089720496 0.0 26.665863198485777 0.0 16.814065895460296 0.03479618435707247 0.06387761566257721 0.006326490864473772 0.044670072385513404 21.908293736815924 25.916421095795787 35.999319443818194 6.594936843417332 NaN NaN NaN NaN 0.0 0.0 0.0 0.0 21.908293736815924 25.916421095795787 35.999319443818194 6.594936843417332 
42.00025089720496 0.0 29.315048073271164 0.0 17.004265474531607 0.004996878900157282 0.06412381387132503 0.006326490864473772 0.0571380861659442 12.553408729829735 28.33236043142447 31.763299762204838 6.559694098631121 NaN NaN NaN NaN 0.0 0.0 0.0 0.0 12.553408729829735 28.33236043142447 31.763299762204838 6.559694098631121 
44.000238729683254 0.0 29.704173957468697 0.0 16.966968959043772 0.004996878900157282 0.06411729027033616 0.006326490864473772 0.05809440060001573 11.624023185230548 28.75383601197901 31.450326668592847 6.507480536223051 NaN NaN NaN NaN 0.0 0.0 0.0 0.0 11.624023185230548 28.75383601197901 31.450326668592847 6.507480536223051 
46.00006594800891 0.0 30.061189227013557 0.0 16.922583797444915 0.005141855141816305 0.06504181458977491 0.00632649086447377 0.060758047964940706 11.065484634737343 29.14485666499697 31.435708654099198 6.473945600021488 NaN NaN NaN NaN 0.0 0.0 0.0 0.0 11.065484634737343 29.14485666499697 31.435708654099198 6.473945600021488 
48.00025089720496 0.0 30.41177113895658 0.0 16.90835789778315 0.005429326254209608 0.06595517070425101 0.006326490864473772 0.06271092967645937 10.695713874157857 29.498664449321463 31.364950453386758 6.449249005915994 NaN NaN NaN NaN 0.0 0.0 0.0 0.0 10.695713874157857 29.498664449321463 31.364950453386758 6.449249005915994 
50.00025089720496 0.0 30.763473935656425 0.0 16.927832887064714 0.005517999604674993 0.06654437147641874 0.006326490864473772 0.06362078255456291 10.473239741838627 29.756103050558526 30.901488235887715 6.447508333563132 NaN NaN NaN NaN 0.0 0.0 0.0 0.0 10.473239741838627 29.756103050558526 30.901488235887715 6.447508333563132 
52.00010628921252 0.0 32.87824761268356 0.0 16.790348962181664 0.006326490864473772 0.07622854613150581 0.006326490864473772 0.07622854613150581 9.485076989668926 30.927580492044854 29.554063390157637 6.387520402272841 NaN NaN NaN NaN 0.0 0.0 0.0 0.0 9.485076989668926 30.927580492044854 29.554063390157637 6.387520402272841 
54.00025089720496 0.0 33.11101695582569 0.0 16.66498836149982 0.006326490864473772 0.07788579860614461 0.006326490864473772 0.07788579860614461 9.651612368338734 31.09570476637411 31.4930840411408 6.260783763394925 NaN NaN NaN NaN 0.0 0.0 0.0 0.0 9.651612368338734 31.09570476637411 31.4930840411408 6.260783763394925 
56.00025089720496 0.0 33.216742172906685 0.0 16.621932971384265 0.006326490864473772 0.07992263766582822 0.006326490864473772 0.07992263766582822 9.681176698962636 31.313355531818576 31.822176124970746 6.225254818586464 NaN NaN NaN NaN 0.0 0.0 0.0 0.0 9.681176698962636 31.313355531818576 31.822176124970746 6.225254818586464 
58.000034649990475 0.0 33.38126435800844 0.0 16.67333358879889 0.0063264908644737735 0.08154172448392173 0.0063264908644737735 0.08154172448392173 9.685756874598132 31.446302661103605 31.53242304983763 6.25939913013488 NaN NaN NaN NaN 0.0 0.0 0.0 0.0 9.685756874598132 31.446302661103605 31.53242304983763 6.25939913013488 
60.00025089720496 0.0 33.443309196744224 0.0 16.75183506858791 0.0063264908644737735 0.08385240604329346 0.0063264908644737735 0.08385240604329346 9.739689084588885 31.571208922707466 31.75538081919262 6.317919445509856 NaN NaN NaN NaN 0.0 0.0 0.0 0.0 9.739689084588885 31.571208922707466 31.75538081919262 6.317919445509856 
62.00025089720496 0.0 34.963917616960806 0.0 16.156337593777042 0.006326490864473772 0.09606132993247965 0.0063223300603806295 0.059960106695448 946.6684863060561 30.82325864120848 746.2794639423436 4.962678941516398 NaN NaN 88.65072604458813 29.242225366966682 0.0 0.0 0.18902932710553608 0.06315237196129302 946.6684863060561 30.82325864120848 746.2794639423436 4.962678941516398 
64.00025089720495 0.0 35.63679156774822 0.0 16.625619474793847 0.00632649086447377 0.09786598726595219 0.0063241715915490215 0.07774281209781311 891.1113390250426 28.989489211621663 592.5088981414252 4.1631527692031165 NaN NaN 91.57364701183184 32.035265115749695 0.0 0.0 0.18902932710553608 0.06315237196129302 891.1113390250426 28.989489211621663 592.5088981414252 4.1631527692031165 
66.00025089720495 0.0 36.43137765480707 0.0 17.22052250096184 0.00632649086447377 0.10055149237247185 0.006325124789964003 0.08869874474722565 845.1373718961822 27.511812937949557 512.1607276142903 4.156646200913314 NaN NaN 92.5084639570098 33.35688040477058 0.0 0.0 0.18902932710553608 0.06315237196129302 845.1373718961822 27.511812937949557 512.1607276142903 4.156646200913314 
68.00025089720495 0.0 37.06763323020146 0.0 17.775272632208484 0.006326490864473772 0.1024051176629128 0.006325427321378825 0.09317728433184773 791.8948830220096 25.800602601772546 444.52491248523097 4.39287697756373 NaN NaN 92.40054676518822 33.96099760105563 0.0 0.0 0.18902932710553608 0.06315237196129302 791.8948830220096 25.800602601772546 444.52491248523097 4.39287697756373 
70.00025089720495 0.0 37.924700330196266 0.0 18.27729582656146 0.006326490864473772 0.10345157876549153 0.0063255449114712915 0.09524401605679833 744.2666393392436 24.418960785725307 382.0184893609281 4.678027399362574 NaN NaN 92.72298655053079 34.96332830847247 0.0 0.0 0.18902932710553608 0.06315237196129302 744.2666393392436 24.418960785725307 382.0184893609281 4.678027399362574 
72.00025089720495 0.0 41.21683940238667 0.0 21.838805236723832 0.006326490864473772 0.11595008522842953 0.006326490864473772 0.11595008522842953 490.76801007527104 17.20104730072802 65.86067381976855 6.15250159750488 NaN NaN 93.16499326898102 41.380662734715706 0.0 0.0 0.0 0.0 490.76801007527104 17.20104730072802 65.86067381976855 6.15250159750488 
74.00025089720495 0.0 41.56597390736159 0.0 21.992286281563008 0.0063264908644737735 0.11758326188955195 0.0063264908644737735 0.11758326188955195 470.216321441301 16.698836653422784 50.449495612971404 6.205883370901236 NaN NaN 92.59891579091406 41.96602403365465 0.0 0.0 0.0 0.0 470.216321441301 16.698836653422784 50.449495612971404 6.205883370901236 
76.00025089720495 0.0 41.77824700044616 0.0 21.90580860736345 0.006326490864473772 0.1197463157816862 0.006326490864473772 0.1197463157816862 457.1421418728803 16.60671457842001 43.78180538200141 6.16630471085084 NaN NaN 93.27777899728466 43.30053822664924 0.0 0.0 0.0 0.0 457.1421418728803 16.60671457842001 43.78180538200141 6.16630471085084 
78.0001217467775 0.0 41.942447427607945 0.0 21.777667009504757 0.006326490864473772 0.12208572926099959 0.006326490864473772 0.12208572926099959 446.4637969236744 16.697621842206015 40.66386552094823 6.199800305752836 NaN NaN 92.60254206480099 43.945878282207715 0.0 0.0 0.0 0.0 446.4637969236744 16.697621842206015 40.66386552094823 6.199800305752836 
80.00025089720495 0.0 42.16024902991429 0.0 21.626386000835968 0.006326490864473772 0.12354509288835176 0.006326490864473772 0.12354509288835176 437.6604283572246 16.934192674228584 38.18648710548575 6.207342464851731 NaN NaN 91.51567988442707 44.24219491324666 0.0 0.0 0.0 0.0 437.6604283572246 16.934192674228584 38.18648710548575 6.207342464851731 
82.00025089720495 0.0 43.379235719366385 0.0 20.490161689131206 0.006326490864473772 0.13572879045405276 0.006326490864473772 0.13572879045405276 387.04820373508613 18.601960958051247 22.912886539664402 6.075992892835903 NaN NaN 86.07554022606038 47.26106357228867 0.0 0.0 0.0 0.0 387.04820373508613 18.601960958051247 22.912886539664402 6.075992892835903 
84.00025089720495 0.0 43.8533887192485 0.0 20.512184182717995 0.006326490864473772 0.13852563106933213 0.006326490864473772 0.13852563106933213 379.16060037603154 19.02561666998752 21.180262294285107 6.051060753840311 NaN NaN 85.4276484080652 47.909002366881325 0.0 0.0 0.0 0.0 379.16060037603154 19.02561666998752 21.180262294285107 6.051060753840311 
86.00025089720495 0.0 44.109125032543126 0.0 20.286709731835405 0.006326490864473772 0.13995782711930832 0.006326490864473772 0.13995782711930832 371.03402912615667 19.452939183613754 21.16029291692753 6.057931290415819 NaN NaN 84.7429183971607 48.33754611736117 0.0 0.0 0.0 0.0 371.03402912615667 19.452939183613754 21.16029291692753 6.057931290415819 
88.00025089720495 0.0 44.42843099667222 0.0 19.985309144128532 0.006326490864473772 0.1419701326240474 0.006326490864473772 0.1419701326240474 362.670122345806 19.879112683018107 22.2006736094891 6.086133549868274 NaN NaN 84.40536173796971 48.670262849466866 0.0 0.0 0.0 0.0 362.670122345806 19.879112683018107 22.2006736094891 6.086133549868274 
90.00025089720495 0.0 44.642175325836014 0.0 19.545005815278333 0.0063264908644737735 0.14433042629266485 0.0063264908644737735 0.14433042629266485 353.29796573023253 20.34649534490878 22.945252550758777 6.072711544469374 NaN NaN 84.32892726578713 49.0279327964775 0.0 0.0 0.0 0.0 353.29796573023253 20.34649534490878 22.945252550758777 6.072711544469374 
92.00025089720495 0.0 45.31885915842716 0.0 16.33364345780439 0.0063264908644737735 0.15675249735383082 0.0063264908644737735 0.15675249735383082 294.3847246439196 23.205901618093176 24.604748035666443 6.153442553523617 NaN NaN 82.44641160779611 55.17673243109244 0.0 0.0 0.0 0.0 294.3847246439196 23.205901618093176 24.604748035666443 6.153442553523617 
94.00025089720495 0.0 45.31684235196178 0.0 15.860019839813106 0.0063264908644737735 0.15889632050221375 0.0063264908644737735 0.15889632050221375 282.28010403101615 23.65739529875407 23.808848862620827 6.150273394915242 NaN NaN 82.44641160779611 55.766924732856616 0.0 0.0 0.0 0.0 282.28010403101615 23.65739529875407 23.808848862620827 6.150273394915242 
96.00025089720495 0.0 45.36922969362747 0.0 15.713678903118119 0.006326490864473772 0.160453397153872 0.006326490864473772 0.160453397153872 269.5165792248705 24.1142054489878 23.50253960271817 6.122183117334835 NaN NaN 82.44641160779611 56.0723517655493 0.0 0.0 0.0 0.0 269.5165792248705 24.1142054489878 23.50253960271817 6.122183117334835 
98.00025089720495 0.0 45.239302197958686 0.0 15.691230070882856 0.006326490864473772 0.161733054774686 0.006326490864473772 0.161733054774686 256.8825792389599 24.541109332279827 22.60252484400821 6.084024952735971 NaN NaN 82.44641160779611 56.14718943022108 0.0 0.0 0.0 0.0 256.8825792389599 24.541109332279827 22.60252484400821 6.084024952735971 
100.00025089720495 0.0 45.00639181823597 0.0 15.683811957962204 0.006326490864473772 0.16400534862729563 0.006413232577891618 0.1273774702213586 243.92902500386643 24.949187679984128 22.01687266088451 6.065157383130611 NaN NaN 82.44641160779611 56.1550870079028 0.0 0.0 0.0 0.0 243.92902500386643 24.949187679984128 22.01687266088451 6.065157383130611 
102.00025089720495 0.0 42.15356518260462 0.0 15.7697692396993 0.006326490864473772 0.1764548447090906 0.006693861591927101 0.021327515482512664 168.23278862102342 27.016890163065387 20.89659960295412 6.025787041183986 NaN NaN NaN NaN 0.0 0.0 0.0 0.0 168.23278862102342 27.016890163065387 20.89659960295412 6.025787041183986 
104.00025089720495 0.0 42.056562546571016 0.0 15.863658186267868 0.006326490864473772 0.17810261617531653 0.0066938615919271026 0.02297528694873819 157.7085325093335 27.21669286667306 23.099458362656005 6.170816021936957 NaN NaN NaN NaN 0.0 0.0 0.0 0.0 157.7085325093335 27.21669286667306 23.099458362656005 6.170816021936957 
106.00003952833029 0.0 41.64806666303959 0.0 15.920985067633762 0.006326490864473772 0.1795044336979165 0.006693861591927101 0.024377104471336532 147.18644281812314 27.43220546280177 26.11916895468146 6.267259089938241 NaN NaN NaN NaN 0.0 0.0 0.0 0.0 147.18644281812314 27.43220546280177 26.11916895468146 6.267259089938241 
108.00025089720495 0.0 41.27534114853841 0.0 15.84593260010027 0.00632649086447377 0.1824049759710776 0.006693861591927101 0.027277646744498618 137.7400614297421 27.60407508551571 27.476306324543046 6.267285422238931 NaN NaN NaN NaN 0.0 0.0 0.0 0.0 137.7400614297421 27.60407508551571 27.476306324543046 6.267285422238931 
110.00025089720495 0.0 40.81355367844517 0.0 15.705785135943659 0.00632649086447377 0.18398084427188885 0.006693861591927101 0.028853515045308618 129.01944791678673 27.79035840814584 28.308485757832532 6.248570195536828 NaN NaN NaN NaN 0.0 0.0 0.0 0.0 129.01944791678673 27.79035840814584 28.308485757832532 6.248570195536828 
112.00025089720495 0.0 37.012187949532624 0.0 15.23664151685808 0.006326490864473772 0.1959343455219303 0.0066938615919271026 0.04080701629535101 78.05892389980716 28.736650555947573 28.49342173256672 5.954891947971978 NaN NaN NaN NaN 0.0 0.0 0.0 0.0 78.05892389980716 28.736650555947573 28.49342173256672 5.954891947971978 
114.00025089720495 0.0 36.25506384099013 0.0 15.308772112504254 0.00632649086447377 0.19820195092682702 0.006693861591927104 0.043074621700248575 71.13521178983252 28.885353056530427 27.02640952589169 5.8654823321894085 NaN NaN NaN NaN 0.0 0.0 0.0 0.0 71.13521178983252 28.885353056530427 27.02640952589169 5.8654823321894085 
116.00025089720495 0.0 35.62237636428398 0.0 15.311092217319564 0.00632649086447377 0.20044499825936707 0.006693861591927104 0.045317669032789 64.36104283643598 29.023901220247062 24.921247888608473 5.859511896456613 NaN NaN NaN NaN 0.0 0.0 0.0 0.0 64.36104283643598 29.023901220247062 24.921247888608473 5.859511896456613 
118.00025089720495 0.0 34.94184258528997 0.0 15.337370685510306 0.00632649086447377 0.20203007441004212 0.006693861591927106 0.04690274518346361 58.1573894614697 29.13946880940952 23.452177462179566 5.924288949960759 NaN NaN NaN NaN 0.0 0.0 0.0 0.0 58.1573894614697 29.13946880940952 23.452177462179566 5.924288949960759 
120.00025089720495 0.0 34.30871410346495 0.0 15.355496312223163 0.006326490864473772 0.20421130519503622 0.006802326816257017 0.039418261527403665 52.12560777790128 29.179042512971083 22.6435107724078 5.962608314423507 NaN NaN NaN NaN 0.0 0.0 0.0 0.0 52.12560777790128 29.179042512971083 22.6435107724078 5.962608314423507 
122.00025089720495 0.0 32.06395126493419 0.0 15.59144801521315 0.0063264908644737735 0.21552179950958023 0.007193201631797739 0.01589653775035265 20.63543828764533 29.36300617406797 20.315675814377304 6.203519053666389 NaN NaN NaN NaN 0.0 0.0 0.0 0.0 20.63543828764533 29.36300617406797 20.315675814377304 6.203519053666389 
124.00025089720495 0.0 31.999496810828543 0.0 15.510875594803302 0.0065494436876405 0.12386779836793964 0.007193201631797739 0.01838742463815342 17.512969015990734 29.304822121517507 20.184586122162735 6.121813101974434 NaN NaN NaN NaN 0.0 0.0 0.0 0.0 17.512969015990734 29.304822121517507 20.184586122162735 6.121813101974434 
126.00025089720495 0.0 31.946441224582987 0.0 15.48760398430507 0.006592138144582226 0.1074896611271096 0.007193201631797739 0.02003760751973729 15.359606056202116 29.192937155016846 19.651436459254327 6.112415377319209 NaN NaN NaN NaN 0.0 0.0 0.0 0.0 15.359606056202116 29.192937155016846 19.651436459254327 6.112415377319209 
128.00025089720495 0.0 31.880890890640554 0.0 15.565466428572387 0.0066268933095569756 0.09576903112233477 0.007193201631797741 0.022992822693915105 13.5790813122321 29.143199240864444 19.70749996919184 6.148837380109716 NaN NaN NaN NaN 0.0 0.0 0.0 0.0 13.5790813122321 29.143199240864444 19.70749996919184 6.148837380109716 
130.00025089720495 0.0 31.81576759704234 0.0 15.551625023052294 0.0066350631165893875 0.09349124689358122 0.007193201631797739 0.02416485155727995 12.496548481966395 29.06948799601142 19.983722892537887 6.169165573920547 NaN NaN NaN NaN 0.0 0.0 0.0 0.0 12.496548481966395 29.06948799601142 19.983722892537887 6.169165573920547 
132.00025089720495 0.0 31.135896678159916 0.0 15.116436878064727 0.006693861591927104 0.08146149603092269 0.007193201631797742 0.03696356349827667 7.6020929301473075 28.845680528515835 20.79827808737252 6.131772906976488 NaN NaN NaN NaN 0.0 0.0 0.0 0.0 7.6020929301473075 28.845680528515835 20.79827808737252 6.131772906976488 
134.00025089720495 0.0 31.27492328895153 0.0 15.040273148817764 0.006693861591927104 0.08322787728890059 0.007193201631797742 0.03872994475625389 7.3696957351230665 28.941413048636026 20.298331564173733 6.053458454009753 NaN NaN NaN NaN 0.0 0.0 0.0 0.0 7.3696957351230665 28.941413048636026 20.298331564173733 6.053458454009753 
136.00025089720495 0.0 31.30788841953614 0.0 15.049791241748643 0.006693861591927104 0.08504176965764648 0.007193201631797742 0.040543837125000766 7.2574353792607385 28.99601492915169 19.816210684750274 6.09408292821339 NaN NaN NaN NaN 0.0 0.0 0.0 0.0 7.2574353792607385 28.99601492915169 19.816210684750274 6.09408292821339 
138.00002279535872 0.0 31.348681617831907 0.0 15.038168594547507 0.0066938615919271026 0.08632420510036536 0.007193201631797741 0.041826272567719466 7.2108556921125695 28.98828430598551 20.200935350711436 6.128710582295183 NaN NaN NaN NaN 0.0 0.0 0.0 0.0 7.2108556921125695 28.98828430598551 20.200935350711436 6.128710582295183 
140.00025089720495 0.0 31.352937885624858 0.0 15.048000233115953 0.006693861591927104 0.08917349533551243 0.007193201631797742 0.04467556280286669 7.146591421871647 28.986885039095796 20.588339931047052 6.1529904264448305 NaN NaN NaN NaN 0.0 0.0 0.0 0.0 7.146591421871647 28.986885039095796 20.588339931047052 6.1529904264448305 
142.00025089720495 0.0 31.590218543522575 0.0 15.330383481863944 0.0066938615919271026 0.10202667578890315 0.007193201631797742 0.05752874325625755 7.1426973763025865 29.069449920406623 21.793823712644436 6.18949096405473 NaN NaN NaN NaN 0.0 0.0 0.0 0.0 7.1426973763025865 29.069449920406623 21.793823712644436 6.18949096405473 
144.00025089720495 0.0 31.628041911764743 0.0 15.3804283043415 0.0066938615919271026 0.1037698248811406 0.007193201631797742 0.059271892348494 7.23428766914023 29.164507229327835 21.46164134902002 6.188942659489958 NaN NaN NaN NaN 0.0 0.0 0.0 0.0 7.23428766914023 29.164507229327835 21.46164134902002 6.188942659489958 
146.00025089720495 0.0 31.7230799988495 0.0 15.44366078912844 0.0066938615919271026 0.10553533483631626 0.007193201631797741 0.061037402303670635 7.339717759475704 29.233315515637724 22.627352054689023 6.185266906175005 NaN NaN NaN NaN 0.0 0.0 0.0 0.0 7.339717759475704 29.233315515637724 22.627352054689023 6.185266906175005 
148.0002107161253 0.0 31.729518566833256 0.0 15.410306794261498 0.00676868261237588 0.10107803561023243 0.007193201631797741 0.06324766516777663 7.3311981807324305 29.25748390403302 22.883807097218266 6.163822604506516 NaN NaN NaN NaN 0.0 0.0 0.0 0.0 7.3311981807324305 29.25748390403302 22.883807097218266 6.163822604506516 
150.00025089720495 0.0 31.712486219132767 0.0 15.372962877938155 0.006840874589978191 0.09630679934322961 0.007193201631797739 0.06490970781342568 7.3965769019552505 29.264518704619935 23.415879565352462 6.154129455170825 NaN NaN NaN NaN 0.0 0.0 0.0 0.0 7.3965769019552505 29.264518704619935 23.415879565352462 6.154129455170825 
152.00025089720495 0.0 31.49791978724517 0.0 15.507705500924644 0.007193201631797742 0.0770570021464296 0.007193201631797742 0.0770570021464296 7.6775679233407175 29.396818643729716 29.027250794761834 6.259753954996516 NaN NaN NaN NaN 0.0 0.0 0.0 0.0 7.6775679233407175 29.396818643729716 29.027250794761834 6.259753954996516 
154.00025089720495 0.0 31.54450127648273 0.0 15.548771966920825 0.007193201631797741 0.07832362490533286 0.007193201631797741 0.07832362490533286 7.942855124436502 29.60568981793043 29.256499174738128 6.281663186426144 NaN NaN NaN NaN 0.0 0.0 0.0 0.0 7.942855124436502 29.60568981793043 29.256499174738128 6.281663186426144 
156.00025089720495 0.0 31.468888441571078 0.0 15.46375048951081 0.007193201631797742 0.08055303380649902 0.007193201631797742 0.08055303380649902 7.962311290270091 29.542970772392426 28.96054600044099 6.2354809788126895 NaN NaN NaN NaN 0.0 0.0 0.0 0.0 7.962311290270091 29.542970772392426 28.96054600044099 6.2354809788126895 
158.00025089720495 0.0 31.460799765310583 0.0 15.420288423548087 0.007193201631797741 0.08288373620194824 0.007193201631797741 0.08288373620194824 7.859594701405419 29.42325254016436 28.39801593068834 6.185899378349823 NaN NaN NaN NaN 0.0 0.0 0.0 0.0 7.859594701405419 29.42325254016436 28.39801593068834 6.185899378349823 
160.00025089720495 0.0 31.443273808943395 0.0 15.495922543993425 0.007193201631797742 0.08520620630055073 0.007193201631797742 0.08520620630055073 7.659329297508499 29.352349728739394 28.44097596264413 6.1289464830148574 NaN NaN NaN NaN 0.0 0.0 0.0 0.0 7.659329297508499 29.352349728739394 28.44097596264413 6.1289464830148574 
162.0000621605656 0.0 31.315207188657467 0.0 16.234778735611066 0.007193201631797741 0.09595629723660862 0.007193201631797741 0.09595629723660862 6.931351404328834 29.385008447114014 26.19079319988973 5.893791739778235 NaN NaN NaN NaN 0.0 0.0 0.0 0.0 6.931351404328834 29.385008447114014 26.19079319988973 5.893791739778235 
164.00025089720495 0.0 31.173225782588663 0.0 16.384651663068908 0.007193201631797741 0.09904085914317765 0.007193201631797741 0.09904085914317765 6.784622358404677 29.44371018971926 27.144628147901464 5.958810414182458 NaN NaN NaN NaN 0.0 0.0 0.0 0.0 6.784622358404677 29.44371018971926 27.144628147901464 5.958810414182458 
166.00025089720495 0.0 31.074499068258735 0.0 16.369453362414745 0.007193201631797741 0.10131871484708711 0.007193201631797741 0.10131871484708711 6.776617679779686 29.468988307869687 27.064644656828808 5.883882104139707 NaN NaN NaN NaN 0.0 0.0 0.0 0.0 6.776617679779686 29.468988307869687 27.064644656828808 5.883882104139707 
168.00025089720495 0.0 31.01628838371978 0.0 16.408582915674224 0.007193201631797742 0.10306900906357741 0.007193201631797742 0.10306900906357741 6.7697031106546905 29.55453761721626 26.642246257381366 5.852318071292444 NaN NaN NaN NaN 0.0 0.0 0.0 0.0 6.7697031106546905 29.55453761721626 26.642246257381366 5.852318071292444 
170.00025089720495 0.0 31.016016993520182 0.0 16.376395711839077 0.007193201631797742 0.1046511928755038 0.007193201631797742 0.1046511928755038 6.800941786062959 29.66697596400751 26.537504352392457 5.884694675123045 NaN NaN NaN NaN 0.0 0.0 0.0 0.0 6.800941786062959 29.66697596400751 26.537504352392457 5.884694675123045 
172.00025089720495 0.0 31.398136785567463 0.0 16.22214382704814 0.007193201631797742 0.11588755659748497 0.007193201631797742 0.11588755659748497 7.019313457766849 30.256311474502127 26.86245081525778 6.122830622255573 NaN NaN NaN NaN 0.0 0.0 0.0 0.0 7.019313457766849 30.256311474502127 26.86245081525778 6.122830622255573 
174.00025089720495 0.0 31.436566149300223 0.0 15.976586785612179 0.007193201631797742 0.11866583629750996 0.007193201631797742 0.11866583629750996 7.115234057428377 30.30037045478327 25.581345063921283 6.189307003582225 NaN NaN NaN NaN 0.0 0.0 0.0 0.0 7.115234057428377 30.30037045478327 25.581345063921283 6.189307003582225 
176.00025089720495 0.0 31.518151953678796 0.0 15.845425551849479 0.007193201631797741 0.12062767523069892 0.007193201631797741 0.12062767523069892 7.152321759574178 30.3135476301122 25.11184923449306 6.207148437732167 NaN NaN NaN NaN 0.0 0.0 0.0 0.0 7.152321759574178 30.3135476301122 25.11184923449306 6.207148437732167 
178.00025089720495 0.0 31.58544201387767 0.0 15.757082204806277 0.007193201631797742 0.1219456274947632 0.007193201631797742 0.1219456274947632 7.162283370335355 30.30093189866095 25.062099065932486 6.2515079178572766 NaN NaN NaN NaN 0.0 0.0 0.0 0.0 7.162283370335355 30.30093189866095 25.062099065932486 6.2515079178572766 
180.00016370232865 0.0 31.68172268543941 0.0 15.697108748578326 0.007193201631797744 0.12398574065138972 0.007193201631797744 0.12398574065138972 9.22303127773686 30.29175553907474 27.630665936859238 6.27523821020384 NaN NaN NaN NaN 0.0 0.0 0.0 0.0 9.22303127773686 30.29175553907474 27.630665936859238 6.27523821020384 
182.00025089720495 0.0 34.313149734785114 0.0 17.405419608295052 0.007193201631797742 0.1370533510452846 0.006844341875444921 0.09161016415214795 969.7884367867873 29.847816309504587 873.1918170852844 5.896004958895793 47.25107824758061 83.64789163693209 82.7254151628426 18.398244084856863 0.09450215649516171 0.16615412305630686 0.17370742493861704 0.05822631389482664 969.7884367867873 29.847816309504587 873.1918170852844 5.896004958895793 
184.00025089720495 0.0 35.30658173948035 0.0 17.802305719584385 0.007193201631797741 0.13910397490145476 0.0070123625548070175 0.1155475060808983 923.4480187087522 28.462582887525098 696.9277920907039 5.011274167165455 47.25107824758061 85.07617888284874 83.66511660416016 22.22330162982064 0.09450215649516173 0.1682047469124732 0.20335503340555675 0.09340903240598475 923.4480187087522 28.462582887525098 696.9277920907039 5.011274167165455 
186.00025089720495 0.0 36.01094185359135 0.0 18.217320747868516 0.007193201631797741 0.1409046583143354 0.00706796704507027 0.1245913443636358 882.5709233348272 27.250699697935616 584.6194227108582 4.848864554153402 47.25107824758061 86.50077442681803 87.13208676747736 27.467030852175384 0.09450215649516173 0.1700054303253539 0.23635779095582535 0.1337835024934265 882.5709233348272 27.250699697935616 584.6194227108582 4.848864554153402 
188.00025089720495 0.0 36.85858442440479 0.0 18.5985936598849 0.007193201631797741 0.14246151277047597 0.007092860133198987 0.12939082350085498 845.8859250595909 26.234805972261732 497.59818769730026 5.032537035260149 47.25107824758061 87.78424736663028 91.19045547076364 34.103704574202894 0.09450215649516173 0.1715622847814944 0.2527302352356244 0.1556016239489311 845.8859250595909 26.234805972261732 497.59818769730026 5.032537035260149 
190.00025089720495 0.0 37.804884879717406 0.0 19.168450728029292 0.007193201631797739 0.14427957446821518 0.007111861473107741 0.13368403868066553 805.621617060914 25.229769941277794 421.69413038313814 5.2296156124937845 47.25107824758061 89.40436361565395 95.65805925160272 41.32163607354505 0.09450215649516173 0.17338034647923392 0.26522761512223825 0.17288547354906456 805.621617060914 25.229769941277794 421.69413038313814 5.2296156124937845 
192.00025089720495 0.0 42.63210477758036 0.0 22.664984849634166 0.007193201631797742 0.15683213660278889 0.007193201631797742 0.15683213660278889 584.0130410272463 19.728011587653363 52.6770148812957 6.312182806065375 47.25107824758061 92.96799059767582 115.23233971284776 71.57995606954113 0.09450215649516176 0.1859329086138075 0.31872588777418437 0.2516433479559975 584.0130410272463 19.728011587653363 52.6770148812957 6.312182806065375 
194.00002275389605 0.0 43.336561886285104 0.0 22.66221597347363 0.007193201631797741 0.15849539645064784 0.007193201631797741 0.15849539645064784 560.6075559445186 19.28423221836654 42.11324575805512 6.40121890321293 47.25107824758061 94.17810428942849 116.04890573674602 73.5095483912546 0.09450215649516173 0.18759616846166652 0.31872588777418437 0.2533066078038565 560.6075559445186 19.28423221836654 42.11324575805512 6.40121890321293 
196.00025089720495 0.0 44.186302362169386 0.0 22.368162667296573 0.007193201631797741 0.16026872430930283 0.007193201631797741 0.16026872430930283 536.8076777951931 18.645112816866316 38.15193650147638 6.418472023342116 47.25107824758061 95.40668806822865 117.27703993308506 75.73823887865136 0.09450215649516176 0.18936949632032143 0.31872588777418437 0.2550799356625131 536.8076777951931 18.645112816866316 38.15193650147638 6.418472023342116 
198.00025089720495 0.0 44.84891826241708 0.0 21.825343412616334 0.007193201631797739 0.1621278137866222 0.007193201631797739 0.1621278137866222 517.9709653990903 18.191505113672246 35.91547802094431 6.445953694122806 47.25107824758061 96.71124525684426 117.71778057840713 77.29387609019857 0.09450215649516173 0.19122858579764035 0.31872588777418437 0.2569390251398294 517.9709653990903 18.191505113672246 35.91547802094431 6.445953694122806 
200.00018934999113 0.0 45.69767341409101 0.0 21.234760584879368 0.007193201631797741 0.16427498695305595 0.007193201631797741 0.16427498695305595 503.2302853607745 18.123815924608788 34.61491924235733 6.451447061162383 47.25107824758061 97.96059180533553 119.04145563347953 80.26659350217709 0.09450215649516173 0.1933757589640767 0.31872588777418437 0.25908619830626567 503.2302853607745 18.123815924608788 34.61491924235733 6.451447061162383 
202.00025089720495 0.0 50.038458756142155 0.0 17.465452314206782 0.007193201631797739 0.17719569857677359 0.007193201631797739 0.17719569857677359 429.6178073654626 18.709356003403467 29.850252657460867 6.531706645904927 47.25107824758061 102.95655749502036 133.00726970237628 102.6971011827212 0.09450215649516173 0.20629647058779357 0.31872588777418437 0.27200690992997834 429.6178073654626 18.709356003403467 29.850252657460867 6.531706645904927 
204.00025089720495 0.0 50.60278818870724 0.0 16.990043335655894 0.007193201631797739 0.178896269135871 0.007193201631797739 0.178896269135871 420.8648989272964 19.177741177050187 29.568829847237726 6.472846834364314 47.25107824758061 104.04659055950864 132.74669525923895 103.45320460184851 0.09450215649516173 0.20799704114689171 0.31872588777418437 0.27370748048908017 420.8648989272964 19.177741177050187 29.568829847237726 6.472846834364314 
206.00025089720495 0.0 50.88382138640556 0.0 16.58860206065735 0.007193201631797741 0.1809819403287294 0.007193201631797741 0.1809819403287294 411.64038094123794 19.659864654417863 29.860265274711978 6.458726517580971 47.25107824758061 105.21285945807125 134.6334970658472 106.88697049665109 0.09450215649516173 0.20799704114689171 0.31872588777418437 0.27579315168193946 411.64038094123794 19.659864654417863 29.860265274711978 6.458726517580971 
208.00004111792134 0.0 51.31835284129767 0.0 16.313749498404704 0.007193201631797741 0.18278260888768186 0.007193201631797741 0.18278260888768186 401.48077040254293 20.182628974878874 30.068396852366522 6.48332225507821 47.25107824758061 106.40568592755362 136.6175102394443 110.47269757509453 0.09450215649516173 0.20799704114689171 0.31872588777418437 0.277593820240886 401.48077040254293 20.182628974878874 30.068396852366522 6.48332225507821 
210.00025089720495 0.0 51.51561872232875 0.0 16.17027257925335 0.007193201631797739 0.18508567356746664 0.007193201631797739 0.18508567356746664 390.51896434761295 20.70201018720783 30.384678958351167 6.4628825650916015 47.25107824758061 107.51248324482643 138.3978124440309 113.68439807286904 0.09450215649516173 0.20799704114689171 0.31872588777418437 0.27989688492067677 390.51896434761295 20.70201018720783 30.384678958351167 6.4628825650916015 
212.0000002451399 0.0 52.45853212428003 0.0 15.903548598142477 0.007193201631797741 0.19749626338667475 0.007193201631797741 0.19749626338667475 319.1660648142068 23.954967986423615 29.25521687161463 6.229392251125142 47.25107824758061 112.92858655117502 148.07511497141223 131.44825578223586 0.0 0.0 0.31872588777418437 0.29230747473988233 319.1660648142068 23.954967986423615 29.25521687161463 6.229392251125142 
214.00025089720495 0.0 52.35936661607799 0.0 16.056024966822413 0.007193201631797742 0.19962909704079387 0.007193201631797742 0.19962909704079387 305.42154155812693 24.500983729513298 27.421096467749656 6.178046623175718 47.25107824758061 113.86292606745899 150.27062335244773 135.16201540369607 0.0 0.0 0.3187258877741845 0.29444030839400404 305.42154155812693 24.500983729513298 27.421096467749656 6.178046623175718 
216.00025089720495 0.0 52.426190932084815 0.0 16.200279309515814 0.007193201631797742 0.20164153121447143 0.007193201631797742 0.20164153121447143 291.1698143410793 25.03292918914273 26.88618206849833 6.174629023263271 47.25107824758061 114.8433963630171 151.8513293311454 138.17957176940095 0.0 0.0 0.3187258877741845 0.29645274256767934 291.1698143410793 25.03292918914273 26.88618206849833 6.174629023263271 
218.00025089720495 0.0 52.26530000523914 0.0 16.21486381991001 0.007193201631797742 0.20352387083670942 0.007193201631797742 0.20352387083670942 276.54915951991967 25.549305470368765 27.461569201053788 6.228203214321825 47.25107824758061 115.7949927361415 153.37868861211567 141.11600808103753 0.0 0.0 0.31872588777418454 0.2983350821899149 276.54915951991967 25.549305470368765 27.461569201053788 6.228203214321825 
220.00025089720495 0.0 52.17334743911539 0.0 16.272771871547718 0.007193201631797739 0.20553956972175827 0.007193201631797739 0.20553956972175827 262.2858257616864 26.009004703115348 28.48045430456 6.325169659422061 47.25107824758061 116.73509793499005 154.5503161167302 143.59440868012337 0.0 0.0 0.31872588777418454 0.3003507810749663 262.2858257616864 26.009004703115348 28.48045430456 6.325169659422061 
222.00025089720495 0.0 49.954427912506915 0.0 16.92744556853108 0.007193201631797741 0.21701265816420312 0.007193201631797741 0.21701265816420312 177.62214001084368 28.508882709914264 30.735563139050917 6.633396618862176 47.25107824758061 122.87901371887442 159.3629438870912 155.76757262714247 0.0 0.0 0.31872588777418437 0.31182386951741137 177.62214001084368 28.508882709914264 30.735563139050917 6.633396618862176 
224.00025089720495 0.0 49.43923821015475 0.0 17.006880379600517 0.007193201631797741 0.21857661528276787 0.007193201631797741 0.21857661528276787 165.72860374850046 28.88941628907755 30.055448086517988 6.625049505662207 47.25107824758061 123.88486979304469 159.3629438870912 156.77831022165046 0.0 0.0 0.31872588777418437 0.3133878266359755 165.72860374850046 28.88941628907755 30.055448086517988 6.625049505662207 
226.00006834201238 0.0 49.07517604401626 0.0 17.066222135680327 0.007193201631797741 0.2215625049673086 0.007193201631797741 0.2215625049673086 154.65750441847788 29.24735592955896 30.0040870319257 6.5875227859876935 47.25107824758061 124.78166331516304 159.3629438870912 157.7729734445004 0.0 0.0 0.3187258877741845 0.3163737163205152 154.65750441847788 29.24735592955896 30.0040870319257 6.5875227859876935 
228.00025089720495 0.0 48.46824963534682 0.0 17.105646394424586 0.007193201631797741 0.22243558029627483 0.007193201631797741 0.22243558029627483 144.0939792009627 29.534158662573773 29.68538126043799 6.551412108217881 47.25107824758061 125.85613327171214 159.3629438870912 158.77191544423533 0.0 0.0 0.3187258877741845 0.3172467916494828 144.0939792009627 29.534158662573773 29.68538126043799 6.551412108217881 
230.00025089720495 0.0 47.985118278507514 0.0 17.1065783387061 0.007193201631797739 0.22519825715219466 0.007193201631797739 0.22519825715219466 134.26275828869927 29.759972723369177 29.08600909217607 6.57985658371016 47.25107824758061 126.7841240777028 159.3629438870912 159.76102032297112 0.0 0.0 0.3187258877741845 0.3200094685054007 134.26275828869927 29.759972723369177 29.08600909217607 6.57985658371016 
232.00025089720495 0.0 43.86966978548742 0.0 16.87509872474242 0.007193201631797741 0.2366801502277902 0.007193201631797741 0.2366801502277902 77.92792379974355 30.987750711969575 27.249874786068172 6.46593948388917 47.25107824758061 132.90771063897733 159.3629438870912 165.76239285098524 0.0 0.0 0.31872588777418437 0.33149136158100145 77.92792379974355 30.987750711969575 27.249874786068172 6.46593948388917 
234.00025089720495 0.0 43.48352073647937 0.0 16.664188996073374 0.007193201631797742 0.238587668692697 0.007193201631797742 0.238587668692697 70.91019262882205 31.189697918622947 27.489541933057343 6.51892161415688 47.25107824758061 133.98036690531583 159.3629438870912 166.75735967810647 0.0 0.0 0.31872588777418437 0.33339888004590007 70.91019262882205 31.189697918622947 27.489541933057343 6.51892161415688 
236.00025089720495 0.0 43.03978026638013 0.0 16.462969716593737 0.007193201631797739 0.24082651090845353 0.007193201631797739 0.24082651090845353 64.60198630466388 31.46499533095396 29.738622512926625 6.5525451413171165 47.25107824758061 135.02917548718537 159.3629438870912 167.76053266247695 0.0 0.0 0.31872588777418437 0.3356377222616579 64.60198630466388 31.46499533095396 29.738622512926625 6.5525451413171165 
238.00025089720495 0.0 42.405401497265984 0.0 16.264155637942853 0.007193201631797741 0.24304136946853308 0.007193201631797741 0.24304136946853308 58.31068326249373 31.690471603653606 31.597664248781996 6.58047511875788 47.25107824758061 136.01152945514738 159.3629438870912 168.77064178244262 0.0 0.0 0.31872588777418426 0.33785258082174285 58.31068326249373 31.690471603653606 31.597664248781996 6.58047511875788 
240.00025089720495 0.0 41.86930509321601 0.0 16.17386004203962 0.007193201631797741 0.2442397516719304 0.007193201631797741 0.2442397516719304 52.80744572598924 31.82657148927018 33.74278253425025 6.612949189663434 47.25107824758061 136.9446534989686 159.3629438870912 169.76655873081157 0.0 0.0 0.31872588777418426 0.33905096302514004 52.80744572598924 31.82657148927018 33.74278253425025 6.612949189663434 
242.00025089720495 0.0 37.62863651464964 0.0 15.502666368765883 0.007193201631797739 0.25666100667436875 0.007193201631797739 0.25666100667436875 22.338730749106322 32.11059234303439 41.25797442669925 6.605270541213819 47.25107824758061 142.87560394949261 159.3629438870912 175.76780950906354 0.0 0.0 0.31872588777418437 0.3514722180275813 22.338730749106322 32.11059234303439 41.25797442669925 6.605270541213819 
244.00025089720495 0.0 37.22936374463493 0.0 15.668627146063026 0.007193201631797739 0.25801580225493514 0.007193201631797739 0.25801580225493514 19.148274075041105 32.07625073975543 40.35419871617301 6.580440976874702 47.25107824758061 143.89360914961594 159.3629438870912 176.7662086756875 0.0 0.0 0.31872588777418437 0.3528270136081475 19.148274075041105 32.07625073975543 40.35419871617301 6.580440976874702 
246.00025089720495 0.0 36.5793156200531 0.0 15.802211702119694 0.007193201631797739 0.26006775531818366 0.007193201631797739 0.26006775531818366 16.35169675195313 32.00575139918365 40.57831265487333 6.522272115176483 47.25107824758061 144.8748927504676 159.3629438870912 177.7672033509789 0.0 0.0 0.31872588777418437 0.35487896667138996 16.35169675195313 32.00575139918365 40.57831265487333 6.522272115176483 
248.00025089720495 0.0 36.07844052672984 0.0 15.923283800147656 0.007193201631797741 0.2619820807843735 0.007193201631797741 0.2619820807843735 14.577614164244844 31.936726328355096 39.43540222221897 6.427021318325974 47.25107824758061 145.95069374231278 159.3629438870912 178.77468380391886 0.0 0.0 0.31872588777418437 0.3567932921375752 14.577614164244844 31.936726328355096 39.43540222221897 6.427021318325974 
250.00001259534312 0.0 35.7350147151016 0.0 15.945743006817306 0.007193201631797741 0.2641505899227501 0.007193201631797741 0.2641505899227501 13.398681894330368 31.91683251686807 37.85567249350371 6.433663284541221 47.25107824758061 146.97899216210894 159.3629438870912 179.78651691844775 0.0 0.0 0.31872588777418437 0.35896180127595584 13.398681894330368 31.91683251686807 37.85567249350371 6.433663284541221 
252.00025089720495 0.0 34.153693575926454 0.0 16.15391653090304 0.007193201631797741 0.27663644736562126 0.007193201631797741 0.27663644736562126 9.22857749514341 31.40513353669985 31.1302991145708 6.652606612779834 47.25107824758061 152.8867567269681 159.3629438870912 185.75801401398772 0.0 0.0 0.31872588777418437 0.3714476587188276 9.22857749514341 31.40513353669985 31.1302991145708 6.652606612779834 
254.00025089720495 0.0 34.18561656494119 0.0 16.193758260486128 0.007193201631797739 0.27752963697624033 0.007193201631797739 0.27752963697624033 9.244390474565494 31.24083092326297 32.630983459035406 6.626249883785455 47.25107824758061 153.78845470973172 159.3629438870912 186.79683315470632 0.0 0.0 0.31872588777418437 0.37234084832944647 9.244390474565494 31.24083092326297 32.630983459035406 6.626249883785455 
256.000250897205 0.0 34.278358659559515 0.0 16.155940839108442 0.007193201631797741 0.28080421994397936 0.007193201631797741 0.28080421994397936 9.269998494729757 31.219812614975115 33.22192409735469 6.565872323892113 47.25107824758061 154.4426242633359 159.3629438870912 187.7706715234898 0.0 0.0 0.31872588777418437 0.3756154312971914 9.269998494729757 31.219812614975115 33.22192409735469 6.565872323892113 
258.000250897205 0.0 34.33613339244106 0.0 16.16480819030561 0.007193201631797741 0.2825720082133483 0.007193201631797741 0.2825720082133483 9.26242651645319 31.16738553931762 33.141943922113974 6.501332433541318 47.25107824758061 155.09789698625193 159.3629438870912 188.76040960500396 0.0 0.0 0.3187258877741845 0.37738321956655896 9.26242651645319 31.16738553931762 33.141943922113974 6.501332433541318 
260.000250897205 0.0 34.38005451945138 0.0 16.200144679428558 0.007193201631797739 0.2845787778709198 0.007193201631797739 0.2845787778709198 9.277818471234719 31.143487137878697 32.40389204709354 6.456741106471205 47.25107824758061 155.60743930649096 159.3629438870912 189.78255491248893 0.0 0.0 0.3187258877741845 0.37938998922412626 9.277818471234719 31.143487137878697 32.40389204709354 6.456741106471205 
262.000250897205 0.0 34.36949405999648 0.0 16.35086145454692 0.007193201631797741 0.296869685112039 0.007193201631797741 0.296869685112039 9.33623307716236 31.291095690629554 28.33475218685863 6.321699498549674 47.25107824758061 162.8394515760705 159.3629438870912 195.77064753090323 0.0 0.0 0.31872588777418437 0.3916808964652448 9.33623307716236 31.291095690629554 28.33475218685863 6.321699498549674 
264.000250897205 0.0 34.33538922320673 0.0 16.33024454042483 0.007193201631797741 0.2991335664394899 0.007193201631797741 0.2991335664394899 9.371376118566682 31.37479738486445 28.500032245156316 6.419590943530053 47.25107824758061 163.540836646432 159.3629438870912 196.78693204805995 0.0 0.0 0.31872588777418437 0.3939447777927021 9.371376118566682 31.37479738486445 28.500032245156316 6.419590943530053 
266.000250897205 0.0 34.30586795694973 0.0 16.314177440291083 0.007193201631797741 0.3005697670335466 0.007193201631797741 0.3005697670335466 9.427178652145631 31.3522295097009 28.026664308604953 6.427376990505087 47.25107824758061 164.04738562588352 159.3629438870912 197.785617089563 0.0 0.0 0.31872588777418437 0.3953809783867574 9.427178652145631 31.3522295097009 28.026664308604953 6.427376990505087 
268.000250897205 0.0 34.305340915482645 0.0 16.35279086763545 0.007193201631797742 0.30291289462342835 0.007193201631797742 0.30291289462342835 9.453742670195778 31.405078384929126 27.596653666462846 6.4645636528934105 47.25107824758061 164.36736260726275 159.3629438870912 198.77940227424625 0.0 0.0 0.31872588777418437 0.39772410597663893 9.453742670195778 31.405078384929126 27.596653666462846 6.4645636528934105 
270.000250897205 0.0 34.26157489102791 0.0 16.368836137433917 0.007193201631797742 0.3052175705577289 0.007193201631797742 0.3052175705577289 9.444176823742751 31.443845793031397 27.792332703194216 6.510864281346109 47.25107824758061 164.5345937143495 159.3629438870912 199.7877614142884 0.0 0.0 0.31872588777418437 0.40002878191093566 9.444176823742751 31.443845793031397 27.792332703194216 6.510864281346109 
272.000250897205 0.0 34.091782755245355 0.0 16.38897397974097 0.007193201631797741 0.31722320504839646 0.007193201631797741 0.31722320504839646 9.441803918434504 31.47507721795837 29.068597875201213 6.662119404119791 47.25107824758061 172.45255389333397 159.3629438870912 205.78379806771693 0.0 0.0 0.31872588777418426 0.41203441640160565 9.441803918434504 31.47507721795837 29.068597875201213 6.662119404119791 
274.000250897205 0.0 34.1174508253025 0.0 16.33045461964567 0.007193201631797739 0.31944401179190723 0.007193201631797739 0.31944401179190723 9.570203576937354 31.545346559975524 28.45754397144179 6.637177435317628 47.25107824758061 173.00673645697506 159.3629438870912 206.77603777296292 0.0 0.0 0.31872588777418437 0.41425522314511176 9.570203576937354 31.545346559975524 28.45754397144179 6.637177435317628 
276.000250897205 0.0 34.07607187717472 0.0 16.341057866271306 0.007193201631797739 0.32068549394580387 0.007193201631797739 0.32068549394580387 9.746069536133604 31.549111372464424 28.29211156777884 6.585896249893125 47.25107824758061 173.00673645697506 159.3629438870912 207.7563478853222 0.0 0.0 0.31872588777418437 0.4154967052990136 9.746069536133604 31.549111372464424 28.29211156777884 6.585896249893125 
278.00005127295196 0.0 33.99821179510367 0.0 16.40052299605057 0.007193201631797739 0.3226419604769604 0.007193201631797739 0.3226419604769604 9.706429839921313 31.542726984164347 28.250327563835896 6.530606464893299 47.25107824758061 173.66579264939432 159.3629438870912 208.76371624054045 0.0 0.0 0.31872588777418437 0.41745317183016345 9.706429839921313 31.542726984164347 28.250327563835896 6.530606464893299 
280.00014992060005 0.0 33.95418624994025 0.0 16.43776532596849 0.007193201631797741 0.32493611028776 0.007193201631797741 0.32493611028776 9.670777790135048 31.568581281782002 27.995562492825826 6.452935227520401 47.25107824758061 173.66579264939432 159.3629438870912 209.79021218808805 0.0 0.0 0.3187258877741845 0.4197473216409671 9.670777790135048 31.568581281782002 27.995562492825826 6.452935227520401 
282.000250897205 0.0 33.93414041488687 0.0 16.593047475258068 0.007193201631797741 0.33611787164363377 0.007193201631797741 0.33611787164363377 9.759402815166462 31.583008066313536 26.285811015232632 6.090455355697018 NaN NaN 159.3629438870912 215.78047913940793 0.0 0.0 0.3187258877741845 0.4309290829968444 9.759402815166462 31.583008066313536 26.285811015232632 6.090455355697018 
284.000250897205 0.0 33.93413547346718 0.0 16.442772924454218 0.007193201631797741 0.3380643386107658 0.007193201631797741 0.3380643386107658 9.579121944226928 31.657122142306726 25.669769169525686 6.1290132985370915 NaN NaN 159.3629438870912 216.78034961661623 0.0 0.0 0.31872588777418437 0.4328755499639758 9.579121944226928 31.657122142306726 25.669769169525686 6.1290132985370915 
286.000250897205 0.0 34.001533614875385 0.0 16.378064625675222 0.007193201631797741 0.3402767112663417 0.007193201631797741 0.3402767112663417 9.618054742540387 31.645458975734517 25.30929163808271 6.1703749288487675 NaN NaN 159.3629438870912 217.76498081709894 0.0 0.0 0.31872588777418437 0.43508792261955165 9.618054742540387 31.645458975734517 25.30929163808271 6.1703749288487675 
288.000250897205 0.0 33.98612582067449 0.0 16.261090590553408 0.007193201631797742 0.3421704931530822 0.007193201631797742 0.3421704931530822 9.542158083428246 31.562738362552313 24.783456938870714 6.215782796500588 NaN NaN 159.3629438870912 218.77106006627315 0.0 0.0 0.31872588777418437 0.4369817045062895 9.542158083428246 31.562738362552313 24.783456938870714 6.215782796500588 
290.000250897205 0.0 33.90502462656748 0.0 16.144268051083728 0.007193201631797742 0.34462872314785375 0.007193201631797742 0.34462872314785375 9.420819640551521 31.470194861347885 24.447759394216828 6.268151827842375 NaN NaN 159.3629438870912 219.77751933082894 0.0 0.0 0.31872588777418437 0.43943993450106383 9.420819640551521 31.470194861347885 24.447759394216828 6.268151827842375 
292.000250897205 0.0 33.4179930572381 0.0 15.71391068267291 0.007193201631797739 0.35672856030941763 0.007193201631797739 0.35672856030941763 8.727746628263054 31.100578160093796 22.737146989831047 6.486697690302185 NaN NaN 159.3629438870912 225.77331896482585 0.0 0.0 0.31872588777418437 0.45153977166262876 8.727746628263054 31.100578160093796 22.737146989831047 6.486697690302185 
294.000250897205 0.0 33.408250809809566 0.0 15.71493220324071 0.007193201631797741 0.3586805456065713 0.007193201631797741 0.3586805456065713 8.687290239565844 30.98205101238228 23.429520348175398 6.448899302347063 NaN NaN 159.3629438870912 226.76865058003398 0.0 0.0 0.31872588777418437 0.45349175695978244 8.687290239565844 30.98205101238228 23.429520348175398 6.448899302347063 
296.000250897205 0.0 33.43856079307326 0.0 15.676801519645576 0.007193201631797742 0.3604369447048526 0.007193201631797742 0.3604369447048526 8.605860253709581 30.836681001995636 23.83961000443814 6.451585240887611 NaN NaN 159.3629438870912 227.77051192200324 0.0 0.0 0.31872588777418437 0.4552481560580601 8.605860253709581 30.836681001995636 23.83961000443814 6.451585240887611 
298.000250897205 0.0 33.341362450187894 0.0 15.694345572361755 0.007193201631797741 0.3630734101746242 0.007193201631797741 0.3630734101746242 8.568318072043601 30.798714864225918 24.95482379061022 6.441950520573909 NaN NaN 159.3629438870912 228.78129505149207 0.0 0.0 0.31872588777418437 0.457884621527834 8.568318072043601 30.798714864225918 24.95482379061022 6.441950520573909 
300.000250897205 0.0 33.33226394924966 0.0 15.717149883896552 0.007193201631797739 0.3643944690776448 0.007193201631797739 0.3643944690776448 8.513650307351092 30.785978853083755 25.74983430024683 6.415919678508789 NaN NaN 159.3629438870912 229.78104881943315 0.0 0.0 0.31872588777418437 0.45920568043085214 8.513650307351092 30.785978853083755 25.74983430024683 6.415919678508789 
302.000250897205 0.0 35.07132989134494 0.0 17.174526555022073 0.007193201631797741 0.3772982255068275 0.00664599977623433 0.0970310406807446 1009.3571370209861 30.15623586291393 864.9706742700668 5.68751702246879 27.89221680615333 82.88362789834923 150.74646759096277 217.33287100434563 0.055784433612307 0.16489413379377052 0.1840333335232954 0.078949042647684 1009.3571370209861 30.15623586291393 864.9706742700668 5.68751702246879 
304.000250897205 0.0 36.109231495078845 0.0 17.693850839747867 0.007193201631797741 0.37820960076377386 0.006738152930279831 0.11548340226274403 982.1887170911643 29.34934091686998 657.2676656851096 4.58647276400074 27.89221680615333 84.03722777525218 134.9696359937161 182.1012871068199 0.055784433612307 0.16580550905071556 0.2126323149952887 0.11445967163896575 982.1887170911643 29.34934091686998 657.2676656851096 4.58647276400074 
306.000250897205 0.0 36.85777922063641 0.0 18.48122236225036 0.007193201631797741 0.3807300761261854 0.006829286996096809 0.13535088455940958 927.8475600069523 27.88812771290786 551.4212726049725 4.536318584473509 27.89221680615333 85.84260672813487 129.03777246952558 167.8453913275208 0.055784433612307 0.16832598441312657 0.2409150307282356 0.15119678016710078 927.8475600069523 27.88812771290786 551.4212726049725 4.536318584473509 
308.000250897205 0.0 37.80734068414348 0.0 19.341599083504 0.007193201631797741 0.3825542271459271 0.0068584314203518045 0.14272256081148715 871.3331185355287 26.497269403285735 465.1972006885152 4.784650440086271 27.89221680615333 87.23873456839351 127.03129157668259 161.81184705447046 0.05578443361230701 0.1701501354328711 0.2499597656362391 0.16396331661228758 871.3331185355287 26.497269403285735 465.1972006885152 4.784650440086271 
310.000250897205 0.0 38.44743119481663 0.0 19.918423512167884 0.007193201631797741 0.38491608746346984 0.006879077772131238 0.14901437206750576 823.040970129889 25.2973067855591 395.9448457180641 5.056500898164163 27.89221680615333 88.87467762866096 126.6889012628428 159.20333288162078 0.055784433612307 0.1725119957504105 0.2563671929035884 0.17407692857960036 823.040970129889 25.2973067855591 395.9448457180641 5.056500898164163 
312.000250897205 0.0 42.988177914450006 0.0 23.07837603315953 0.007193201631797739 0.39592333830599674 0.006944335800309961 0.17244322900415102 541.6975435435203 17.984224832900136 54.39657100209132 6.4503015865125155 27.89221680615333 92.20647824300961 125.88529571093879 143.81552418613643 0.055784433612307 0.18351924659294433 0.27661949091891896 0.2095855554037223 541.6975435435203 17.984224832900136 54.39657100209132 6.4503015865125155 
314.000250897205 0.0 43.58561513223913 0.0 23.41239819749367 0.007193201631797739 0.39840283392668524 0.006944335800309961 0.17492272462483865 520.2142128091848 17.52919451820888 45.85965034493287 6.536912747471645 27.89221680615333 93.37365529981825 127.50647815303692 143.231268477126 0.055784433612307 0.1859987422136315 0.27661949091891896 0.21206505102440704 520.2142128091848 17.52919451820888 45.85965034493287 6.536912747471645 
316.0001839861192 0.0 44.0591678408346 0.0 23.504779193066902 0.007193201631797741 0.40059330067965015 0.006944335800309959 0.17711319137779777 500.82023240796343 17.129145358483125 42.409022963519895 6.489895801490701 27.89221680615333 94.74053012827412 127.5205898740575 140.2176948728969 0.055784433612306984 0.18818920896659083 0.27661949091891896 0.2142555177773678 500.82023240796343 17.129145358483125 42.409022963519895 6.489895801490701 
318.000250897205 0.0 44.46400991244244 0.0 23.57729661290583 0.007193201631797739 0.4022499191653106 0.006944335800309961 0.17876980986346136 485.2851629828542 17.014906988187526 39.877013965739394 6.450266757661876 27.89221680615333 96.03386097157053 126.57945871617898 135.76311414896375 0.055784433612307 0.18984582745225423 0.27661949091891896 0.2159121362630347 485.2851629828542 17.014906988187526 39.877013965739394 6.450266757661876 
320.000250897205 0.0 44.65620482231289 0.0 23.685728682263317 0.007193201631797741 0.404411117062215 0.006944335800309961 0.18093100776036286 472.09657861828657 17.11917084784964 38.087006608578555 6.407164309254659 27.89221680615333 97.51557045981909 125.41630768152092 131.16663497584028 0.05578443361230701 0.19200702534915592 0.27661949091891896 0.21807333415993269 472.09657861828657 17.11917084784964 38.087006608578555 6.407164309254659 
322.000250897205 0.0 45.4647613122461 0.0 23.587655567116517 0.007193201631797741 0.41656663931298854 0.006944335800309961 0.1930865300111418 402.35267756416175 18.543153539053264 28.42207885560858 6.076915118049703 27.89221680615333 102.19203563894948 119.9456494002438 105.00592938396429 0.055784433612307 0.2041625475999347 0.27661949091891896 0.23022885641071134 402.35267756416175 18.543153539053264 28.42207885560858 6.076915118049703 
324.000250897205 0.0 46.03057406033191 0.0 23.525202595044437 0.007193201631797739 0.41847242456155537 0.006944335800309961 0.194992315259705 393.7876339691072 18.94175519081801 26.527652235137065 6.03262653033436 27.89221680615333 103.25216697229948 121.53843166546645 105.73306126025884 0.055784433612307 0.20606833284849294 0.27661949091891896 0.2321346416592754 393.7876339691072 18.94175519081801 26.527652235137065 6.03262653033436 
326.000250897205 0.0 46.2418915151262 0.0 23.387168668320157 0.007193201631797739 0.4200946997951519 0.006944335800309961 0.19661459049330307 384.6290776345368 19.41169859369053 25.4126353964766 6.045590098398749 27.89221680615333 104.34279975938799 123.28120301173456 107.04517498750698 0.055784433612307 0.20606833284849294 0.27661949091891896 0.23375691689287834 384.6290776345368 19.41169859369053 25.4126353964766 6.045590098398749 
328.000250897205 0.0 46.32770861600214 0.0 22.98747999499762 0.007193201631797739 0.4228743153398887 0.006944335800309961 0.19939420603804012 375.55033634148555 19.889597941602382 24.86548683634553 6.113168799299305 27.89221680615333 105.56030584036846 124.79678966495158 108.6532252227826 0.055784433612307 0.20606833284849294 0.27661949091891896 0.23653653243761016 375.55033634148555 19.889597941602382 24.86548683634553 6.113168799299305 
330.00013754183607 0.0 46.604630826392246 0.0 22.465687337828836 0.007193201631797739 0.424484173850057 0.006944335800309961 0.20100406454820785 365.0839851748345 20.36357180243562 24.642784417472235 6.142775443829045 27.89221680615333 106.59107915803786 125.8300768866685 110.01255394466357 0.055784433612307 0.20606833284849294 0.27661949091891896 0.2381463909477814 365.0839851748345 20.36357180243562 24.642784417472235 6.142775443829045 
332.000250897205 0.0 48.52827360298276 0.0 19.30525604974866 0.007193201631797741 0.4368590032580453 0.006944335800309959 0.21337889395619541 300.36701782302964 23.301557242708903 24.356769649639407 6.124626516417609 27.89221680615333 112.16821189503133 132.84324949703634 120.43251719126329 0.0 0.0 0.27661949091891896 0.2505212203557653 300.36701782302964 23.301557242708903 24.356769649639407 6.124626516417609 
334.000250897205 0.0 48.49180206530942 0.0 18.730394841882347 0.007193201631797742 0.43873408621904014 0.0069443358003099575 0.21525397691719372 286.9698707288646 23.9154866209322 23.80029527098785 6.025105942662948 27.89221680615333 113.09232645897266 134.17276899044793 122.5966034152512 0.0 0.0 0.27661949091891896 0.25239630331676344 286.9698707288646 23.9154866209322 23.80029527098785 6.025105942662948 
336.000250897205 0.0 48.29061306510302 0.0 18.106115524325272 0.007193201631797742 0.4403524001443085 0.006944335800309961 0.21687229084245305 273.3716685282541 24.416144359869225 22.722383000143537 5.919865522181014 27.89221680615333 114.00325414807901 135.24226144124822 124.52191915445975 0.0 0.0 0.27661949091891896 0.25401461724202745 273.3716685282541 24.416144359869225 22.722383000143537 5.919865522181014 
338.000250897205 0.0 48.18926431800981 0.0 17.602829965588068 0.007193201631797742 0.4424440608902041 0.006944335800309961 0.21896395158835483 259.18106400766425 24.878223788702204 22.181685158231062 5.951094262663607 27.89221680615333 114.93723431892631 136.02372715968718 126.20023313803318 0.0 0.0 0.27661949091891896 0.2561062779879305 259.18106400766425 24.878223788702204 22.181685158231062 5.951094262663607 
340.000250897205 0.0 48.06074053704249 0.0 17.138817817561847 0.007193201631797741 0.44468466185430683 0.006944335800309961 0.22120455255245686 245.43903498934247 25.31394444466084 22.652502716042946 6.013655183258311 27.89221680615333 115.87855597286351 136.49212136081013 127.62076557602508 0.0 0.0 0.27661949091891885 0.25834687895202657 245.43903498934247 25.31394444466084 22.652502716042946 6.013655183258311 
342.0002128793841 0.0 46.923419574571156 0.0 15.379644571005066 0.007193201631797741 0.456136543490488 0.006944335800309961 0.23265643418863624 167.71447281517004 27.68106851917344 24.22590674062961 6.19526609636531 27.89221680615333 122.18411831795828 138.309745459459 135.19475269926969 0.0 0.0 0.27661949091891896 0.26979876058821267 167.71447281517004 27.68106851917344 24.22590674062961 6.19526609636531 
344.000250897205 0.0 46.85292418784521 0.0 15.340377503876217 0.007193201631797741 0.4581501468896666 0.006944335800309959 0.2346700375878148 157.22488453902704 27.887172244433998 24.30035841475131 6.269974344171129 27.89221680615333 123.19260597530575 138.309745459459 136.20934323244649 0.0 0.0 0.2766194909189191 0.2718123639873848 157.22488453902704 27.887172244433998 24.30035841475131 6.269974344171129 
346.000250897205 0.0 46.575620156375074 0.0 15.355912540352199 0.007193201631797742 0.46029854880418075 0.006944335800309961 0.23681843950233675 147.254610918213 28.090132794697094 24.727720953722017 6.261846598895811 27.89221680615333 124.09194415849925 138.309745459459 137.19266535554792 0.0 0.0 0.27661949091891896 0.2739607659019067 147.254610918213 28.090132794697094 24.727720953722017 6.261846598895811 
348.000250897205 0.0 46.36089745323799 0.0 15.312787113635894 0.007193201631797741 0.462901946475677 0.006944335800309961 0.23942183717382734 137.10324685493023 28.309309681265866 24.96483116668476 6.27884292939924 27.89221680615333 125.12301022050971 138.309745459459 138.19756754913345 0.0 0.0 0.27661949091891896 0.27656416357340186 137.10324685493023 28.309309681265866 24.96483116668476 6.27884292939924 
350.000250897205 0.0 45.876883954532644 0.0 15.24750114140021 0.007193201631797739 0.4649843767373735 0.006944335800309961 0.2415042674355276 127.94791651805568 28.508684407072902 24.39373253356124 6.248471591000179 27.89221680615333 126.00677729757369 138.309745459459 139.2012956969474 0.0 0.0 0.27661949091891896 0.27864659383509655 127.94791651805568 28.508684407072902 24.39373253356124 6.248471591000179 
352.000250897205 0.0 43.803990249976856 0.0 15.379853848284661 0.007193201631797741 0.4762048399945498 0.006944335800309961 0.25272473069269963 75.04039592415083 29.52165176375395 22.891589914600072 6.204725329040888 27.89221680615333 132.16094444527573 138.309745459459 145.19212250736228 0.0 0.0 0.27661949091891896 0.2898670570922746 75.04039592415083 29.52165176375395 22.891589914600072 6.204725329040888 
354.00015066507393 0.0 43.419227689530175 0.0 15.542433378722285 0.007193201631797741 0.4793635726733127 0.006944335800309959 0.2558834633714559 67.77388029724571 29.481355889911462 24.291077836797857 6.218445032815799 27.89221680615333 133.14792035986753 138.309745459459 146.2034447557507 0.0 0.0 0.27661949091891896 0.2930257897710292 67.77388029724571 29.481355889911462 24.291077836797857 6.218445032815799 
356.000250897205 0.0 42.70649995726149 0.0 15.664949390941173 0.007193201631797741 0.4815431703560017 0.006944335800309959 0.2580630610541559 61.46543064295601 29.392792948940578 24.4092182828845 6.261908582816381 27.89221680615333 134.09382839938206 138.309745459459 147.1972740428587 0.0 0.0 0.27661949091891896 0.29520538745372504 61.46543064295601 29.392792948940578 24.4092182828845 6.261908582816381 
358.000250897205 0.0 41.99609068198992 0.0 15.711627961442092 0.007193201631797741 0.48314817651540043 0.006944335800309959 0.259668067213544 55.428818053196345 29.421986503859486 24.098220919047183 6.266510096487088 27.89221680615333 135.09513620124267 138.309745459459 148.19523391232013 0.0 0.0 0.27661949091891896 0.29681039361311834 55.428818053196345 29.421986503859486 24.098220919047183 6.266510096487088 
360.000250897205 0.0 41.267110607006956 0.0 15.748791418337001 0.007193201631797742 0.48548833109017114 0.006944335800309959 0.2620082217883145 49.91672836064758 29.44283526524663 23.90669260470296 6.2561374990628815 27.89221680615333 136.01143701082563 138.309745459459 149.20097549821298 0.0 0.0 0.27661949091891896 0.2991505481878876 49.91672836064758 29.44283526524663 23.90669260470296 6.2561374990628815 
362.000250897205 0.0 36.96619074326615 0.0 16.044131704913347 0.007193201631797741 0.49654194464612333 0.006944335800309961 0.273061835344273 20.91748834533026 29.526427890564083 24.740749016531492 6.242109010877244 27.89221680615333 142.20408453440598 138.309745459459 155.19798132069295 0.0 0.0 0.27661949091891896 0.31020416174384 20.91748834533026 29.526427890564083 24.740749016531492 6.242109010877244 
364.00024674533154 0.0 36.51647354160949 0.0 16.07314504900468 0.007193201631797741 0.49903516472919024 0.006944335800309961 0.2755550554273383 18.243738163554465 29.49607223195687 25.21839018114138 6.251414944455405 27.89221680615333 143.1016956348275 138.309745459459 156.20945035334222 0.0 0.0 0.27661949091891896 0.3126973818269084 18.243738163554465 29.49607223195687 25.21839018114138 6.251414944455405 
366.000250897205 0.0 35.82004233442005 0.0 16.07144853844852 0.007193201631797741 0.5013160576138874 0.006944335800309961 0.2778359483120377 15.998041111684664 29.531317413223686 25.862434537856938 6.294099000799154 27.89221680615333 144.04755186550867 138.309745459459 157.2001085171112 0.0 0.0 0.27661949091891896 0.3149782747116041 15.998041111684664 29.531317413223686 25.862434537856938 6.294099000799154 
368.000250897205 0.0 35.29580940486168 0.0 16.0605425256132 0.007193201631797739 0.5027727006235618 0.006944335800309961 0.279292591321718 14.11283227118387 29.458431248535877 26.18461715035304 6.30873356217189 27.89221680615333 144.93852548141064 138.309745459459 158.19733326682694 0.0 0.0 0.27661949091891896 0.3164349177212856 14.11283227118387 29.458431248535877 26.18461715035304 6.30873356217189 
370.00010808561507 0.0 34.69713879769789 0.0 16.024494084801173 0.007193201631797741 0.5054962602880941 0.006944335800309959 0.2820161509862499 12.820359213865663 29.39993396542058 26.733701977112695 6.291381189837422 27.89221680615333 146.04019791346707 138.309745459459 159.20896742370465 0.0 0.0 0.27661949091891896 0.31915847738581765 12.820359213865663 29.39993396542058 26.733701977112695 6.291381189837422 
372.000250897205 0.0 32.32874289765356 0.0 15.815022863796353 0.007193201631797741 0.5175256377787176 0.006944335800309961 0.2940455284768711 8.255696974133695 28.759715799164844 30.727810074584152 6.205727451266273 27.89221680615333 152.17909262683455 138.309745459459 165.1897786374253 0.0 0.0 0.27661949091891896 0.3311878548764414 8.255696974133695 28.759715799164844 30.727810074584152 6.205727451266273 
374.000250897205 0.0 32.2651458846815 0.0 15.904038551281083 0.007193201631797741 0.5196379540145878 0.006944335800309959 0.2961578447127427 7.98862741609438 28.566162723463744 29.581102517256962 6.2590754801008615 27.89221680615333 153.1179110110333 138.309745459459 166.20451023461644 0.0 0.0 0.27661949091891896 0.3333001711123134 7.98862741609438 28.566162723463744 29.581102517256962 6.2590754801008615 
376.0001662227949 0.0 32.38212635019814 0.0 16.02819618725752 0.007193201631797741 0.5217568334864936 0.006944335800309961 0.2982767241846386 7.878919476492333 28.683856832647926 29.336798963272976 6.2898836233250455 27.89221680615333 153.96452232885903 138.309745459459 167.20289603940023 0.0 0.0 0.27661949091891896 0.3354190505842089 7.878919476492333 28.683856832647926 29.336798963272976 6.2898836233250455 
378.000250897205 0.0 32.42696900086475 0.0 16.092976501233846 0.007193201631797741 0.5228645102219398 0.007019502820661877 0.2540519889844565 7.798844596272934 28.75666405177068 28.631232839599452 6.308985028287645 27.89221680615333 154.698546847627 138.309745459459 168.2160279600559 0.0 0.0 0.27661949091891896 0.3365267273196625 7.798844596272934 28.75666405177068 28.631232839599452 6.308985028287645 
380.000250897205 0.0 32.43102438783095 0.0 16.155182240246646 0.007193201631797741 0.5253299401106075 0.007123954593193178 0.19352369160232083 7.778186221167723 28.786738354348532 28.598908140886486 6.325890393424864 27.89221680615333 155.2628935950574 138.309745459459 169.19057905804638 0.0 0.0 0.27661949091891885 0.3389921572083238 7.778186221167723 28.786738354348532 28.598908140886486 6.325890393424864 
382.000250897205 0.0 32.177612378365716 0.0 16.456438033626785 0.007193201631797742 0.5369285959008158 0.0074302073383214545 0.02042464973746808 7.626928771738434 28.992848475553412 26.90527729346542 6.298435122844195 27.89221680615333 162.19345798274162 138.309745459459 175.19502597744713 0.0 0.0 0.27661949091891896 0.35059081299853495 7.626928771738434 28.992848475553412 26.90527729346542 6.298435122844195 
384.000250897205 0.0 32.24751963341109 0.0 16.46692381497128 0.007193201631797742 0.5391922430041596 0.007430207338321456 0.02268829684081383 7.891466467697101 29.107339824577778 25.8101089796531 6.221612349963411 27.89221680615333 163.1371146763531 138.309745459459 176.19695999322195 0.0 0.0 0.27661949091891885 0.352854460101879 7.891466467697101 29.107339824577778 25.8101089796531 6.221612349963411 
386.000250897205 0.0 32.26312669640416 0.0 16.472809331174986 0.007193201631797741 0.540995934791784 0.007430207338321456 0.02449198862844583 8.067390724185701 29.258527483352655 25.263588186712447 6.154691473515125 27.89221680615333 163.82301004574236 138.309745459459 177.20258009911754 0.0 0.0 0.27661949091891885 0.35465815188950994 8.067390724185701 29.258527483352655 25.263588186712447 6.154691473515125 
388.000250897205 0.0 32.25893114900118 0.0 16.340363226533192 0.007193201631797741 0.5429829989233423 0.007430207338321456 0.026479052760001776 8.106990626334115 29.341912561365564 25.229049633428446 6.138971235021015 27.89221680615333 164.4703039633144 138.309745459459 178.18993191278918 0.0 0.0 0.27661949091891885 0.35664521602106714 8.106990626334115 29.341912561365564 25.229049633428446 6.138971235021015 
390.000250897205 0.0 32.2556061932909 0.0 16.210563874946576 0.007193201631797741 0.5449287023320797 0.007430207338321456 0.028424756168733984 8.038284741305512 29.310433795553156 24.687368416345205 6.115419593663485 27.89221680615333 164.97146479256378 138.309745459459 179.19829174016087 0.0 0.0 0.27661949091891885 0.35859091942979937 8.038284741305512 29.310433795553156 24.687368416345205 6.115419593663485 
392.000250897205 0.0 32.532393155828224 0.0 15.616740003748149 0.007193201631797741 0.5563743045159651 0.0074302073383214545 0.03987035835262346 7.859864928682793 29.158749541639924 22.286131856525685 6.1582885349805725 27.89221680615333 172.14154510736708 138.309745459459 185.21495870425997 0.0 0.0 0.27661949091891896 0.3700365216136891 7.859864928682793 29.158749541639924 22.286131856525685 6.1582885349805725 
394.000250897205 0.0 32.61229615657242 0.0 15.433142225102639 0.007193201631797742 0.5592105009730347 0.0074302073383214545 0.042706554809697435 7.75032134667644 29.241860998850285 21.840475611345642 6.162371678848071 27.89221680615333 172.9657079425033 138.309745459459 186.2209259826364 0.0 0.0 0.27661949091891896 0.3728727180707584 7.75032134667644 29.241860998850285 21.840475611345642 6.162371678848071 
396.000250897205 0.0 32.63977767484247 0.0 15.429345801697437 0.007193201631797742 0.560403472916816 0.007430207338321453 0.04389952675347272 7.601112657643546 29.32199220036088 22.06823095408823 6.197122243770694 27.89221680615333 173.7638261816451 138.309745459459 187.1989181404762 0.0 0.0 0.27661949091891896 0.37406569001453926 7.601112657643546 29.32199220036088 22.06823095408823 6.197122243770694 
398.000250897205 0.0 32.6749859350506 0.0 15.457723580876339 0.007193201631797741 0.5630540583010082 0.007430207338321453 0.046550112137670886 7.487374000472273 29.38626275426755 22.299835626409664 6.246201769617747 27.89221680615333 174.09894075968623 138.309745459459 188.21641780782022 0.0 0.0 0.27661949091891896 0.37671627539873437 7.487374000472273 29.38626275426755 22.299835626409664 6.246201769617747 
400.000250897205 0.0 32.609627697807355 0.0 15.373877263664554 0.007193201631797741 0.5640026774775688 0.007435946584071718 0.04283766547138893 7.367586576694399 29.4725171422941 22.468445845783062 6.265837369503344 27.89221680615333 174.11246438406155 138.309745459459 189.21214025287455 0.0 0.0 0.27661949091891896 0.377664894575289 7.367586576694399 29.4725171422941 22.468445845783062 6.265837369503344 
402.000250897205 0.0 32.30723020704796 0.0 14.706226503488006 0.007193201631797741 0.5758923677127745 0.007483238634499621 0.01631963272689617 7.019223625409792 30.202399502117892 23.337226129929437 6.378093260558365 NaN NaN 138.309745459459 195.1857115783749 0.0 0.0 0.27661949091891896 0.3895545848104977 7.019223625409792 30.202399502117892 23.337226129929437 6.378093260558365 
404.000250897205 0.0 32.13869788562786 0.0 14.904996337696232 0.007193201631797741 0.5782035205532094 0.007483238634499623 0.01863078556733091 6.968380866782894 30.32214404072797 23.206859633005347 6.381261314689909 NaN NaN 138.309745459459 196.20531228656193 0.0 0.0 0.27661949091891896 0.3918657376509325 6.968380866782894 30.32214404072797 23.206859633005347 6.381261314689909 
406.000250897205 0.0 32.0964489036482 0.0 15.110953000970555 0.0072249307314319845 0.5108933287634986 0.007483238634499623 0.02046747386619384 6.882402654112093 30.38737244123697 23.163376182918245 6.351588924258551 NaN NaN 138.309745459459 197.19643145908267 0.0 0.0 0.27661949091891896 0.3937024259497988 6.882402654112093 30.38737244123697 23.163376182918245 6.351588924258551 
408.0001299096057 0.0 32.13332380071753 0.0 15.30707461991526 0.007272828893255163 0.4086868698898504 0.007483238634499623 0.02264495560945135 6.906251044194084 30.418584463765487 23.357726039295073 6.3333637410396335 NaN NaN 138.309745459459 198.19726566921162 0.0 0.0 0.27661949091891885 0.3958799076930496 6.906251044194084 30.418584463765487 23.357726039295073 6.3333637410396335 
410.000250897205 0.0 32.142963783376295 0.0 15.435831577262489 0.007289632471919112 0.37318483089355087 0.007483238634499623 0.023762771961398997 6.887418291806678 30.453730782191588 23.242564178425443 6.303445425096071 NaN NaN 138.309745459459 199.19761226816354 0.0 0.0 0.27661949091891885 0.39699772404500033 6.887418291806678 30.453730782191588 23.242564178425443 6.303445425096071 
412.000250897205 0.0 32.10330908235476 0.0 16.275248790647964 0.007430207338321453 0.0799445533505675 0.007483238634499621 0.036875764528029216 7.160585812194598 30.667646443532156 21.023000369120155 6.038379972645303 NaN NaN 138.309745459459 205.2087688833882 0.0 0.0 0.27661949091891896 0.41011071661163406 7.160585812194598 30.667646443532156 21.023000369120155 6.038379972645303 
414.000250897205 0.0 32.218371224522414 0.0 16.350631126541217 0.007430207338321453 0.08082676257724401 0.007483238634499621 0.03775797375470598 7.120130052378907 30.666581390201035 22.81689641256737 6.104555875048582 NaN NaN 138.309745459459 206.1938121612112 0.0 0.0 0.27661949091891896 0.41099292583830316 7.120130052378907 30.666581390201035 22.81689641256737 6.104555875048582 
416.000250897205 0.0 32.17032134408997 0.0 16.40267446633449 0.007430207338321453 0.08384636062813819 0.007483238634499623 0.04077757180560019 7.187589701088981 30.606722627625977 24.16413982585657 6.1435237815215284 NaN NaN 138.309745459459 207.1938641856296 0.0 0.0 0.27661949091891896 0.4140125238892043 7.187589701088981 30.606722627625977 24.16413982585657 6.1435237815215284 
418.000250897205 0.0 32.07515178083557 0.0 16.413216152830003 0.007430207338321453 0.08526683239826972 0.007483238634499623 0.04219804357573147 7.234660566198467 30.610569656563772 24.7471509430205 6.165376480438899 NaN NaN 138.309745459459 208.1947321356769 0.0 0.0 0.27661949091891896 0.41543299565933545 7.234660566198467 30.610569656563772 24.7471509430205 6.165376480438899 
420.000250897205 0.0 32.07593452781904 0.0 16.468927058352154 0.0074302073383214545 0.08739946568321619 0.007483238634499623 0.044330676860677834 7.270172849023141 30.622432547541703 25.630662745119714 6.185338595707044 NaN NaN 138.309745459459 209.19609646814294 0.0 0.0 0.27661949091891885 0.4175656289442773 7.270172849023141 30.622432547541703 25.630662745119714 6.185338595707044 
422.000250897205 0.0 33.75897219997685 0.0 16.976376095517303 0.00748323863449962 0.0578198831028788 0.00748323863449962 0.0578198831028788 1008.2840575600663 30.18657369196992 803.5799417056639 4.868221205338492 26.684296987695006 114.59989223806149 135.43001528847256 189.73730789455303 0.05336859397539043 0.22853508653161345 0.2338076781694627 0.05257429528141875 1008.2840575600663 30.18657369196992 803.5799417056639 4.868221205338492 
424.000250897205 0.0 34.73557466875185 0.0 17.572935200051013 0.007483238634499622 0.05982105881016091 0.007483238634499622 0.05982105881016091 968.7690574153372 29.126351701154935 635.620634366833 4.146557941025451 26.684296987695006 116.19546184777597 132.1518722067381 161.73926036547877 0.05336859397539043 0.23053626223889195 0.23380767816946266 0.0545754709887009 968.7690574153372 29.126351701154935 635.620634366833 4.146557941025451 
426.000250897205 0.0 35.479965819163006 0.0 18.214463476073725 0.007483238634499622 0.06123342655720282 0.007483238634499622 0.06123342655720282 931.1927299108087 28.160935585151574 542.9714977174516 4.247718629024677 26.684296987695006 117.68397527040187 130.70673670401106 149.97931678946395 0.05336859397539041 0.23194862998593466 0.2338076781694626 0.055987838735741244 931.1927299108087 28.160935585151574 542.9714977174516 4.247718629024677 
428.000250897205 0.0 36.16634170590919 0.0 18.86714562371202 0.007483238634499622 0.06336625702117854 0.007483238634499622 0.06336625702117854 891.1823930206783 27.061480087188656 463.74796403407265 4.578301431873316 26.684296987695006 119.0888248534724 129.9319814383099 144.12207521913638 0.05336859397539041 0.2340814604499097 0.2338076781694626 0.05812066919971694 891.1823930206783 27.061480087188656 463.74796403407265 4.578301431873316 
430.000250897205 0.0 36.78033832654163 0.0 19.64571164922566 0.007483238634499622 0.0650594420633671 0.007483238634499622 0.0650594420633671 849.2525534721626 25.956589761068745 393.31697053811956 4.916933502086029 26.684296987695006 120.66570980630593 129.3366785131119 139.88109691678065 0.05336859397539041 0.23577464549209887 0.2338076781694626 0.05981385424190549 849.2525534721626 25.956589761068745 393.31697053811956 4.916933502086029 
432.000250897205 0.0 40.45794590935067 0.0 23.70160114389219 0.007483238634499622 0.07627078922506686 0.007483238634499622 0.07627078922506686 621.6877600995449 20.06832422910863 50.278992267934235 6.496369140568937 26.684296987695006 124.00046228187917 125.67832977330137 113.54066035826149 0.05336859397539041 0.24698599265379703 0.23380767816946266 0.07102520140360456 621.6877600995449 20.06832422910863 50.278992267934235 6.496369140568937 
434.000250897205 0.0 41.314511888607726 0.0 24.035749158572873 0.007483238634499622 0.07858187948015044 0.007483238634499622 0.07858187948015044 584.6285562405175 19.09434242480952 43.040455877579184 6.494830073889965 26.684296987695006 125.1434512618138 124.76021299654349 106.43412711551544 0.05336859397539043 0.2492970829088849 0.2338076781694627 0.0733362916586893 584.6285562405175 19.09434242480952 43.040455877579184 6.494830073889965 
436.000250897205 0.0 41.95965681574721 0.0 24.439624812237025 0.007483238634499623 0.08117009368541368 0.007483238634499623 0.08117009368541368 556.7422335752794 18.463546889079375 42.685623499240876 6.481205013452416 26.684296987695006 126.39795125880025 123.88164687070925 99.65112300939545 0.05336859397539043 0.2518852971141488 0.2338076781694627 0.07592450586395398 556.7422335752794 18.463546889079375 42.685623499240876 6.481205013452416 
438.000250897205 0.0 42.61630448697878 0.0 24.52989896767095 0.007483238634499623 0.08251394430377212 0.007483238634499623 0.08251394430377212 535.3608438626251 18.22953485811046 41.36393754914682 6.475513922669565 26.684296987695006 127.62617979293329 123.13016802410014 94.0183269126578 0.05336859397539041 0.2532291477325017 0.23380767816946266 0.07726835648231101 535.3608438626251 18.22953485811046 41.36393754914682 6.475513922669565 
440.000250897205 0.0 43.03138219933126 0.0 24.591993034382238 0.007483238634499623 0.08498603792364484 0.007483238634499623 0.08498603792364484 518.855464883807 18.17683805426389 40.8302458686931 6.475254098006066 26.684296987695006 128.99708154918514 122.46833743671623 89.16167549446963 0.0533685939753904 0.2557012413523761 0.2338076781694626 0.07974045010218389 518.855464883807 18.17683805426389 40.8302458686931 6.475254098006066 
442.000250897205 0.0 45.20675317564205 0.0 24.742894427970125 0.00748323863449962 0.0972448462665677 0.00748323863449962 0.0972448462665677 434.9224396014741 18.398615980435896 41.3743723106382 6.479266053723001 26.684296987695006 133.96389065861234 119.02023993023727 64.64824764874186 0.05336859397539043 0.2679600496953001 0.2338076781694627 0.091999258445107 434.9224396014741 18.398615980435896 41.3743723106382 6.479266053723001 
444.000250897205 0.0 45.712900874041566 0.0 24.66846496475617 0.00748323863449962 0.09912969831317289 0.00748323863449962 0.09912969831317289 424.700269262895 18.797295670705072 39.32033424745178 6.468592746471442 26.684296987695006 135.07490392643953 118.40674058685423 60.249565438617616 0.05336859397539041 0.26984490174190506 0.23380767816946266 0.09388411049171208 424.700269262895 18.797295670705072 39.32033424745178 6.468592746471442 
446.000250897205 0.0 46.04428141768868 0.0 24.530762605258317 0.00748323863449962 0.10115428426105692 0.00748323863449962 0.10115428426105692 414.3284949675823 19.305438546703268 37.18785728523438 6.3304179613322615 26.684296987695006 136.25307301314234 118.08344835945037 58.400929383416184 0.05336859397539041 0.2718694876897911 0.2338076781694627 0.09590869643959628 414.3284949675823 19.305438546703268 37.18785728523438 6.3304179613322615 
448.000250897205 0.0 46.34975692754947 0.0 24.246109860067953 0.007483238634499622 0.1031401653678425 0.007483238634499622 0.1031401653678425 403.2309777686782 19.85441032118057 34.66677861540752 6.28233331449777 26.684296987695006 137.34977200376855 117.84109653392606 57.236922190625165 0.05336859397539041 0.2718694876897911 0.23380767816946266 0.09789457754638183 403.2309777686782 19.85441032118057 34.66677861540752 6.28233331449777 
450.000250897205 0.0 46.59949691909158 0.0 23.8798121306332 0.007483238634499623 0.10499523290991886 0.007483238634499623 0.10499523290991886 392.28202102641876 20.411596175100645 33.307595907456886 6.285926101431015 26.684296987695006 138.4906892002927 117.66238083224432 56.65024653680885 0.05336859397539041 0.2718694876897911 0.23380767816946266 0.09974964508845556 392.28202102641876 20.411596175100645 33.307595907456886 6.285926101431015 
452.000250897205 0.0 47.51488674703614 0.0 21.141898415813085 0.007483238634499623 0.11737149546091193 0.007483238634499623 0.11737149546091193 322.0790287108301 23.787105269055516 30.7877868626441 6.319816918718321 26.684296987695006 143.93218679134804 116.90383908473041 55.9499510213563 0.0 0.0 0.2338076781694626 0.11212590763944934 322.0790287108301 23.787105269055516 30.7877868626441 6.319816918718321 
454.000250897205 0.0 47.96345408579059 0.0 20.503648228058914 0.007483238634499622 0.11918671050438905 0.007483238634499622 0.11918671050438905 308.49111947252055 24.27557175004291 29.78458265362299 6.319284888150244 26.684296987695006 144.88641338440064 116.90383908473041 56.953959720888456 0.0 0.0 0.23380767816946266 0.1139411226829287 308.49111947252055 24.27557175004291 29.78458265362299 6.319284888150244 
456.000250897205 0.0 48.01338677538245 0.0 19.948099101667783 0.00748323863449962 0.12089640988522302 0.00748323863449962 0.12089640988522302 294.59148567664704 24.75604969386939 28.876674425874164 6.368324697550484 26.684296987695006 145.78823052475394 116.90383908473041 57.95176441230074 0.0 0.0 0.2338076781694626 0.11565082206376262 294.59148567664704 24.75604969386939 28.876674425874164 6.368324697550484 
458.000250897205 0.0 48.008726418998776 0.0 19.28036731568699 0.007483238634499622 0.12289086243175101 0.007483238634499622 0.12289086243175101 280.39523346486254 25.205453543902664 28.56095441492476 6.409219045095519 26.684296987695006 146.68131213281913 116.90383908473041 58.95711564374092 0.0 0.0 0.23380767816946266 0.11764527461029138 280.39523346486254 25.205453543902664 28.56095441492476 6.409219045095519 
460.000250897205 0.0 47.88350873177906 0.0 18.791219730420423 0.00748323863449962 0.12478294938587643 0.00748323863449962 0.12478294938587643 266.0947176179665 25.621489851399424 28.377359263787238 6.438262406785202 26.684296987695006 147.6543401068956 116.90383908473041 59.953760749164886 0.0 0.0 0.2338076781694626 0.11953736156441604 266.0947176179665 25.621489851399424 28.377359263787238 6.438262406785202 
462.000250897205 0.0 47.1324293323701 0.0 16.539718059814707 0.007483238634499622 0.13662631420026705 0.007483238634499622 0.13662631420026705 182.2473872100036 27.955700956070856 25.729319258264795 6.377642807790808 26.684296987695006 153.95613082614113 116.90383908473041 65.9650608272182 0.0 0.0 0.23380767816946266 0.1313807263788042 182.2473872100036 27.955700956070856 25.729319258264795 6.377642807790808 
464.000250897205 0.0 47.11353807873004 0.0 16.45824075535177 0.007483238634499622 0.13855080765022318 0.007483238634499622 0.13855080765022318 169.94926538094512 28.364703954860104 25.82825020246829 6.385149739104546 26.684296987695006 154.93161309600524 116.90383908473041 66.95870010264566 0.0 0.0 0.23380767816946266 0.13330521982876034 169.94926538094512 28.364703954860104 25.82825020246829 6.385149739104546 
466.000250897205 0.0 46.70959759639331 0.0 16.523819020168244 0.007483238634499623 0.14076342616679444 0.007483238634499623 0.14076342616679444 157.64002572580537 28.66595716592597 25.861025423334564 6.412035145591183 26.684296987695006 155.9163786633556 116.90383908473041 67.97370567065346 0.0 0.0 0.2338076781694626 0.13551783834533432 157.64002572580537 28.66595716592597 25.861025423334564 6.412035145591183 
468.0001141835326 0.0 45.95942269859298 0.0 16.61196075077373 0.007483238634499623 0.1429039524911362 0.007483238634499623 0.1429039524911362 146.31519159089925 28.946974668557473 26.050121878086877 6.441287603327329 26.684296987695006 156.82473596186205 116.90383908473041 68.95675366355525 0.0 0.0 0.23380767816946266 0.13765836466967682 146.31519159089925 28.946974668557473 26.050121878086877 6.441287603327329 
470.000250897205 0.0 45.219645293596365 0.0 16.693292083500104 0.007483238634499623 0.14492361184241684 0.007483238634499623 0.14492361184241684 135.4087695768242 29.14881222355222 26.37787073117447 6.470353986938388 26.684296987695006 157.97451656714594 116.90383908473041 69.96333199766556 0.0 0.0 0.23380767816946266 0.13967802402095672 135.4087695768242 29.14881222355222 26.37787073117447 6.470353986938388 
472.000250897205 0.0 41.35546647892831 0.0 17.094078210790123 0.007483238634499622 0.15670126251521854 0.007483238634499622 0.15670126251521854 75.05266715708119 30.080280303474755 27.786176228718112 6.6198104840806185 26.684296987695006 163.9204814895779 116.90383908473041 75.96602356610963 0.0 0.0 0.23380767816946266 0.15145567469375545 75.05266715708119 30.080280303474755 27.786176228718112 6.6198104840806185 
474.000250897205 0.0 40.69706466655115 0.0 17.04565810361689 0.007483238634499622 0.1594876327189314 0.007483238634499622 0.1594876327189314 67.90514943378227 30.135978399841584 27.82725567229837 6.6332488985330915 26.684296987695006 164.9728966117535 116.90383908473041 76.96767627567972 0.0 0.0 0.23380767816946266 0.15424204489747123 67.90514943378227 30.135978399841584 27.82725567229837 6.6332488985330915 
476.00010497834194 0.0 39.96137645375208 0.0 16.94444482612383 0.007483238634499622 0.1605168959781006 0.007483238634499622 0.1605168959781006 61.32386895801889 30.188516111930216 29.147100774908903 6.616078506781966 26.684296987695006 165.92094613345998 116.90383908473041 77.97024541114475 0.0 0.0 0.2338076781694627 0.1552713081566406 61.32386895801889 30.188516111930216 29.147100774908903 6.616078506781966 
478.000250897205 0.0 39.3002721563377 0.0 16.884558089312137 0.007483238634499622 0.16307758975220146 0.007483238634499622 0.16307758975220146 55.5757185716235 30.228213597581767 29.766344530025545 6.600932845574845 26.684296987695006 166.95470457209487 116.90383908473041 78.9599811204907 0.0 0.0 0.23380767816946266 0.15783200193074123 55.5757185716235 30.228213597581767 29.766344530025545 6.600932845574845 
480.000250897205 0.0 38.69436949273062 0.0 16.869618238047863 0.007483238634499623 0.16524188309095336 0.007483238634499623 0.16524188309095336 50.356978174175765 30.34621648831271 30.51043838125288 6.601264372052133 26.684296987695006 167.7492780530506 116.90383908473041 79.95664978381062 0.0 0.0 0.23380767816946266 0.15999629526949063 50.356978174175765 30.34621648831271 30.51043838125288 6.601264372052133 
482.000250897205 0.0 35.303322787630044 0.0 16.72609733507166 0.007483238634499622 0.1777893128533238 0.007483238634499622 0.1777893128533238 21.410704467588474 31.27366020547061 35.78749998887271 6.496490501310457 26.684296987695006 173.92057875220385 116.90383908473041 85.95832437655363 0.0 0.0 0.23380767816946266 0.17254372503186127 21.410704467588474 31.27366020547061 35.78749998887271 6.496490501310457 
484.000250897205 0.0 34.636838092407096 0.0 16.656579464433403 0.007483238634499623 0.1794102023255946 0.007483238634499623 0.1794102023255946 18.94172711344831 31.258516568840847 37.37990720798202 6.56778975989039 26.684296987695006 174.91199673688308 116.90383908473041 86.9580864574063 0.0 0.0 0.2338076781694627 0.1741646145041328 18.94172711344831 31.258516568840847 37.37990720798202 6.56778975989039 
486.000250897205 0.0 34.50309976944178 0.0 16.638117514753315 0.007483238634499623 0.18112617330871209 0.007483238634499623 0.18112617330871209 16.698539288374036 31.25166278242069 36.951264158181964 6.52911317443707 26.684296987695006 175.93556008274956 116.90383908473041 87.95412831830586 0.0 0.0 0.23380767816946266 0.17588058548725216 16.698539288374036 31.25166278242069 36.951264158181964 6.52911317443707 
488.00003379077015 0.0 34.18610730688187 0.0 16.627556300907642 0.007483238634499622 0.18373059340864442 0.007483238634499622 0.18373059340864442 14.903947847848915 31.142440499351714 35.8425614250286 6.426668542016327 26.684296987695006 177.0439493532477 116.90383908473041 88.95706883882573 0.0 0.0 0.23380767816946266 0.1784850055871825 14.903947847848915 31.142440499351714 35.8425614250286 6.426668542016327 
490.000250897205 0.0 33.958862285509746 0.0 16.630968339895713 0.007483238634499622 0.18545988316897213 0.007483238634499622 0.18545988316897213 13.782200500027104 31.034274928585855 34.66715202210456 6.3324613538199355 26.684296987695006 177.94562106118855 116.90383908473041 89.94797456265957 0.0 0.0 0.2338076781694626 0.1802142953475128 13.782200500027104 31.034274928585855 34.66715202210456 6.3324613538199355 
492.0000184514826 0.0 32.66288003410303 0.0 16.47162657720125 0.007483238634499622 0.19708604120085577 0.007483238634499622 0.19708604120085577 9.571372486364885 30.85525210895859 28.428070630370392 6.1018708243195965 26.684296987695006 183.85610414889956 116.90383908473041 95.9461823143425 0.0 0.0 0.2338076781694627 0.19184045337939176 9.571372486364885 30.85525210895859 28.428070630370392 6.1018708243195965 
494.0000253695178 0.0 32.592708836465604 0.0 16.503125604017228 0.007483238634499622 0.19848922705042568 0.007483238634499622 0.19848922705042568 9.797365326840685 30.940910667195425 29.30604412102288 6.228295716329035 26.684296987695006 184.78149395722113 116.90383908473041 96.96205595083417 0.0 0.0 0.23380767816946266 0.193243639228961 9.797365326840685 30.940910667195425 29.30604412102288 6.228295716329035 
496.000250897205 0.0 32.59610438744518 0.0 16.534193995581113 0.007483238634499622 0.20170785421489845 0.007483238634499622 0.20170785421489845 9.75852488707943 31.07608198534005 31.06586490098252 6.311823256300982 26.684296987695006 185.51084209384808 116.90383908473041 97.9646384780996 0.0 0.0 0.23380767816946277 0.19646226639343656 9.75852488707943 31.07608198534005 31.06586490098252 6.311823256300982 
498.000250897205 0.0 32.56836305210441 0.0 16.48707927023799 0.007483238634499622 0.20299330490536813 0.007483238634499622 0.20299330490536813 9.7651225663863 31.14541996442465 32.12054976705287 6.335680005601088 26.684296987695006 186.1297514036156 116.90383908473041 98.95127158851457 0.0 0.0 0.2338076781694627 0.19774771708390843 9.7651225663863 31.14541996442465 32.12054976705287 6.335680005601088 
500.000250897205 0.0 32.55445800612553 0.0 16.48746043626473 0.007483238634499622 0.20520816828902316 0.007483238634499622 0.20520816828902316 9.699374482154779 31.18158354998339 32.55930238463944 6.356349705195322 26.684296987695006 186.74355588905541 116.90383908473041 99.95701096107194 0.0 0.0 0.2338076781694627 0.19996258046756327 9.699374482154779 31.18158354998339 32.55930238463944 6.356349705195322 
#####################################################################
# End of data export. Simulation finished at: 2019-02-19T16:22+0000 #
#####################################################################
