#####################################################################
# Alchemist log file - simulation started at: 2019-09-24T05:07+0000 #
#####################################################################
# seed = 41.0, stage_width = 2000
#
# The columns have the following meaning: 
# time rep-bcast[Sum] rep-ccast[Sum] share-bcast[Sum] share-ccast[Sum] rep-bcast-single[Sum] rep-ccast-single[Sum] share-bcast-single[Sum] share-ccast-single[Sum] 
0.0 NaN NaN NaN NaN NaN NaN NaN NaN 
1.0001190021692867 NaN NaN NaN NaN NaN NaN NaN NaN 
2.0000708990308222 NaN NaN NaN NaN NaN NaN NaN NaN 
3.0001190021692876 NaN NaN NaN NaN NaN NaN NaN NaN 
4.0001190021692885 NaN NaN 2.1077508349115295 NaN NaN NaN 2.1077508349115295 NaN 
5.000119002169289 NaN NaN 3.5067419574992797 NaN NaN NaN 3.5067419574992797 3.2275702809830333 
6.00011900216929 NaN NaN 2.980503174291392 NaN NaN NaN 2.980503174291392 3.5460295447211196 
7.000109471326153 NaN NaN 2.980503174291392 3.5353036371572983 NaN NaN 2.980503174291392 3.5353036371572983 
8.000119002169292 NaN NaN 3.0514046301381503 3.5353036371572983 NaN NaN 3.0514046301381503 3.5353036371572983 
9.000119002169289 NaN NaN 3.2486506482099022 3.439831615973013 NaN NaN 3.2486506482099022 4.838822738560763 
10.000119002169285 NaN NaN 4.435318482495874 4.049202099801171 NaN NaN 4.435318482495874 6.769912598739776 
11.000119002169281 NaN NaN 4.435318482495874 3.751410987845719 NaN NaN 4.435318482495874 3.751410987845719 
12.000074014447826 NaN NaN 3.1591243699406615 3.2665256453648404 NaN NaN 3.1591243699406615 2.0798578110788686 
13.000119002169274 NaN NaN 3.2888546162170744 3.2665256453648404 NaN NaN 3.2888546162170744 2.0798578110788686 
14.00011900216927 NaN NaN 2.8733069850371944 3.356495703508733 NaN NaN 2.8733069850371944 3.356495703508733 
15.000119002169267 NaN NaN 3.1556145920287832 3.0663838741887925 NaN NaN 3.1556145920287832 3.0663838741887925 
16.000119002169264 NaN NaN 3.1556145920287832 3.0432059641620146 NaN NaN 3.1556145920287832 3.0432059641620146 
17.00011900216926 NaN NaN 3.140167773434815 4.402028156876723 NaN NaN 3.140167773434815 2.998164881654537 
18.000119002169257 NaN NaN 3.259103111247578 4.0446977503359935 NaN NaN 3.259103111247578 4.0446977503359935 
19.000119002169253 NaN NaN 3.536568640280162 3.9716855943642813 NaN NaN 3.536568640280162 3.9716855943642813 
20.00011900216925 NaN NaN 3.536568640280162 3.9716855943642813 NaN NaN 3.536568640280162 3.9716855943642813 
21.000119002169246 NaN NaN 3.5201198438641654 3.0372666684056178 NaN NaN 3.5201198438641654 4.294147312299124 
22.000119002169242 NaN NaN 2.983498501233946 2.9657336275146164 NaN NaN 2.983498501233946 2.9657336275146164 
23.000113078984995 NaN NaN 2.983498501233946 2.9657336275146164 NaN NaN 2.983498501233946 2.9657336275146164 
24.000119002169235 23.222752453631706 NaN 2.7620833575949923 4.07988285284809 23.222752453631706 NaN 2.7620833575949923 4.07988285284809 
25.00011900216923 24.407154113192192 NaN 2.5831556467552055 5.377402696466952 24.407154113192192 NaN 2.5831556467552055 5.377402696466952 
26.000119002169228 25.843605639803876 NaN 4.019607173366889 5.106352291105036 25.843605639803876 NaN 4.019607173366889 6.448725687403748 
27.000119002169225 25.843605639803876 NaN 4.019607173366889 4.900052314278135 25.843605639803876 NaN 4.019607173366889 4.900052314278135 
28.00011900216922 26.22192322756692 NaN 2.9784731909593702 4.900052314278135 26.22192322756692 NaN 2.9784731909593702 4.900052314278135 
29.000119002169217 25.790921802047112 NaN 3.3241069340615077 3.86080432359147 25.790921802047112 27.48929781108538 3.3241069340615077 3.86080432359147 
30.000119002169214 25.88801074754584 NaN 3.133674534449103 3.375911600555458 25.88801074754584 26.119548906666033 3.133674534449103 3.375911600555458 
31.00011900216921 25.88801074754584 NaN 3.133674534449103 3.4052452891119387 25.88801074754584 27.51941768176733 3.133674534449103 3.4052452891119387 
32.00011900216921 27.088139454689284 NaN 4.333803241592545 3.239099730815191 27.088139454689284 26.04951835857091 4.333803241592545 3.239099730815191 
33.00011900216922 23.485784195776837 NaN 3.255902573680622 3.239099730815191 23.485784195776837 26.04951835857091 3.255902573680622 3.239099730815191 
34.000119002169235 24.648985575561753 NaN 3.019235178364241 3.5401424081655186 24.648985575561753 27.61370522976077 3.019235178364241 3.5401424081655186 
35.00011900216925 25.766801925754024 NaN 2.886240352814326 3.676593086664024 25.766801925754024 26.287772975526554 2.886240352814326 3.676593086664024 
36.000119002169264 25.766801925754024 NaN 2.886240352814326 3.676593086664024 25.766801925754024 26.287772975526554 2.886240352814326 3.676593086664024 
37.00011900216928 26.421718785308418 NaN 2.857215655348817 3.5981311879022044 26.421718785308418 27.59036052943409 2.857215655348817 3.5981311879022044 
38.00007166331474 24.770390563486917 NaN 3.025781125755067 3.849735897522933 24.770390563486917 26.39044164915308 3.025781125755067 3.849735897522933 
39.000119002169306 24.770390563486917 NaN 3.025781125755067 4.354225409548327 24.770390563486917 26.894931161178473 3.025781125755067 4.354225409548327 
40.00011900216932 26.200923467274084 NaN 3.1537264756346985 4.652718369304424 26.200923467274084 27.130665678841375 3.1537264756346985 3.1175561955800717 
41.000119002169335 23.767650093035556 NaN 2.455321881019273 3.9316132375878965 23.767650093035556 27.9447227208492 2.455321881019273 3.9316132375878965 
42.00011900216935 23.767650093035556 NaN 2.455321881019273 3.3710090927505547 23.767650093035556 28.889263432060055 2.455321881019273 3.3710090927505547 
43.00011900216936 25.263245483484376 NaN 3.950917271468093 3.479161932465395 25.263245483484376 27.80110870014056 3.950917271468093 4.909694836252562 
44.00011900216938 24.513445827230953 NaN 3.1672491761675374 3.444178271828477 24.513445827230953 27.72582497248336 3.1672491761675374 3.444178271828477 
45.00011900216939 25.404040063553275 NaN 4.057843412489859 2.757592946757619 25.404040063553275 24.50071858637783 4.057843412489859 2.757592946757619 
46.000119002169406 26.460814709066618 NaN 2.6313916032903393 3.5398596788028485 26.460814709066618 25.28298531842306 2.6313916032903393 3.5398596788028485 
47.00011900216942 25.79553202917365 NaN 3.54976171516811 4.841635155843818 25.79553202917365 26.584760795464028 3.54976171516811 4.841635155843818 
48.000119002169434 26.735955182699456 NaN 3.304277522515221 3.430470963928201 26.735955182699456 24.488774878115745 3.304277522515221 3.430470963928201 
49.00011900216945 25.514744657936962 NaN 2.9692687960632824 3.0951347662572104 25.514744657936962 25.210213325958097 2.9692687960632824 3.0951347662572104 
50.000069390513666 26.82428419280274 NaN 4.27880833092906 3.664922298127898 26.82428419280274 25.780000857828785 4.27880833092906 3.664922298127898 
51.00011900216948 26.436126061219824 NaN 2.960266264861694 3.933835348961715 26.436126061219824 24.346430834368203 2.960266264861694 3.933835348961715 
52.00011900216949 26.436126061219824 NaN 2.960266264861694 3.051343072819499 26.436126061219824 25.660629782723046 2.960266264861694 3.051343072819499 
53.000119002169505 25.38953084033554 NaN 3.147344648653103 4.173864201720491 25.38953084033554 26.783150911624038 3.147344648653103 4.173864201720491 
54.00011900216952 26.894908287871367 26.551980898380364 3.465438933477344 3.094328028119911 26.894908287871367 26.551980898380364 3.465438933477344 3.094328028119911 
55.000119002169534 26.894908287871367 26.551980898380364 3.465438933477344 3.094328028119911 26.894908287871367 26.551980898380364 3.465438933477344 3.094328028119911 
56.00010814099011 25.826096882422384 27.27688682058605 2.4188575713538043 3.757886320860081 25.826096882422384 27.27688682058605 2.4188575713538043 3.757886320860081 
57.00011900216956 26.959705455879508 26.810048531965304 3.5524661448109285 3.04881477854304 26.959705455879508 28.073192725804837 3.5524661448109285 3.04881477854304 
58.000119002169576 28.54909335113915 26.810048531965304 2.807207810059488 3.04881477854304 28.54909335113915 28.073192725804837 2.807207810059488 3.04881477854304 
59.00011900216959 29.536934899906214 24.356777260332294 2.8484678592918726 2.9497843313754473 29.536934899906214 24.356777260332294 2.8484678592918726 4.339923046507742 
60.000119002169605 28.02729117584849 25.53575764166259 3.193198180858843 2.9951561392486212 28.02729117584849 25.53575764166259 3.193198180858843 2.9951561392486212 
61.00011900216962 28.02729117584849 26.659443257541938 3.193198180858843 4.118841755127967 28.02729117584849 26.659443257541938 3.193198180858843 4.118841755127967 
62.00011900216963 28.203189707526725 26.659443257541938 3.6421753157622376 4.118841755127967 28.203189707526725 26.659443257541938 3.6421753157622376 4.118841755127967 
63.00011900216965 29.20226378667546 25.6392174883976 3.4622690135806735 4.16220661464061 29.20226378667546 25.6392174883976 3.4622690135806735 3.1743650658735447 
64.00011900216965 29.20226378667546 26.034595113246787 3.4622690135806735 3.9338513199851732 29.20226378667546 26.034595113246787 3.4622690135806735 3.9338513199851732 
65.00011900216967 26.77050516875871 26.034595113246787 2.328045053967422 3.9338513199851732 26.77050516875871 26.034595113246787 2.328045053967422 3.9338513199851732 
66.00011900216968 26.021740158259725 28.09009512203344 2.3878601139272106 4.249265925903728 26.021740158259725 28.09009512203344 2.3878601139272106 4.249265925903728 
67.00001216894073 23.806937007142636 28.82446873651123 3.47034045953081 4.9836395403815175 23.806937007142636 27.39393583272406 3.47034045953081 4.9836395403815175 
68.00007615306527 25.136290201386657 28.82446873651123 4.011389924392432 4.9836395403815175 25.136290201386657 27.39393583272406 4.011389924392432 4.9836395403815175 
69.00011900216973 25.136290201386657 24.622786731012944 4.011389924392432 3.7543866024033576 25.136290201386657 24.622786731012944 4.011389924392432 3.7543866024033576 
70.0000220339059 26.517497346236937 25.881759861864857 3.3370970604560597 3.841325921780495 26.517497346236937 25.881759861864857 3.3370970604560597 3.841325921780495 
71.00011900216975 23.948958914680254 26.976072933498052 2.7211090828554916 3.8531586478100905 23.948958914680254 26.976072933498052 2.7211090828554916 3.8531586478100905 
72.00011900216977 24.889991903669305 26.050326001726475 3.662142071844542 3.545427403630157 24.889991903669305 26.050326001726475 3.662142071844542 3.545427403630157 
73.00011900216978 25.845718776821407 25.436559255125772 2.2645827425115357 3.4092467775827515 25.845718776821407 25.436559255125772 2.2645827425115357 3.4092467775827515 
74.0001190021698 26.018084006908325 25.436559255125772 3.363076273660795 3.4092467775827515 26.018084006908325 25.436559255125772 3.363076273660795 3.4092467775827515 
75.00011900216981 26.859825846028414 24.265617641403843 3.183196162716797 4.804112769697852 26.859825846028414 24.265617641403843 3.183196162716797 3.2936915806116787 
76.00011900216982 26.535501171014907 25.366871339829963 2.9050709486134565 3.4539122900487484 26.535501171014907 25.366871339829963 2.9050709486134565 3.4539122900487484 
77.00011900216984 24.24630332255179 24.761701842745474 2.84501034800266 4.280681995352552 24.24630332255179 24.761701842745474 2.84501034800266 4.280681995352552 
78.00011900216985 25.10905470993884 24.761701842745474 2.6065080369635893 4.280681995352552 25.10905470993884 24.761701842745474 2.6065080369635893 4.280681995352552 
79.00011900216987 25.10905470993884 26.160631409998423 2.6065080369635893 3.7393761923361524 25.10905470993884 26.160631409998423 2.6065080369635893 3.7393761923361524 
80.00011900216988 26.295896113243877 27.198609729994693 2.7065969647723733 4.777354512332423 26.295896113243877 27.198609729994693 2.7065969647723733 4.777354512332423 
81.0001190021699 NaN NaN NaN NaN NaN NaN NaN NaN 
82.00011900216991 NaN NaN NaN NaN NaN NaN NaN NaN 
83.00011900216992 NaN NaN NaN NaN NaN NaN NaN NaN 
84.00011900216994 NaN NaN 3.218145216909136 NaN NaN NaN 3.218145216909136 3.3423154672332345 
85.00011900216995 NaN NaN 3.184942487374485 NaN NaN NaN 3.184942487374485 2.8762374532804387 
86.00011900216997 NaN NaN 4.416213408960147 NaN NaN NaN 4.416213408960147 3.8823680417651047 
87.00011900216998 NaN NaN 2.656242171734391 NaN NaN NaN 2.656242171734391 3.8823680417651047 
88.00011900217 NaN NaN 2.9707338047655867 NaN NaN NaN 2.9707338047655867 3.7892618162082528 
89.00011900217001 NaN NaN 2.9707338047655867 NaN NaN NaN 2.9707338047655867 3.444939436946669 
90.00011900217002 NaN NaN 3.0392538880896183 NaN NaN NaN 3.0392538880896183 4.540940944229789 
91.00011900217004 NaN NaN 4.144300128310789 NaN NaN NaN 4.144300128310789 5.366901322798398 
92.00011190108947 NaN NaN 3.1664431453455393 NaN NaN NaN 3.1664431453455393 3.94202710425769 
93.00011900217007 NaN NaN 3.0769394565822807 NaN NaN NaN 3.0769394565822807 2.8457805428238316 
94.00011900217008 NaN NaN 3.0769394565822807 NaN NaN NaN 3.0769394565822807 2.8457805428238316 
95.0001190021701 NaN NaN 3.1283428664966095 NaN NaN NaN 3.1283428664966095 4.016863169453316 
96.00011900217011 NaN NaN 3.1283428664966095 NaN NaN NaN 3.1283428664966095 2.52086126955723 
97.00011900217012 NaN NaN 3.087560703075539 NaN NaN NaN 3.087560703075539 4.000163616237586 
98.00011900217014 NaN NaN 3.7801188583328127 NaN NaN NaN 3.7801188583328127 4.000163616237586 
99.00011900217015 NaN NaN 3.324675363008666 3.178112832213742 NaN NaN 3.324675363008666 3.178112832213742 
100.00011900217017 NaN NaN 3.324675363008666 4.222289896308681 NaN NaN 3.324675363008666 4.222289896308681 
101.00011900217018 NaN NaN 3.295159043597252 4.471574061270033 NaN NaN 3.295159043597252 4.471574061270033 
102.0001190021702 NaN NaN 3.397292840331204 5.636970192862762 NaN NaN 3.397292840331204 3.773329410976004 
103.00008621349905 22.58707966588878 NaN 3.501058358996488 4.069612966567931 22.58707966588878 NaN 3.501058358996488 4.069612966567931 
104.00011900217022 23.781421645387397 NaN 3.403447986358813 4.928397752484727 23.781421645387397 NaN 3.403447986358813 4.928397752484727 
105.00011900217024 23.781421645387397 NaN 3.403447986358813 4.265465477489926 23.781421645387397 NaN 3.403447986358813 4.265465477489926 
106.00011900217025 24.36702203144094 NaN 3.585448057453945 3.0967070212322767 24.36702203144094 23.73739650533777 3.585448057453945 3.0967070212322767 
107.00011900217027 25.629824605492757 NaN 3.680581196586715 3.0967070212322767 25.629824605492757 23.73739650533777 3.680581196586715 3.0967070212322767 
108.00011900217028 25.629824605492757 NaN 3.680581196586715 4.597748252087527 25.629824605492757 25.23843773619302 3.680581196586715 4.597748252087527 
109.0001190021703 27.12477640132903 NaN 2.2027855308422915 3.356444929450973 27.12477640132903 26.538872595742944 2.2027855308422915 3.356444929450973 
110.00010261703174 26.97603782299109 NaN 3.5114013902756795 3.426176644571342 26.97603782299109 26.599651849789282 3.5114013902756795 3.426176644571342 
111.00011900217032 26.427234527273683 NaN 2.781582258856332 3.426176644571342 26.427234527273683 26.599651849789282 2.781582258856332 3.426176644571342 
112.00003991484121 23.169785364659816 NaN 2.420522707350642 3.4132884058763437 23.169785364659816 26.121851398245227 2.420522707350642 3.4132884058763437 
113.00011900217035 24.72408872901373 NaN 2.642291782532368 3.613658670486984 24.72408872901373 27.630837522289255 2.642291782532368 3.613658670486984 
114.00011900217036 25.795697152162873 NaN 3.7139002056815116 3.7888693311543733 25.795697152162873 28.577270282392547 3.7139002056815116 3.7888693311543733 
115.00011900217038 26.866247060926582 NaN 3.3023865573039473 3.7888693311543733 26.866247060926582 28.577270282392547 3.3023865573039473 3.7888693311543733 
116.0001190021704 25.102808886729548 NaN 2.838872687238691 4.195787612307626 25.102808886729548 26.23356098554649 2.838872687238691 4.195787612307626 
117.00000448095149 25.102808886729548 NaN 2.838872687238691 4.134235386850463 25.102808886729548 25.061812454762773 2.838872687238691 4.134235386850463 
118.00010516129758 25.25559733996532 NaN 4.182139136168601 3.1939059267284193 25.25559733996532 26.263641326553582 4.182139136168601 3.1939059267284193 
119.00011900217044 24.261576879027444 NaN 3.1499253031554417 3.1939059267284193 24.261576879027444 26.263641326553582 3.1499253031554417 3.1939059267284193 
120.00011900217045 25.505833145781523 NaN 2.90143043101277 3.5928118752892715 25.505833145781523 26.44464168400515 2.90143043101277 3.5928118752892715 
121.00011900217046 26.71529077702793 NaN 2.909059190468369 3.5928118752892715 26.71529077702793 26.44464168400515 2.909059190468369 3.5928118752892715 
122.00011900217048 26.477151536837937 NaN 2.5533711223900184 5.310616798550157 26.477151536837937 28.162446607266034 2.5533711223900184 2.706837833332628 
123.00011900217049 26.477151536837937 NaN 2.5533711223900184 2.6871737245458434 26.477151536837937 27.31919698105625 2.5533711223900184 3.9314299912999218 
124.00005198876686 26.07805962326512 NaN 3.633581555497557 3.664983164724589 26.07805962326512 25.95324550933678 3.633581555497557 3.664983164724589 
125.00006056217639 25.249116607485206 NaN 3.3768016807049293 4.642287418150943 25.249116607485206 26.368001705599653 3.3768016807049293 4.642287418150943 
126.00011900217054 26.60833223152683 NaN 3.51142514677926 3.5944536494811814 26.60833223152683 26.746929823310452 3.51142514677926 3.5944536494811814 
127.00011900217055 26.60833223152683 NaN 3.51142514677926 3.2586566906908274 26.60833223152683 24.69363247347151 3.51142514677926 3.2586566906908274 
128.00011900217055 24.09683886328115 NaN 3.5286207894933455 4.661460887513357 24.09683886328115 26.09643667029404 3.5286207894933455 3.200435839045099 
129.00004852772815 25.100807539725594 NaN 3.2822754688998685 4.363969436000346 25.100807539725594 26.112027684489064 3.2822754688998685 4.363969436000346 
130.00011900217044 26.228311517924197 NaN 3.665365972781288 4.363969436000346 26.228311517924197 26.112027684489064 3.665365972781288 4.363969436000346 
131.00011900217038 25.120607983702413 NaN 3.2688209174008733 3.3380814669034464 25.120607983702413 27.633365128167767 3.2688209174008733 3.3380814669034464 
132.000108497685 25.120607983702413 NaN 3.2688209174008733 3.8654221677760603 25.120607983702413 26.40326719443911 3.2688209174008733 3.8654221677760603 
133.00011900217027 26.348430158810018 NaN 3.3331094955532308 3.753443315550612 26.348430158810018 27.295257018658106 3.3331094955532308 3.753443315550612 
134.0001190021702 24.63081930105379 NaN 2.895637284523474 2.716611878192765 24.63081930105379 28.392188700940977 2.895637284523474 2.716611878192765 
135.00011900217015 25.476079715600733 NaN 2.429257450612596 3.698946165900793 25.476079715600733 25.308152759327527 2.429257450612596 3.698946165900793 
136.0001190021701 26.824245952281686 NaN 2.885433863074553 3.698946165900793 26.824245952281686 25.308152759327527 2.885433863074553 3.698946165900793 
137.00011900217004 27.64016289053815 NaN 2.6044191190481456 4.175563672343458 27.64016289053815 25.30199503339766 2.6044191190481456 3.091698439694511 
138.00011900216998 27.791956291686944 NaN 3.106412521661099 3.37223909387086 27.791956291686944 26.42779610212095 3.106412521661099 3.37223909387086 
139.00010919661068 27.11150585897049 NaN 3.9080256460859175 3.4989841391773666 27.11150585897049 26.348404019754497 3.9080256460859175 2.6830672009209025 
140.00011900216987 23.164243722871987 NaN 3.550787440678704 3.690299682625323 23.164243722871987 27.355636501458918 3.550787440678704 3.690299682625323 
141.0001190021698 23.970530025275792 NaN 3.231272674359218 3.690299682625323 23.970530025275792 27.355636501458918 3.231272674359218 3.690299682625323 
142.00011900216975 25.02270186508906 NaN 2.8085332321850274 3.6237634643886167 25.02270186508906 26.63126964163034 2.8085332321850274 3.6237634643886167 
143.0001190021697 25.79297612058926 NaN 2.5715750059808045 3.7526724985415854 25.79297612058926 26.516319546229354 2.5715750059808045 3.7526724985415854 
144.0000271141291 26.964345652196215 NaN 3.7429445375877606 3.5152737665439417 26.964345652196215 26.282855841444857 3.7429445375877606 3.5152737665439417 
145.00011900216958 26.964345652196215 NaN 3.7429445375877606 4.706614726431354 26.964345652196215 27.47419680133227 3.7429445375877606 4.706614726431354 
146.0001057825505 24.017191044860255 NaN 3.7420104557588445 3.317302826802262 24.017191044860255 24.999390885132343 3.7420104557588445 3.317302826802262 
147.00011900216947 25.523062959162417 NaN 4.317360211483219 3.317302826802262 25.523062959162417 24.999390885132343 4.317360211483219 3.317302826802262 
148.0001190021694 24.604871557848995 NaN 3.300426704283012 3.481135562801825 24.604871557848995 26.33459315273886 3.300426704283012 3.481135562801825 
149.00011900216936 25.67415538798012 NaN 3.1302900363259596 3.387319176779414 25.67415538798012 27.65763415697181 3.1302900363259596 3.387319176779414 
150.0001190021693 25.67415538798012 NaN 3.1302900363259596 4.777009597471277 25.67415538798012 26.87842401009486 3.1302900363259596 3.2711376831691155 
151.00005536147998 26.95646335934056 NaN 4.412598007686398 4.777009597471277 26.95646335934056 26.87842401009486 4.412598007686398 3.2711376831691155 
152.00011900216919 25.755790374028507 NaN 2.7813000009991526 3.2498880701371604 25.755790374028507 28.141384593895523 2.7813000009991526 3.2498880701371604 
153.00011900216913 27.078911939944803 NaN 4.104421566915448 4.437789343676968 27.078911939944803 29.32928586743533 4.104421566915448 4.437789343676968 
154.00011900216907 27.078911939944803 NaN 4.104421566915448 3.097148235406735 27.078911939944803 26.331986099412802 4.104421566915448 3.097148235406735 
155.00011900216901 25.469969816850067 NaN 3.153579707423148 3.1902165047656865 25.469969816850067 25.663731409894325 3.153579707423148 3.1902165047656865 
156.0000141935658 26.222946906322875 NaN 3.9065567968959556 4.098989451940071 26.222946906322875 26.57250435706871 3.9065567968959556 4.098989451940071 
157.0001190021689 27.224866086470342 NaN 3.7205747035036154 3.722432021865103 27.224866086470342 24.157483198161714 3.7205747035036154 3.722432021865103 
158.00011900216884 25.598863783260327 NaN 2.7965858646976187 2.5908722292926996 25.598863783260327 25.480709640062344 2.7965858646976187 2.5908722292926996 
159.0001190021688 24.75942581112332 NaN 3.0372964518880963 2.744348465272907 24.75942581112332 26.63610505619002 3.0372964518880963 2.744348465272907 
160.00011900216873 25.89171035564698 NaN 3.223016860570425 3.6976718648283793 25.89171035564698 25.660302808549602 3.223016860570425 3.6976718648283793 
161.00011900216867 26.521449310677184 NaN 3.8527558156006307 3.592205961900021 26.521449310677184 26.761812294547752 3.8527558156006307 3.592205961900021 
162.00011900216862 27.805297718149262 NaN 3.813377781172079 3.382269135944341 27.805297718149262 24.052948137698536 3.813377781172079 3.382269135944341 
163.00011900216856 26.248945782283556 NaN 3.7884043984369953 3.382269135944341 26.248945782283556 24.052948137698536 3.7884043984369953 3.382269135944341 
164.0001190021685 27.462333552591815 NaN 4.048468769189782 4.855444945988694 27.462333552591815 25.52612394774289 4.048468769189782 4.855444945988694 
165.00011900216845 27.462333552591815 NaN 4.048468769189782 3.10663566620795 27.462333552591815 26.021573450563267 4.048468769189782 3.10663566620795 
166.0001190021684 25.07522812102178 NaN 3.228251975627586 2.9782484456070506 25.07522812102178 27.02360826335496 3.228251975627586 2.9782484456070506 
167.00011900216833 26.22556973792456 NaN 2.905417782486012 2.97008866959294 26.22556973792456 28.228836257649107 2.905417782486012 2.97008866959294 
168.00011900216828 27.181788173080378 NaN 3.8616362176418306 2.97008866959294 27.181788173080378 28.228836257649107 3.8616362176418306 2.97008866959294 
169.00011900216822 25.963003350215814 NaN 2.692067585402441 4.751740047154868 25.963003350215814 26.804828016850905 2.692067585402441 3.530900646309732 
170.00011900216816 27.681347649726803 NaN 4.4104118849134295 2.626307400734021 27.681347649726803 28.00679482333379 4.4104118849134295 2.626307400734021 
171.0001190021681 27.681347649726803 NaN 4.4104118849134295 3.4862973522828042 27.681347649726803 25.508283597520062 4.4104118849134295 3.4862973522828042 
172.00011900216805 27.594913401544346 NaN 2.4469010090203085 3.4862973522828042 27.594913401544346 25.508283597520062 2.4469010090203085 3.4862973522828042 
173.000119002168 25.18921397561556 NaN 3.807165308673632 4.027376346985619 25.18921397561556 27.178891400020376 3.807165308673632 3.261240380945196 
174.00011900216793 25.088187701933663 NaN 2.9672232811930144 3.365518358270009 25.088187701933663 25.445295599680975 2.9672232811930144 3.365518358270009 
175.00011900216788 26.119236807880043 NaN 3.9982723871393944 3.6476476048535744 26.119236807880043 26.750793342227496 3.9982723871393944 3.6476476048535744 
176.00011900216782 26.119236807880043 NaN 3.9982723871393944 3.6130233411676045 26.119236807880043 28.07643337819485 3.9982723871393944 3.6130233411676045 
177.00011900216776 23.68557800167153 NaN 3.7345580564629017 3.6130233411676045 23.68557800167153 28.07643337819485 3.7345580564629017 3.6130233411676045 
178.0001190021677 24.94848720345837 27.102129110391047 3.9409809474543636 3.7682961443043155 24.94848720345837 27.102129110391047 3.9409809474543636 3.7682961443043155 
179.00011900216765 23.89939435901715 24.51139792591036 3.717354588199129 4.19839182994599 23.89939435901715 24.51139792591036 3.717354588199129 4.19839182994599 
180.00002118603047 24.97383694707912 24.51139792591036 2.088869606605982 4.19839182994599 24.97383694707912 24.51139792591036 2.088869606605982 4.19839182994599 
181.00006152196912 25.203344769547556 25.997486080308136 3.227150376248801 5.684479984343767 25.203344769547556 25.997486080308136 3.227150376248801 4.277586512519946 
182.00011900216748 26.27076743621606 27.326069579684855 2.833428251329252 7.013063483720487 26.27076743621606 27.326069579684855 2.833428251329252 5.6061700118966655 
183.00011900216742 26.42851777880358 27.326069579684855 3.9377427297580994 7.013063483720487 26.42851777880358 27.326069579684855 3.9377427297580994 5.6061700118966655 
184.00011900216737 27.646066964468275 26.653438343111247 2.340620261648297 4.476187260729745 27.646066964468275 26.653438343111247 2.340620261648297 7.895410433869841 
185.0000798085368 27.646066964468275 26.653438343111247 2.340620261648297 4.476187260729745 27.646066964468275 26.653438343111247 2.340620261648297 7.895410433869841 
186.00011900216725 26.54444025761947 25.404095970844423 3.717615412827797 3.9326484860703204 26.54444025761947 25.404095970844423 3.717615412827797 3.9326484860703204 
187.0001190021672 26.79960661504154 23.788241580083053 3.427288730688474 3.626750057744772 26.79960661504154 23.788241580083053 3.427288730688474 3.626750057744772 
188.00011900216714 26.357172520838105 24.63817025428952 3.295940139626879 4.476678731951239 26.357172520838105 24.63817025428952 3.295940139626879 4.476678731951239 
189.00011900216708 23.84908829872316 25.995471800809668 2.835476401558765 4.6164310928066925 23.84908829872316 25.995471800809668 2.835476401558765 5.833980278471387 
190.00011900216703 23.84908829872316 24.887226316667068 2.835476401558765 3.356927871660446 23.84908829872316 24.887226316667068 2.835476401558765 3.356927871660446 
191.00011900216697 25.600908306615423 25.394483541340804 2.9389516851412623 3.205109704539467 25.600908306615423 25.394483541340804 2.9389516851412623 3.205109704539467 
192.0001190021669 26.052172611781714 26.419882267528692 3.0349492565790968 4.230508430727355 26.052172611781714 26.419882267528692 3.0349492565790968 4.230508430727355 
193.00011900216685 27.00095787412127 25.519029220808818 3.983734518918652 4.234514512482292 27.00095787412127 25.519029220808818 3.983734518918652 4.234514512482292 
194.0001190021668 27.187740947830548 25.519029220808818 3.542506675237547 4.234514512482292 27.187740947830548 25.519029220808818 3.542506675237547 4.234514512482292 
195.00011900216674 27.187740947830548 25.015433161346692 3.542506675237547 3.373672434478408 27.187740947830548 25.015433161346692 3.542506675237547 3.373672434478408 
196.00011900216668 24.536842428384745 25.015433161346692 3.7098175651974543 3.373672434478408 24.536842428384745 25.015433161346692 3.7098175651974543 3.373672434478408 
197.00011900216663 25.554461721109988 26.19367033821854 3.5217298525839738 3.603124349010699 25.554461721109988 26.19367033821854 3.5217298525839738 3.603124349010699 
198.00011900216657 26.67056579774294 27.552329480197216 3.1026109453546837 3.569772422985949 26.67056579774294 27.552329480197216 3.1026109453546837 3.569772422985949 
199.0001190021665 25.99431227961992 27.552329480197216 3.2879111657478575 3.569772422985949 25.99431227961992 27.552329480197216 3.2879111657478575 3.569772422985949 
200.00007890796772 24.66699887248427 28.091750603059126 3.1443446350822626 3.9398524256630196 24.66699887248427 28.091750603059126 3.1443446350822626 3.9398524256630196 
201.0001190021664 NaN NaN NaN NaN NaN NaN NaN NaN 
202.00011900216634 NaN NaN NaN NaN NaN NaN NaN NaN 
203.0001190021663 NaN NaN NaN NaN NaN NaN NaN NaN 
204.00011900216623 NaN NaN 2.75709947419557 NaN NaN NaN 2.75709947419557 NaN 
205.00011900216617 NaN NaN 2.928042893121642 NaN NaN NaN 2.928042893121642 NaN 
206.00011900216612 NaN NaN 2.928042893121642 NaN NaN NaN 2.928042893121642 NaN 
207.0001024556739 NaN NaN 4.401761278842287 NaN NaN NaN 4.401761278842287 NaN 
208.000119002166 NaN NaN 3.1702662943695827 NaN NaN NaN 3.1702662943695827 NaN 
209.00011900216595 NaN NaN 3.111813677372396 NaN NaN NaN 3.111813677372396 NaN 
210.0001190021659 NaN NaN 3.111813677372396 NaN NaN NaN 3.111813677372396 NaN 
211.00011900216583 NaN NaN 3.536214676834703 NaN NaN NaN 3.536214676834703 2.860387886949667 
212.00011900216577 NaN NaN 2.5517612554403684 NaN NaN NaN 2.5517612554403684 3.960054235433603 
213.00011900216572 NaN NaN 2.7584382383088837 NaN NaN NaN 2.7584382383088837 3.5201445246333662 
214.00004740483038 NaN NaN 2.7584382383088837 NaN NaN NaN 2.7584382383088837 3.0710534312592017 
215.00005656283267 NaN NaN 3.8230135442907454 NaN NaN NaN 3.8230135442907454 3.302111808669679 
216.00011900216555 NaN NaN 2.766590212522999 NaN NaN NaN 2.766590212522999 4.178423751839659 
217.0001190021655 NaN NaN 3.360574744483074 NaN NaN NaN 3.360574744483074 3.957145515966488 
218.00011900216543 NaN NaN 3.360574744483074 3.7790649941774177 NaN NaN 3.360574744483074 3.7790649941774177 
219.00011900216538 NaN NaN 3.233088633384 3.7790649941774177 NaN NaN 3.233088633384 3.7790649941774177 
220.00011900216532 NaN NaN 2.4632230659525476 5.076324082587661 NaN NaN 2.4632230659525476 5.076324082587661 
221.00011900216526 NaN NaN 3.317608468040163 6.298159532270574 NaN NaN 3.317608468040163 3.5667241012990303 
222.0001190021652 NaN NaN 3.7697862290892203 7.253692771575913 NaN NaN 3.7697862290892203 4.522257340604369 
223.00011900216515 NaN NaN 3.668680746079616 3.347754255616735 NaN NaN 3.668680746079616 3.347754255616735 
224.0001190021651 NaN NaN 3.6756324065381136 4.316263882206641 NaN NaN 3.6756324065381136 4.316263882206641 
225.00009233665276 NaN NaN 3.6756324065381136 5.447360889805566 NaN NaN 3.6756324065381136 5.447360889805566 
226.00011900216498 NaN NaN 4.004614206071267 3.0710318603726137 NaN NaN 4.004614206071267 3.0710318603726137 
227.00011900216492 25.41185471295651 NaN 3.6650247624334895 3.0710318603726137 25.41185471295651 NaN 3.6650247624334895 3.0710318603726137 
228.00011900216487 26.766616515673974 NaN 2.920179930962121 4.357959258453974 26.766616515673974 NaN 2.920179930962121 4.357959258453974 
229.0001190021648 23.089529376089047 NaN 3.1171724846745974 4.037579892112575 23.089529376089047 NaN 3.1171724846745974 4.037579892112575 
230.00011900216475 23.972612824570092 NaN 4.000255933155643 2.825593558726439 23.972612824570092 NaN 4.000255933155643 2.825593558726439 
231.0001190021647 23.972612824570092 NaN 4.000255933155643 4.092591170307685 23.972612824570092 NaN 4.000255933155643 2.7378293675902228 
232.00011900216464 25.552561681584336 NaN 3.3848696482885146 2.8924956094446657 25.552561681584336 NaN 3.3848696482885146 4.102370686454293 
233.00011900216458 24.978451193816596 NaN 2.3953743518939916 2.9996232035101116 24.978451193816596 NaN 2.3953743518939916 5.092581729000784 
234.00011900216452 24.978451193816596 NaN 2.3953743518939916 4.111191966402288 24.978451193816596 NaN 2.3953743518939916 6.20415049189296 
235.00011900216447 26.258151086422913 NaN 3.6750742445003084 4.111191966402288 26.258151086422913 NaN 3.6750742445003084 6.20415049189296 
236.0001190021644 25.512476521468756 NaN 3.863758194018857 4.378587328672694 25.512476521468756 NaN 3.863758194018857 4.378587328672694 
237.00011900216435 26.57227624503969 NaN 3.9333468750432985 3.9713459410395444 26.57227624503969 NaN 3.9333468750432985 3.9713459410395444 
238.0001190021643 26.57227624503969 NaN 3.9333468750432985 3.9713459410395444 26.57227624503969 NaN 3.9333468750432985 3.9713459410395444 
239.00011900216424 26.34022183653144 NaN 3.041031028280173 3.9254726441193384 26.34022183653144 NaN 3.041031028280173 3.9254726441193384 
240.0000141044226 24.238291129205635 NaN 3.1096070427607856 3.3484421440348626 24.238291129205635 NaN 3.1096070427607856 3.3484421440348626 
241.00011900216413 24.238291129205635 NaN 3.1096070427607856 3.7096069880973914 24.238291129205635 NaN 3.1096070427607856 3.7096069880973914 
242.00011900216407 25.655078719059276 NaN 3.2925680369283157 3.102462757670594 25.655078719059276 NaN 3.2925680369283157 3.102462757670594 
243.000119002164 27.250085752678785 NaN 3.9113803022496825 3.102462757670594 27.250085752678785 NaN 3.9113803022496825 3.102462757670594 
244.00011900216396 26.10697640004514 NaN 3.4271717053762245 3.107486571899301 26.10697640004514 NaN 3.4271717053762245 3.107486571899301 
245.0001190021639 23.697245729213705 NaN 3.03261590695638 4.427933841844123 23.697245729213705 NaN 3.03261590695638 4.427933841844123 
246.00003550285462 23.697245729213705 NaN 3.03261590695638 3.0050857356343954 23.697245729213705 NaN 3.03261590695638 3.0050857356343954 
247.00011900216379 25.130216731564474 NaN 3.3389321312516813 3.7779496830638664 25.130216731564474 NaN 3.3389321312516813 3.7779496830638664 
248.00011900216373 26.565301760987637 NaN 3.453569890730023 3.7779496830638664 26.565301760987637 NaN 3.453569890730023 3.7779496830638664 
249.00004090065264 26.565301760987637 NaN 3.453569890730023 4.039077277519482 26.565301760987637 NaN 3.453569890730023 4.039077277519482 
250.00011900216361 24.0199523271354 NaN 3.1087539096488683 4.039077277519482 24.0199523271354 NaN 3.1087539096488683 4.039077277519482 
251.00011900216356 24.0199523271354 NaN 3.1087539096488683 3.784009337381576 24.0199523271354 NaN 3.1087539096488683 3.784009337381576 
252.0001190021635 24.133179052183948 NaN 3.0769879621528844 3.784496970296999 24.133179052183948 NaN 3.0769879621528844 3.784496970296999 
253.00011900216344 25.617194472780795 NaN 2.5522397193800828 3.6970751847941585 25.617194472780795 NaN 2.5522397193800828 3.6970751847941585 
254.00010871286756 24.494467786576422 NaN 3.520714798768296 3.844911903940698 24.494467786576422 NaN 3.520714798768296 3.844911903940698 
255.00011900216333 25.628487066810578 NaN 3.219161416663866 3.4675538619625 25.628487066810578 NaN 3.219161416663866 3.4675538619625 
256.00004541067125 25.628487066810578 NaN 3.219161416663866 3.21545008894779 25.628487066810578 NaN 3.219161416663866 3.21545008894779 
257.0001190021632 26.86081844116225 NaN 3.338250567410313 3.21545008894779 26.86081844116225 NaN 3.338250567410313 3.21545008894779 
258.00011900216316 24.690221363178352 NaN 3.825236268768009 3.7441289137185265 24.690221363178352 NaN 3.825236268768009 3.7441289137185265 
259.0001190021631 26.073673245048326 NaN 4.185892069486272 4.866000159615254 26.073673245048326 NaN 4.185892069486272 3.731980879381098 
260.00011900216305 26.073673245048326 NaN 4.185892069486272 4.328509966029202 26.073673245048326 NaN 4.185892069486272 4.328509966029202 
261.000119002163 27.183830439283497 NaN 2.566983711980356 4.293575497409051 27.183830439283497 NaN 2.566983711980356 4.293575497409051 
262.00011900216293 26.025435643261034 NaN 2.485059649687628 4.1348281128415465 26.025435643261034 NaN 2.485059649687628 4.1348281128415465 
263.0001190021629 26.27263900899024 NaN 2.8963049313190936 5.131105541301395 26.27263900899024 NaN 2.8963049313190936 3.747653659431421 
264.0001190021628 26.829255168304712 NaN 3.308579134248191 3.928850894738275 26.829255168304712 NaN 3.308579134248191 3.928850894738275 
265.00011900216276 25.74614602350573 NaN 4.435491353433463 3.928850894738275 25.74614602350573 NaN 4.435491353433463 3.928850894738275 
266.0001190021627 25.74614602350573 NaN 4.435491353433463 4.175019047506282 25.74614602350573 NaN 4.435491353433463 4.175019047506282 
267.00011900216265 27.89050631859004 NaN 4.291168709617523 4.500825550949571 27.89050631859004 NaN 4.291168709617523 4.500825550949571 
268.0001190021626 27.89050631859004 NaN 4.291168709617523 4.028562075509626 27.89050631859004 NaN 4.291168709617523 4.028562075509626 
269.00011900216253 26.137728747366452 NaN 2.8413388451002675 3.8699515347028637 26.137728747366452 NaN 2.8413388451002675 3.8699515347028637 
270.0001190021625 23.69899436561954 NaN 3.1050721568942095 3.7576166265494635 23.69899436561954 NaN 3.1050721568942095 3.7576166265494635 
271.0001190021624 23.69899436561954 NaN 3.1050721568942095 3.7836356864804657 23.69899436561954 NaN 3.1050721568942095 3.7836356864804657 
272.00011900216236 25.29938920724007 NaN 3.5680593652940615 3.7836356864804657 25.29938920724007 NaN 3.5680593652940615 3.7836356864804657 
273.0001190021623 25.439941176610404 NaN 3.5131736037153587 4.189395539165616 25.439941176610404 NaN 3.5131736037153587 4.189395539165616 
274.00011900216225 26.575355746913914 NaN 2.5905437271569554 3.873012229542894 26.575355746913914 NaN 2.5905437271569554 3.873012229542894 
275.0001190021622 27.40332852786085 NaN 3.4185165081038917 3.4278567104519198 27.40332852786085 NaN 3.4185165081038917 3.4278567104519198 
276.0000706736734 27.08161870634828 NaN 4.528726757217214 3.722825508662538 27.08161870634828 NaN 4.528726757217214 3.722825508662538 
277.0001190021621 24.05065572183699 NaN 3.2410116940433795 3.722825508662538 24.05065572183699 NaN 3.2410116940433795 3.722825508662538 
278.000119002162 24.05065572183699 NaN 3.2410116940433795 3.8059147187367444 24.05065572183699 NaN 3.2410116940433795 3.8059147187367444 
279.00011900216197 25.531886664394193 NaN 3.56700331407103 4.120298110907015 25.531886664394193 NaN 3.56700331407103 4.120298110907015 
280.0001190021619 26.958785572800394 NaN 3.785517507466807 4.580457339896043 26.958785572800394 NaN 3.785517507466807 4.580457339896043 
281.00011900216185 28.220970527283527 NaN 3.8291986815722225 5.545947770194573 28.220970527283527 NaN 3.8291986815722225 5.545947770194573 
282.0001190021618 28.220970527283527 NaN 3.8291986815722225 3.5020344491522906 28.220970527283527 NaN 3.8291986815722225 3.5020344491522906 
283.00011900216174 25.088746234831206 NaN 2.700277564443354 3.044700648791604 25.088746234831206 NaN 2.700277564443354 3.044700648791604 
284.0001190021617 26.05923737292619 NaN 3.6707687025383393 3.847056910520166 26.05923737292619 NaN 3.6707687025383393 3.847056910520166 
285.0000057097902 26.05923737292619 NaN 3.6707687025383393 3.951491296218421 26.05923737292619 NaN 3.6707687025383393 3.951491296218421 
286.00011900216157 25.930628956439193 NaN 3.331137001980551 3.951491296218421 25.930628956439193 NaN 3.331137001980551 3.951491296218421 
287.0001190021615 27.535749898245115 NaN 3.1643365740123954 5.666426924303607 27.535749898245115 NaN 3.1643365740123954 3.1121312521179334 
288.00011900216145 25.048209168202277 NaN 2.796256348419945 4.3939720230457056 25.048209168202277 NaN 2.796256348419945 4.3939720230457056 
289.0001190021614 25.9688675570398 NaN 3.7169147372574685 3.6527716228448526 25.9688675570398 NaN 3.7169147372574685 3.6527716228448526 
290.00011900216134 27.254887082953815 NaN 3.2879986350862964 4.615521153536349 27.254887082953815 NaN 3.2879986350862964 4.615521153536349 
291.0001190021613 27.254887082953815 NaN 3.2879986350862964 3.160742191751865 27.254887082953815 NaN 3.2879986350862964 4.159281306340802 
292.0001190021612 27.388757333583442 NaN 2.5827910284731956 3.297920519211118 27.388757333583442 NaN 2.5827910284731956 3.297920519211118 
293.00011900216117 27.504682428476485 NaN 3.022081929046749 2.8071389257914348 27.504682428476485 NaN 3.022081929046749 2.8071389257914348 
294.0001190021611 26.26779784515361 NaN 3.107304756057033 2.8071389257914348 26.26779784515361 NaN 3.107304756057033 2.8071389257914348 
295.00011900216106 26.26779784515361 NaN 3.107304756057033 4.545716094970146 26.26779784515361 NaN 3.107304756057033 4.545716094970146 
296.000119002161 27.575305191529253 NaN 2.5617374536415696 2.6536482061454194 27.575305191529253 NaN 2.5617374536415696 2.6536482061454194 
297.00011900216094 26.52140118680728 NaN 3.648547458958376 3.3692864886736515 26.52140118680728 NaN 3.648547458958376 3.3692864886736515 
298.0001190021609 26.820669473262058 NaN 3.0948706914360855 3.2712255006751434 26.820669473262058 NaN 3.0948706914360855 3.2712255006751434 
299.00011900216083 27.88998232729665 NaN 3.2289863228587024 3.381424323653448 27.88998232729665 NaN 3.2289863228587024 3.381424323653448 
300.0001190021608 27.88998232729665 NaN 3.2289863228587024 3.519809975718431 27.88998232729665 NaN 3.2289863228587024 3.519809975718431 
#####################################################################
# End of data export. Simulation finished at: 2019-09-24T05:35+0000 #
#####################################################################
