#####################################################################
# Alchemist log file - simulation started at: 2019-09-18T09:47+0000 #
#####################################################################
# seed = 104.0, stage_width = 750
#
# The columns have the following meaning: 
# time rep-bcast[Sum] rep-ccast[Sum] share-bcast[Sum] share-ccast[Sum] 
0.0 NaN NaN NaN NaN 
1.0000155978581415 NaN NaN NaN NaN 
2.0000155978581415 NaN NaN NaN NaN 
3.0000155978581424 NaN NaN 1.6008020450550045 NaN 
4.000015597858143 NaN NaN 1.6958411038228938 1.9027044120225014 
5.000015597858144 NaN NaN 1.729934280270082 2.650999611916769 
6.000015597858145 NaN NaN 1.729934280270082 1.1282015312653062 
7.0000155978581455 NaN NaN 1.8075685306320803 1.1282015312653062 
8.000015597858146 NaN NaN 1.8075685306320803 2.742597369294444 
9.000015597858143 NaN NaN 2.2554724609779946 2.4278241205854307 
10.00001559785814 NaN NaN 1.8736144635849605 1.3365239753935096 
11.000015597858136 10.277584298680136 NaN 1.7903899904908513 2.4580586300955183 
12.000015597858132 9.702837261591801 NaN 0.9023018388170847 2.4580586300955183 
13.000015597858129 9.702837261591801 NaN 0.9023018388170847 2.6679563265411623 
14.000015597858125 11.255282369846434 NaN 1.0123114099899695 2.010591076734636 
15.000015597858122 9.638434657999401 NaN 0.7359230018201668 3.1024795641419534 
16.00001559785812 10.811861904445061 NaN 1.9093502482658273 3.1024795641419534 
17.000015597858116 11.904945219540311 NaN 1.9105450759537597 1.7982908129782924 
18.000015597858113 12.016554022376999 NaN 1.8559162009533061 1.95611596580763 
19.00001559785811 12.016554022376999 NaN 1.8559162009533061 2.320926762817855 
20.000015597858106 10.87110361725389 NaN 2.33851839821871 2.320926762817855 
21.000015597858102 10.87110361725389 NaN 2.33851839821871 3.5545713588560695 
22.0000155978581 10.47330171221339 11.270320910128333 1.0034038744445226 2.1896072833652944 
23.000015597858095 9.984467973748608 11.270320910128333 1.957005673061488 2.1896072833652944 
24.00001559785809 11.160354422540102 12.912760656460136 1.2963051484126673 1.5220210467106305 
25.000015597858088 11.332836548567688 13.911193305021268 1.2968049065784228 1.344567246480267 
26.000015597858084 11.332836548567688 11.376025752409992 1.2968049065784228 2.42205171016003 
27.00001559785808 11.686249655473674 10.286400597427733 1.7436738523305948 1.9559976122211218 
28.000015597858077 11.327302098571487 10.286400597427733 1.7495671591397866 1.9559976122211218 
29.000015597858074 11.367955229574427 11.748731665552356 1.9445872828590751 3.418328680345745 
30.00001559785807 11.367955229574427 10.344322543523472 1.9445872828590751 1.9284681586053303 
31.000015597858066 11.357955117741191 11.384576446006974 1.930150215006691 2.968722061088833 
32.00001559785807 12.457359497909092 10.752088945334105 1.990735752112748 1.6311822980756503 
33.00001559785808 12.480463786534091 10.752088945334105 2.207230734292459 1.6311822980756503 
34.000015597858095 11.775546035645483 11.227846035123907 1.8566401893071713 1.9611368063145171 
35.00001559785811 11.775546035645483 12.578279112097736 1.8566401893071713 3.311569883288346 
36.00001559785812 11.579476449600179 12.578279112097736 1.8736514611869026 3.311569883288346 
37.00001559785814 9.709858919891456 11.345492417331343 1.9064033733038954 2.5091910345960855 
38.00001559785815 10.462715114234346 11.332089072175176 1.0732203091241246 1.1115341343759013 
39.000015597858166 11.726409384813852 12.513163909843069 2.336914579703631 1.5397527777009046 
40.00001559785818 10.254582552461255 12.513163909843069 1.9343394093803639 1.5397527777009046 
41.000015597858194 10.44027015939178 12.672644969657732 1.9792060811264989 1.518917337425016 
42.00001559785821 10.44027015939178 11.22856864725913 1.9792060811264989 2.8946405455765927 
43.00001559785822 11.905733668853756 12.278307488032901 2.2018107602848573 1.689114798102466 
44.00001559785824 10.530096969591767 12.278307488032901 2.362069508815054 1.689114798102466 
45.00001559785825 10.530096969591767 11.74422908590882 2.362069508815054 2.045726151347523 
46.000015597858265 10.739383030555942 10.332655798519909 2.8720498059792874 1.6762102901150442 
47.00001559785828 12.149851424468409 11.721786217450216 1.2939772417354263 1.5056215711073477 
48.000015597858294 12.149851424468409 11.721786217450216 1.2939772417354263 1.5056215711073477 
49.00001559785831 12.080846648545062 11.029217868725915 1.4218813054044332 2.9490944058167585 
50.00001559785832 12.002277927977126 10.235252989402149 1.331737999284222 4.448146875906367 
51.00001559785834 12.002277927977126 10.999119535721768 1.331737999284222 2.2845105457142054 
52.00001559785835 12.182460234011067 10.999119535721768 1.1939426728964477 2.2845105457142054 
53.000015597858365 10.680792398463637 12.48133763313674 1.5469903294845935 2.4133991145399776 
54.00001559785838 11.934191707114863 13.641034819801035 1.3181715407208472 2.211839157502439 
55.00001559785839 12.226239421372753 13.758068126699762 1.5002609090882117 3.554813973815193 
56.00001559785841 12.226239421372753 11.76503461305471 1.5002609090882117 4.563225926313891 
57.00001559785842 10.507217355107052 12.875051241307354 1.4268049846660844 1.9611424879758843 
58.000015597858436 10.720532897344448 12.568702870537464 0.9108223650824456 1.9449943632533717 
59.00001559785845 11.898995012133938 12.568702870537464 2.089284479871935 1.9449943632533717 
60.000015597858464 11.898995012133938 11.11114090755023 2.089284479871935 1.8124893156102146 
61.00001559785848 10.387525584428104 11.03118810940083 2.2669695897970072 1.907403931260525 
62.00001559785849 11.632326691311327 11.03118810940083 2.041829783155684 1.907403931260525 
63.00001559785851 11.926491517212767 10.032196140433719 1.8264844249369432 1.955527431809827 
64.00001559785852 11.62574981951122 11.24465609362592 1.52878144700788 1.9231862781188056 
65.00001559785854 11.62574981951122 11.062007218919433 1.52878144700788 1.9359053398424848 
66.00001559785855 12.00542576940542 10.571924408593944 1.855694630374174 1.6061326848352309 
67.00001559785856 10.817216890246314 11.781389604525273 1.0964183413756103 2.8155978807665605 
68.00001559785858 12.0892722790839 11.798222600344388 1.1590085342818668 2.562576631917807 
69.00001559785859 12.0892722790839 11.798222600344388 1.1590085342818668 2.562576631917807 
70.0000155978586 11.377728167064689 10.494220455436611 1.524499929973672 4.039482562967223 
71.00001559785862 9.92828880342691 11.925208864033273 1.341472279250823 7.00984410812238 
72.00001559785863 11.134917338559191 10.450305734207788 1.1171124057864432 2.5843482638233297 
73.00001559785865 11.134917338559191 11.429955296365208 1.1171124057864432 3.563997825980749 
74.00001559785866 9.849257010973801 12.218740524789368 1.3221375548848187 1.852276238946061 
75.00001559785868 10.834966921515658 12.218740524789368 1.3281979032692561 1.852276238946061 
76.00001559785869 10.41722951760569 9.996896806447026 2.0441294495860376 2.003334425847399 
77.0000155978587 10.134320214630819 9.97500234523919 1.4136481523918576 2.1589079437500516 
78.00001559785872 10.134320214630819 11.166157727826914 1.4136481523918576 3.350063326337775 
79.00001559785873 11.54186201230776 11.166157727826914 1.6799065216242894 3.350063326337775 
80.00001559785875 11.78725252653021 12.608073126233919 2.020493540968758 4.79197872474478 
81.00001559785876 NaN NaN NaN NaN 
82.00001559785878 NaN NaN NaN NaN 
83.00001559785879 NaN NaN 1.7316158981689966 NaN 
84.0000155978588 NaN NaN 1.2222758634306246 NaN 
85.00001559785882 NaN NaN 1.6594521045030746 NaN 
86.00001559785883 NaN NaN 1.2789870215320036 NaN 
87.00001559785885 NaN NaN 1.2789870215320036 NaN 
88.00001559785886 NaN NaN 1.4482718722207295 1.4195414191366638 
89.00001559785888 NaN NaN 1.3145964734436006 1.1344382777190987 
90.00001559785889 NaN NaN 1.3145964734436006 1.1344382777190987 
91.0000155978589 NaN NaN 1.5540061077773686 1.4502841515398899 
92.00001559785892 9.21729633420155 NaN 1.265521468692711 1.6962724087730834 
93.00001559785893 10.714480938464035 NaN 1.0414762020504469 2.721046614005772 
94.00001559785895 10.714480938464035 NaN 1.0414762020504469 2.721046614005772 
95.00001559785896 11.674255389828417 NaN 0.6868305043935266 1.33098917000666 
96.00001559785898 11.674255389828417 NaN 0.6868305043935266 1.3868258694688649 
97.00001559785899 11.760179611794385 NaN 1.3245158076556862 1.3868258694688649 
98.000015597859 11.383427679753552 NaN 1.712777383375851 2.36699877499521 
99.00001559785902 12.647865945610022 NaN 1.3885826276738982 1.4596553781684491 
100.00001559785903 11.408789385640219 NaN 2.7322162176439235 1.4596553781684491 
101.00001559785905 11.408789385640219 NaN 2.7322162176439235 1.5441551049903524 
102.00001559785906 11.033115615170004 NaN 0.9528533601551601 1.5290262537977384 
103.00001559785908 10.877523101890304 NaN 1.189985979002799 1.6218951972205815 
104.00001559785909 10.877523101890304 NaN 1.189985979002799 1.0580897266377463 
105.0000155978591 11.18978016377362 NaN 1.2807734275204723 2.287168512895704 
106.00001559785912 10.252612884393784 NaN 1.568024923447524 2.287168512895704 
107.00001559785913 10.656306880621088 NaN 1.3292768957225007 3.541258852959487 
108.00001559785915 11.869052311820141 NaN 1.287931986857771 1.4693386665492767 
109.00001559785916 11.660606927620123 NaN 1.1235944020081803 1.2565749833034374 
110.00001559785917 11.660606927620123 NaN 1.1235944020081803 0.9994858166349019 
111.00001559785919 10.008947295661443 NaN 1.4046907547605372 0.9994858166349019 
112.0000155978592 10.308520144045545 NaN 1.9096698712321825 2.6998052987001984 
113.00001559785922 10.308520144045545 NaN 1.9096698712321825 2.6998052987001984 
114.00001559785923 10.482468502670812 NaN 1.6295425663904837 4.348315304873324 
115.00001559785925 11.399418558267499 NaN 2.54649262198717 2.9994249503347703 
116.00001559785926 11.599299504496713 NaN 2.0996954490854733 1.557021197175274 
117.00001559785927 10.363051028829972 NaN 1.7863507664119425 1.4103092713266534 
118.00001559785929 10.363051028829972 NaN 1.7863507664119425 1.37395015046134 
119.0000155978593 10.386882915796193 NaN 2.45996939592537 1.37395015046134 
120.00001559785932 10.523978231279301 NaN 1.3314840221491977 1.2168610494699408 
121.00001559785933 10.68419232765197 NaN 2.6147965892117355 1.2168610494699408 
122.00001559785935 11.868179894926087 NaN 0.7596901606941628 1.7076099736424908 
123.00001559785936 11.215103856278319 NaN 1.8069336041116912 1.9096553348397123 
124.00001559785937 12.309144641938104 NaN 1.4156164615117177 2.1028273942388864 
125.00001559785939 12.309144641938104 NaN 1.4156164615117177 1.9196631549591245 
126.0000155978594 10.534083594550438 NaN 1.4721711269524178 1.9196631549591245 
127.00001559785942 10.01402033539675 NaN 2.0377680507445604 2.1339955155904278 
128.00001559785943 10.01402033539675 NaN 2.0377680507445604 2.199456638119841 
129.00001559785937 11.310855612635564 NaN 2.0262301816922843 2.199456638119841 
130.00001559785932 11.167550657442959 NaN 1.5943113416459624 3.8436831281076564 
131.00001559785926 12.387482203903105 NaN 1.1700163981182925 1.368717533352168 
132.0000019590031 10.37405528049375 NaN 2.195683470500626 1.465483632005288 
133.00001559785915 11.51202967080441 NaN 2.014855475800971 1.465483632005288 
134.0000155978591 9.412337976337525 NaN 1.4609836911538707 1.753873578810925 
135.00001559785903 10.474688768913623 NaN 2.5233344837299683 1.8402716370972314 
136.00001559785898 10.8403720742876 NaN 1.2146675254567754 1.788330144348464 
137.00001559785892 10.8403720742876 NaN 1.2146675254567754 1.9857838615866683 
138.00001559785886 12.310888597940888 NaN 1.9742996813926652 1.7545598538946194 
139.0000155978588 10.770342660007842 NaN 1.9814977945798091 1.487505687671785 
140.00001559785875 10.505040316154606 NaN 1.1584210814642404 1.4224010085754344 
141.0000155978587 11.272403450638052 NaN 1.9257842159476866 2.5031217873392393 
142.00001559785863 11.160378817389159 NaN 1.9306640238040131 2.5031217873392393 
143.00001559785858 10.808014158731993 NaN 1.814276231496308 1.8248778835884707 
144.00001559785852 9.352031892003055 NaN 1.4286800556850494 1.99635414135426 
145.00001559785846 9.389033488533073 NaN 2.1765660199324657 1.99635414135426 
146.0000155978584 10.399626910341539 NaN 1.8089054322137201 1.4533471001826967 
147.00001559785835 9.004462926522393 NaN 1.1683113136880365 0.9646891945869811 
148.0000155978583 10.386120545088545 NaN 1.2801474517940221 2.106115956278501 
149.00001559785824 11.496072486112979 NaN 1.2486726311269365 2.106115956278501 
150.00001559785818 11.496072486112979 NaN 1.2486726311269365 3.582513455872146 
151.00001559785812 10.396493380737127 NaN 1.0780563274929875 1.3995774736650048 
152.00001559785807 11.588509336150082 NaN 1.0982196777076467 1.430842321483027 
153.000015597858 9.985544004995234 NaN 2.04401850218386 1.6498477274637366 
154.00001559785795 11.143608926607811 NaN 1.8650373800187197 1.6498477274637366 
155.0000155978579 10.97072368070306 NaN 1.659384782247514 2.2567995104567444 
156.00001559785784 10.97072368070306 NaN 1.659384782247514 2.2567995104567444 
157.00001559785778 12.537661178194014 NaN 1.6735716722692473 2.865978778443946 
158.00001559785773 12.29561316454263 NaN 1.1680526153586186 1.4989186430889276 
159.00001559785767 12.186679951840915 NaN 2.3289408831170704 1.4989186430889276 
160.0000155978576 10.780114038578716 NaN 2.1349531053816406 1.9702834285857875 
161.00001559785755 10.780114038578716 NaN 2.1349531053816406 2.167794160831704 
162.0000155978575 10.834817013913778 NaN 1.6284187677289879 2.014134867690103 
163.00001559785744 11.936625301416171 NaN 1.371828055227013 2.014134867690103 
164.00001559785738 10.703781490416247 NaN 1.8294525945171074 2.051046545120869 
165.00001559785733 12.005695817844753 NaN 0.8255355783994958 1.9916023432004692 
166.00001559785727 12.005695817844753 NaN 0.8255355783994958 2.195466229197933 
167.0000155978572 11.679414023540005 NaN 1.1993113521841963 2.195466229197933 
168.00001559785716 11.657477367248362 NaN 0.9510794851107107 2.0206968613618983 
169.0000155978571 11.657477367248362 NaN 0.9510794851107107 1.8212994446226674 
170.00001559785704 11.406127473854411 NaN 2.104975717475156 1.6626862990934796 
171.000015597857 12.583802663648413 NaN 1.2654476829615362 0.9375651215685536 
172.00001559785693 12.150277389402532 NaN 1.5396747121655778 1.2831353458658725 
173.00001559785687 10.601208250266154 NaN 0.8833582138236125 1.2831353458658725 
174.00001559785682 11.435731288255568 NaN 1.7178812518130258 1.4277363843339685 
175.00001559785676 10.245778670398181 NaN 1.3895942950935307 1.0851912496456464 
176.0000155978567 10.622182013412527 NaN 1.2597838584372028 1.2654138100784849 
177.00001559785665 8.695171539635083 NaN 1.057282895345054 1.242652460920823 
178.0000155978566 8.695171539635083 NaN 1.057282895345054 2.0010534298517655 
179.00001559785653 10.165279793260936 NaN 1.32105611573445 1.7958853485164354 
180.00001559785647 10.313320267476058 NaN 0.8123952072069187 2.699472894414839 
181.00001559785642 11.311221853676273 NaN 0.9067092475087293 1.3377764150957319 
182.00001559785636 11.375808936950591 NaN 1.996633945519136 1.3429764522448409 
183.0000155978563 11.11557509550633 NaN 2.0130614417619483 2.5476455058035015 
184.00001559785625 10.854735191863739 NaN 2.19328559717826 2.5476455058035015 
185.0000155978562 10.625561811803664 NaN 2.1183499826099705 3.677569639181712 
186.00001559785613 10.625561811803664 NaN 2.1183499826099705 1.4216955970321408 
187.00001559785608 10.777765308586453 NaN 1.1563426248625888 1.02581478882189 
188.00001559785602 9.331298686553708 NaN 1.8291916159112134 2.3137630061542325 
189.00001559785596 9.331298686553708 NaN 1.8291916159112134 2.4612277560513576 
190.0000155978559 10.517995404984589 NaN 1.7279401170097515 2.4612277560513576 
191.00001559785585 10.75348216615717 NaN 1.2712448912792524 2.4566595800312143 
192.0000155978558 10.842651849181664 NaN 1.2048652048993915 1.5817203128137578 
193.00001559785574 11.081478173072298 NaN 2.4467931521393496 1.5817203128137578 
194.00001559785568 12.060955716322752 NaN 1.9754389371053946 3.0080112439886477 
195.00001559785562 9.672363207775021 NaN 1.7755366915931745 4.5068811168194145 
196.00001559785557 9.672363207775021 NaN 1.7755366915931745 4.5068811168194145 
197.0000155978555 11.111297040767596 NaN 1.7156006517549827 2.3067625044533315 
198.00001559785545 11.477082105310188 NaN 1.458197709524626 1.0651775673660495 
199.0000155978554 11.477082105310188 NaN 1.458197709524626 1.3506961881811037 
200.00001559785534 11.69441994689683 NaN 1.5397461868756466 2.357688422202841 
201.00001559785528 NaN 123.75057599162845 NaN NaN 
202.00001559785522 NaN 123.75057599162845 NaN NaN 
203.00001559785517 NaN 125.38375721288124 1.8596843347422407 NaN 
204.0000155978551 NaN 127.22205496455071 1.2461245658837754 NaN 
205.00001559785505 NaN 127.22205496455071 1.2959467231854376 NaN 
206.000015597855 NaN 128.58073592271523 1.2968635346278745 NaN 
207.00001559785494 NaN 130.21083204740592 1.2396298553098575 1.6919135482273475 
208.00001559785488 NaN 131.31229368449368 1.8320511703831244 1.4919279064685895 
209.00001559785483 NaN 132.0442381679 1.8320511703831244 0.8227049591531568 
210.00001559785477 NaN 132.0442381679 1.2048751223149736 0.8227049591531568 
211.0000155978547 10.156596259343445 133.60570914612077 1.8629340830719059 2.3841759373739535 
212.00001559785466 11.20892484698544 134.41834674935666 1.353791692493104 1.9011779425480313 
213.0000155978546 10.801050526945403 135.85701669311163 1.766460990469966 1.949844442139721 
214.00001559785454 10.801050526945403 137.21323488016674 1.766460990469966 2.253734041552832 
215.00001559785449 11.87623074837802 137.21323488016674 0.986888721697369 2.253734041552832 
216.00001559785443 9.679894265039138 138.51568693959365 1.8561414232361244 3.556186100979744 
217.00001559785437 10.795067525510746 139.38251525736473 1.6688626242808198 1.182391655500652 
218.00001559785431 11.85630449883152 140.44934991288733 1.8632712798304851 1.3799736094844945 
219.00001559785426 11.85630449883152 141.60840725220532 1.8632712798304851 2.5390309488024627 
220.0000155978542 10.485178693194655 142.93365634459968 2.0800669482073033 2.7491067807252136 
221.00001559785414 10.349534394677448 142.93365634459968 2.3468362885929253 2.7491067807252136 
222.0000155978541 10.349534394677448 145.30904625886086 2.3468362885929253 5.124496694986391 
223.00000232853867 11.805071921945057 145.30904625886086 1.0562563131061609 5.124496694986391 
224.00001559785397 11.014260623269621 146.41962209341955 1.5622310575203926 6.235072529545079 
225.00001559785392 9.617006908486388 147.75247680286213 1.7130717546604899 0.8811994864809094 
226.00001559785386 10.706588377122728 149.27037600225032 1.4697985138542151 2.3990986858690633 
227.0000155978538 10.706588377122728 149.27037600225032 1.4697985138542151 2.3990986858690633 
228.00001559785375 10.12971700998608 150.35645415160127 1.3086909206231212 2.22376030352126 
229.0000155978537 11.164989708245258 151.6174632292351 1.2578854695313169 3.484769381155104 
230.00001559785363 11.164989708245258 152.6526624295406 1.2578854695313169 2.073595506667175 
231.00001559785358 9.030773772802007 153.6935521442265 1.7678352985265633 2.0792125230939007 
232.00001559785352 10.106673424195293 154.6878811937691 0.7676460349284753 1.3025826660074245 
233.00001559785346 10.017541854340578 156.03950236270452 1.633035968974923 1.5783041835495624 
234.0000155978534 10.357343290081445 156.03950236270452 2.0890841897318637 1.5783041835495624 
235.00001559785335 10.357343290081445 157.6809858733963 2.0890841897318637 2.3543977601948995 
236.0000155978533 9.109546653918159 158.75947530851454 2.3404202934639216 3.4328871953131 
237.00001559785323 10.543612301851368 10.950398691917911 2.1330024307053463 1.7927513524658139 
238.00001559785318 11.696120655726617 10.950398691917911 2.2070213494623943 1.7927513524658139 
239.00001559785312 10.505712907912908 9.90925761325687 1.9505021285137616 3.1436745782210096 
240.00001559785306 10.412692938342076 11.663994716450333 1.5417581334932038 2.3118376796060147 
241.000015597853 9.508207825119769 11.663994716450333 0.9177546813059507 2.3118376796060147 
242.00001559785295 9.508207825119769 13.20347799834417 0.9177546813059507 2.694641482328734 
243.0000155978529 11.089181065300409 12.304495216489101 2.4987279214865907 1.4937047253619085 
244.00001559785284 11.089181065300409 11.489220316986547 2.4987279214865907 2.619719411299087 
245.00001559785278 11.375154216043626 12.851850138952955 1.7248628344973724 2.401375993084855 
246.00001559785272 12.420851636566795 12.851850138952955 1.6445455690833626 2.401375993084855 
247.00001559785267 11.046531016962689 14.446291613601147 1.6275680733228342 3.9958174677330476 
248.0000155978526 12.153993754023048 11.368129623294635 1.140589335735001 5.405055668326781 
249.00001559785255 10.549998579061281 11.368129623294635 0.8914778860544459 5.405055668326781 
250.0000155978525 10.90185748679562 10.303604431661086 2.1038761954404777 1.513311506271549 
251.00001559785244 10.90185748679562 10.623253892374805 2.1038761954404777 1.6150134468067279 
252.00001559785238 11.356049145949726 11.73179015394416 0.9457742232751798 2.7235497083760833 
253.00001559785233 11.033677406293236 8.855857389258063 1.0543495039431718 4.196918154555476 
254.00001559785227 10.236207952428828 8.855857389258063 2.254870860789964 4.196918154555476 
255.0000155978522 11.394145543021494 10.092199956575001 1.9394400052032381 2.8724730517905073 
256.00001559785215 11.394145543021494 11.48609399272388 1.9394400052032381 1.8487341888552464 
257.0000155978521 10.42419922402442 10.197290871964952 1.2963283793549465 2.951280814825367 
258.00001326573084 11.238443953913674 11.161245083264674 1.0080264832740795 1.5339020768089995 
259.000015597852 10.881024117327598 12.004095765517292 1.0958906359820162 0.7987784102782598 
260.0000155978519 12.07012757811097 9.878180541642024 0.8335539242870595 2.152850983762562 
261.00001559785187 12.07012757811097 10.87291985846295 0.8335539242870595 2.0957719365758294 
262.0000155978518 11.190661677914107 10.87291985846295 1.7150962736927795 2.0957719365758294 
263.00001559785176 11.400484234042551 10.854806543152534 2.0387157745696527 2.236944521177918 
264.0000155978517 11.400484234042551 10.816349415860714 2.0387157745696527 1.7885735034591335 
265.00001559785164 11.153845310142515 10.827123541324198 1.9351692514635488 2.9998689857694103 
266.0000155978516 12.143843371470211 10.827123541324198 1.7465128978457187 2.9998689857694103 
267.00001559785153 12.09868602279883 11.359882811324866 1.7264026341809995 2.145477506385589 
268.0000155978515 12.172875572192282 10.812881879609336 1.5037893591299962 1.4044182723143308 
269.0000155978514 12.172875572192282 9.939987507165824 1.5037893591299962 0.9295034082254006 
270.00001559785136 10.700281479481134 9.939987507165824 1.500422740039312 0.9295034082254006 
271.0000155978513 11.342498916147235 11.491258035197518 1.7580609454777232 2.480773936257094 
272.00001559785125 12.044758424454756 12.628472851828803 1.654533009012141 2.181231326077068 
273.0000155978512 12.044758424454756 13.454153090427155 1.654533009012141 1.7561046377836078 
274.00001559785113 11.258347223448311 11.883097754810933 1.2302421149824454 1.553435604048957 
275.0000155978511 11.384945307160592 11.883097754810933 2.535494613640253 1.553435604048957 
276.000015597851 11.384945307160592 10.902172479607032 2.535494613640253 1.5789945076222693 
277.00001559785096 12.32680867814247 11.305830815438924 1.879416844327693 2.972650904781858 
278.0000155978509 12.32680867814247 11.917486069375627 1.879416844327693 3.5843061587185616 
279.00001559785085 10.5364840846741 13.332477162507018 1.2146015062583615 1.5408858998999904 
280.0000001862066 10.571894708419734 14.879933724365799 2.243180851457396 1.74784614873181 
281.00001559785073 12.14128830026857 14.879933724365799 0.8501267883160608 1.74784614873181 
282.0000155978507 12.14128830026857 11.899772589482723 0.8501267883160608 1.8351318996489 
283.0000155978506 10.935054963212337 10.45824498789284 1.2165136998066828 1.5227602246681045 
284.00001559785056 11.724347978574258 12.037505890582224 1.5744650368989141 1.6197691197507424 
285.0000155978505 11.724347978574258 12.037505890582224 1.5744650368989141 1.6197691197507424 
286.00001559785045 11.687238244183504 12.277607614584724 1.203167957650237 3.398475004953184 
287.0000155978504 11.296628589582497 10.485476169880599 2.3767213678224834 4.26035158063479 
288.00001559785034 10.74564725067438 10.485476169880599 1.1904692191266122 4.26035158063479 
289.0000155978503 10.249961724773812 12.224065917876999 2.109774786357434 2.0024508410579642 
290.0000155978502 11.350958309021166 10.258600847856314 1.4721816226083888 3.210464760827506 
291.00001559785017 11.350958309021166 11.174215458278866 1.4721816226083888 4.126079371250057 
292.0000155978501 11.114999168650286 10.769382347677777 1.575665124326747 1.8160073888314514 
293.00001559785005 12.574679465450345 11.96367996176707 0.9551703294565073 3.010305002920745 
294.00001559785 12.574679465450345 13.07630403300567 0.9551703294565073 1.3517513558713858 
295.00001559784994 10.118626132397651 13.07630403300567 1.2569672979880693 1.3517513558713858 
296.0000155978499 9.666043878425853 11.489738315459533 1.4704668579801137 1.3663163172714121 
297.0000155978498 10.400296534228858 11.56437521954524 1.555936545443842 2.6489170447978267 
298.00001559784977 10.400296534228858 12.788868025129943 1.555936545443842 2.5472862191518857 
299.0000155978497 10.133034561778572 12.788868025129943 1.7446635934635424 2.5472862191518857 
300.00001559784965 11.131854231972568 10.103167553193657 1.5189904580728353 1.4423146140234735 
#####################################################################
# End of data export. Simulation finished at: 2019-09-18T10:06+0000 #
#####################################################################
