#####################################################################
# Alchemist log file - simulation started at: 2019-09-18T12:02+0000 #
#####################################################################
# seed = 115.0, stage_width = 1500
#
# The columns have the following meaning: 
# time rep-bcast[Sum] rep-ccast[Sum] share-bcast[Sum] share-ccast[Sum] 
0.0 NaN NaN NaN NaN 
1.000111111306615 NaN NaN NaN NaN 
2.000018778833167 NaN NaN NaN NaN 
3.000284168966005 NaN NaN NaN NaN 
4.000284168966005 NaN NaN 2.1679909933395116 NaN 
5.000284168966006 NaN NaN 2.4079118151459085 2.552134061278032 
6.000284168966007 NaN NaN 1.7667660001453047 2.552134061278032 
7.000284168966008 NaN NaN 3.063875053374316 3.3487431676965516 
8.000284168966008 NaN NaN 4.0618753238013765 3.3487431676965516 
9.000284168966004 NaN NaN 3.6051781226454027 2.8891918426079686 
10.000284168966001 NaN NaN 3.2520552511356016 2.585887056874385 
11.000284168965997 NaN NaN 4.314627029018563 2.8481576972982534 
12.000284168965994 NaN NaN 2.5894701350623794 3.045974102508257 
13.00028416896599 NaN NaN 2.135483815495247 2.056022706800814 
14.000284168965987 NaN NaN 2.19225011660847 2.056022706800814 
15.000284168965983 NaN NaN 2.9835948112667268 2.588617637087399 
16.00028416896598 NaN NaN 2.9457074918922324 2.7527604319686 
17.000284168965976 NaN NaN 2.556688873798999 2.6818970458706577 
18.000284168965972 NaN NaN 2.409633467743909 2.9518586925833485 
19.00028416896597 NaN NaN 2.4898905159008677 2.8231292201751934 
20.000284168965965 NaN NaN 2.4898905159008677 2.375148436150841 
21.000201194810185 19.11710339325884 NaN 2.585792942434942 2.375148436150841 
22.00028416896596 19.904707175755945 NaN 1.8761526846824168 2.759726908199795 
23.000284168965955 19.904707175755945 NaN 1.8761526846824168 2.492596214128614 
24.00028416896595 19.75717587477912 NaN 1.928745024454674 3.705262164638267 
25.000284168965948 21.11567382850899 NaN 3.287242978184544 3.705262164638267 
26.000284168965944 20.717579100907617 NaN 3.0525842153403246 5.264697330233648 
27.00028416896594 21.303210297087766 NaN 2.425549461010821 5.264697330233648 
28.000232014531182 22.16690303379792 NaN 3.2892421977209736 3.9692993361022566 
29.000284168965933 20.657906708911693 NaN 3.3619286232258716 3.6096192625802708 
30.00028416896593 21.833655595057607 NaN 2.763138226929506 3.2650678565605453 
31.000284168965926 18.98367470635945 NaN 2.4243737671906196 3.577940461491025 
32.000284168965926 19.98292848540688 NaN 2.065802556912228 2.625293181309992 
33.00001731361255 20.01229159407235 NaN 2.210127273818685 2.625293181309992 
34.000284168965955 19.59194665062931 NaN 2.1329945761506757 2.5828068913641964 
35.00028416896597 20.373201716795343 NaN 2.914249642316708 4.240650787529763 
36.0000955440025 19.44123620230058 NaN 2.7489017670560614 2.891476250893973 
37.000284168966 19.44123620230058 NaN 2.7489017670560614 2.891476250893973 
38.00028416896601 20.2617174188215 NaN 1.8338775222412877 2.121107913786112 
39.000284168966026 20.18489392376926 NaN 2.8819641852880125 2.121107913786112 
40.000114807324614 21.175655834553368 20.320599306658245 2.5058700000393657 3.369253620258533 
41.000284168966054 21.175655834553368 20.379978594962413 2.5058700000393657 3.3769176698830634 
42.000001300360815 19.889170616683902 20.360035611829588 1.866972330049677 4.43478105787112 
43.00028416896608 18.64887763247644 19.750165418485217 1.9741612021522954 3.105329644841497 
44.0002841689661 19.81691474119586 17.563081623418004 2.084334922883656 3.9791201988496994 
45.00009578556726 20.683595879770735 17.563081623418004 2.9510160614585317 3.9791201988496994 
46.000284168966125 20.662730399062347 18.87934148576443 2.2335344802289043 5.295380061196127 
47.00028416896614 19.88425340296946 19.97920998288164 3.2295967665782968 2.5878447026966 
48.000284168966154 18.262353457992013 18.061789864777612 2.648079828788127 3.475306659974045 
49.00028416896617 18.575866702315302 19.136527629067917 2.961593073111416 3.0114747393773555 
50.00028416896618 19.79097192402873 19.136527629067917 3.0768297977076386 3.0114747393773555 
51.000022576189814 21.136716987345388 18.815782978899957 2.668431765171974 2.305718833496883 
52.00015129563593 16.758174568386195 18.96615555223584 2.522351147317039 3.9449800709622025 
53.000284168966225 17.602514836948217 18.96615555223584 2.0281288665305937 3.9449800709622025 
54.00028416896624 18.700408632475643 20.31710998154481 1.4867614245927 3.121634115394258 
55.00028416896625 19.063905793760135 19.641735601231403 2.9892264924182683 4.009502032817927 
56.00028416896627 19.063905793760135 20.46802504199885 2.9892264924182683 4.094566562400374 
57.00028416896628 20.195923104832488 20.46802504199885 2.770289374181651 4.094566562400374 
58.000090682090885 21.83944431790868 20.933886240307764 2.125671093663186 3.943636098704772 
59.00028416896631 17.494416699606973 20.933886240307764 1.9649668401676053 3.943636098704772 
60.000284168966324 18.263596856437495 21.022881090645605 1.7644916740008512 3.708922171101129 
61.00028416896634 19.084256787151148 21.022881090645605 2.585151604714504 3.708922171101129 
62.00028416896635 18.850001288751187 22.659145419543222 1.923211753731188 3.7016652869225553 
63.00028416896637 17.81725535893971 24.07512346296572 3.080516240274342 3.097695763011039 
64.00018598235133 18.698952342823105 24.07512346296572 3.962213224157736 3.097695763011039 
65.00028416896639 19.49517692576189 21.885955587485086 3.122173478198903 2.5699914007897178 
66.0002841689664 20.658158266497715 17.636702904306453 2.86917677551223 2.4675273741548693 
67.00028416896642 17.64779401611505 19.15961119819341 2.3466011001886073 3.108738684158432 
68.00028416896643 18.450077410278702 19.15961119819341 3.1488844943522594 3.108738684158432 
69.00028416896645 19.56139437306434 20.339524665191966 3.2053609972295902 3.492427568218204 
70.00010054588354 20.203101945713207 19.02325978900712 2.3241602759915025 2.9691597737737396 
71.00028416896647 19.869537224806912 19.02325978900712 2.1492446374351175 2.9691597737737396 
72.00028416896649 18.611698737785453 19.578459630694745 2.32352316401942 2.5394164049474455 
73.0002841689665 18.611698737785453 19.27874558296056 2.32352316401942 3.5402288486538396 
74.00028416896652 18.259408508164306 19.302596223862743 2.7755154398699347 4.153902876158526 
75.00028416896653 19.232305885734213 19.302596223862743 3.748412817439842 4.153902876158526 
76.00028416896654 19.232305885734213 20.057051963700935 3.748412817439842 3.0836252890247806 
77.00028416896656 19.710300527165316 19.316257098068327 3.3816850790100688 4.531116445637565 
78.00022621141436 20.711973484341 19.316257098068327 2.7162606151244972 4.531116445637565 
79.00028416896659 20.511110951212324 18.414740822584925 2.0375622483803113 3.328053597847912 
80.0002841689666 17.89400039940709 19.734657446776687 2.8666610901644702 4.647970222039675 
81.00020318742042 NaN NaN NaN NaN 
82.0002232353851 NaN NaN NaN NaN 
83.00028416896664 NaN NaN 1.9728237798497616 NaN 
84.00028416896666 NaN NaN 2.2327544428575976 NaN 
85.00028416896667 NaN NaN 1.9406939354998656 NaN 
86.00028416896669 NaN NaN 2.0345258882699113 NaN 
87.0002841689667 NaN NaN 1.8585248608886786 NaN 
88.00014752292086 NaN NaN 2.8925777112976476 NaN 
89.00028416896673 NaN NaN 2.8925777112976476 NaN 
90.00028416896674 NaN NaN 3.2364374760984447 NaN 
91.00028416896676 NaN NaN 3.2364374760984447 NaN 
92.00028416896677 NaN NaN 1.8995212781694448 NaN 
93.00028416896679 NaN NaN 2.0679094564385707 2.5989884587651346 
94.0002841689668 NaN NaN 2.0679094564385707 4.041712239619599 
95.00028416896681 NaN NaN 2.407670121013581 3.026364241512667 
96.00028416896683 NaN NaN 2.6981642730820425 2.707003511737412 
97.00028416896684 NaN NaN 2.6262918271418982 2.3089982639046553 
98.00028416896686 NaN NaN 2.6262918271418982 3.2202844219949185 
99.00028416896687 NaN NaN 2.9334416445853577 2.345504584702894 
100.00028416896689 19.122105382763664 NaN 2.216089754074929 2.345504584702894 
101.0002841689669 18.690620959917055 NaN 2.140280803002156 4.1550779889213345 
102.00028416896691 20.011319320591213 NaN 2.896274133294 3.1269350459920986 
103.00000670916965 20.011319320591213 NaN 2.896274133294 2.812716704468741 
104.00028416896694 17.23852797100139 NaN 3.1456948997990537 4.4170222627449505 
105.00012289773954 17.836638985421146 NaN 3.1315949136044026 2.689883204968339 
106.00006086537822 17.836638985421146 NaN 3.1315949136044026 3.7100966152169264 
107.00013251428375 19.378834179518307 NaN 2.1201384826369605 3.2433404967513013 
108.00011241278962 20.8508425759654 NaN 1.9945256998916392 3.033331560628511 
109.00028416896701 20.8508425759654 NaN 1.9945256998916392 2.534701239146713 
110.00021200088837 20.345636189426045 NaN 2.518736341062592 3.090982004205415 
111.00019337284627 20.974328880844766 NaN 2.4601119219455683 2.625208585764611 
112.00028416896706 20.974328880844766 NaN 2.4601119219455683 2.1351344407349586 
113.00028416896707 20.42597008343428 NaN 1.8073214896854637 3.2539533848972297 
114.00028416896708 20.42597008343428 NaN 1.8073214896854637 1.8734506788295988 
115.0002841689671 19.961339774198777 NaN 2.2786900526116938 2.5372777208547603 
116.00000601042133 19.125804771208806 NaN 2.393968957451918 2.9565290695686457 
117.0001837165961 19.125804771208806 NaN 2.393968957451918 3.577653447635342 
118.00028416896714 19.798145441985184 NaN 2.5227790436420747 3.0598878162955145 
119.00028416896716 18.217749739835128 NaN 2.4109930022331127 3.8430984846489054 
120.00021385016571 19.454392312148542 NaN 1.954089320731157 2.4343405562406275 
121.00028416896718 19.454392312148542 NaN 1.954089320731157 3.281212458760109 
122.0002841689672 19.66422799686447 NaN 2.674590058645947 2.7879339378831247 
123.00028416896721 20.16984374007511 NaN 2.1192922978734856 2.458477185688892 
124.00028416896723 20.54226264778771 NaN 2.771618443137257 2.5045511592815473 
125.00028416896724 20.54226264778771 NaN 2.771618443137257 2.2873371387701553 
126.00028416896726 16.85796476020805 NaN 1.8976769509103093 3.082324376634574 
127.00028416896727 18.06277352007359 NaN 2.5306010141476207 2.9327736566481803 
128.00028416896728 18.06277352007359 NaN 2.5306010141476207 2.4389361898360704 
129.00028416896723 19.033028751158227 NaN 1.9207151309969959 2.1871589209784474 
130.00028087873898 19.993263381045566 NaN 2.3418354370011087 2.7081171780038176 
131.0002841689671 18.394495154391365 NaN 2.7569522584568915 3.325276035947894 
132.00009177770218 19.64116121088196 NaN 2.529628566914198 2.4858587292029597 
133.00027512403622 19.64116121088196 NaN 2.529628566914198 3.457305798044871 
134.00028416896694 19.507863912836456 NaN 2.4302862923117345 2.861336714421981 
135.00003537414415 20.285757855673637 NaN 2.573942598080805 2.4735907893104354 
136.00028416896683 20.957368116766844 NaN 2.937932832357262 1.92321765552677 
137.00028416896677 20.957368116766844 NaN 2.937932832357262 2.821430923185744 
138.00005280223397 20.666682853862014 NaN 2.8180868468281517 3.086638239334974 
139.00028416896666 20.02799910837011 NaN 3.0544765136627348 4.022349234044896 
140.0002841689666 20.02799910837011 NaN 3.0544765136627348 3.6779100778552163 
141.00001258440756 20.577320209265693 NaN 1.7460335170458166 3.3908833284094726 
142.0002841689665 20.577320209265693 NaN 1.7460335170458166 3.146848682059442 
143.00028416896643 20.32838110585614 NaN 3.1161906809314246 4.084181358034954 
144.00028416896637 19.75028380441441 NaN 2.727491384172481 2.555188084256372 
145.00028416896632 19.75028380441441 NaN 2.727491384172481 3.689771859657185 
146.00028416896626 18.720583601697342 NaN 2.495850929141966 3.1383010694869142 
147.0002841689662 17.490903004067945 NaN 2.816920989456179 3.080956865581186 
148.00028416896615 19.01210977256659 NaN 2.384857608838672 2.8024272487048734 
149.0002841689661 19.01210977256659 NaN 2.384857608838672 2.1669695290283357 
150.000272589151 18.428471906161093 NaN 3.0381086651068756 3.311942095775379 
151.00021621859858 18.428471906161093 NaN 3.0381086651068756 2.8572020419541104 
152.00028416896592 19.538441031567544 NaN 2.666038932726451 2.4468566483649568 
153.00028416896586 21.10927078283271 NaN 3.0918961172445734 3.318563452628098 
154.0002841689658 21.10927078283271 NaN 3.0918961172445734 4.468021230174173 
155.0002150616496 19.911521822079322 NaN 2.409138083616199 3.555850014763166 
156.0002841689657 19.053921013960633 NaN 2.5586028706689206 3.125770211351494 
157.00028416896563 18.552345151941154 NaN 2.886381484799699 3.647026124948951 
158.00028416896558 18.552345151941154 NaN 2.886381484799699 3.532288104525122 
159.00011061653285 19.42205490893292 NaN 2.2530479802056504 3.463012932282396 
160.00028416896546 19.42205490893292 NaN 2.2530479802056504 3.066536562521037 
161.0002263388672 19.5591107409644 NaN 3.7504911874151787 3.758897861302529 
162.00028416896535 19.85664029777243 NaN 2.6428182795926034 3.041984643342147 
163.0002841689653 19.834473505788395 NaN 1.7848628428870938 3.794610835417558 
164.00028416896524 21.27082175724709 NaN 2.077416408385716 2.0313639940925157 
165.000180481151 21.27082175724709 NaN 2.077416408385716 3.332421224779665 
166.00028416896512 19.92041876227222 NaN 1.9536046933874331 3.3559609081640644 
167.00028416896507 19.16600201900178 NaN 2.2125513502720366 4.237925535516808 
168.00014011861333 19.16600201900178 NaN 2.2125513502720366 3.6880519626831187 
169.00028416896495 20.83669521585631 NaN 2.944538979750689 3.19616952270394 
170.0001837910157 20.83669521585631 NaN 2.944538979750689 2.9201100047878583 
171.00028416896484 20.391904252365492 NaN 2.592481015555336 3.5156729785239804 
172.00028416896478 20.720405605143668 NaN 2.8458769709602905 2.7857394685906343 
173.00028416896473 20.8780682409201 NaN 2.281281800537357 2.263951878894858 
174.00028416896467 20.8780682409201 NaN 2.281281800537357 2.3988012662844085 
175.0002841689646 20.5157617114144 NaN 2.104786413833068 2.3988012662844085 
176.00000372090466 21.80869637013518 NaN 2.5793356232698272 2.834966004067894 
177.00012194265372 20.450998212480187 NaN 3.0042468685682593 2.2274303445624355 
178.00028416896444 20.450998212480187 NaN 3.0042468685682593 3.5328494339101724 
179.0000939808386 18.421988081791852 NaN 2.68303646593381 2.756952876315836 
180.00028416896433 19.228140764775276 NaN 2.697738793033807 2.462870877369653 
181.00019040746866 19.228140764775276 NaN 2.697738793033807 3.7223344761056296 
182.0002746782197 19.696245770336873 NaN 2.0774093040348305 4.1365403520610755 
183.00028416896416 21.215366071899837 NaN 2.337066006861818 3.9798109861563375 
184.0002841689641 21.215366071899837 NaN 2.337066006861818 3.8909371611528627 
185.00028416896404 20.217356646178303 NaN 2.2663848173322663 2.9334826148717923 
186.000284168964 19.329141745249586 NaN 2.23285219772535 2.7956519227195145 
187.00020076396257 19.329141745249586 NaN 2.23285219772535 2.1822435653405137 
188.00028416896387 19.665843013500194 NaN 2.801582999360363 3.4099971103483995 
189.00028416896382 18.826575528548233 NaN 2.0032889154439317 3.992829330509551 
190.00028416896376 19.678013893299408 NaN 2.8547272801951067 2.588955009613045 
191.0002841689637 18.463977491642254 NaN 2.2610215261128417 3.3788270437833035 
192.00004222304838 18.463977491642254 NaN 2.2610215261128417 4.130165885198494 
193.0002841689636 19.916949259772394 NaN 1.7287120969390912 2.7289842519714114 
194.00028416896353 18.643364552901772 NaN 2.5296837471980496 2.727039295984241 
195.00028416896347 18.643364552901772 NaN 2.5296837471980496 1.9780175668373658 
196.00028416896342 19.916338875168947 NaN 2.7661523411868245 3.1120172000287596 
197.00028416896336 19.777896923730452 NaN 2.919096894499461 2.833598586495526 
198.0002841689633 19.777896923730452 NaN 2.919096894499461 4.03534713192866 
199.00028416896325 20.305886436737637 NaN 2.1577020476652535 4.661046492319002 
200.0002841689632 20.305886436737637 NaN 2.1577020476652535 4.144204067987317 
201.00028416896313 NaN 123.87664533815378 NaN NaN 
202.00028416896308 NaN 125.31800260757045 NaN NaN 
203.00028416896302 NaN 125.31800260757045 2.7258254654172163 NaN 
204.0002736264534 NaN 126.91466269707944 3.4505119293328903 NaN 
205.0002841689629 NaN 128.11692444146445 1.4800009960680711 NaN 
206.00028416896285 NaN 129.459215683276 2.2583531333850146 NaN 
207.0002841689628 NaN 129.459215683276 2.1396729347336247 NaN 
208.00028416896274 NaN 130.95979549688167 2.052249582869024 NaN 
209.0000748497653 NaN 132.67985375825748 3.021053814739588 NaN 
210.00028416896262 NaN 132.67985375825748 2.372171420318921 NaN 
211.00028416896257 NaN 133.81543839753772 3.7341526295217022 NaN 
212.0002841689625 NaN 135.28811755862233 3.7341526295217022 NaN 
213.0002282568763 NaN 136.65593114161607 2.2355854718637715 NaN 
214.0002841689624 NaN 137.62326354546843 2.4613089818157903 2.9293154190650625 
215.00007573703127 NaN 138.5520986086579 1.9402944851406687 3.8581504822545583 
216.00005189578724 NaN 138.5520986086579 2.3575608295418533 3.8581504822545583 
217.00028416896222 NaN 140.28812855035954 2.079671333665317 3.25706944271937 
218.00028416896217 NaN 141.38829867603795 3.206230712231985 2.7920730492812424 
219.0002841689621 NaN 142.62574304590112 3.206230712231985 2.607275353630399 
220.00028416896205 NaN 142.62574304590112 2.9779804131743504 2.607275353630399 
221.000284168962 19.153569851370776 144.02672309565952 3.0832737829032624 3.3949531533362745 
222.00006591086563 20.27114638158298 145.72563837801 2.963405943252326 2.8952572380914887 
223.00028416896188 20.27114638158298 145.72563837801 2.963405943252326 2.8952572380914887 
224.00028416896183 19.609052909724227 147.15740066685134 3.6992542555291834 3.8912917033174494 
225.00028416896177 20.46114306654718 148.4996739742249 2.852429130001667 2.910524985071447 
226.0002841689617 20.103996406460794 149.75540098953917 2.4058114228854492 2.9505096682116516 
227.0000185180919 21.268519001455758 149.75540098953917 2.228060710506867 2.9505096682116516 
228.00003691699308 20.58354440275764 151.19556629256874 3.043665925414416 2.617498784557114 
229.00028416896154 21.36747937013132 152.43592808704557 2.5718738774737915 1.7081934023138103 
230.00028416896149 22.218738526775553 153.76468749652776 1.9829677310884506 2.221347596888478 
231.00028416896143 21.647321398892245 153.76468749652776 3.1316088645809828 2.221347596888478 
232.00028416896137 18.14469047553655 155.323202935342 2.0032665244771977 3.779863035702732 
233.00028416896131 19.070349156410202 155.323202935342 2.9289252053508505 3.779863035702732 
234.00028416896126 20.008299459374257 157.1659843513064 2.308360069500651 2.8388091941566813 
235.0002841689612 20.561084468117457 157.1659843513064 2.861145078243851 2.8388091941566813 
236.00028416896114 21.45265850458017 158.8484294669026 3.752719114706565 2.154816765023952 
237.0002841689611 20.08134141756409 160.0596932245747 3.2034856166172005 2.428130219732026 
238.00028416896103 20.92503607059035 161.28945873610155 2.3647351540473096 2.2135366860529473 
239.00028416896097 20.74950991367237 162.56077730125793 3.289379122807759 2.1913073333342936 
240.00028416896092 22.01730290378515 163.66688949774004 2.116142843721576 2.453724876790176 
241.00028416896086 20.446208619771852 163.66688949774004 1.9121544141734432 2.453724876790176 
242.00005577966354 21.229835921437285 165.39528732825647 2.6957817158388764 4.182122707306576 
243.00028416896075 19.60225404858113 165.39528732825647 3.0927652176924028 4.182122707306576 
244.0002841689607 19.60225404858113 166.8582315731731 3.0927652176924028 3.452629993349973 
245.00028416896063 19.46346169264538 168.26912658693038 2.5678483386138 3.0125675698335783 
246.00028416896058 20.875206039386285 169.75798975396629 2.5166484404380753 4.501430736869509 
247.00008795383323 21.5396129397069 169.75798975396629 3.1810553407586895 4.501430736869509 
248.00028416896046 18.896114086755006 171.2740933139608 3.06291558687019 3.3109576470905324 
249.0002841689604 18.45086088723511 171.2740933139608 2.45755862979658 3.3109576470905324 
250.00028416896035 18.46004707962635 172.94501370890794 2.5091567010075835 2.905726794976175 
251.0002841689603 19.18240862739276 173.9477766643604 3.2315182487739946 2.6157344905598165 
252.00028416896023 20.119451107221494 175.5154672776161 2.4976403336555677 2.4776707977010517 
253.00028416896018 20.89661170644004 175.5154672776161 2.2720379774216894 2.4776707977010517 
254.00028416896012 20.327012825030494 177.00445207900304 3.545220511976538 2.498840516268274 
255.00028416896006 19.65035100216633 178.52146375125125 1.4943283900658457 2.3016491094691673 
256.00028416896004 20.652577299438008 178.52146375125125 2.4965546873375217 2.3016491094691673 
257.00028416896 19.431472548537016 180.14265940418784 2.1994675333873204 3.922844762405788 
258.0000353354101 20.239114420981792 181.43983468593632 3.0071094058320966 2.9410542168674283 
259.00028416895987 21.219579260273548 181.43983468593632 2.366378592187232 2.9410542168674283 
260.0002841689598 21.074004578172577 182.93440830771436 3.4921224752426383 3.0060604283603425 
261.00028416895975 20.976894826379976 184.66559603980778 3.203949638183701 3.137022882724466 
262.0002841689597 20.169338932135673 184.66559603980778 2.6302179526777536 3.137022882724466 
263.00028416895964 20.908345948997322 186.20422591544997 3.3692249695394025 3.695187919074897 
264.0002841689596 20.877573322881204 186.20422591544997 3.070208856246495 3.695187919074897 
265.00010638042727 20.471222848387498 187.96913685551885 2.5361235198678855 2.4045105951267374 
266.00028416895947 21.42475920135209 189.32061635718446 3.489659872832476 2.3586121643460274 
267.0002841689594 22.021448895755015 189.32061635718446 2.321438627166515 2.3586121643460274 
268.00028416895935 21.571228115450594 190.88521646665794 2.008601512232417 3.9232122738195017 
269.0001418880601 18.774351284492838 192.3557111463923 3.4015115916687364 3.6153617110744563 
270.0001985377675 19.835139052546168 192.3557111463923 2.8976992502485928 3.6153617110744563 
271.0002841689592 19.12660847181226 20.825976075318806 2.28636460303602 4.169886766951379 
272.00006243138745 19.794663841203345 19.48399708795398 2.954419972427104 2.979018350153126 
273.00028416895907 19.08542233406871 20.961022704007462 3.7341632666794453 3.6815487977177668 
274.0000191661936 19.859399106773083 20.287018819409496 3.000078630542305 3.137940246318067 
275.00028416895896 21.489293106633284 20.287018819409496 2.0900684390653623 3.137940246318067 
276.0002841689589 22.364663653832167 21.421396422782124 2.965438986264246 2.050542413342896 
277.00028416895884 21.767853270396216 19.42199852499067 2.5093010259010384 2.2816243344286136 
278.0002841689588 22.463333183214075 20.291179779311335 2.0704033353462705 2.5183658783135456 
279.00028416895873 20.728716924916114 21.866397744067513 2.025621801223224 3.2182132958708394 
280.0002841689587 22.01600281558939 21.866397744067513 2.443726437575833 3.2182132958708394 
281.0002841689586 21.092056001555477 19.50151547268547 3.014353245319967 2.629996168809839 
282.0000271015347 22.269033036242263 20.430623203795506 2.616112315250575 3.559103899919876 
283.0002841689585 22.097154949715957 20.430623203795506 1.9642032098614663 3.559103899919876 
284.00028416895844 19.429184657294286 20.06625894258758 1.6706660020408322 3.572425633900309 
285.00022516610943 19.025938084183906 21.496061377975423 2.6188989305960604 3.2546242268572314 
286.0002314572022 19.74432532358759 21.496061377975423 3.337286169999743 3.2546242268572314 
287.0002841689583 21.36804436910967 20.564653811782136 2.230595155480273 3.495788610540842 
288.0002841689582 21.36804436910967 20.564653811782136 2.230595155480273 3.495788610540842 
289.00028416895816 19.56271020635114 19.338844408374598 3.460355781929593 4.662650844414657 
290.00004796097363 21.35365703211039 20.709950531537572 3.45082857843812 2.7434177540966402 
291.00028416895805 19.692725841522872 18.596690489742457 2.5584046148125594 3.9979041765200805 
292.000284168958 20.494614508197856 18.596690489742457 1.9891871583245688 3.9979041765200805 
293.00028416895793 18.937275846782313 19.790979186504273 2.030726939714498 2.171485421073328 
294.0002841689579 19.782957501872488 18.82105529612312 1.6821198980428562 3.605432303256748 
295.0002284962989 19.57463157145844 19.806251575775377 2.608171571001435 2.077991975530665 
296.0002356759671 18.321771225294242 19.403104921794977 3.4530286896680877 2.9751301009137023 
297.0002841689577 19.118232602558635 19.403104921794977 2.8155431847490604 2.9751301009137023 
298.00028416895765 18.70387609355447 19.929653810556033 2.991208360848816 4.1971589024926175 
299.0002841689576 19.411553033948906 19.186625365872203 2.306460119212545 2.5121192008894013 
300.00028416895753 20.986189515568412 19.186625365872203 2.659067799253137 2.5121192008894013 
#####################################################################
# End of data export. Simulation finished at: 2019-09-18T12:21+0000 #
#####################################################################
