#####################################################################
# Alchemist log file - simulation started at: 2019-02-19T15:23+0000 #
#####################################################################
# seed = 70.0
#
# The columns have the following meaning: 
# time derr-single-broadcast-rep[Mean] terr-single-broadcast-rep[Mean] derr-single-broadcast-share[Mean] terr-single-broadcast-share[Mean] derr-single-collection-rep[Mean] terr-single-collection-rep[Mean] derr-single-collection-share[Mean] terr-single-collection-share[Mean] derr-single-distance-rep[Mean] terr-single-distance-rep[Mean] derr-single-distance-share[Mean] terr-single-distance-share[Mean] derr-stack-broadcast-rep[Mean] terr-stack-broadcast-rep[Mean] derr-stack-broadcast-share[Mean] terr-stack-broadcast-share[Mean] derr-stack-collection-rep[Mean] terr-stack-collection-rep[Mean] derr-stack-collection-share[Mean] terr-stack-collection-share[Mean] derr-stack-distance-rep[Mean] terr-stack-distance-rep[Mean] derr-stack-distance-share[Mean] terr-stack-distance-share[Mean] 
0.0 NaN NaN NaN NaN NaN NaN NaN NaN NaN NaN NaN NaN NaN NaN NaN NaN NaN NaN NaN NaN NaN NaN NaN NaN 
2.0004341813691306 0.0 0.7584265998613858 0.0 1.0263593200665653 3.8214425149826163 0.0010063777709201397 3.417829844948599 0.0014563081347754583 5.745503453121038 1.1212798705213225 17.37585037586076 0.8616224818327806 2000.0 0.6998617863076386 2000.0 1.0125153561237425 4.000000000000001 0.0 4.000000000000001 0.0 5.745503453121038 1.1212798705213225 17.37585037586076 0.8616224818327806 
4.000282383457188 0.0 1.7862110918175291 0.0 2.008278748904605 3.639491841271506 0.003920759075143061 2.6556734328250355 0.004127889856311303 4.128741387943431 2.1278226834719343 63.175823275898296 2.34221117060058 2000.0 1.6783583801136719 2000.0 2.700586825168195 4.000000000000001 0.0 4.000000000000001 0.0 4.128741387943431 2.1278226834719343 63.175823275898296 2.34221117060058 
6.000434181369134 0.0 2.762627788078636 0.0 2.937975981973514 3.559172411831192 0.00621378944421264 1.618217419367627 0.006145915746008982 10.628403072673745 3.4702820862861916 77.08825858068462 3.503690525593106 2000.0 2.4398981840870473 2000.0 3.704675952337764 4.000000000000001 0.0 4.000000000000001 0.0 10.628403072673745 3.4702820862861916 77.08825858068462 3.503690525593106 
8.000434181369135 0.0 3.6906862580724216 0.0 3.802142915928916 3.488665320767294 0.007549305809444648 1.2922206563435334 0.007588389093063599 13.238656294051657 4.6026116726960495 58.612759463338676 4.1519370612952375 2000.0 4.06383715878157 2000.0 4.113978742077615 4.000000000000001 0.0 4.000000000000001 0.0 13.238656294051657 4.6026116726960495 58.612759463338676 4.1519370612952375 
10.000434181369128 0.0 4.608592897124279 0.0 4.634440198946921 3.366685859281255 0.009678366557740521 1.0181710001375943 0.008584956233190047 16.668713394112455 5.928510091364001 46.90655104670763 4.687118736770024 2000.0 4.972194343582043 2000.0 4.595745672664089 4.000000000000001 0.0 4.000000000000001 0.0 16.668713394112455 5.928510091364001 46.90655104670763 4.687118736770024 
12.00043418136912 0.0 9.722983722360674 0.0 9.180013048508705 2.5191512214038045 0.021388638627404567 0.00517741085174603 0.010958108696225509 8.898860869250262 7.8154547749896555 24.333397176352083 6.235408619718235 2000.0 10.819357848158148 2000.0 10.888648611824548 0.0 0.0 0.0 0.0 8.898860869250262 7.8154547749896555 24.333397176352083 6.235408619718235 
14.000434181369114 0.0 10.56270179796019 0.0 9.81207629638775 2.443721682062701 0.02336177308990494 0.005365831597117379 0.012464288822038892 11.595997103543342 8.869153713999166 23.517287877509027 6.284974600285291 2000.0 11.718502794421013 2000.0 12.097585098784608 0.0 0.0 0.0 0.0 11.595997103543342 8.869153713999166 23.517287877509027 6.284974600285291 
16.00043418136911 0.0 11.345396105099452 0.0 10.394042533118082 2.2908395691998065 0.025487509217664125 0.005421593339525489 0.01431773933692826 12.907008769142724 9.948978800532316 23.233070597464984 6.29969730512885 2000.0 12.697079512404818 2000.0 13.194534714114454 0.0 0.0 0.0 0.0 12.907008769142724 9.948978800532316 23.233070597464984 6.29969730512885 
18.0004341813691 0.0 12.123073152593804 0.0 10.929928971637006 2.197834829562598 0.026942578282196285 0.005442966290050057 0.01568701171194292 15.03573724832799 11.246906162993675 23.555655879993683 6.302461528341358 2000.0 13.681169636028873 2000.0 14.227138365698558 0.0 0.0 0.0 0.0 15.03573724832799 11.246906162993675 23.555655879993683 6.302461528341358 
20.000434181369094 0.0 12.866488562747879 0.0 11.44703708943301 2.084877453864499 0.02879061445551159 0.0055300852434464805 0.01586589108639191 16.591520628860877 12.493123409680953 24.06393711151345 6.289517325918793 2000.0 14.415386817509258 2000.0 15.049395898515074 0.0 0.0 0.0 0.0 16.591520628860877 12.493123409680953 24.06393711151345 6.289517325918793 
22.000434181369087 0.0 17.420307298483294 0.0 14.460071335224333 1.3188977257844503 0.041422384957062776 0.006214683790983067 0.01898123608307251 16.022289347918303 15.562544123653486 27.174939745516244 6.353314597884906 2000.0 20.706012409021575 2000.0 20.743582706862277 0.0 0.0 0.0 0.0 16.022289347918303 15.562544123653486 27.174939745516244 6.353314597884906 
24.000399114259018 0.0 18.045642267412195 0.0 14.795422214678318 1.2306398203714606 0.04335796150177431 0.006697743565425484 0.017256634304067358 22.551037537382637 16.678907379579137 26.875793270911768 6.362676392089171 2000.0 22.0763962662234 2000.0 21.72126578919229 0.0 0.0 0.0 0.0 22.551037537382637 16.678907379579137 26.875793270911768 6.362676392089171 
26.000434181369073 0.0 18.709175116723944 0.0 15.021275925188586 1.159390262297179 0.04501056623120251 0.006888901777926423 0.017424915670872048 28.07828009128664 17.865171550114866 26.749026911909127 6.3830715186946305 2000.0 22.588672438374196 2000.0 22.708740599245626 0.0 0.0 0.0 0.0 28.07828009128664 17.865171550114866 26.749026911909127 6.3830715186946305 
28.000434181369066 0.0 19.366904047789795 0.0 15.271172567146722 0.9764128669301368 0.04697815373822073 0.007029442825981982 0.018408289756779748 28.885200478604055 18.840513026338172 26.717914888630244 6.339278032850466 2000.0 23.280725112170266 2000.0 23.311772683188114 0.0 0.0 0.0 0.0 28.885200478604055 18.840513026338172 26.717914888630244 6.339278032850466 
30.00043418136906 0.0 19.981436318507612 0.0 15.497170892918627 0.8379689361879107 0.048891112680459176 0.007112352786103796 0.019749761216379107 29.658921377432673 19.836494273115743 26.58402050763185 6.3234351004956775 2000.0 23.78209922496418 2000.0 23.655633315311086 0.0 0.0 0.0 0.0 29.658921377432673 19.836494273115743 26.58402050763185 6.3234351004956775 
32.00043418136905 0.0 23.71095008504278 0.0 16.30807971252367 0.0018726150533848178 0.06100287419704213 0.0074702271339820575 0.029824511018973078 20.720127576641513 22.44116349929256 26.126599047366092 6.455059363088731 2000.0 30.671121407413004 2000.0 30.475281991522074 0.0 0.0 0.0 0.0 20.720127576641513 22.44116349929256 26.126599047366092 6.455059363088731 
34.0003051586909 0.0 24.21192635056929 0.0 16.304477665163674 0.0018726150533848183 0.0626907788012458 0.0074702271339820575 0.03151241562317726 18.51621633146324 23.015100562065577 26.7951517139125 6.381031495544162 2000.0 32.0447745262427 2000.0 30.600371786583157 0.0 0.0 0.0 0.0 18.51621633146324 23.015100562065577 26.7951517139125 6.381031495544162 
36.00043418136911 0.0 24.696708168713958 0.0 16.09378520037426 0.0029625115760623906 0.06344501391655927 0.0074702271339820575 0.03396497563972904 16.480955249612798 23.497791178161627 27.128260440471774 6.379065931833229 2000.0 33.32086934416967 2000.0 30.758935162802217 0.0 0.0 0.0 0.0 16.480955249612798 23.497791178161627 27.128260440471774 6.379065931833229 
38.00043418136914 0.0 25.202368521445425 0.0 15.996272544910457 0.003480277621144988 0.06433308389746956 0.007470227133982056 0.03609741263298045 15.15896162963546 23.955943011051303 27.57388088387938 6.4055071460892075 2000.0 34.41222619860242 2000.0 30.758935162802217 0.0 0.0 0.0 0.0 15.15896162963546 23.955943011051303 27.57388088387938 6.4055071460892075 
40.000434181369165 0.0 25.733204877342835 0.0 15.994751070215576 0.003724950478905778 0.06450216474487802 0.0074702271339820575 0.03722037499648195 14.124474086852903 24.38780794532446 27.9753511547129 6.409005346258586 2000.0 35.14100566088474 2000.0 30.758935162802217 0.0 0.0 0.0 0.0 14.124474086852903 24.38780794532446 27.9753511547129 6.409005346258586 
42.000392302755415 0.0 28.495794634755498 0.0 15.972700651571463 0.005537530645127443 0.06986213006637071 0.007470227133982056 0.049646864708216616 9.164404376528656 26.756248152300447 27.788085911700776 6.305968281457626 2000.0000000000002 40.79837120459657 NaN NaN 0.0 0.0 0.0 0.0 9.164404376528656 26.756248152300447 27.788085911700776 6.305968281457626 
44.00043418136922 0.0 28.889142528964975 0.0 15.860078763737251 0.005537530645127443 0.07174584680742589 0.007470227133982056 0.05153058144927267 8.904943189888519 27.13871333129149 26.11410964738804 6.292264360217613 2000.0 41.41371880455935 NaN NaN 0.0 0.0 0.0 0.0 8.904943189888519 27.13871333129149 26.11410964738804 6.292264360217613 
46.00043418136925 0.0 29.22382586547051 0.0 15.800868036627195 0.005537530645127442 0.07351793675941498 0.0074702271339820575 0.05330267140126253 8.727086141578996 27.539422073210893 25.494915139036 6.295134453907789 2000.0 42.39530753940203 NaN NaN 0.0 0.0 0.0 0.0 8.727086141578996 27.539422073210893 25.494915139036 6.295134453907789 
48.00043418136928 0.0 29.52177121672347 0.0 15.793651347165614 0.005620198398608106 0.07356527681124775 0.0074702271339820575 0.05533792013135638 8.595151949076604 27.88763825742809 25.58770944087214 6.353294312685765 2000.0 43.720450699761514 NaN NaN 0.0 0.0 0.0 0.0 8.595151949076604 27.88763825742809 25.58770944087214 6.353294312685765 
50.00032356526598 0.0 29.81175061763562 0.0 15.83891444410598 0.0056763648204951524 0.07435251392376023 0.007470227133982059 0.0574757892956027 8.473705012540865 28.226983637040238 25.756373996050854 6.386214814796531 2000.0 45.3394933494499 NaN NaN 0.0 0.0 0.0 0.0 8.473705012540865 28.226983637040238 25.756373996050854 6.386214814796531 
52.000434181369336 0.0 31.42212568833583 0.0 15.892987341400206 0.006436420354857764 0.07731213058744016 0.0074702271339820575 0.06966560247831888 7.921420825479103 29.91410007500711 29.92121806774396 6.537578433125762 2000.0 51.04497031125993 NaN NaN 0.0 0.0 0.0 0.0 7.921420825479103 29.91410007500711 29.92121806774396 6.537578433125762 
54.000434181369364 0.0 31.624249698457962 0.0 15.74488086616227 0.0069353750607242335 0.0754056972676229 0.0074702271339820575 0.07144967618614695 7.743515126248079 30.045098800255097 29.04076770166749 6.48592900338842 2000.0 52.11608170132798 NaN NaN 0.0 0.0 0.0 0.0 7.743515126248079 30.045098800255097 29.04076770166749 6.48592900338842 
56.00043418136939 0.0 31.74540048581504 0.0 15.738460946800211 0.007176343641843576 0.07650971403780865 0.007470227133982056 0.07433601153476674 7.628868056699268 30.122940966630672 27.98412852222879 6.445380060971998 2000.0 53.18982815833015 NaN NaN 0.0 0.0 0.0 0.0 7.628868056699268 30.122940966630672 27.98412852222879 6.445380060971998 
58.00043418136942 0.0 31.902356140390143 0.0 15.72958192140611 0.00724573881844821 0.0779848352546472 0.007470227133982056 0.07632441258228659 7.62320296489529 30.265191203365664 27.911951271961314 6.406800077261801 2000.0 54.07074173916717 NaN NaN 0.0 0.0 0.0 0.0 7.62320296489529 30.265191203365664 27.911951271961314 6.406800077261801 
60.00039990082926 0.0 32.02290797622401 0.0 15.778474209662535 0.007290028971140765 0.07967999326670995 0.007470227133982054 0.07834716169198963 9.195922055916897 30.380496369540896 29.084562942791496 6.3499140112581784 2000.0 54.63963672220319 NaN NaN 0.0 0.0 0.0 0.0 9.195922055916897 30.380496369540896 29.084562942791496 6.3499140112581784 
62.00043418136948 0.0 34.783667680886516 0.0 16.722768610283243 0.0074702271339820575 0.09020723855059311 0.0067414588362331666 0.07693813966533525 964.6497531119932 30.755496774902777 859.2477393006421 5.569168876923131 2000.0000000000002 60.325100704737 87.5722228163952 13.254305390572032 0.0 0.0 0.2572909373646302 0.04726922194524608 964.6497531119932 30.755496774902777 859.2477393006421 5.569168876923131 
64.0004341813695 0.0 35.71975725563301 0.0 17.14667881518119 0.0074702271339820575 0.09163800600619378 0.007039069072878033 0.08378766596583082 930.9764822370432 29.658955771712865 696.940405998719 4.784724161546043 2000.0000000000002 60.325100704737 93.82093234925325 16.30436172735752 0.0 0.0 0.27655008239376255 0.052911993993023494 930.9764822370432 29.658955771712865 696.940405998719 4.784724161546043 
66.00043418136953 0.0 36.80854462594186 0.0 17.983393099264035 0.0074702271339820575 0.09424616806538354 0.0072142399938796686 0.08958526461244228 877.2427139915726 28.051750682524162 588.8284340035605 4.609809741961572 2000.0000000000002 60.325100704737 96.38165344197644 18.15959308773234 0.0 0.0 0.27655008239376255 0.052911993993023494 877.2427139915726 28.051750682524162 588.8284340035605 4.609809741961572 
68.00025209522839 0.0 37.75118105979514 0.0 18.653178954539566 0.0074702271339820575 0.09593866171478009 0.007267858226234872 0.09225401591378643 821.9104197631683 26.413284822522034 505.3151469092823 4.789732378853613 2000.0000000000002 60.325100704737 101.41629188784809 20.255105342759528 0.0 0.0 0.27655008239376255 0.052911993993023494 821.9104197631683 26.413284822522034 505.3151469092823 4.789732378853613 
70.00026760466542 0.0 38.8729975980064 0.0 19.298566291121286 0.0074702271339820575 0.0980640647844517 0.0073100541205857435 0.09514770363088688 776.002477872399 25.00079244729878 431.0351874228416 5.017141091758192 2000.0000000000002 60.325100704737 103.76043224960621 21.65629198470531 0.0 0.0 0.27655008239376255 0.052911993993023494 776.002477872399 25.00079244729878 431.0351874228416 5.017141091758192 
72.00007625200448 0.0 44.447901802335366 0.0 22.109262045281056 0.007470227133982059 0.1100344789002201 0.007470227133982059 0.1100344789002201 540.2530202476033 17.99078695315589 63.157035714399434 6.239067502474224 NaN NaN 112.68822913813827 29.288930972466126 0.0 0.0 0.0 0.0 540.2530202476033 17.99078695315589 63.157035714399434 6.239067502474224 
74.00017714748765 0.0 45.12173408638361 0.0 21.954696070982884 0.0074702271339820575 0.11253740436013612 0.0074702271339820575 0.11253740436013612 514.9774251571808 17.502859424973053 46.92136552227682 6.1798046782154135 NaN NaN 113.5261191463104 30.45733833485816 0.0 0.0 0.0 0.0 514.9774251571808 17.502859424973053 46.92136552227682 6.1798046782154135 
76.00043418136967 0.0 45.72703230077962 0.0 21.559450244731938 0.0074702271339820575 0.11422474327133884 0.0074702271339820575 0.11422474327133884 495.6376637939364 17.226236791565437 40.21324145423747 6.186737157888793 NaN NaN 114.30108265641188 31.810194786205 0.0 0.0 0.0 0.0 495.6376637939364 17.226236791565437 40.21324145423747 6.186737157888793 
78.0004341813697 0.0 46.10500061229398 0.0 21.519794509700553 0.0074702271339820575 0.1165460136865106 0.0074702271339820575 0.1165460136865106 482.37635868187 17.190530326223985 36.38474185230592 6.198143940115357 NaN NaN 113.33629434288328 32.65335994999316 0.0 0.0 0.0 0.0 482.37635868187 17.190530326223985 36.38474185230592 6.198143940115357 
80.00043418136973 0.0 46.724749907527 0.0 21.39156658142282 0.007470227133982056 0.11785618959786197 0.007470227133982056 0.11785618959786197 471.23187625700865 17.311936162473753 33.8742341522384 6.210063088953323 NaN NaN 116.97361334902075 34.684202798908146 0.0 0.0 0.0 0.0 471.23187625700865 17.311936162473753 33.8742341522384 6.210063088953323 
82.00043418136976 0.0 50.83315742864475 0.0 19.575185445134476 0.007470227133982056 0.1296527934009196 0.007470227133982056 0.1296527934009196 409.59781767532706 18.966603970488315 25.498826223621208 6.407047408038314 NaN NaN 122.18290556833378 41.74259482644547 0.0 0.0 0.0 0.0 409.59781767532706 18.966603970488315 25.498826223621208 6.407047408038314 
84.00043418136978 0.0 50.984809444980286 0.0 19.541567252958057 0.007470227133982056 0.13131841210352033 0.007470227133982056 0.13131841210352033 399.9404757197294 19.32867670459453 26.34410132776552 6.398888606110003 NaN NaN 125.41577962030537 43.368635764011124 0.0 0.0 0.0 0.0 399.9404757197294 19.32867670459453 26.34410132776552 6.398888606110003 
86.00031386556782 0.0 51.08291312056778 0.0 19.792669284538192 0.0074702271339820575 0.13369965064299227 0.0074702271339820575 0.13369965064299227 389.9553505824603 19.768623722777086 27.86996795037404 6.402554974207753 NaN NaN 125.07785900981442 43.87390420118975 0.0 0.0 0.0 0.0 389.9553505824603 19.768623722777086 27.86996795037404 6.402554974207753 
88.00043418136984 0.0 51.08422729471468 0.0 19.730402376281475 0.007470227133982056 0.13592587556283406 0.007470227133982056 0.13592587556283406 379.3330235364949 20.225505081924048 28.759331059461438 6.359241182545611 NaN NaN 124.02961046255442 44.03304607083901 0.0 0.0 0.0 0.0 379.3330235364949 20.225505081924048 28.759331059461438 6.359241182545611 
90.00043418136987 0.0 51.012824896971715 0.0 19.677105314465283 0.0074702271339820575 0.13723732728167568 0.0074702271339820575 0.13723732728167568 368.61788672058884 20.681354358350834 28.917927170238336 6.313233110454706 NaN NaN 122.84806036235167 43.992770459273636 0.0 0.0 0.0 0.0 368.61788672058884 20.681354358350834 28.917927170238336 6.313233110454706 
92.0004341813699 0.0 50.34463541986575 0.0 18.525860907554744 0.007470227133982059 0.1495105224150058 0.007470227133982059 0.1495105224150058 300.6114926133632 23.44561326592201 29.649285332905265 6.154786864157764 NaN NaN 116.2651487786188 50.003968612036005 0.0 0.0 0.0 0.0 300.6114926133632 23.44561326592201 29.649285332905265 6.154786864157764 
94.00019141427504 0.0 50.35062921987211 0.0 18.1662759584051 0.0074702271339820575 0.15173810872349078 0.0074702271339820575 0.15173810872349078 287.8157350694356 23.95544153548984 28.941426492627716 6.129196150366925 NaN NaN 120.82119286898627 51.77549914010877 0.0 0.0 0.0 0.0 287.8157350694356 23.95544153548984 28.941426492627716 6.129196150366925 
96.00043418136995 0.0 50.094260958912294 0.0 17.75455858875457 0.007470227133982056 0.15263321663498533 0.007470227133982056 0.15263321663498533 274.5499363270029 24.397295292169783 28.115979349591754 6.139557870401571 NaN NaN 120.82119286898627 51.77549914010877 0.0 0.0 0.0 0.0 274.5499363270029 24.397295292169783 28.115979349591754 6.139557870401571 
98.00043418136998 0.0 49.93709702771652 0.0 17.34196514035363 0.0074702271339820575 0.1557353179732729 0.0074702271339820575 0.1557353179732729 260.8629204738162 24.811458605698938 27.321953407286067 6.137003981209 NaN NaN 120.82119286898627 51.77549914010877 0.0 0.0 0.0 0.0 260.8629204738162 24.811458605698938 27.321953407286067 6.137003981209 
100.00043418137001 0.0 49.732362908962486 0.0 17.057480171657765 0.0074702271339820575 0.15774079260428306 0.0074702271339820575 0.15774079260428306 247.01311039094534 25.20532833190064 26.661088279529917 6.142769387009836 NaN NaN 120.82119286898627 51.77549914010877 0.0 0.0 0.0 0.0 247.01311039094534 25.20532833190064 26.661088279529917 6.142769387009836 
102.00025824312782 0.0 47.86753544617186 0.0 16.35769988423869 0.007470227133982056 0.17032065230652968 0.007470227133982056 0.17032065230652968 167.51300588372035 27.36710502009791 21.32801508056631 6.105469429532799 NaN NaN NaN NaN 0.0 0.0 0.0 0.0 167.51300588372035 27.36710502009791 21.32801508056631 6.105469429532799 
104.00043418137007 0.0 47.74259643498757 0.0 16.392894845511186 0.007470227133982056 0.17252325042441358 0.007470227133982056 0.17252325042441358 156.28788703056125 27.653038956044245 20.84795283038418 6.204949830230378 NaN NaN NaN NaN 0.0 0.0 0.0 0.0 156.28788703056125 27.653038956044245 20.84795283038418 6.204949830230378 
106.0004341813701 0.0 47.56190384154168 0.0 16.4265674137846 0.007470227133982059 0.1745302254441412 0.007470227133982059 0.1745302254441412 145.615019743009 27.961117886965457 20.953048062772925 6.256237596441663 NaN NaN NaN NaN 0.0 0.0 0.0 0.0 145.615019743009 27.961117886965457 20.953048062772925 6.256237596441663 
108.00043418137012 0.0 47.01682155124618 0.0 16.42396267366271 0.007470227133982059 0.1761811137392817 0.007470227133982059 0.1761811137392817 135.2895809509548 28.257631178963454 20.668671859132488 6.233676303995551 NaN NaN NaN NaN 0.0 0.0 0.0 0.0 135.2895809509548 28.257631178963454 20.668671859132488 6.233676303995551 
110.00043418137015 0.0 46.5131787710271 0.0 16.390048373719655 0.007470227133982059 0.17823987085467663 0.007470227133982059 0.17823987085467663 125.88818244795783 28.488569911976175 21.066526885959856 6.239489693414601 NaN NaN NaN NaN 0.0 0.0 0.0 0.0 125.88818244795783 28.488569911976175 21.066526885959856 6.239489693414601 
112.00043418137018 0.0 43.48016480211233 0.0 15.877051800730834 0.0074702271339820575 0.19044230361695305 0.0074702271339820575 0.19044230361695305 73.2098570652833 29.803444835135988 25.352564861729004 6.280694295636279 NaN NaN NaN NaN 0.0 0.0 0.0 0.0 73.2098570652833 29.803444835135988 25.352564861729004 6.280694295636279 
114.0001665877727 0.0 43.104221328522165 0.0 15.89167712108216 0.0074702271339820575 0.19252994475461793 0.0074702271339820575 0.19252994475461793 66.22717542070312 29.948251020001358 25.58181851862531 6.217573682221775 NaN NaN NaN NaN 0.0 0.0 0.0 0.0 66.22717542070312 29.948251020001358 25.58181851862531 6.217573682221775 
116.00014261762674 0.0 42.5700346745711 0.0 15.931108917191361 0.0074702271339820575 0.19363217644768246 0.0074702271339820575 0.19363217644768246 59.78980901880583 30.061837167558583 25.67835109950579 6.230999969965277 NaN NaN NaN NaN 0.0 0.0 0.0 0.0 59.78980901880583 30.061837167558583 25.67835109950579 6.230999969965277 
118.00036955721224 0.0 42.08491597996562 0.0 15.978542416870754 0.007470227133982056 0.1959161031760228 0.007470227133982056 0.1959161031760228 53.915458975321485 30.176843314373862 26.112193610846067 6.236062754523587 NaN NaN NaN NaN 0.0 0.0 0.0 0.0 53.915458975321485 30.176843314373862 26.112193610846067 6.236062754523587 
120.0004341813703 0.0 41.50879404620994 0.0 16.037555964215656 0.007470227133982056 0.1976756950364458 0.007470227133982056 0.1976756950364458 48.4755474439972 30.2403574269436 25.96328846194457 6.25297203420626 NaN NaN NaN NaN 0.0 0.0 0.0 0.0 48.4755474439972 30.2403574269436 25.96328846194457 6.25297203420626 
122.00043418137032 0.0 38.17161370989366 0.0 16.043172664801222 0.007470227133982059 0.21022640208291477 0.007470227133982059 0.21022640208291477 19.877848641699703 30.637788262589073 24.218930120226975 6.310783922683153 NaN NaN NaN NaN 0.0 0.0 0.0 0.0 19.877848641699703 30.637788262589073 24.218930120226975 6.310783922683153 
124.00043418137035 0.0 37.284393119079624 0.0 16.21459011689662 0.007470227133982059 0.21167210686081034 0.007470227133982059 0.21167210686081034 17.426830569632685 30.659574326985382 22.60962545919824 6.281432255861689 NaN NaN NaN NaN 0.0 0.0 0.0 0.0 17.426830569632685 30.659574326985382 22.60962545919824 6.281432255861689 
126.00005843869478 0.0 36.600141653916715 0.0 16.244001617619595 0.007470227133982056 0.21355776023147538 0.007470227133982056 0.21355776023147538 15.139099481116327 30.530213531322346 21.688263536422273 6.2997984859753275 NaN NaN NaN NaN 0.0 0.0 0.0 0.0 15.139099481116327 30.530213531322346 21.688263536422273 6.2997984859753275 
128.0004341813704 0.0 36.137023604637044 0.0 16.211772496232527 0.0074702271339820575 0.21568082018798929 0.0074702271339820575 0.21568082018798929 13.393180426064886 30.45731320245853 21.961072304822327 6.331665679778103 NaN NaN NaN NaN 0.0 0.0 0.0 0.0 13.393180426064886 30.45731320245853 21.961072304822327 6.331665679778103 
130.00007346044467 0.0 35.592845318633344 0.0 16.162722559787763 0.0074702271339820575 0.21787689645886113 0.0074702271339820575 0.21787689645886113 12.042695595088295 30.340219931498456 23.152351699556036 6.364750700830265 NaN NaN NaN NaN 0.0 0.0 0.0 0.0 12.042695595088295 30.340219931498456 23.152351699556036 6.364750700830265 
132.00043418137017 0.0 32.65901504294583 0.0 15.922918400415076 0.0074702271339820575 0.23019740319195559 0.0074702271339820575 0.23019740319195559 7.362184373109807 30.03167298949014 30.712783504125536 6.390754296198145 NaN NaN NaN NaN 0.0 0.0 0.0 0.0 7.362184373109807 30.03167298949014 30.712783504125536 6.390754296198145 
134.00043418137005 0.0 32.524572394417085 0.0 15.92666471351782 0.0074702271339820575 0.23182500769813003 0.0074702271339820575 0.23182500769813003 7.2985244734657355 29.905130276458667 29.338779603046344 6.359562266038578 NaN NaN NaN NaN 0.0 0.0 0.0 0.0 7.2985244734657355 29.905130276458667 29.338779603046344 6.359562266038578 
136.00043418136994 0.0 32.42225624405689 0.0 16.101803903519844 0.007470227133982059 0.23425036437573343 0.007470227133982059 0.23425036437573343 7.228839880334786 29.856343267036902 28.779726009374816 6.340803083313991 NaN NaN NaN NaN 0.0 0.0 0.0 0.0 7.228839880334786 29.856343267036902 28.779726009374816 6.340803083313991 
138.00013059301736 0.0 32.36961186463615 0.0 16.166710670017295 0.0074702271339820575 0.23557142525348723 0.0074702271339820575 0.23557142525348723 7.284829349051913 29.92629602250408 29.290378597632436 6.32731943159219 NaN NaN NaN NaN 0.0 0.0 0.0 0.0 7.284829349051913 29.92629602250408 29.290378597632436 6.32731943159219 
140.0004341813697 0.0 32.27550266423205 0.0 16.20363873467381 0.0074702271339820575 0.23831193117944582 0.0074702271339820575 0.23831193117944582 7.343189155220618 30.026676624324825 29.438821425805568 6.279447765692633 NaN NaN NaN NaN 0.0 0.0 0.0 0.0 7.343189155220618 30.026676624324825 29.438821425805568 6.279447765692633 
142.0004341813696 0.0 31.842208289737645 0.0 16.402845671932653 0.0074702271339820575 0.25014204245037236 0.0074702271339820575 0.25014204245037236 7.612175231929646 30.966628832321327 27.989949255637207 6.245090855920241 NaN NaN NaN NaN 0.0 0.0 0.0 0.0 7.612175231929646 30.966628832321327 27.989949255637207 6.245090855920241 
144.00043418136949 0.0 31.86346908806286 0.0 16.48563224476352 0.0074702271339820575 0.2521417887055004 0.0074702271339820575 0.2521417887055004 7.852131939400813 31.22461449218441 28.765454292135633 6.38403692807328 NaN NaN NaN NaN 0.0 0.0 0.0 0.0 7.852131939400813 31.22461449218441 28.765454292135633 6.38403692807328 
146.00042394839107 0.0 31.80761091760349 0.0 16.44272934525993 0.0074702271339820575 0.2541980801774015 0.0074702271339820575 0.2541980801774015 8.121305984564668 31.35607469607735 29.930183034138192 6.424596622546845 NaN NaN NaN NaN 0.0 0.0 0.0 0.0 8.121305984564668 31.35607469607735 29.930183034138192 6.424596622546845 
148.0000747989916 0.0 31.750671565133338 0.0 16.385464041174554 0.0074702271339820575 0.25613190721014156 0.0074702271339820575 0.25613190721014156 8.257398655360316 31.464289743554126 30.17567680973704 6.394016610749565 NaN NaN NaN NaN 0.0 0.0 0.0 0.0 8.257398655360316 31.464289743554126 30.17567680973704 6.394016610749565 
150.00043418136914 0.0 31.747357805612953 0.0 16.34339138792803 0.007470227133982059 0.2580102163478259 0.007470227133982059 0.2580102163478259 8.225829057141343 31.489501900888925 29.56629637292832 6.394999547322427 NaN NaN NaN NaN 0.0 0.0 0.0 0.0 8.225829057141343 31.489501900888925 29.56629637292832 6.394999547322427 
152.00043418136903 0.0 32.03144212533278 0.0 16.164899996289957 0.0074702271339820575 0.2698710241944096 0.0074702271339820575 0.2698710241944096 8.28577870683122 31.691320243211422 27.242067293267638 6.447000728934597 NaN NaN NaN NaN 0.0 0.0 0.0 0.0 8.28577870683122 31.691320243211422 27.242067293267638 6.447000728934597 
154.00043418136892 0.0 32.04345787857865 0.0 16.160945255230327 0.007470227133982056 0.2720872768073517 0.007470227133982056 0.2720872768073517 8.464274360582998 31.827607607856976 26.71299263666784 6.444067838525117 NaN NaN NaN NaN 0.0 0.0 0.0 0.0 8.464274360582998 31.827607607856976 26.71299263666784 6.444067838525117 
156.00038926772268 0.0 32.0733115060981 0.0 16.196303364453396 0.0074702271339820575 0.2741055274800333 0.0074702271339820575 0.2741055274800333 8.509373246551439 31.83655702497026 26.308410358169994 6.4087787380733605 NaN NaN NaN NaN 0.0 0.0 0.0 0.0 8.509373246551439 31.83655702497026 26.308410358169994 6.4087787380733605 
158.0004341813687 0.0 32.07313259983024 0.0 16.209333469288584 0.007470227133982059 0.2762627062504985 0.007470227133982059 0.2762627062504985 8.575196223362468 31.821452505643784 26.3831837657289 6.393955134175445 NaN NaN NaN NaN 0.0 0.0 0.0 0.0 8.575196223362468 31.821452505643784 26.3831837657289 6.393955134175445 
160.00024683480936 0.0 32.09326605584344 0.0 16.260224238614974 0.007470227133982059 0.2769896740196395 0.007470227133982059 0.2769896740196395 8.620762847866818 31.758792657482246 26.54029877516584 6.388464461889675 NaN NaN NaN NaN 0.0 0.0 0.0 0.0 8.620762847866818 31.758792657482246 26.54029877516584 6.388464461889675 
162.00043418136846 0.0 32.72454001562041 0.0 16.612365902326143 0.007470227133982059 0.2891133136914632 0.007470227133982059 0.2891133136914632 8.788018268316021 31.135816909093897 28.280326760594413 6.410822520463909 NaN NaN NaN NaN 0.0 0.0 0.0 0.0 8.788018268316021 31.135816909093897 28.280326760594413 6.410822520463909 
164.00043418136835 0.0 32.709334605705045 0.0 16.653019168530648 0.0074702271339820575 0.2906485208538565 0.0074702271339820575 0.2906485208538565 8.736382831228305 31.05983322737061 27.982662854931995 6.353480302479308 NaN NaN NaN NaN 0.0 0.0 0.0 0.0 8.736382831228305 31.05983322737061 27.982662854931995 6.353480302479308 
166.00025526827585 0.0 32.68145891901923 0.0 16.66889051879735 0.007470227133982059 0.2925948360990747 0.007470227133982059 0.2925948360990747 8.64112750131385 30.915593733098074 27.429450404265353 6.304105938310579 NaN NaN NaN NaN 0.0 0.0 0.0 0.0 8.64112750131385 30.915593733098074 27.429450404265353 6.304105938310579 
168.0003633733832 0.0 32.607164862108455 0.0 16.703535883633855 0.007470227133982059 0.2948286228561652 0.007470227133982059 0.2948286228561652 8.617593512780923 30.872961936104474 27.649989441340214 6.310500573558379 NaN NaN NaN NaN 0.0 0.0 0.0 0.0 8.617593512780923 30.872961936104474 27.649989441340214 6.310500573558379 
170.000434181368 0.0 32.61321728960293 0.0 16.756604426556002 0.0074702271339820575 0.29690281426365756 0.0074702271339820575 0.29690281426365756 8.632589064010983 30.922017013178145 28.14788708040496 6.327299735164471 NaN NaN NaN NaN 0.0 0.0 0.0 0.0 8.632589064010983 30.922017013178145 28.14788708040496 6.327299735164471 
172.0004341813679 0.0 32.87247115067163 0.0 16.487748385878838 0.0074702271339820575 0.3095710060416529 0.0074702271339820575 0.3095710060416529 8.798522064005601 30.878409842654452 29.470349369761102 6.363629297387474 NaN NaN NaN NaN 0.0 0.0 0.0 0.0 8.798522064005601 30.878409842654452 29.470349369761102 6.363629297387474 
174.00043418136778 0.0 32.90867925049642 0.0 16.49425800793927 0.0074702271339820575 0.3119788247305839 0.0074702271339820575 0.3119788247305839 8.922890319488035 30.99458255842438 30.613001901705328 6.365405053447027 NaN NaN NaN NaN 0.0 0.0 0.0 0.0 8.922890319488035 30.99458255842438 30.613001901705328 6.365405053447027 
176.00043418136767 0.0 32.97369993893934 0.0 16.5724715967255 0.0074702271339820575 0.3134546472777055 0.0074702271339820575 0.3134546472777055 9.176395359516178 31.02160874335949 31.78906607598814 6.421565544875713 NaN NaN NaN NaN 0.0 0.0 0.0 0.0 9.176395359516178 31.02160874335949 31.78906607598814 6.421565544875713 
178.00043418136755 0.0 33.045235428918055 0.0 16.615674445451056 0.0074702271339820575 0.3158382398523296 0.0074702271339820575 0.3158382398523296 9.395350804797326 31.13481165304046 33.29785375595473 6.4997624142609105 NaN NaN NaN NaN 0.0 0.0 0.0 0.0 9.395350804797326 31.13481165304046 33.29785375595473 6.4997624142609105 
180.00003069301192 0.0 33.11180456244984 0.0 16.6584225406342 0.007470227133982056 0.3177075647405428 0.007470227133982056 0.3177075647405428 10.34930183015744 31.179569802767517 34.55366680313502 6.544727051754813 NaN NaN NaN NaN 0.0 0.0 0.0 0.0 10.34930183015744 31.179569802767517 34.55366680313502 6.544727051754813 
182.00043418136732 0.0 36.148089627024675 0.0 18.188966834507287 0.006707424973634767 0.21082743783934163 0.006458787493815593 0.003984197537747366 981.7874686266271 30.68585478763734 835.0786864901909 5.591493089665558 48.58162182606384 108.97734420167265 110.1637304773194 16.597586042418428 0.09716324365212867 0.2172737586076393 0.2203274609546411 0.032297988045957134 981.7874686266271 30.68585478763734 835.0786864901909 5.591493089665558 
184.0004341813672 0.0 37.08826029362857 0.0 18.681389443389264 0.00716457784152995 0.2847590564430245 0.006458787493815591 0.006430930292949333 947.955384634594 29.531407618264247 656.9062118252455 4.613527753398773 48.58162182606384 110.72274723508309 110.1637304773194 17.94754065919667 0.09716324365212867 0.2197204913628408 0.2203274609546411 0.034744720801159396 947.955384634594 29.531407618264247 656.9062118252455 4.613527753398773 
186.0004341813671 0.0 37.787295460531354 0.0 19.367730125867325 0.007266049102983528 0.3027095275776169 0.006458787493815593 0.00851436426927 907.5432192445818 28.28477700040798 556.1704439417026 4.529757771844172 48.58162182606384 112.11257475550742 110.1880191021725 19.09078576226095 0.09716324365212867 0.22180392533916113 0.2325203506308971 0.06479984325077018 907.5432192445818 28.28477700040798 556.1704439417026 4.529757771844172 
188.00031416179706 0.0 38.817455965052424 0.0 19.813728269433646 0.00730446475251872 0.3100932619045122 0.006458787493815591 0.009891052562605644 859.1228935960391 26.903819127447594 475.49905285541587 4.728254229193711 48.58162182606384 113.48142524976905 111.00715671868252 22.001857639981534 0.09716324365212867 0.2231806136324977 0.24518310023787326 0.095226124924044 859.1228935960391 26.903819127447594 475.49905285541587 4.728254229193711 
190.00043418136687 0.0 39.771957703157064 0.0 20.35921721160876 0.007333378993688763 0.3161880355795687 0.006458787493815591 0.011464513183325272 807.5663913909863 25.473886146672818 404.4370279540431 5.005489751407421 48.58162182606384 115.2221445804362 112.23561889273816 26.04873764373345 0.09716324365212867 0.224754074253218 0.2547139503066116 0.1186642932626895 807.5663913909863 25.473886146672818 404.4370279540431 5.005489751407421 
192.00043418136676 0.0 44.20511495376915 0.0 23.41032450289474 0.0074702271339820575 0.34941223229442553 0.006458787493815593 0.023289798561423384 543.5435164823004 18.223960868369403 59.12619722556609 6.428893029685344 48.58162182606384 118.58948418847818 121.64779974167729 52.41480819024541 0.09716324365212867 0.23657935963131688 0.2998224869493475 0.23397299954909642 543.5435164823004 18.223960868369403 59.12619722556609 6.428893029685344 
194.00043418136664 0.0 44.37913940682479 0.0 23.478730625518764 0.007470227133982056 0.35143643464322505 0.006458787493815593 0.025314000910220402 516.5156144538405 17.306781703052977 45.44046249514664 6.424808543651469 48.58162182606384 119.77289921882497 122.69390713882193 55.923630693494516 0.09716324365212867 0.23860356198010918 0.2998224869493475 0.23599720189789525 516.5156144538405 17.306781703052977 45.44046249514664 6.424808543651469 
196.00043418136653 0.0 44.69747834901981 0.0 23.570885088694116 0.007470227133982056 0.35275227298844053 0.006458787493815593 0.02662983925543753 496.3849297473877 16.857834138155734 39.253245669591216 6.344664566984801 48.58162182606384 121.07016944968352 123.12408521398119 58.156159968697565 0.09716324365212867 0.2399194003253256 0.2998224869493475 0.2373130402431117 496.3849297473877 16.857834138155734 39.253245669591216 6.344664566984801 
198.00043418136642 0.0 45.13096999774998 0.0 23.580553410178283 0.007470227133982059 0.3555852731138169 0.006458787493815593 0.029462839380810103 481.27880405954414 16.671081464961894 36.16887804704088 6.307230775041183 48.58162182606384 122.40014974240157 124.21148325981218 61.7767200100227 0.09716324365212867 0.2427524004507026 0.2998224869493476 0.24014604036848208 481.27880405954414 16.671081464961894 36.16887804704088 6.307230775041183 
200.00030765336325 0.0 45.359072485384324 0.0 23.361637121997592 0.007470227133982059 0.35707694371372456 0.006458787493815593 0.030954509980721245 468.6071596086915 16.746985287928748 34.43915551918032 6.285725283057855 48.58162182606384 123.87323426920642 124.7161997580948 64.20031621716302 0.09716324365212867 0.24424407105061038 0.2998224869493476 0.24163771096839654 468.6071596086915 16.746985287928748 34.43915551918032 6.285725283057855 
202.0004341813662 0.0 46.90717403070059 0.0 23.141250009155318 0.0074702271339820575 0.36970994479146 0.006458787493815593 0.04358751105845276 403.17099379619543 18.138826580708734 28.028024823483545 6.116140791493207 48.58162182606384 128.5812593156325 132.16709770499315 86.53505948869244 0.09716324365212867 0.2568770721283416 0.2998224869493475 0.2542707120461261 403.17099379619543 18.138826580708734 28.028024823483545 6.116140791493207 
204.00043418136607 0.0 46.92824149903592 0.0 23.234453014354184 0.007470227133982059 0.3717379886560522 0.006458787493815593 0.04561555492305018 394.9667330005067 18.688348109120543 29.49126673243747 6.181786914862921 48.58162182606384 129.67853944845078 132.56601067704884 88.47868571567999 0.09716324365212867 0.25890511599293814 0.2998224869493475 0.25629875591072443 394.9667330005067 18.688348109120543 29.49126673243747 6.181786914862921 
206.00043418136596 0.0 47.16995317839951 0.0 23.01971404694333 0.007470227133982059 0.37363725370218837 0.006458787493815591 0.04751481996918193 385.73343809043155 19.26795710554107 30.173578478116852 6.2517331695780065 48.58162182606384 130.83008500717887 133.16792703830012 90.94780712552895 0.09716324365212864 0.2600136840951385 0.2998224869493475 0.2581980209568557 385.73343809043155 19.26795710554107 30.173578478116852 6.2517331695780065 
208.00043418136585 0.0 47.44173005937641 0.0 22.778575457665973 0.0074702271339820575 0.37520223557607485 0.00645878749381559 0.04907980184306759 375.9135763681846 19.821749716047787 30.94179336485907 6.308389362277644 48.58162182606384 131.96947835692632 134.18892412700532 94.35009351668988 0.09716324365212864 0.2600136840951385 0.2998224869493476 0.2597630028307418 375.9135763681846 19.821749716047787 30.94179336485907 6.308389362277644 
210.00043418136573 0.0 47.48546820586055 0.0 22.44339919185459 0.007470227133982059 0.3776413617820083 0.006458787493815588 0.05151892804899922 365.63657511779934 20.332713809109467 31.705730406233453 6.297055498939991 48.58162182606384 133.1348416867794 135.45492719422992 98.27517783542106 0.09716324365212864 0.2600136840951385 0.2998224869493476 0.26220212903667445 365.63657511779934 20.332713809109467 31.705730406233453 6.297055498939991 
212.0002383815302 0.0 48.59666449139686 0.0 20.272059006955164 0.007470227133982059 0.3893979135265345 0.006458787493815593 0.06327547979352537 301.7067470632989 23.409018011125728 32.811005221309976 6.036596036206275 48.58162182606384 138.50575665309574 142.59883452860052 120.44573504158323 0.0 0.0 0.2998224869493475 0.27395868078120067 301.7067470632989 23.409018011125728 32.811005221309976 6.036596036206275 
214.0003552416581 0.0 48.76757092467967 0.0 19.548978762530453 0.0074702271339820575 0.39176323072554514 0.006458787493815593 0.06564079699254372 289.97876868887244 23.846720976690424 32.21255348356599 6.116915466665196 48.58162182606384 139.48332422279236 143.3780916258603 123.24104438344042 0.0 0.0 0.2998224869493476 0.27632399798021684 289.97876868887244 23.846720976690424 32.21255348356599 6.116915466665196 
216.000160266851 0.0 48.70497776331955 0.0 19.13469753754424 0.0074702271339820575 0.3933222307977421 0.006458787493815593 0.06719979706473554 277.01012128534336 24.26874985460704 31.405117896971706 6.177454094606381 48.58162182606384 140.52663787815106 144.30940333217796 126.37535529870146 0.0 0.0 0.2998224869493475 0.2778829980524099 277.01012128534336 24.26874985460704 31.405117896971706 6.177454094606381 
218.00043418136528 0.0 48.377609002655376 0.0 18.944448281567833 0.0074702271339820575 0.39516902918838903 0.006458787493815593 0.06904659545538708 263.697129723858 24.706394451735434 30.46275026148043 6.146493790808377 48.58162182606384 141.46689223923985 145.0465895536166 129.07559473852712 0.0 0.0 0.2998224869493475 0.2797297964430577 263.697129723858 24.706394451735434 30.46275026148043 6.146493790808377 
220.00043418136516 0.0 47.99918942864107 0.0 18.995215427101495 0.0074702271339820575 0.3977451774067414 0.006458787493815593 0.07162274367373417 250.16146258916663 25.130842008424686 29.17479014802386 6.043204970365169 48.58162182606384 142.34950833524962 145.94393613812946 132.14137493375935 0.0 0.0 0.2998224869493475 0.2823059446614077 250.16146258916663 25.130842008424686 29.17479014802386 6.043204970365169 
222.00043418136505 0.0 45.3911268687813 0.0 18.96794111364734 0.007470227133982056 0.4101559832640387 0.006458787493815594 0.08403354953103714 171.85712999712763 27.4381413146685 23.347448949729614 5.794437988706743 48.58162182606384 148.5539830110451 149.91124347467485 147.22541192553055 0.0 0.0 0.2998224869493475 0.2947167505187063 171.85712999712763 27.4381413146685 23.347448949729614 5.794437988706743 
224.00043418136494 0.0 45.27836686282765 0.0 18.321851287634274 0.0074702271339820575 0.41153398885473647 0.006458787493815593 0.08541155512173139 160.15201721651619 27.770989924441192 25.196161849465575 5.967547401245983 48.58162182606384 149.54495650422803 149.91124347467485 148.2431715691076 0.0 0.0 0.2998224869493474 0.2960947561094069 160.15201721651619 27.770989924441192 25.196161849465575 5.967547401245983 
226.00043418136482 0.0 45.06758595000837 0.0 17.698900593421012 0.0074702271339820575 0.4140173943364027 0.006458787493815594 0.08789496060339273 149.54160838736607 28.05082201539783 26.107120573379266 6.056998402913517 48.58162182606384 150.52273338012765 149.91124347467485 149.2309113770699 0.0 0.0 0.2998224869493475 0.2985781615910662 149.54160838736607 28.05082201539783 26.107120573379266 6.056998402913517 
228.0004341813647 0.0 44.88748399061759 0.0 17.149955514672538 0.007470227133982059 0.4153351866258856 0.006458787493815593 0.08921275289287565 139.02869583476465 28.302581767824982 26.23718559044579 6.078890048286019 48.58162182606384 151.43614619918745 149.91124347467485 150.23435409535188 0.0 0.0 0.2998224869493475 0.29989595388054946 139.02869583476465 28.302581767824982 26.23718559044579 6.078890048286019 
230.0004341813646 0.0 44.52349126784188 0.0 16.840185584909715 0.007470227133982059 0.4178809396855804 0.006458787493815593 0.09175850595257277 129.57856628852045 28.502010180974235 26.209757252448934 6.071460922153046 48.58162182606384 152.28550723885638 149.91124347467485 151.23479274211047 0.0 0.0 0.2998224869493475 0.30244170694024813 129.57856628852045 28.502010180974235 26.209757252448934 6.071460922153046 
232.00043418136448 0.0 42.77037551749929 0.0 15.47732363500073 0.0074702271339820575 0.4293402263774251 0.006458787493815593 0.10321779264442399 76.75334307890866 29.447235875594885 27.549663237001187 6.141940784305524 48.58162182606384 158.47103084614423 149.91124347467485 157.2073102279467 0.0 0.0 0.2998224869493475 0.3139009936320927 76.75334307890866 29.447235875594885 27.549663237001187 6.141940784305524 
234.00043418136437 0.0 42.212161541111364 0.0 15.48756739323059 0.0074702271339820575 0.4319747906130516 0.006458787493815593 0.10585235688004749 69.82396352147093 29.69107673914952 28.359869336893773 6.179411069137673 48.58162182606384 159.40080400352076 149.91124347467485 158.23050506216902 0.0 0.0 0.2998224869493475 0.316535557867719 69.82396352147093 29.69107673914952 28.359869336893773 6.179411069137673 
236.00043418136426 0.0 41.83733034312655 0.0 15.596318641663402 0.007470227133982056 0.43413197062210446 0.006458787493815593 0.10800953688909999 63.548532943105464 29.890350541199673 27.581203634261563 6.1423731030321855 48.58162182606384 160.30601151650902 149.91124347467485 159.23586654334576 0.0 0.0 0.2998224869493475 0.3186927378767715 63.548532943105464 29.890350541199673 27.581203634261563 6.1423731030321855 
238.00019878171338 0.0 41.23230993018405 0.0 15.57374224068923 0.0074702271339820575 0.43583763382638163 0.006458787493815593 0.10971520009337246 58.06362150071842 30.011516187790598 27.396784917867837 6.145257993535391 48.58162182606384 161.27305838821025 149.91124347467485 160.2240022597582 0.0 0.0 0.2998224869493474 0.3203984010810469 58.06362150071842 30.011516187790598 27.396784917867837 6.145257993535391 
240.00035117956918 0.0 40.51624138471426 0.0 15.488232880911337 0.007470227133982056 0.4383119791052239 0.006458787493815591 0.11218954537221461 51.932586524513994 30.11182665366388 27.391533495216724 6.158740845208691 48.58162182606384 162.2709411872295 149.91124347467485 161.23784411161336 0.0 0.0 0.2998224869493475 0.3228727463598893 51.932586524513994 30.11182665366388 27.391533495216724 6.158740845208691 
242.00043418136391 0.0 36.46150612736017 0.0 15.315951603474334 0.0074702271339820575 0.4505001945014246 0.006458787493815594 0.12437776076841515 22.6796398298136 30.539363257609693 26.976285296669545 6.003185945818766 48.58162182606384 168.50252696898664 149.91124347467485 167.2117574597631 0.0 0.0 0.2998224869493474 0.335060961756091 22.6796398298136 30.539363257609693 26.976285296669545 6.003185945818766 
244.0004341813638 0.0 36.01465975270444 0.0 15.361178481035925 0.0074702271339820575 0.45193128644023484 0.006458787493815593 0.1258088527072341 19.543606567937957 30.584957613001702 25.79169295560587 5.9168513805360785 48.58162182606384 169.47352226131207 149.91124347467485 168.2297255997802 0.0 0.0 0.2998224869493474 0.33649205369490254 19.543606567937957 30.584957613001702 25.79169295560587 5.9168513805360785 
246.00003912308878 0.0 35.058497893869145 0.0 15.440987332303367 0.0074702271339820575 0.4545806748455751 0.006458787493815593 0.1284582411125704 16.795068449331044 30.599484629916248 25.199963310315486 5.933729523298977 48.58162182606384 170.47596357689872 149.91124347467485 169.23188007651834 0.0 0.0 0.2998224869493475 0.33914144210024216 16.795068449331044 30.599484629916248 25.199963310315486 5.933729523298977 
248.00043418136357 0.0 34.50994648983061 0.0 15.49424762197049 0.007470227133982056 0.45639732684267714 0.006458787493815593 0.1302748931096727 14.922820957461758 30.61811452574702 24.561903225914246 5.9712145483039185 48.58162182606384 171.43328672278824 149.91124347467485 170.2259921122527 0.0 0.0 0.2998224869493476 0.3409580940973442 14.922820957461758 30.61811452574702 24.561903225914246 5.9712145483039185 
250.00043418136346 0.0 34.01462254141936 0.0 15.486915290547854 0.007470227133982056 0.45800921257689925 0.006458787493815593 0.1318867788438969 13.539521535350374 30.599902215733202 24.4640798684512 6.0332897838146025 48.58162182606384 172.31570495097787 149.91124347467485 171.23428873121156 0.0 0.0 0.2998224869493476 0.34256997983156817 13.539521535350374 30.599902215733202 24.4640798684512 6.0332897838146025 
252.0001525794328 0.0 32.03726959099735 0.0 15.488189516473904 0.007470227133982056 0.46981683995012913 0.006458787493815593 0.1436944062171191 8.005529716146984 30.55576536182008 26.400054627485105 6.384635436467357 48.58162182606384 178.51539969421032 149.91124347467485 177.237353904425 0.0 0.0 0.2998224869493475 0.3543776072047937 8.005529716146984 30.55576536182008 26.400054627485105 6.384635436467357 
254.00036954594364 0.0 32.10172558712451 0.0 15.529654610816644 0.0074702271339820575 0.4713764262451586 0.00638718657709139 0.16777945201487404 8.092399158918004 30.59427372090833 27.152603495735562 6.4196498733742065 48.58162182606384 179.4914042805914 149.91124347467485 178.2375993628648 0.0 0.0 0.2998224869493475 0.35593719349982444 8.092399158918004 30.59427372090833 27.152603495735562 6.4196498733742065 
256.0004341813631 0.0 32.20370002904715 0.0 15.483706362565647 0.0074702271339820575 0.47350952209285113 0.006519416904223207 0.11578316052491879 8.206634592452117 30.66095399481515 27.71638162566887 6.406960137467573 48.58162182606384 180.2442230792074 149.91124347467485 179.24824656726656 0.0 0.0 0.2998224869493475 0.35807028934751844 8.206634592452117 30.66095399481515 27.71638162566887 6.406960137467573 
258.00034162560166 0.0 32.184277591535356 0.0 15.495611037262726 0.0074702271339820575 0.4758788395504004 0.006591295300306192 0.08872856572889325 8.324137232015643 30.681648660702816 28.60538789731899 6.417023601697956 48.58162182606384 180.84704336285236 149.91124347467485 180.2429860514473 0.0 0.0 0.2998224869493475 0.36043960680506776 8.324137232015643 30.681648660702816 28.60538789731899 6.417023601697956 
260.0004341813629 0.0 32.153231940943904 0.0 15.503075168951492 0.007470227133982061 0.4773839092794828 0.006617989653453887 0.07930611971632046 8.369305417026196 30.65609991820364 28.874438613459567 6.350937157638998 48.58162182606384 181.31052418859966 149.91124347467485 181.24048322547122 0.0 0.0 0.2998224869493475 0.3619446765341519 8.369305417026196 30.65609991820364 28.874438613459567 6.350937157638998 
262.0004341813628 0.0 31.914165308666846 0.0 15.76135748675471 0.007470227133982056 0.4895046360899344 0.006772978571142206 0.027981074739252876 8.194760371881745 30.354623027215688 25.882639375798973 5.6613940164978525 48.58162182606384 188.48910730624377 149.91124347467485 187.24120003209612 0.0 0.0 0.2998224869493475 0.37406540334460325 8.194760371881745 30.354623027215688 25.882639375798973 5.6613940164978525 
264.00038500527734 0.0 32.01735796385274 0.0 15.601522546908424 0.007470227133982056 0.4918234607706325 0.006772978571142208 0.030299899419947825 8.188437426319055 30.34573666131182 23.876223004295632 5.611891631379154 48.58162182606384 189.14971339329728 149.91124347467485 188.2276165018759 0.0 0.0 0.2998224869493475 0.3763842280252997 8.188437426319055 30.34573666131182 23.876223004295632 5.611891631379154 
266.00043418136255 0.0 31.922068101730286 0.0 15.495560391515802 0.007470227133982056 0.49350594456133107 0.006818274959989577 0.029169217410449637 8.17751103582447 30.26285372657336 22.564328707999987 5.624362766038109 48.58162182606384 189.82970243795333 149.91124347467485 189.2162923912846 0.0 0.0 0.2998224869493475 0.3780667118160012 8.17751103582447 30.26285372657336 22.564328707999987 5.624362766038109 
268.00034147406507 0.0 31.87905581635268 0.0 15.42976051859557 0.007470227133982056 0.4948610786196815 0.00688787142176788 0.02620201162957014 8.174472450757253 30.211689582220245 21.753358132213766 5.767226939745915 48.58162182606384 190.16463222199334 149.91124347467485 190.2233083717988 0.0 0.0 0.2998224869493475 0.3794218458743537 8.174472450757253 30.211689582220245 21.753358132213766 5.767226939745915 
270.0004341813623 0.0 31.91084224175259 0.0 15.427381557120079 0.007470227133982056 0.49772389381457743 0.0069702652791539255 0.02394769524638467 8.121408030514452 30.178047367211313 21.57438489517589 5.909142299733673 48.58162182606384 190.38286478234824 149.91124347467485 191.2262475690757 0.0 0.0 0.2998224869493476 0.3822846610692466 8.121408030514452 30.178047367211313 21.57438489517589 5.909142299733673 
272.0004341813622 0.0 32.16924708493204 0.0 15.378727562616524 0.0074702271339820575 0.5097671967774561 0.007185426994491998 0.022628220413926262 7.598347296733307 30.10642731613441 21.85224329650734 6.288250229773564 48.58162182606384 198.37644187338466 149.91124347467485 197.21801023093366 0.0 0.0 0.2998224869493475 0.3943279640321231 7.598347296733307 30.10642731613441 21.85224329650734 6.288250229773564 
274.0004341813621 0.0 32.19246797574062 0.0 15.432617030839907 0.0074702271339820575 0.5123073655950305 0.0071854269944919965 0.025168389231500946 7.64227743065669 30.044978662484766 21.85841234498467 6.289255344827632 48.58162182606384 198.49808459704246 149.91124347467485 198.23214745037762 0.0 0.0 0.2998224869493475 0.3968681328496979 7.64227743065669 30.044978662484766 21.85841234498467 6.289255344827632 
276.000434181362 0.0 32.10786992068003 0.0 15.336364947293195 0.0074702271339820575 0.5141562321061303 0.007185426994491998 0.02701725574259917 7.679130106087483 30.059138622132817 23.329978039864127 6.264670661822096 48.58162182606384 198.49808459704246 149.91124347467485 199.20616144229263 0.0 0.0 0.2998224869493475 0.39871699936079735 7.679130106087483 30.059138622132817 23.329978039864127 6.264670661822096 
278.00043418136187 0.0 32.04104847330613 0.0 15.315255199702127 0.0074702271339820575 0.5160288770535001 0.007185426994491998 0.028889900689972464 7.708104735017543 30.143588354941993 24.18880107052376 6.2541174017201495 48.58162182606384 198.49808459704246 149.91124347467485 200.23242651523728 0.0 0.0 0.2998224869493475 0.4005896443081689 7.708104735017543 30.143588354941993 24.18880107052376 6.2541174017201495 
280.00043418136175 0.0 32.02507392549824 0.0 15.349985378329315 0.0074702271339820575 0.5180622937425929 0.0071854269944919965 0.030923317379059137 7.7602560987095055 30.22946654715033 24.84104609185453 6.263887758849135 48.58162182606384 198.49808459704246 149.91124347467485 201.21819071319558 0.0 0.0 0.2998224869493475 0.4026230609972605 7.7602560987095055 30.22946654715033 24.84104609185453 6.263887758849135 
282.00043418136164 0.0 31.81807936217311 0.0 15.153834968890072 0.0074702271339820575 0.5302699008711808 0.0071854269944919965 0.04313092450764331 7.981541844821855 30.908750125256606 29.73909280593387 6.393644772041502 NaN NaN 149.91124347467485 207.21208198252873 0.0 0.0 0.2998224869493475 0.41483066812584696 7.981541844821855 30.908750125256606 29.73909280593387 6.393644772041502 
284.0004341813615 0.0 31.78137629573302 0.0 15.392309192651851 0.0074702271339820575 0.5310499377836588 0.007185426994491998 0.043910961420125794 8.128193702375212 30.928723426371697 30.43692669410803 6.3836448413051725 NaN NaN 149.91124347467485 208.21479886886212 0.0 0.0 0.2998224869493475 0.4156107050383298 8.128193702375212 30.928723426371697 30.43692669410803 6.3836448413051725 
286.0004341813614 0.0 31.77627931106381 0.0 15.454882039463111 0.007470227133982056 0.534229899955919 0.007214335876407951 0.03794450103469027 8.193557581356638 30.884229849284065 30.424162380054177 6.339444548497945 NaN NaN 149.91124347467485 209.21343457414014 0.0 0.0 0.2998224869493475 0.4187906672105875 8.193557581356638 30.884229849284065 30.424162380054177 6.339444548497945 
288.0004341813613 0.0 31.789686899440806 0.0 15.509438155376495 0.007470227133982056 0.5358646697790269 0.007232615483819148 0.0337958229175252 8.212815454418559 30.9007867772187 30.09058724693372 6.30732952329967 NaN NaN 149.91124347467485 210.21669606356886 0.0 0.0 0.2998224869493475 0.42042543703369406 8.212815454418559 30.9007867772187 30.09058724693372 6.30732952329967 
290.0004341813612 0.0 31.78250244528721 0.0 15.51021173141179 0.007470227133982054 0.5377448936395693 0.007246155252012298 0.03139222696143081 8.308313605606056 30.925902643212996 29.926867181711994 6.297150143637451 NaN NaN 149.91124347467485 211.21004974188824 0.0 0.0 0.2998224869493475 0.4223056608942365 8.308313605606056 30.925902643212996 29.926867181711994 6.297150143637451 
292.0004341813611 0.0 31.392984345862793 0.0 15.545008489071314 0.007470227133982056 0.550122165966096 0.0073020140789099635 0.026096438258879074 8.863123300973168 31.004202247991902 29.436488748782295 6.274903395553484 NaN NaN 149.91124347467485 217.222154570878 0.0 0.0 0.2998224869493475 0.43468293322076496 8.863123300973168 31.004202247991902 29.436488748782295 6.274903395553484 
294.00028383785747 0.0 31.380107598550598 0.0 15.692087544818314 0.0074702271339820575 0.5520199251103847 0.0073020140789099635 0.027994197403170003 8.880154004868688 31.05533653343844 29.657387908282292 6.379602676668542 NaN NaN 149.91124347467485 218.2043519186495 0.0 0.0 0.2998224869493475 0.43658069236504965 8.880154004868688 31.05533653343844 29.657387908282292 6.379602676668542 
296.00043418136084 0.0 31.422838285593755 0.0 15.747924816753322 0.007470227133982059 0.553615493977161 0.007302014078909962 0.029589766269947977 9.116023116853764 31.057633415914925 30.230078705466042 6.379704075657869 NaN NaN 149.91124347467485 219.21929913379324 0.0 0.0 0.2998224869493475 0.43817626123183023 9.116023116853764 31.057633415914925 30.230078705466042 6.379704075657869 
298.00043418136073 0.0 31.469849324041938 0.0 15.78884837155705 0.0074702271339820575 0.5553304463977939 0.007302014078909962 0.031304718690578784 9.174883451181463 30.981675900148257 30.57579915050687 6.363453043852181 NaN NaN 149.91124347467485 220.22142614807439 0.0 0.0 0.2998224869493475 0.4398912136524639 9.174883451181463 30.981675900148257 30.57579915050687 6.363453043852181 
300.00011605771294 0.0 31.47853887774887 0.0 15.777203877463048 0.0074702271339820575 0.55796515845935 0.007302014078909962 0.0339394307521374 12.41958010426195 30.89487241950175 34.33021905679618 6.3213161112052845 NaN NaN 149.91124347467485 221.22824631389136 0.0 0.0 0.2998224869493475 0.442525925714017 12.41958010426195 30.89487241950175 34.33021905679618 6.3213161112052845 
302.0004341813605 0.0 33.81578379236132 0.0 16.47897443840372 0.007470227133982056 0.5702206533276353 0.007302014078909963 0.04619492562041725 981.2300492111758 30.10041444193541 859.4894602278997 5.449994277978681 33.19987597055547 90.49802185839101 145.7366253502284 211.28726860694263 0.06639975194111014 0.18010882382845864 0.1974693172672376 0.054456820012908115 981.2300492111758 30.10041444193541 859.4894602278997 5.449994277978681 
304.0004341813604 0.0 34.18883618219308 0.0 16.903924124646018 0.007470227133982056 0.5719554968832489 0.007302014078909964 0.047929769176035246 918.120584136705 28.16096171235913 692.4377237762444 4.598833821441637 33.19987597055547 91.93110970168799 138.39758510990814 183.9634944084507 0.06639975194111014 0.181843667384077 0.20300050663012734 0.0712083395334369 918.120584136705 28.16096171235913 692.4377237762444 4.598833821441637 
306.0004341813603 0.0 34.67384480940368 0.0 17.123878666602767 0.0074702271339820575 0.5743209871382694 0.007302014078909963 0.05029525943105282 863.9895208148753 26.45820872028775 590.9426649361736 4.472831371799961 33.19987597055547 93.46409983119848 133.95055278538916 167.7461179926352 0.06639975194111014 0.18420915763909468 0.2053083787444859 0.07983949263889714 863.9895208148753 26.45820872028775 590.9426649361736 4.472831371799961 
308.00014302733484 0.0 35.329943809798515 0.0 17.85180209383539 0.0074702271339820575 0.5762394631234958 0.007302014078909963 0.05221373541628269 818.628551346332 25.116478962691343 511.6750036969541 4.648067996030591 33.19987597055547 94.88627365172482 131.49429150655897 159.13153740404843 0.06639975194111014 0.18612763362432413 0.20615245852114936 0.08404956843441361 818.628551346332 25.116478962691343 511.6750036969541 4.648067996030591 
310.0001624243642 0.0 36.0786732782131 0.0 18.69889642466874 0.0074702271339820575 0.5777529367332278 0.007302014078909963 0.053727209026012655 779.2337147188033 23.94663515176021 437.32387257413075 4.935735358220518 33.19987597055547 96.33348079537676 129.83724219237556 153.5163870048357 0.06639975194111014 0.18764110723405164 0.20657024253868908 0.08669728764723725 779.2337147188033 23.94663515176021 437.32387257413075 4.935735358220518 
312.00043418135994 0.0 39.90925795262784 0.0 23.50035236933989 0.0074702271339820575 0.5889761616500687 0.007302014078909963 0.06495043394285276 567.6129051965987 17.88674543467749 69.0334201868572 6.523241398867892 33.19987597055547 99.95443387088721 120.99054858472995 123.78759794967326 0.06639975194111014 0.19886433215089439 0.20874034774126607 0.10381215078126155 567.6129051965987 17.88674543467749 69.0334201868572 6.523241398867892 
314.0004341813598 0.0 40.36304707482798 0.0 23.59147890567937 0.0074702271339820575 0.5916309587553489 0.007302014078909964 0.06760523104812814 545.3823003505038 17.335384424364012 50.10545948004852 6.605388434692393 33.19987597055547 101.05630075351128 119.84642087199148 119.89244173960178 0.06639975194111014 0.20151912925616952 0.208740347741266 0.10646694788653814 545.3823003505038 17.335384424364012 50.10545948004852 6.605388434692393 
316.0004341813597 0.0 40.90330671186999 0.0 23.39351220899193 0.0074702271339820575 0.5938980580671592 0.007302014078909964 0.069872330359948 529.0659797062293 17.019503521290613 41.704700269135 6.565683500414695 33.19987597055547 102.34286662847283 119.01990983731862 117.16705790887218 0.06639975194111014 0.20378622856798767 0.208740347741266 0.10873404719835722 529.0659797062293 17.019503521290613 41.704700269135 6.565683500414695 
318.0004341813596 0.0 41.537414967976304 0.0 23.372899083116142 0.0074702271339820575 0.5958200461697519 0.007302014078909964 0.07179431846253365 515.5038199371397 16.81021033149236 37.38907775551561 6.516328062186777 33.19987597055547 103.54993195740184 118.04829480547606 114.0543804114702 0.06639975194111014 0.20570821667057562 0.20874034774126607 0.11065603530094353 515.5038199371397 16.81021033149236 37.38907775551561 6.516328062186777 
320.0004341813595 0.0 42.117432920736526 0.0 23.260007420951943 0.0074702271339820575 0.5972928559822059 0.007302014078909964 0.07326712827498856 503.2539393800519 16.858709469459754 34.089408905904556 6.439599515607715 33.19987597055547 104.90075101710248 116.9897695927736 110.64554454139996 0.06639975194111014 0.2071810264830302 0.208740347741266 0.11212884511339859 503.2539393800519 16.858709469459754 34.089408905904556 6.439599515607715 
322.00042997883577 0.0 46.023148221691706 0.0 22.35577400826444 0.0074702271339820575 0.608741239457243 0.007302014078909963 0.08471551175002408 439.02261200031074 18.060044231389988 21.231336432847208 6.39058871500838 33.19987597055547 109.90666276917169 109.96123457377566 87.8377453035451 0.06639975194111014 0.2186294099580633 0.20874034774126596 0.12357722858843614 439.02261200031074 18.060044231389988 21.231336432847208 6.39058871500838 
324.00043418135925 0.0 45.77154666605485 0.0 22.11959804160116 0.007470227133982059 0.6117320241669691 0.007302014078909964 0.08770629645975693 429.27339742197563 18.68793810907782 22.025808406722728 6.396735968704752 33.19987597055547 110.99134282203876 109.11041171696924 84.9984456410606 0.06639975194111014 0.22162019466779947 0.20874034774126596 0.12656801329816578 429.27339742197563 18.68793810907782 22.025808406722728 6.396735968704752 
326.0001204017022 0.0 46.22642545520811 0.0 21.759013615457913 0.007470227133982061 0.6135807125175615 0.007302014078909964 0.08955498481034861 419.38042417718566 19.31067855029878 24.074909043537993 6.438140891622018 33.19987597055547 112.15604626538315 107.25958150136906 78.64179567901456 0.06639975194111017 0.2234688830183912 0.208740347741266 0.12841670164875743 419.38042417718566 19.31067855029878 24.074909043537993 6.438140891622018 
328.0000813229067 0.0 46.34885785453507 0.0 21.278223464210143 0.007470227133982059 0.6157775347890779 0.007302014078909961 0.09175180708186505 409.84130369994085 19.85410676190122 25.393879831455738 6.482549912371778 33.19987597055547 113.32633421026986 106.41605984611682 75.98093163326645 0.06639975194111017 0.2234688830183912 0.20874034774126607 0.13061352392027317 409.84130369994085 19.85410676190122 25.393879831455738 6.482549912371778 
330.0004341813589 0.0 46.31811398599951 0.0 20.788593151846694 0.0074702271339820575 0.6170468020773224 0.007302014078909963 0.0930210743701024 399.162785410489 20.425356551592877 26.312237931123338 6.5096576603525085 33.19987597055547 114.42465125409082 105.89737380536411 74.56462524600384 0.06639975194111017 0.2234688830183912 0.20874034774126607 0.13188279120851412 399.162785410489 20.425356551592877 26.312237931123338 6.5096576603525085 
332.0004341813588 0.0 46.804021891044506 0.0 17.975506071425173 0.007470227133982056 0.6295241155360216 0.007302014078909963 0.10549838782880522 334.78387907501025 23.65575292402035 28.884334855511522 6.667097270220753 33.19987597055547 119.89052760921679 104.28737852630479 72.13610462997316 0.0 0.0 0.208740347741266 0.1443601046672133 334.78387907501025 23.65575292402035 28.884334855511522 6.667097270220753 
334.0004341813587 0.0 46.54305555344249 0.0 17.552332655676132 0.0074702271339820575 0.6312145527876849 0.007302014078909963 0.10718882508046682 321.61906291869315 24.155593402566918 27.940370500339718 6.654094142315515 33.19987597055547 120.81423165937545 104.31942074916006 73.21847327092925 0.0 0.0 0.20874034774126607 0.1460505419188773 321.61906291869315 24.155593402566918 27.940370500339718 6.654094142315515 
336.00043418135857 0.0 46.591645846149405 0.0 17.355705049649924 0.0074702271339820575 0.6332809927394478 0.007302014078909963 0.10925526503223691 307.8088048936062 24.631136017360376 27.85123484950387 6.644152990656253 33.19987597055547 121.69571597027654 104.4912911061219 73.17429412727361 0.0 0.0 0.2143517052417023 0.10914230912392384 307.8088048936062 24.631136017360376 27.85123484950387 6.644152990656253 
338.00043418135846 0.0 46.47152314538255 0.0 17.29697832399749 0.007470227133982056 0.6356304999354442 0.007302014078909963 0.11160477222822762 293.1849134075992 25.118621513188465 28.820792724379295 6.666537516676333 33.19987597055547 122.66513415455195 104.72779121498586 72.62131928497442 0.0 0.0 0.21738946012108912 0.09039255427865191 293.1849134075992 25.118621513188465 28.820792724379295 6.666537516676333 
340.00043418135834 0.0 46.34937064861312 0.0 17.23595131698283 0.007470227133982054 0.6370978676278743 0.007302014078909963 0.11307213992066077 279.1524489649665 25.52220689107876 28.557469961301695 6.617072168765555 33.19987597055547 123.56629431988536 104.96955900598832 71.98098917457004 0.0 0.0 0.21854384765683768 0.08384191983431584 279.1524489649665 25.52220689107876 28.557469961301695 6.617072168765555 
342.00043418135823 0.0 44.7174158564065 0.0 17.14732284501949 0.0074702271339820575 0.6495611367202242 0.007302014078909963 0.12553540901301374 193.86588954044205 27.947575423590383 23.97625424744841 6.3132824059212 33.19987597055547 129.85072198817593 106.28116812294718 69.09671826405335 0.0 0.0 0.22536286223619112 0.04894252104014581 193.86588954044205 27.947575423590383 23.97625424744841 6.3132824059212 
344.0004341813581 0.0 44.47144578790931 0.0 17.053477706857958 0.0074702271339820575 0.6515373378836092 0.007302014078909963 0.12751161017639398 181.80919455108233 28.274976588775864 22.970642920006522 6.283631428716572 33.19987597055547 130.84557709447506 106.50640562301498 68.52072022483213 0.0 0.0 0.22536286223619112 0.050918722203528395 181.80919455108233 28.274976588775864 22.970642920006522 6.283631428716572 
346.00036519838903 0.0 44.26247201305096 0.0 16.97551952788686 0.0074702271339820575 0.6532363348424731 0.007302014078909963 0.12921060713526036 170.4485805148203 28.577004049005005 22.271197346812464 6.2777830549888325 33.19987597055547 131.94149336635505 106.7579839741875 67.76323793528026 0.0 0.0 0.22536286223619106 0.05261771916239426 170.4485805148203 28.577004049005005 22.271197346812464 6.2777830549888325 
348.0004341813579 0.0 44.13978691909857 0.0 16.965866492845436 0.0074702271339820575 0.6554864968380189 0.007302014078909961 0.13146076913080712 159.33080260986813 28.86668372139745 22.605141026924287 6.3769022864367235 33.19987597055547 132.96730749889784 107.01030032217194 67.01327373814956 0.0 0.0 0.22536286223619106 0.05486788115794002 159.33080260986813 28.86668372139745 22.605141026924287 6.3769022864367235 
350.0004341813578 0.0 43.94937827466787 0.0 16.98022155728813 0.007470227133982059 0.6578755159961616 0.007302014078909961 0.13384978828895372 149.08423698897124 29.154786454957136 23.333143788669112 6.424282671857436 33.19987597055547 133.9835491498878 107.25636469805791 66.3139384208644 0.0 0.0 0.22536286223619106 0.057256900316088294 149.08423698897124 29.154786454957136 23.333143788669112 6.424282671857436 
352.0001509416075 0.0 41.642687583464685 0.0 16.796594271619252 0.007470227133982056 0.6699536966369342 0.007302014078909963 0.145927968929717 91.33046031880987 30.69358598140404 28.96400125451849 6.644105502199802 33.19987597055547 139.90005835495572 108.75172363251254 61.942302874626236 0.0 0.0 0.22536286223619112 0.06933508095684932 91.33046031880987 30.69358598140404 28.96400125451849 6.644105502199802 
354.00043418135755 0.0 40.76827954647117 0.0 16.763762989069377 0.0074702271339820575 0.6720104834838205 0.007302014078909963 0.14798475577660572 83.20017941338378 30.906892021629808 29.895644054840208 6.599360366589509 33.19987597055547 140.83466656310995 109.04599665117254 60.86728677154366 0.0 0.0 0.22536286223619117 0.07139186780373813 83.20017941338378 30.906892021629808 29.895644054840208 6.599360366589509 
356.00043418135743 0.0 39.96531474103708 0.0 16.69179761989901 0.0074702271339820575 0.6741965398691262 0.007302014078909963 0.15017081216190825 75.22647962343255 31.127060592780772 30.76072790254049 6.553634706122117 33.19987597055547 141.70148427954072 109.33178547631367 59.89837763365507 0.0 0.0 0.22536286223619112 0.07357792418904165 75.22647962343255 31.127060592780772 30.76072790254049 6.553634706122117 
358.0004341813573 0.0 39.23307665726207 0.0 16.677777105711783 0.0074702271339820575 0.6763679157862298 0.007302014078909963 0.15234218807901526 67.84799789120132 31.279538269088235 31.574811865097924 6.587880237061102 33.19987597055547 142.627492348345 109.5655817888417 59.27196742591606 0.0 0.0 0.22536286223619117 0.07574930010614946 67.84799789120132 31.279538269088235 31.574811865097924 6.587880237061102 
360.0004341813572 0.0 38.30845313152741 0.0 16.651060230367985 0.007470227133982056 0.6779387379059767 0.007302014078909963 0.1539130101987667 61.01528816858968 31.41144779918743 32.190103175880544 6.561353475407496 33.19987597055547 143.65954700400923 109.79016532574667 58.726335940529864 0.0 0.0 0.22536286223619112 0.07732012222589936 61.01528816858968 31.41144779918743 32.190103175880544 6.561353475407496 
362.0004341813571 0.0 34.42293830654085 0.0 16.76874080836658 0.007470227133982059 0.689790445953953 0.007302014078909963 0.16576471824674538 24.649241117320646 32.09654881469094 35.82068210892195 6.493018471178155 33.19987597055547 149.9085484658971 111.26907654029701 54.44932867873222 0.0 0.0 0.22536286223619117 0.08917183027387922 24.649241117320646 32.09654881469094 35.82068210892195 6.493018471178155 
364.000434181357 0.0 33.70172334358137 0.0 16.68037055724844 0.007470227133982059 0.6915856574927556 0.007302014078909963 0.167559929785534 21.214164953384895 32.127404940182835 35.560323931532075 6.396106612983195 33.19987597055547 150.9776074411363 111.58161240461475 53.28062758053308 0.0 0.0 0.22536286223619117 0.09096704181266822 21.214164953384895 32.127404940182835 35.560323931532075 6.396106612983195 
366.00043418135687 0.0 33.5347548606728 0.0 16.703541760217952 0.0074702271339820575 0.6940406051290069 0.007302014078909963 0.17001487742179752 18.82607995022761 32.13744792342291 35.4820915604745 6.394044463544118 33.19987597055547 152.0400865542698 111.84868362242811 52.430134619033886 0.0 0.0 0.22536286223619117 0.09342198944892986 18.82607995022761 32.13744792342291 35.4820915604745 6.394044463544118 
368.00043418135675 0.0 33.450572540612576 0.0 16.76312412710211 0.0074702271339820575 0.6959276685082791 0.007302014078909963 0.17190194080105803 16.989641044567854 32.070340798518096 35.568030257772044 6.412371527361173 33.19987597055547 152.9531989975143 112.03839532221006 52.092177608602086 0.0 0.0 0.22536286223619117 0.09530905282819176 16.989641044567854 32.070340798518096 35.568030257772044 6.412371527361173 
370.00037336963493 0.0 33.467671727249176 0.0 16.805384863736908 0.0074702271339820575 0.6975238026172579 0.007302014078909963 0.17349807491003677 15.521662945224758 31.946277712168396 35.15441653357867 6.4604048600634005 33.19987597055547 154.04798745221697 112.17462644959383 52.1726507797717 0.0 0.0 0.22536286223619112 0.09690518693717057 15.521662945224758 31.946277712168396 35.15441653357867 6.4604048600634005 
372.0004341813565 0.0 33.77404917293687 0.0 16.917624734960476 0.0074702271339820575 0.7097405261418595 0.007302014078909963 0.1857147984346376 9.838033130047837 31.286707841021567 33.08036866119314 6.4997772865559185 33.19987597055547 159.85893059263987 112.6814311180965 54.632900361604534 0.0 0.0 0.22536286223619112 0.10912191046177179 9.838033130047837 31.286707841021567 33.08036866119314 6.4997772865559185 
374.0004341813564 0.0 33.75292492387309 0.0 16.881050292259904 0.0074702271339820575 0.71160877733657 0.007302014078909963 0.18758304962935451 9.806264397121069 31.247615410521696 32.365344946920274 6.48211452646181 33.19987597055547 160.8103019038192 112.6814311180965 55.63404182422667 0.0 0.0 0.22536286223619112 0.11099016165648658 9.806264397121069 31.247615410521696 32.365344946920274 6.48211452646181 
376.0004341813563 0.0 33.798087167078805 0.0 16.795308154846694 0.0074702271339820575 0.7132538575978403 0.007302014078909963 0.18922812989061888 9.726461907389755 31.103213900161354 32.03760947342901 6.494541247306766 33.19987597055547 161.6651185402812 112.6814311180965 56.64824152448433 0.0 0.0 0.22536286223619106 0.11263524191775348 9.726461907389755 31.103213900161354 32.03760947342901 6.494541247306766 
378.0004341813562 0.0 33.7936795058813 0.0 16.720604699357622 0.0074702271339820575 0.7151881388186999 0.007302014078909964 0.191162411111483 9.783190023769293 31.10055592904217 31.391572657016614 6.470186036600451 33.19987597055547 162.33636257667047 112.6814311180965 57.635969315141054 0.0 0.0 0.22536286223619112 0.11456952313861526 9.783190023769293 31.10055592904217 31.391572657016614 6.470186036600451 
380.00038728648565 0.0 33.82799052647481 0.0 16.725492494950977 0.007470227133982059 0.717385687037583 0.007302014078909964 0.19335995933036706 9.953509969546179 31.087959271494423 31.089869742648457 6.446617966631441 33.19987597055547 162.9903949156764 112.6814311180965 58.64663980819888 0.0 0.0 0.22536286223619106 0.11676707135749916 9.953509969546179 31.087959271494423 31.089869742648457 6.446617966631441 
382.00043418135596 0.0 33.896307934484774 0.0 16.60163077877878 0.0074702271339820575 0.7294025813969538 0.007302014078909963 0.2053768536897372 9.938525506170532 31.308214571477194 26.98386055147399 6.402753268381915 33.19987597055547 169.8673003880049 112.6814311180965 64.6325642761187 0.0 0.0 0.22536286223619112 0.12878396571686745 9.938525506170532 31.308214571477194 26.98386055147399 6.402753268381915 
384.00043418135584 0.0 33.87222666122086 0.0 16.707537930033133 0.007470227133982059 0.7318668818578807 0.007302014078909963 0.20784115415066404 9.872971576024018 31.19010319421732 26.784677326980287 6.380055496285999 33.19987597055547 170.6635964063643 112.70954367652273 65.16598456036542 0.0 0.0 0.22724153146466095 0.09987919251278185 9.872971576024018 31.19010319421732 26.784677326980287 6.380055496285999 
386.00043418135573 0.0 33.823366008415526 0.0 16.76076838144641 0.0074702271339820575 0.7336854965379648 0.007302014078909964 0.20965976883075776 9.850143072829347 31.261750068770148 27.207268389514276 6.439061607765245 33.19987597055547 171.20434009795528 112.79263190936432 64.77075542753492 0.0 0.0 0.22831399405532923 0.0837903663832563 9.850143072829347 31.261750068770148 27.207268389514276 6.439061607765245 
388.0004341813556 0.0 33.75190348929032 0.0 16.78363270193629 0.007470227133982056 0.7357420309141149 0.007302014078909964 0.21171630320689214 9.924277378659244 31.332332157782364 28.665157685723422 6.486495024520974 33.19987597055547 171.61953618532056 112.875121228864 64.4027356535049 0.0 0.0 0.228976418173954 0.07478607607571093 9.924277378659244 31.332332157782364 28.665157685723422 6.486495024520974 
390.0004341813555 0.0 33.67535558968987 0.0 16.74648509071445 0.0074702271339820575 0.7372613267759339 0.007302014078909964 0.2132355990687147 9.989688592723187 31.407240479539283 29.57885584081367 6.484755516663323 33.19987597055547 171.8389451551048 112.96577685555637 63.882815834780274 0.0 0.0 0.22929877517514885 0.07092281690139865 9.989688592723187 31.407240479539283 29.57885584081367 6.484755516663323 
392.0004341813554 0.0 33.35240390898148 0.0 16.54151200814317 0.0074702271339820575 0.7495527623453625 0.007302014078909963 0.22552703463815255 10.21662278789437 31.499907102215552 34.39408326187258 6.538363191029174 33.19987597055547 179.73093300484476 113.551102461459 60.09963919385834 0.0 0.0 0.23109273403317804 0.0532596299556981 10.21662278789437 31.499907102215552 34.39408326187258 6.538363191029174 
394.0004341813553 0.0 33.30479146189635 0.0 16.644284571021892 0.007470227133982056 0.7520825166306213 0.007302014078909961 0.2280567889234044 10.382450167972591 31.40346246689671 36.033340623849334 6.503133487014997 33.19987597055547 180.61322074501624 113.62455345422441 59.88615897452062 0.0 0.0 0.23109273403317804 0.05578938424094813 10.382450167972591 31.40346246689671 36.033340623849334 6.503133487014997 
396.00043418135516 0.0 33.28948467268954 0.0 16.752395256467995 0.007470227133982056 0.7536044861800407 0.007302014078909959 0.2295787584728311 10.507537590198266 31.392951481152572 37.13233081494144 6.523725021857248 33.19987597055547 180.8774373709394 113.7022663235571 59.58857814491231 0.0 0.0 0.23109273403317804 0.05731135379037661 10.507537590198266 31.392951481152572 37.13233081494144 6.523725021857248 
398.00043418135505 0.0 33.303627579253934 0.0 16.80469500181046 0.007470227133982056 0.7552371182225359 0.007302014078909959 0.23121139051531955 10.55590204102435 31.391558087249468 37.69426275653407 6.529987812529757 33.19987597055547 180.8774373709394 113.78878799535445 59.13133941942318 0.0 0.0 0.2310927340331781 0.0589439858328629 10.55590204102435 31.391558087249468 37.69426275653407 6.529987812529757 
400.00043418135493 0.0 33.369201584316265 0.0 16.841454571693795 0.007470227133982054 0.75753526493271 0.007302014078909959 0.2335095372254914 10.527984477721548 31.451463179979026 37.09338646896137 6.504046874265967 33.19987597055547 180.8774373709394 113.89401005289528 58.39161437645863 0.0 0.0 0.23109273403317804 0.06124213254303684 10.527984477721548 31.451463179979026 37.09338646896137 6.504046874265967 
402.0004341813548 0.0 33.441721021054946 0.0 16.74168849586572 0.0074702271339820575 0.769338861926507 0.007302014078909963 0.24531313421928322 10.260484922772003 31.56764553423352 28.307857294016973 6.384755141257951 NaN NaN 114.60704738110688 52.49101990749491 0.0 0.0 0.23109273403317804 0.0730457295368302 10.260484922772003 31.56764553423352 28.307857294016973 6.384755141257951 
404.0001855815218 0.0 33.53844054420774 0.0 16.740854448843034 0.0074702271339820575 0.7713787933567945 0.007302014078909964 0.24735306564958695 10.173641099542872 31.33637724584801 28.73889134274871 6.479534097977121 NaN NaN 114.72856594760033 51.461291812925005 0.0 0.0 0.23109273403317793 0.07508566096712926 10.173641099542872 31.33637724584801 28.73889134274871 6.479534097977121 
406.0004341813546 0.0 33.568508625476454 0.0 16.698210172089755 0.007470227133982059 0.7730827364634677 0.007302014078909963 0.24905700875626074 10.090516670259648 31.34513692151478 29.989950031305053 6.498336031365789 NaN NaN 114.8026210322286 51.22423640733775 0.0 0.0 0.23109273403317793 0.07678960407380422 10.090516670259648 31.34513692151478 29.989950031305053 6.498336031365789 
408.0004341813545 0.0 33.682662713762255 0.0 16.64230624882635 0.007470227133982059 0.7752093886494964 0.007302014078909963 0.25118366094228206 10.101903448907649 31.354345154644456 30.159550914367372 6.4577084877389535 NaN NaN 114.88698798766495 50.80242601547053 0.0 0.0 0.23109273403317793 0.07891625625982919 10.101903448907649 31.354345154644456 30.159550914367372 6.4577084877389535 
410.00043418135436 0.0 33.774382074643974 0.0 16.55805233294025 0.007470227133982059 0.7773529489573713 0.007302014078909961 0.2533272212501542 10.204656438265715 31.292815027023096 31.378211149464374 6.4556399349699305 NaN NaN 114.94329787376046 50.87843844391084 0.0 0.0 0.23109273403317793 0.08105981656769773 10.204656438265715 31.292815027023096 31.378211149464374 6.4556399349699305 
412.00043418135425 0.0 34.22798182866628 0.0 15.943558134867565 0.0074702271339820575 0.7895686006025543 0.007302014078909963 0.26554287289533735 10.977125653874802 31.096244821548495 35.13798368102163 6.3309233911603675 NaN NaN 115.32672869424322 50.46770243824805 0.0 0.0 0.23109273403317804 0.09327546821288465 10.977125653874802 31.096244821548495 35.13798368102163 6.3309233911603675 
414.00043418135414 0.0 34.23132064847882 0.0 15.92589308288378 0.007470227133982056 0.791632171328931 0.007302014078909964 0.2676064436217076 10.966665802986933 31.11612120578162 33.46859821540124 6.292205786978491 NaN NaN 115.37152856723279 50.733292038140725 0.0 0.0 0.23109273403317804 0.09533903893925552 10.966665802986933 31.11612120578162 33.46859821540124 6.292205786978491 
416.000434181354 0.0 34.175721046998646 0.0 15.87004642492501 0.0074702271339820575 0.7932019753606154 0.007302014078909966 0.2691762476533979 10.976562108764996 31.114331878430278 32.132405980330965 6.369725351094456 NaN NaN 115.40769018835223 51.12623118436521 0.0 0.0 0.23109273403317793 0.09690884297094271 10.976562108764996 31.114331878430278 32.132405980330965 6.369725351094456 
418.0004341813539 0.0 34.090404994314966 0.0 15.834559296798345 0.0074702271339820575 0.7958922809361055 0.007302014078909964 0.271866553228898 10.808261081075582 31.20680687763121 31.13169798778275 6.367351797005502 NaN NaN 115.44206207359437 51.538742101438395 0.0 0.0 0.23109273403317787 0.09959914854644268 10.808261081075582 31.20680687763121 31.13169798778275 6.367351797005502 
420.0004341813538 0.0 34.086858098331355 0.0 15.819031603474201 0.007470227133982056 0.7976762786466115 0.007302014078909964 0.2736505509394046 10.733062086776416 31.278639342385144 30.94581840252618 6.367931721439311 NaN NaN 115.46055406731314 52.232705529832344 0.0 0.0 0.23109273403317793 0.10138314625695202 10.733062086776416 31.278639342385144 30.94581840252618 6.367931721439311 
422.0004341813537 0.0 36.01667706077526 0.0 15.683208588210896 0.007470227133982059 0.8098741213240328 0.006850266655354137 0.07654885672242731 998.5053941285953 30.59361720263395 737.2030180741114 4.517581828319156 38.370970260972626 105.93251821366108 111.91545530642891 49.569897134236555 0.07674194052194493 0.2106633342198559 0.21699067454479012 0.08556958451272985 998.5053941285953 30.59361720263395 737.2030180741114 4.517581828319156 
424.00043418135357 0.0 36.59751465420956 0.0 16.30563222408719 0.0074702271339820575 0.8123207814271447 0.007100218863420823 0.08366757699109537 940.93647258877 28.96019627549243 596.2137645558273 3.778704802991395 38.370970260972626 107.2764909919067 109.99806183180421 46.77514531439672 0.07674194052194495 0.21310999432297748 0.22562815525311444 0.10517316878739257 940.93647258877 28.96019627549243 596.2137645558273 3.778704802991395 
426.00043418135346 0.0 37.29903837581772 0.0 16.91899148893266 0.007470227133982059 0.8140997508500405 0.007150631282331822 0.08638884596822326 897.9142966521257 27.652650647787137 525.0159605858357 3.9013552588785716 38.370970260972626 108.63220242739851 109.81223066895888 47.39806990697854 0.07674194052194495 0.21488896374586178 0.22737023346547122 0.11041248791172628 897.9142966521257 27.652650647787137 525.0159605858357 3.9013552588785716 
428.00043418135334 0.0 37.89771803562737 0.0 17.614396662695437 0.007470227133982061 0.8162273796574105 0.007180038906505265 0.08906615661488299 852.340278174975 26.226681657003592 457.5451250752065 4.229664277113919 38.370970260972626 110.3285710895792 109.97235878528403 48.71823317036286 0.07674194052194495 0.21701659255323283 0.22838645888088538 0.11455868011532536 852.340278174975 26.226681657003592 457.5451250752065 4.229664277113919 
430.0004341813532 0.0 38.65739934166149 0.0 18.227217512783348 0.0074702271339820575 0.818369747951684 0.007196567106929247 0.09151746695615835 813.1414098329425 25.11857685118524 392.53701218197966 4.561995338119594 38.370970260972626 111.73906125415813 110.19144722517711 50.16133637778571 0.07674194052194495 0.21915896084751849 0.22895761611694856 0.11783555761664086 813.1414098329425 25.11857685118524 392.53701218197966 4.561995338119594 
432.0004341813531 0.0 42.241522110468324 0.0 21.20467609318721 0.007470227133982056 0.8298778956295882 0.007258353344799704 0.10418051149600113 587.4315742752472 18.920457418389166 57.996898448003066 6.222041599400675 38.370970260972626 115.41412754194224 112.07469398438654 59.911699501577374 0.07674194052194493 0.2306671085254174 0.231092734033178 0.13358476323991533 587.4315742752472 18.920457418389166 57.996898448003066 6.222041599400675 
434.000434181353 0.0 43.164469740540426 0.0 21.54227885059055 0.007470227133982056 0.8325371602321606 0.007258353344799704 0.10683977609857917 556.2338011913915 17.992289441921823 41.01162170329197 6.315007467167681 38.370970260972626 116.5970998293519 112.17428704542876 61.11497209969395 0.07674194052194493 0.2333263731279925 0.23109273403317807 0.13624402784249295 556.2338011913915 17.992289441921823 41.01162170329197 6.315007467167681 
436.0004341813529 0.0 43.76628171707914 0.0 21.94922933236159 0.0074702271339820575 0.8345739384782592 0.007258353344799706 0.10887655434468374 531.7343339848397 17.35273392634073 36.02046113716568 6.3478584020675735 38.370970260972626 117.80712390598316 112.17592805478584 62.10603768180309 0.07674194052194493 0.23536315137409464 0.231092734033178 0.1382808060885974 531.7343339848397 17.35273392634073 36.02046113716568 6.3478584020675735 
438.0004341813528 0.0 44.50518804180269 0.0 22.288581861573853 0.0074702271339820575 0.8363163211417486 0.007258353344799706 0.11061893700816237 515.0033994630676 17.14553824681131 34.24556117273309 6.356796281562033 38.370970260972626 119.09499514659974 112.10999011626255 62.98191946265157 0.07674194052194495 0.23710553403757365 0.231092734033178 0.14002318875207684 515.0033994630676 17.14553824681131 34.24556117273309 6.356796281562033 
440.00043418135266 0.0 45.139594596173325 0.0 22.42160922169831 0.007470227133982059 0.8386201394634408 0.007258353344799704 0.11292275532985953 501.95184713090924 17.168132257725862 33.49575752797661 6.34592900978612 38.370970260972626 120.61136123796412 111.97478096039852 63.713143746625136 0.07674194052194495 0.23940935235927274 0.231092734033178 0.14232700707377346 501.95184713090924 17.168132257725862 33.49575752797661 6.34592900978612 
442.00043418135255 0.0 48.046935919002074 0.0 22.93276377835428 0.0074702271339820575 0.8503112376406787 0.007258353344799704 0.12461385350710294 433.2032734624327 18.08692475464053 33.91791442494588 6.558695350211523 38.370970260972626 125.38826799016525 111.27745024455628 68.31919225182506 0.07674194052194493 0.2511004505365197 0.231092734033178 0.15401810525101808 433.2032734624327 18.08692475464053 33.91791442494588 6.558695350211523 
444.00027912514696 0.0 48.34841258705985 0.0 22.92205121317533 0.0074702271339820575 0.851436070784667 0.007258353344799704 0.12573868665109422 423.7334950486233 18.588275479496975 34.930545924124274 6.457834347489776 38.370970260972626 126.44049284057479 111.42254399825522 69.59270211376678 0.07674194052194493 0.25222528368050795 0.231092734033178 0.15514293839500665 423.7334950486233 18.588275479496975 34.930545924124274 6.457834347489776 
446.0001815697476 0.0 48.36274041793173 0.0 22.610398142875226 0.0074702271339820575 0.8542955217777745 0.007258353344799704 0.12859813764419167 413.55867019502506 19.032672135086095 33.73865923232158 6.393967790475196 38.370970260972626 127.57137935534628 111.84457241056867 71.44216159265567 0.07674194052194493 0.25508473467360604 0.231092734033178 0.15800238938810598 413.55867019502506 19.032672135086095 33.73865923232158 6.393967790475196 
448.0004341813522 0.0 48.12561774032642 0.0 22.231451386678565 0.007470227133982056 0.8563884243559237 0.007258353344799704 0.13069104022234282 403.144509061388 19.54095701094179 32.9408604151065 6.339765991101766 38.370970260972626 128.7492766951293 112.24254651893862 73.23285560128127 0.07674194052194493 0.25717763725175724 0.231092734033178 0.16009529196625769 403.144509061388 19.54095701094179 32.9408604151065 6.339765991101766 
450.0004341813521 0.0 47.99962082851233 0.0 21.741570555590734 0.007470227133982056 0.8585664656310553 0.007258353344799706 0.132869081497468 391.81755304151307 20.081932422547975 31.741347726206318 6.304220068163535 38.370970260972626 129.91260400282337 112.62249392579781 74.99024650570286 0.07674194052194493 0.25717763725175724 0.23109273403317793 0.16227333324138177 391.81755304151307 20.081932422547975 31.741347726206318 6.304220068163535 
452.000434181352 0.0 48.06543221623945 0.0 17.684129095574892 0.0074702271339820575 0.8697082506979729 0.007258353344799704 0.14401086656438838 322.21384352571135 23.16646489773842 26.277953151059954 6.240488579971798 38.370970260972626 135.3421852705542 114.51068444855562 84.73647412034708 0.0 0.0 0.231092734033178 0.1734151183083028 322.21384352571135 23.16646489773842 26.277953151059954 6.240488579971798 
454.00043418135186 0.0 48.25528729659491 0.0 17.087173577757675 0.007470227133982059 0.8721550196444977 0.007258353344799704 0.14645763551090915 308.5202462766465 23.641683552871847 25.465318792139847 6.246407533017633 38.370970260972626 136.234527733813 114.80079149667773 86.3152327135449 0.0 0.0 0.231092734033178 0.175861887254821 308.5202462766465 23.641683552871847 25.465318792139847 6.246407533017633 
456.00043418135175 0.0 48.381332272174966 0.0 16.751429646377073 0.0074702271339820575 0.8745312460651704 0.007258353344799707 0.14883386193159598 294.3504723104527 24.15178466380513 25.341988290377948 6.32418877508542 38.370970260972626 137.12584386587693 114.9801260025001 87.67248797506505 0.0 0.0 0.231092734033178 0.17823811367551115 294.3504723104527 24.15178466380513 25.341988290377948 6.32418877508542 
458.0003751005592 0.0 48.66577563285789 0.0 16.513492772307085 0.0074702271339820575 0.8766039642040641 0.007258353344799706 0.15090658007047694 279.89190126712407 24.617913583793506 25.132594170312018 6.377546641548482 38.370970260972626 137.99358633028504 115.11581720842027 88.94685285142592 0.0 0.0 0.231092734033178 0.18031083181438887 279.89190126712407 24.617913583793506 25.132594170312018 6.377546641548482 
460.0004341813515 0.0 48.85547165233022 0.0 16.320807614372946 0.0074702271339820575 0.8781923838708153 0.007258353344799704 0.15249499973724304 265.47781115524225 25.108653523061882 25.20880276912586 6.40860876421517 38.370970260972626 138.9341288485939 115.20426585524957 90.12084493464225 0.0 0.0 0.23109273403317812 0.18189925148115807 265.47781115524225 25.108653523061882 25.20880276912586 6.40860876421517 
462.0004341813514 0.0 48.812461959747516 0.0 15.737667338622554 0.007470227133982056 0.8896736764032701 0.007258353344799704 0.16397629226969151 183.13379228710704 27.690466583848544 28.65716940485382 6.533758310978095 38.370970260972626 145.32275947153886 115.54636701659001 96.78528438098603 0.0 0.0 0.23109273403317807 0.19338054401360358 183.13379228710704 27.690466583848544 28.65716940485382 6.533758310978095 
464.0004341813513 0.0 49.03345671067931 0.0 15.776038012448952 0.007470227133982056 0.8913435649152257 0.007258353344799704 0.16564618078164586 170.4235205507865 28.041978140637212 30.34703300100954 6.519979046553717 38.370970260972626 146.27169275606587 115.54636701659001 97.80136080390545 0.0 0.0 0.231092734033178 0.1950504325255602 170.4235205507865 28.041978140637212 30.34703300100954 6.519979046553717 
466.0001636365811 0.0 49.27347680132398 0.0 15.857204637323015 0.0074702271339820575 0.8940610960863459 0.007258353344799704 0.16836371195277122 158.4608877628571 28.349921650601242 30.480689081096532 6.497536941971129 38.370970260972626 147.22118853021684 115.54636701659001 98.8007418472297 0.0 0.0 0.231092734033178 0.19776796369668206 158.4608877628571 28.349921650601242 30.480689081096532 6.497536941971129 
468.00043418135107 0.0 49.39702671927496 0.0 15.933843516670034 0.0074702271339820575 0.8956482004951757 0.007258353344799702 0.16995081636158496 147.5807258403164 28.617265609673392 30.317373513179525 6.485593067860645 38.370970260972626 148.15146831684746 115.54636701659001 99.79426925121433 0.0 0.0 0.231092734033178 0.19935506810549875 147.5807258403164 28.617265609673392 30.317373513179525 6.485593067860645 
470.00043418135095 0.0 49.34585406983556 0.0 15.98662239033385 0.007470227133982056 0.8977519121765034 0.007258353344799702 0.17205452804291463 137.1152039697873 28.902153751860318 29.969127901077808 6.4700100472746005 38.370970260972626 149.04236025189115 115.54636701659001 100.79898883933751 0.0 0.0 0.23109273403317807 0.2014587797868284 137.1152039697873 28.902153751860318 29.969127901077808 6.4700100472746005 
472.00043418135084 0.0 47.74141383307149 0.0 16.37618819496188 0.0074702271339820575 0.9095080966513645 0.007258353344799706 0.18381071251778808 79.56910431312525 30.39760841484129 29.16761029285953 6.378567360174298 38.370970260972626 155.36177049907667 115.54636701659001 106.79991077382024 0.0 0.0 0.231092734033178 0.21321496426170242 79.56910431312525 30.39760841484129 29.16761029285953 6.378567360174298 
474.0004341813507 0.0 46.02229569507973 0.0 16.461195821069612 0.0074702271339820575 0.9112556078494314 0.007258353344799706 0.18555822371583933 71.93293846924921 30.624595933567687 27.292537191984927 6.158535705144979 38.370970260972626 156.39665561391104 115.54636701659001 107.80128357472617 0.0 0.0 0.231092734033178 0.21496247545975186 71.93293846924921 30.624595933567687 27.292537191984927 6.158535705144979 
476.0004341813506 0.0 45.31536217043325 0.0 16.539976191272856 0.0074702271339820575 0.9138080216654605 0.007258353344799706 0.18811063753188412 65.08875991426974 30.64033741106807 26.337482443092014 6.173723301000215 38.370970260972626 157.33326097825676 115.54636701659001 108.79572906723627 0.0 0.0 0.231092734033178 0.2175148892757981 65.08875991426974 30.64033741106807 26.337482443092014 6.173723301000215 
478.0000808778399 0.0 44.41691940016697 0.0 16.62097987739738 0.007470227133982059 0.9158784402453528 0.007258353344799706 0.19018105611177719 58.80256264180749 30.717882980142985 25.678594459204156 6.227671299384621 38.370970260972626 158.38740545346536 115.54636701659001 109.80684866966538 0.0 0.0 0.23109273403317793 0.21958530785568692 58.80256264180749 30.717882980142985 25.678594459204156 6.227671299384621 
480.0004341813504 0.0 43.60760598512759 0.0 16.658628116391828 0.0074702271339820575 0.9174150118549348 0.007258353344799706 0.1917176277213497 53.274333687651165 30.695328795488916 25.434394849567752 6.279332922514308 38.370970260972626 159.4235071363173 115.54636701659001 110.80121640325483 0.0 0.0 0.231092734033178 0.22112187946526518 53.274333687651165 30.695328795488916 25.434394849567752 6.279332922514308 
482.0004341813503 0.0 38.84551674362841 0.0 16.954639384698293 0.0074702271339820575 0.9291551156288321 0.007258353344799702 0.20345773149524252 23.168135481955638 30.396283161118852 24.011395286009744 6.394362032309785 38.370970260972626 165.3416794475517 115.54636701659001 116.78761063033544 0.0 0.0 0.23109273403317793 0.23286198323915522 23.168135481955638 30.396283161118852 24.011395286009744 6.394362032309785 
484.00043418135016 0.0 38.61425320608007 0.0 16.978497287911054 0.007470227133982059 0.9314560016945018 0.007258353344799704 0.20575861756092506 20.15086420485474 30.362430819526896 24.309600595355697 6.407576677934659 38.370970260972626 166.342458154817 115.54636701659001 117.7965477026736 0.0 0.0 0.23109273403317793 0.23516286930483912 20.15086420485474 30.362430819526896 24.309600595355697 6.407576677934659 
486.00043418135004 0.0 37.857826680552826 0.0 16.972045389508644 0.007470227133982059 0.9334095717009596 0.007258353344799702 0.20771218756737767 17.63262598013279 30.45171520012401 24.73282016443772 6.352811837620651 38.370970260972626 167.2904860642853 115.54636701659001 118.79382443379754 0.0 0.0 0.23109273403317793 0.23711643931129206 17.63262598013279 30.45171520012401 24.73282016443772 6.352811837620651 
488.00005132451196 0.0 37.02789373258027 0.0 16.968728667592544 0.007470227133982059 0.9355819221899426 0.007258353344799704 0.20988453805636342 15.518233322174613 30.46603366623032 25.243685741254154 6.33657386215521 38.370970260972626 168.31009359432892 115.54636701659001 119.811710569439 0.0 0.0 0.231092734033178 0.23928878980027762 15.518233322174613 30.46603366623032 25.243685741254154 6.33657386215521 
490.00008597301934 0.0 36.33055836598625 0.0 16.944989797365263 0.0074702271339820575 0.9372723968035039 0.007258353344799704 0.2115750126699223 13.902487117336992 30.465421415531015 25.339265951705055 6.306842967698873 38.370970260972626 169.32760183312126 115.54636701659001 120.80115418800077 0.0 0.0 0.23109273403317793 0.24097926441383677 13.902487117336992 30.465421415531015 25.339265951705055 6.306842967698873 
492.0002933161923 0.0 33.51851943447899 0.0 16.93179345321642 0.0074702271339820575 0.9497984648358768 0.007258353344799704 0.22410108070230467 7.6860897751912045 30.14624286830588 26.194664632201135 6.337028414201025 38.370970260972626 175.31663182078685 115.54636701659001 126.7694641596635 0.0 0.0 0.23109273403317793 0.25350533244622026 7.6860897751912045 30.14624286830588 26.194664632201135 6.337028414201025 
494.0004341813496 0.0 33.36300009234775 0.0 16.88662007251081 0.0074702271339820575 0.9519900083063852 0.007258353344799704 0.22629262417280274 7.682097197755993 30.091814964297175 27.988178170469364 6.333732522823851 38.370970260972626 176.25690438385823 115.54636701659001 127.79461520813474 0.0 0.0 0.23109273403317787 0.2556968759167175 7.682097197755993 30.091814964297175 27.988178170469364 6.333732522823851 
496.0004341813495 0.0 33.36207631158906 0.0 16.766526165784523 0.0074702271339820575 0.9534188411983008 0.007258353344799704 0.2277214570647184 7.619201481804745 29.99744337307799 28.83370107290032 6.353153341763341 38.370970260972626 177.19321537740998 115.54636701659001 128.7892579167688 0.0 0.0 0.23109273403317787 0.2571257088086331 7.619201481804745 29.99744337307799 28.83370107290032 6.353153341763341 
498.00035994760657 0.0 33.36282777209286 0.0 16.70749155382686 0.0074702271339820575 0.9556135822753147 0.007258353344799704 0.22991619814173006 7.532032648411881 29.99967202222412 28.01984324138986 6.340546017277663 38.370970260972626 177.94976237412732 115.54636701659001 129.79390003295273 0.0 0.0 0.23109273403317787 0.2593204498856448 7.532032648411881 29.99967202222412 28.01984324138986 6.340546017277663 
500.00043418134925 0.0 33.39155135972134 0.0 16.676245381401863 0.007470227133982056 0.957966901907958 0.0072583533447997005 0.23226951777438617 7.46701948453142 30.01977360375068 27.267923099309893 6.311676842757494 38.370970260972626 178.70394553895358 115.54636701659001 130.79836349982995 0.0 0.0 0.23109273403317782 0.26167376951830074 7.46701948453142 30.01977360375068 27.267923099309893 6.311676842757494 
#####################################################################
# End of data export. Simulation finished at: 2019-02-19T15:37+0000 #
#####################################################################
