#####################################################################
# Alchemist log file - simulation started at: 2019-09-25T06:34+0000 #
#####################################################################
# seed = 113.0, stage_width = 1000
#
# The columns have the following meaning: 
# time rep-bcast[Sum] rep-ccast[Sum] share-bcast[Sum] share-ccast[Sum] rep-bcast-single[Sum] rep-ccast-single[Sum] share-bcast-single[Sum] share-ccast-single[Sum] 
0.0 NaN NaN NaN NaN NaN NaN NaN NaN 
1.0001400941372363 NaN NaN NaN NaN NaN NaN NaN NaN 
2.000244417206478 NaN NaN NaN NaN NaN NaN NaN NaN 
3.000244417206479 NaN NaN 1.7505263152783026 NaN NaN NaN 1.7505263152783026 1.4607076214181136 
4.0002444172064795 NaN NaN 2.609343950311639 NaN NaN NaN 2.609343950311639 2.1392113208899772 
5.000236372778053 NaN NaN 1.5512987101675364 2.159159446135651 NaN NaN 1.5512987101675364 3.4919331313067357 
6.000244417206481 NaN NaN 1.1690168943698094 3.3334501437150985 NaN NaN 1.1690168943698094 4.666223828886183 
7.000244417206482 NaN NaN 1.8613222727875982 4.376560488693297 NaN NaN 1.8613222727875982 5.709334173864382 
8.000244417206483 NaN NaN 2.632042017068076 5.427070170108399 NaN NaN 2.632042017068076 6.759843855279484 
9.00024441720648 NaN NaN 2.433742931415119 1.7742641578041294 NaN NaN 2.433742931415119 1.7742641578041294 
10.000244417206476 NaN NaN 1.3379538625795888 2.8595317011338324 NaN NaN 1.3379538625795888 2.8595317011338324 
11.000244417206472 NaN NaN 1.5066014502158538 3.4250037252250536 NaN NaN 1.5066014502158538 3.4250037252250536 
12.000244417206469 NaN NaN 1.4405726202798892 1.6173614546187558 NaN NaN 1.4405726202798892 1.6173614546187558 
13.000244417206465 NaN NaN 1.9432737245598197 2.55364849743472 NaN NaN 1.9432737245598197 2.55364849743472 
14.000244417206462 13.104208226080264 NaN 1.6642533849594958 2.55364849743472 13.104208226080264 NaN 1.6642533849594958 2.55364849743472 
15.000083741060395 14.296170183300996 NaN 1.9199282993642637 1.749652244715925 14.296170183300996 13.24190484287561 1.9199282993642637 1.749652244715925 
16.000244417206456 13.32330858179368 NaN 2.8255269493822794 2.8298208304042856 13.32330858179368 14.322073428563971 2.8255269493822794 2.8298208304042856 
17.000244417206453 13.32330858179368 NaN 2.8255269493822794 3.7606422921079368 13.32330858179368 15.252894890267623 2.8255269493822794 3.7606422921079368 
18.00024441720645 11.487671349958013 NaN 1.831821750280227 1.8162990946953492 11.487671349958013 16.600315297907144 1.831821750280227 1.8162990946953492 
19.000241735646362 12.383364336006931 NaN 1.7966932746254933 2.9888908987477656 12.383364336006931 17.77290710195956 1.7966932746254933 1.6190119231153624 
20.000217819339184 13.664203810609177 NaN 1.7301123415882174 2.401525307032344 13.664203810609177 14.864910454819029 1.7301123415882174 2.401525307032344 
21.00024441720644 14.103326859041838 NaN 2.0397539309466595 2.9256133547603085 14.103326859041838 15.388998502546993 2.0397539309466595 2.9256133547603085 
22.000244417206435 14.271327159233714 NaN 1.9516624809086913 4.5741065234809675 14.271327159233714 12.630203984466092 1.9516624809086913 4.5741065234809675 
23.00024441720643 14.271327159233714 NaN 1.9516624809086913 2.0942073421268397 14.271327159233714 13.809070657173987 1.9516624809086913 2.0942073421268397 
24.00017602858266 12.97632819843635 NaN 2.4230382471073426 2.0942073421268397 12.97632819843635 13.809070657173987 2.4230382471073426 2.0942073421268397 
25.000244417206424 14.352854328653608 NaN 1.9949648272204143 2.319611727623805 14.352854328653608 12.926703272348469 1.9949648272204143 2.319611727623805 
26.00024441720642 14.783342147946081 NaN 2.4254526465128876 1.8023657524095675 14.783342147946081 13.90359335465725 2.4254526465128876 1.8023657524095675 
27.000244417206417 13.711838387882516 NaN 2.3195448995750283 2.0058137421676783 13.711838387882516 14.415394346261467 2.3195448995750283 2.0058137421676783 
28.000244417206414 13.568684586729306 NaN 2.482916605159133 2.0058137421676783 13.568684586729306 14.415394346261467 2.482916605159133 2.0058137421676783 
29.000119514063194 14.70166703457157 NaN 2.0359249330260276 3.2721450267483476 14.70166703457157 14.487522633028775 2.0359249330260276 3.2721450267483476 
30.000244417206407 14.70166703457157 NaN 2.0359249330260276 4.4437026093941405 14.70166703457157 14.467118258453835 2.0359249330260276 4.4437026093941405 
31.000244417206403 14.325532886771043 NaN 1.232891965391051 1.6274137408554097 14.325532886771043 15.69256806510881 1.232891965391051 5.669152416049116 
32.0002444172064 14.325532886771043 14.459858070466836 1.232891965391051 2.6701813718638547 14.325532886771043 14.459858070466836 1.232891965391051 2.6701813718638547 
33.00000933091853 13.297902156936612 15.221625710216479 2.725273447248558 3.431949011613497 13.297902156936612 15.221625710216479 2.725273447248558 3.431949011613497 
34.00024441720643 14.687216218432471 15.327190873950318 1.8463700710809974 4.433207161396254 14.687216218432471 16.222883859999236 1.8463700710809974 4.433207161396254 
35.000244417206446 13.650552419813089 16.87323576614312 2.3773003556812853 2.852014672140065 13.650552419813089 16.87323576614312 2.3773003556812853 2.852014672140065 
36.000136206263754 14.489385360008377 16.55932586140681 1.5369804580710351 2.429630180510138 14.489385360008377 16.55932586140681 1.5369804580710351 2.429630180510138 
37.000244417206474 12.24974944864912 14.915691785485368 1.6777082597498847 2.1940415552566037 12.24974944864912 14.915691785485368 1.6777082597498847 2.1940415552566037 
38.00024441720649 12.24974944864912 15.905993742924988 1.6777082597498847 2.3455105725009346 12.24974944864912 15.905993742924988 1.6777082597498847 2.3455105725009346 
39.0002444172065 13.711136592691467 16.48592138434849 2.1721658339263 2.925438213924437 13.711136592691467 16.48592138434849 2.1721658339263 2.925438213924437 
40.00024441720652 13.82335019793545 14.27121193309167 1.213858264943049 4.011878769700367 13.82335019793545 14.27121193309167 1.213858264943049 4.011878769700367 
41.00024441720653 14.757381242918878 15.522975740282043 1.5679616685029742 5.263642576890739 14.757381242918878 15.522975740282043 1.5679616685029742 5.263642576890739 
42.000244417206545 13.344253307666165 15.522975740282043 1.9146985820303684 5.263642576890739 13.344253307666165 15.522975740282043 1.9146985820303684 5.263642576890739 
43.00024441720656 14.390834911330472 14.440945855017755 1.7095163785043042 6.659881099685421 14.390834911330472 14.440945855017755 1.7095163785043042 3.1005122622414376 
44.00019886676107 14.944222431498275 15.356760460702038 2.262903898672107 1.6491183536389684 14.944222431498275 15.356760460702038 2.262903898672107 1.6491183536389684 
45.00024441720659 14.857478195107522 16.29014332816985 1.9514787221324639 2.5825012211067815 14.857478195107522 16.29014332816985 1.9514787221324639 2.5825012211067815 
46.000111206054996 14.836839599363621 16.54042735623615 2.240475327359256 2.919186093351037 14.836839599363621 16.54042735623615 2.240475327359256 2.919186093351037 
47.000244417206616 14.624013698924394 17.657607260404895 2.1370341904606605 1.1933539201858636 14.624013698924394 17.657607260404895 2.1370341904606605 3.4829784773519776 
48.00019068188205 13.24674096064377 14.56009986979415 1.817415453826655 2.6123979725199717 13.24674096064377 14.56009986979415 1.817415453826655 2.6123979725199717 
49.000244417206645 13.895446338994269 12.959441848290837 2.2170911321784317 3.143270815561877 13.895446338994269 12.959441848290837 2.2170911321784317 3.143270815561877 
50.00006151347286 14.976895716783552 14.187707158442478 1.879496457633607 4.371536125713519 14.976895716783552 14.187707158442478 1.879496457633607 4.371536125713519 
51.00024441720667 14.976895716783552 15.171636453415822 1.879496457633607 1.9450203683225666 14.976895716783552 15.171636453415822 1.879496457633607 1.9450203683225666 
52.000043120229535 15.317075620113776 15.980125104958212 1.4274677776362168 2.753509019864957 15.317075620113776 15.980125104958212 1.4274677776362168 2.753509019864957 
53.0002444172067 13.79529708606848 14.823690157251598 2.5330281415504388 4.067339222049561 13.79529708606848 14.823690157251598 2.5330281415504388 4.067339222049561 
54.00002153818083 15.30825906107652 15.73463834159012 2.2535721700427445 4.978287406388084 15.30825906107652 15.73463834159012 2.2535721700427445 4.978287406388084 
55.00024441720673 15.30825906107652 12.402839030772363 2.2535721700427445 2.6552626861744884 15.30825906107652 12.402839030772363 2.2535721700427445 2.6552626861744884 
56.00005773839912 15.87204211107074 13.367512074499949 1.6790173892897684 2.1069737548940353 15.87204211107074 13.367512074499949 1.6790173892897684 2.1069737548940353 
57.00024441720676 13.226362031777334 14.036841528330022 1.4260597509796327 2.7763032087241086 13.226362031777334 14.036841528330022 1.4260597509796327 2.7763032087241086 
58.00024441720677 13.846053664262584 15.376771559835774 1.3451317533750355 2.4660096344597093 13.846053664262584 15.376771559835774 1.3451317533750355 2.4660096344597093 
59.00024441720679 13.50704399119494 15.376771559835774 2.3893885562159554 2.4660096344597093 13.50704399119494 15.376771559835774 2.3893885562159554 2.4660096344597093 
60.0002444172068 13.50704399119494 15.249359162128584 2.3893885562159554 3.0586612467994314 13.50704399119494 15.249359162128584 2.3893885562159554 3.0586612467994314 
61.000244417206815 12.167456815515393 14.399241067148132 2.2460953055335082 4.243296093299271 12.167456815515393 14.399241067148132 2.2460953055335082 4.243296093299271 
62.00024441720683 13.396976722946121 15.66098254610943 1.9648267442485832 2.907706269466587 13.396976722946121 15.66098254610943 1.9648267442485832 2.907706269466587 
63.000244417206844 14.429150324881498 15.508595674151117 1.8123654996841196 3.818967136782831 14.429150324881498 15.508595674151117 1.8123654996841196 3.818967136782831 
64.00017242552356 15.592533521906773 16.134565137327094 2.9757486967093953 2.018779911704776 15.592533521906773 16.134565137327094 2.9757486967093953 2.018779911704776 
65.00024441720687 13.374992455658735 13.570548221264325 1.5107919207171179 2.3280038272125907 13.374992455658735 13.570548221264325 1.5107919207171179 3.360177429147967 
66.00024441720689 13.374992455658735 14.411138128112675 1.5107919207171179 3.1685937340609414 13.374992455658735 14.411138128112675 1.5107919207171179 3.1685937340609414 
67.00005114987792 14.768642468173589 14.6096467083077 1.5630444157887808 4.472662678170188 14.768642468173589 14.6096467083077 1.5630444157887808 4.472662678170188 
68.00024441720691 13.720676456549974 15.68012633628171 1.8992668838399425 3.04574407565768 13.720676456549974 15.68012633628171 1.8992668838399425 3.04574407565768 
69.00024441720693 12.99662731110277 15.68012633628171 2.006916332697145 3.04574407565768 12.99662731110277 15.68012633628171 2.006916332697145 3.04574407565768 
70.00024441720694 14.050829627463557 16.811272991408863 1.990639021083922 1.6064283433704674 14.050829627463557 16.811272991408863 1.990639021083922 1.6064283433704674 
71.00005093660393 14.050829627463557 18.106864789444508 1.990639021083922 2.167514747559295 14.050829627463557 18.106864789444508 1.990639021083922 2.167514747559295 
72.00013247588797 15.22139044045204 19.397295969523235 1.4037908347396808 2.7807329285183897 15.22139044045204 19.397295969523235 1.4037908347396808 1.7265306121576032 
73.00024441720699 14.713990695862599 13.525129302674166 2.2363211216559904 2.533017685256638 14.713990695862599 13.525129302674166 2.2363211216559904 2.533017685256638 
74.000244417207 14.488871093057838 14.723542018622886 1.425071734389121 2.5708800357085835 14.488871093057838 14.723542018622886 1.425071734389121 2.5708800357085835 
75.00024441720701 15.558494358278708 15.63013634540797 1.2962822836612702 1.9656041742555743 15.558494358278708 15.63013634540797 1.2962822836612702 1.9656041742555743 
76.00024441720703 15.558494358278708 15.28980332579691 1.2962822836612702 2.82190793546782 15.558494358278708 15.28980332579691 1.2962822836612702 2.82190793546782 
77.00003058093255 12.68699139261232 16.449729507809906 2.408385973948242 1.6265419863490536 12.68699139261232 16.449729507809906 2.408385973948242 1.6265419863490536 
78.00024441720706 14.192977905428783 14.237637050162846 2.151474398767377 2.8395262350933734 14.192977905428783 14.237637050162846 2.151474398767377 2.8395262350933734 
79.00024441720707 14.132266185916052 12.419264569153555 1.0592497659405211 2.6367151097732062 14.132266185916052 12.419264569153555 1.0592497659405211 2.6367151097732062 
80.00024441720709 14.132266185916052 13.06365144040015 1.0592497659405211 1.7751154682033388 14.132266185916052 13.06365144040015 1.0592497659405211 1.7751154682033388 
81.0002444172071 NaN NaN NaN NaN NaN NaN NaN NaN 
82.00024441720711 NaN NaN 1.0812623520836127 NaN NaN NaN 1.0812623520836127 NaN 
83.00024441720713 NaN NaN 2.067123831878064 NaN NaN NaN 2.067123831878064 2.441332176091393 
84.00024441720714 NaN NaN 1.770226977442718 NaN NaN NaN 1.770226977442718 2.2865959430567955 
85.00024441720716 NaN NaN 2.338533601718069 NaN NaN NaN 2.338533601718069 2.393921726903031 
86.00024441720717 NaN NaN 2.338533601718069 NaN NaN NaN 2.338533601718069 1.6649453294890861 
87.00024441720718 NaN NaN 2.5171918679763934 NaN NaN NaN 2.5171918679763934 1.9318162737582156 
88.0002444172072 NaN NaN 1.963660088490613 NaN NaN NaN 1.963660088490613 1.6942034018352956 
89.00024441720721 NaN NaN 1.5018902231800695 NaN NaN NaN 1.5018902231800695 1.6942034018352956 
90.00024441720723 NaN NaN 1.9735948478641632 2.0041186400198256 NaN NaN 1.9735948478641632 2.0041186400198256 
91.00024441720724 NaN NaN 1.9735948478641632 2.0899383033794976 NaN NaN 1.9735948478641632 2.0899383033794976 
92.00024441720726 NaN NaN 1.9202538568124226 2.61394789890295 NaN NaN 1.9202538568124226 2.61394789890295 
93.00024441720727 NaN NaN 1.6042764257428246 1.9832571574031448 NaN NaN 1.6042764257428246 1.9832571574031448 
94.00024441720728 NaN NaN 2.6223032619153486 1.5790115297860012 NaN 13.48679853365607 2.6223032619153486 1.5790115297860012 
95.00006022624353 14.024867101335701 NaN 2.244933872065417 2.501835092096684 14.024867101335701 14.409622095966753 2.244933872065417 2.501835092096684 
96.00024441720731 14.148275840000437 NaN 1.9712298483560033 2.528269800642221 14.148275840000437 14.220257798998716 1.9712298483560033 2.528269800642221 
97.00024441720733 13.518407225023537 NaN 2.4729408674588598 1.3490903675970998 13.518407225023537 12.859599568554955 2.4729408674588598 1.3490903675970998 
98.00012974650492 12.56052132772902 NaN 1.7200467354277862 1.9000861401176365 12.56052132772902 13.912306360178349 1.7200467354277862 1.9000861401176365 
99.00024441720736 13.796041535539246 NaN 1.6025318343136519 1.9000861401176365 13.796041535539246 13.912306360178349 1.6025318343136519 1.9000861401176365 
100.00024441720737 14.480932033683132 NaN 1.234715540834145 3.317645724408365 14.480932033683132 15.329865944469077 1.234715540834145 3.317645724408365 
101.00024441720738 13.418206706708517 NaN 2.270063217043628 1.5790060566724975 13.418206706708517 13.097422539705292 2.270063217043628 1.5790060566724975 
102.00015886440067 13.591010911424704 NaN 2.0454428404559906 1.7519841628963775 13.591010911424704 12.935907938284188 2.0454428404559906 2.7873318391058604 
103.00024441720741 14.904848720679666 NaN 1.9631186364950395 1.7519841628963775 14.904848720679666 12.935907938284188 1.9631186364950395 2.7873318391058604 
104.00024441720743 11.706699797129275 NaN 1.3847397577480365 2.0728550777241708 11.706699797129275 13.690271141284711 1.3847397577480365 2.0728550777241708 
105.00006967422166 12.817930802860957 NaN 2.4959707634797184 2.8536211551236192 12.817930802860957 13.267601533544578 2.4959707634797184 2.8536211551236192 
106.00024441720745 13.322504253329129 NaN 1.8593179284984416 2.484484610747586 13.322504253329129 14.212302798423508 1.8593179284984416 1.8545377070612261 
107.00024441720747 12.84264824182982 NaN 2.152997654382986 1.9819237828644418 12.84264824182982 14.451980463646663 2.152997654382986 1.9819237828644418 
108.00017537315719 13.917749703644375 NaN 2.283397851318611 2.0130603020454885 13.917749703644375 15.360274270377317 2.283397851318611 2.0130603020454885 
109.0002444172075 15.031394074820128 NaN 1.2501313342288114 2.7937360842990557 15.031394074820128 16.140950052630885 1.2501313342288114 2.7937360842990557 
110.00024441720751 12.905995517766172 NaN 1.6643772108743917 2.0038620548837827 12.905995517766172 16.482596452141635 1.6643772108743917 2.0038620548837827 
111.00002303059847 13.950294635849176 NaN 1.3490030932741206 2.0038620548837827 13.950294635849176 16.482596452141635 1.3490030932741206 2.0038620548837827 
112.00024441720754 14.72822059822984 NaN 2.1269290556547844 2.443044127638288 14.72822059822984 12.55158615219166 2.1269290556547844 2.443044127638288 
113.00024441720755 14.422247500266238 NaN 1.3208363053843186 2.6832982505549268 14.422247500266238 13.986761934007447 1.3208363053843186 2.6832982505549268 
114.00024441720757 12.391250141616382 NaN 2.1035605442411054 1.7752614612629003 12.391250141616382 14.900950225179088 2.1035605442411054 1.7752614612629003 
115.00024441720758 13.350545379231619 NaN 3.062855781856342 2.3941994571228236 13.350545379231619 14.546383740345433 3.062855781856342 2.3941994571228236 
116.0002444172076 14.403641661022533 NaN 1.7665879906598292 2.8173045486484796 14.403641661022533 15.752213070727876 1.7665879906598292 2.8173045486484796 
117.00024441720761 12.624240804611105 NaN 2.124417427092382 1.7591995888025167 12.624240804611105 13.56977570964365 2.124417427092382 1.7591995888025167 
118.00024441720763 12.624240804611105 NaN 2.124417427092382 1.7591995888025167 12.624240804611105 13.56977570964365 2.124417427092382 1.7591995888025167 
119.00024441720764 13.069124088522727 NaN 1.353886085940303 1.2214850726029596 13.069124088522727 13.64433131366468 1.353886085940303 1.2214850726029596 
120.00024441720765 14.382961326255199 NaN 1.4819367139200637 2.408397904668078 14.382961326255199 13.95408685818019 1.4819367139200637 2.408397904668078 
121.00024441720767 13.522609823455298 NaN 1.581583267320596 3.5353567962997943 13.522609823455298 12.931498484713359 1.581583267320596 2.1457722475092424 
122.00024441720768 13.522609823455298 NaN 1.581583267320596 1.8025901693226842 13.522609823455298 12.78850927308352 1.581583267320596 1.8025901693226842 
123.0002444172077 14.57385257203508 NaN 1.3158877469763155 2.908507145746242 14.57385257203508 13.894426249507077 1.3158877469763155 2.908507145746242 
124.00024441720771 14.069412567949485 NaN 2.1711209785739953 2.666762256769445 14.069412567949485 11.922094006633117 2.1711209785739953 2.666762256769445 
125.00024441720772 15.137164561493606 NaN 2.1329559956945587 2.017058463187155 15.137164561493606 13.104308743884175 2.1329559956945587 2.017058463187155 
126.00024441720774 15.894144166983367 NaN 1.8451211046954654 2.1013072999889744 15.894144166983367 13.297057118623883 1.8451211046954654 2.1013072999889744 
127.00024441720775 13.295261465732452 NaN 1.9662141831111768 2.1013072999889744 13.295261465732452 13.297057118623883 1.9662141831111768 2.1013072999889744 
128.00024441720777 14.352121974085549 10.945378604994033 2.0835926230647743 1.632460414374421 14.352121974085549 13.870217593186425 2.0835926230647743 1.632460414374421 
129.0002444172077 15.280198061156042 12.62579527548985 1.6557839967159396 3.3128770848702374 15.280198061156042 12.62579527548985 1.6557839967159396 2.0095692692034675 
130.00024441720765 13.408705826525107 12.62579527548985 2.3557927819871622 3.3128770848702374 13.408705826525107 12.62579527548985 2.3557927819871622 2.0095692692034675 
131.0002444172076 14.42832042169644 13.926410786873873 1.6949907066626793 1.3252481851639004 14.42832042169644 13.926410786873873 1.6949907066626793 2.2533242722343942 
132.00024441720754 13.12533187671093 14.481962506208092 2.532075330990068 2.6918535616641464 13.12533187671093 14.481962506208092 2.532075330990068 2.6918535616641464 
133.00024441720748 14.157546974820775 15.724599746186172 2.263674917715889 2.2148674211996706 14.157546974820775 15.724599746186172 2.263674917715889 2.2148674211996706 
134.00024441720743 13.831692950857033 14.285857504964426 1.758128349317019 2.642462342173559 13.831692950857033 14.285857504964426 1.758128349317019 2.642462342173559 
135.00024441720737 13.940045683785982 12.492748354807958 1.7508027338996044 2.3722504001799507 13.940045683785982 12.492748354807958 1.7508027338996044 2.3722504001799507 
136.00016825171363 14.709361926228908 13.502677246187517 2.5201189763425305 2.5211204834581338 14.709361926228908 13.502677246187517 2.5201189763425305 2.5211204834581338 
137.00020035226373 14.386728593997134 14.126334531819026 2.2473750786627136 1.7035155121123466 14.386728593997134 14.126334531819026 2.2473750786627136 1.7035155121123466 
138.0002444172072 14.386728593997134 14.86215155514924 2.2473750786627136 2.43933253544256 14.386728593997134 14.86215155514924 2.2473750786627136 2.43933253544256 
139.00024441720714 13.336919173722961 15.968277582059187 2.4146660007488947 2.427632601108968 13.336919173722961 15.968277582059187 2.4146660007488947 2.427632601108968 
140.00024441720709 14.519483526675984 14.433422307152242 1.6743904347138994 2.9366293143394273 14.519483526675984 14.433422307152242 1.6743904347138994 3.572742156833584 
141.00024441720703 14.535203568096279 15.446405947867603 1.5234665176237456 1.5898287886360265 14.535203568096279 15.446405947867603 1.5234665176237456 1.5898287886360265 
142.00001499801846 14.742902212488588 16.291353461680288 1.941940319710767 2.434776302448711 14.742902212488588 16.291353461680288 1.941940319710767 2.434776302448711 
143.00024441720691 15.750268621026862 16.291353461680288 1.9363230875336797 2.434776302448711 15.750268621026862 16.291353461680288 1.9363230875336797 2.434776302448711 
144.00024441720686 14.989717436075864 14.416213154922048 2.0112410592658136 1.9945599566604528 14.989717436075864 14.416213154922048 2.0112410592658136 1.9945599566604528 
145.0002444172068 14.588189557866684 13.834629032843736 1.497224588108537 2.4671341975136443 14.588189557866684 13.834629032843736 1.497224588108537 2.4671341975136443 
146.00024441720674 15.511607370197908 15.084052256283343 2.4206424004397604 2.7091910124149763 15.511607370197908 15.084052256283343 2.4206424004397604 2.7091910124149763 
147.0000720984734 16.66633309448801 15.252084537852966 2.4373288663656183 2.7944424327671697 16.66633309448801 15.252084537852966 2.4373288663656183 2.7944424327671697 
148.00006023291382 15.033933883720977 12.66008421888705 2.1647490486373044 3.2012562538412226 15.033933883720977 12.66008421888705 2.1647490486373044 2.2778384415099993 
149.00024441720657 14.12447253022981 12.66008421888705 2.276853490666639 3.2012562538412226 14.12447253022981 12.66008421888705 2.276853490666639 2.2778384415099993 
150.00024441720652 15.14674943073311 14.00440415463791 1.9932289369210423 1.4905892472594644 15.14674943073311 14.00440415463791 1.9932289369210423 1.4905892472594644 
151.00024441720646 15.787335201776955 13.868054344136908 2.6338147079648877 2.4720653980020018 15.787335201776955 13.868054344136908 2.6338147079648877 2.4720653980020018 
152.00017052936673 14.623317576399558 14.535017438663118 1.3409527831314563 2.6579199870960224 14.623317576399558 14.535017438663118 1.3409527831314563 1.6356430865927223 
153.00024441720635 13.513567121232057 15.240636917902634 2.073145378204117 1.700676794788393 13.513567121232057 15.240636917902634 2.073145378204117 1.700676794788393 
154.0002444172063 15.146632927524735 12.63356320370616 1.6975157682369115 1.5415809403984326 15.146632927524735 12.63356320370616 1.6975157682369115 1.5415809403984326 
155.00024441720623 14.081073523616169 13.631652929129444 2.790049560768324 2.539670665821717 14.081073523616169 13.631652929129444 2.790049560768324 2.539670665821717 
156.00024441720618 14.081073523616169 13.631652929129444 2.790049560768324 2.539670665821717 14.081073523616169 13.631652929129444 2.790049560768324 2.539670665821717 
157.0002098041491 14.443172603775395 14.339384090491308 2.391065252397567 2.2798010384019562 14.443172603775395 14.339384090491308 2.391065252397567 2.2798010384019562 
158.00024441720606 14.03433179502872 13.306614635128966 2.3972388225597285 2.081729684591295 14.03433179502872 13.306614635128966 2.3972388225597285 2.081729684591295 
159.00017197002646 13.860133061663703 12.020111169059987 1.9878831686860394 2.565410794346576 13.860133061663703 12.020111169059987 1.9878831686860394 2.565410794346576 
160.00024441720595 14.091779588209448 13.109705446812171 1.5731452176596008 2.650741776513314 14.091779588209448 13.109705446812171 1.5731452176596008 2.650741776513314 
161.0002444172059 12.776345286462998 13.109705446812171 1.8793468346229076 2.650741776513314 12.776345286462998 13.109705446812171 1.8793468346229076 2.650741776513314 
162.00024441720583 14.15062925338026 14.629130043117897 2.164036523787985 4.17016637281904 14.15062925338026 14.629130043117897 2.164036523787985 3.2063258478198122 
163.00024441720578 14.15062925338026 13.138898279580303 2.164036523787985 5.796276263422385 14.15062925338026 13.138898279580303 2.164036523787985 4.8324357384231575 
164.00016724493392 14.647238308149042 13.138898279580303 2.4855409180019024 5.796276263422385 14.647238308149042 13.138898279580303 2.4855409180019024 4.8324357384231575 
165.00024441720566 13.272377655091503 13.564645096031057 1.7691224621039225 2.0478305506156858 13.272377655091503 13.564645096031057 1.7691224621039225 2.0478305506156858 
166.0002444172056 13.281304419659989 14.952121168724005 1.4173361184173245 2.329056703096626 13.281304419659989 14.952121168724005 1.4173361184173245 2.329056703096626 
167.00024441720555 14.425761708505291 14.108375535277048 2.561793407262627 2.5157587560746606 14.425761708505291 14.108375535277048 2.561793407262627 2.5157587560746606 
168.0002444172055 13.689327157389187 14.43822287834223 2.043913685796241 2.306923629859824 13.689327157389187 14.43822287834223 2.043913685796241 2.306923629859824 
169.00009282984345 12.098235988145149 13.797485651453457 1.902727297562734 3.3062307925617915 12.098235988145149 13.797485651453457 1.902727297562734 3.3062307925617915 
170.00024441720538 13.049475509448541 13.775193975916608 2.8539668188661267 1.6967373358728253 13.049475509448541 13.775193975916608 2.8539668188661267 1.6967373358728253 
171.00024441720532 13.291470506602252 14.85281822890525 1.5757145397400905 1.8231220675580744 13.291470506602252 14.85281822890525 1.5757145397400905 1.8231220675580744 
172.00024441720527 13.32017223366961 14.85281822890525 1.4210066106634258 1.8231220675580744 13.32017223366961 14.85281822890525 1.4210066106634258 1.8231220675580744 
173.00004671079432 13.992582107693863 15.023787470280297 1.7051746731351898 1.8618971686441057 13.992582107693863 15.023787470280297 1.7051746731351898 1.8618971686441057 
174.00024441720515 14.143839642738499 14.049181761544475 1.7707939489715159 2.302154745534466 14.143839642738499 14.049181761544475 1.7707939489715159 2.302154745534466 
175.00005169166226 14.143839642738499 14.264691108493935 1.7707939489715159 1.819180631309365 14.143839642738499 12.890407141576674 1.7707939489715159 3.513248150883385 
176.00024441720504 15.312213328206212 14.264691108493935 2.9391676344392295 1.819180631309365 15.312213328206212 12.890407141576674 2.9391676344392295 3.513248150883385 
177.00023397964662 13.336942402934625 15.79268480302656 2.639126629827956 3.3471743258419906 13.336942402934625 14.4184008361093 2.639126629827956 3.3471743258419906 
178.00024441720493 14.275227434073628 13.825059337725548 2.36631825561804 2.517811523826964 14.275227434073628 13.825059337725548 2.36631825561804 2.517811523826964 
179.00024441720487 14.324087284182696 14.642789373077676 1.9535169986890821 2.165277997541608 14.324087284182696 14.642789373077676 1.9535169986890821 2.165277997541608 
180.0002444172048 15.331071937101711 14.270132557606985 1.7129141594722057 2.4785738294452813 15.331071937101711 14.270132557606985 1.7129141594722057 2.4785738294452813 
181.00024441720475 15.560587419094958 12.769456590434942 1.2605948157635964 1.6499691468745823 15.560587419094958 12.769456590434942 1.2605948157635964 1.6499691468745823 
182.0001593848403 15.560587419094958 12.769456590434942 1.2605948157635964 1.6499691468745823 15.560587419094958 12.769456590434942 1.2605948157635964 1.6499691468745823 
183.00024441720464 15.041505429888844 13.94773452706113 1.7847240941896985 1.8350183712066155 15.041505429888844 13.94773452706113 1.7847240941896985 1.8350183712066155 
184.00024441720458 14.086854210354034 14.37194973172717 3.014134955791917 2.586710254784009 14.086854210354034 14.37194973172717 3.014134955791917 2.586710254784009 
185.00024441720453 14.086854210354034 14.672307170876536 3.014134955791917 2.2058234434297503 14.086854210354034 14.672307170876536 3.014134955791917 2.2058234434297503 
186.00024441720447 12.90538675402135 14.672307170876536 1.5317916268127476 2.2058234434297503 12.90538675402135 14.672307170876536 1.5317916268127476 2.2058234434297503 
187.0002444172044 14.109889527727233 13.24712234145008 2.7362944005186307 2.275342261333492 14.109889527727233 13.24712234145008 2.7362944005186307 2.275342261333492 
188.00018290509757 13.730429889816804 14.625020924684321 2.3903244538331307 2.5818515109512816 13.730429889816804 14.625020924684321 2.3903244538331307 2.5818515109512816 
189.0002444172043 13.762720905468171 12.252715505302888 2.3347791953274566 1.1614122453140396 13.762720905468171 12.252715505302888 2.3347791953274566 1.1614122453140396 
190.00014842247623 13.517999354538176 13.15192651415208 2.2401527556958456 2.0606232541632323 13.517999354538176 13.15192651415208 2.2401527556958456 2.0606232541632323 
191.0002444172042 13.186282733917523 14.0652756989804 2.2811151908041154 2.9739724389915523 13.186282733917523 14.0652756989804 2.2811151908041154 2.9739724389915523 
192.0001142143659 14.107846500305328 15.473800846157332 1.3901187635144083 3.1391131651681974 14.107846500305328 15.473800846157332 1.3901187635144083 1.855841021565567 
193.00024441720407 14.291210567958075 12.470171715839427 2.3912128665192824 2.9059027252035037 14.291210567958075 12.470171715839427 2.3912128665192824 2.9059027252035037 
194.00003128481134 14.291210567958075 13.669290395135363 2.3912128665192824 1.2664926635915208 14.291210567958075 13.669290395135363 2.3912128665192824 1.2664926635915208 
195.00024441720396 15.599312908501844 13.669290395135363 2.2907900598861204 1.2664926635915208 15.599312908501844 13.669290395135363 2.2907900598861204 1.2664926635915208 
196.0002444172039 14.1850222727997 13.467943073214485 2.3715909915406996 2.8202801413765712 14.1850222727997 13.467943073214485 2.3715909915406996 2.8202801413765712 
197.00024441720385 14.25238114321499 14.535094050769203 0.8643216415011921 2.57932877838752 14.25238114321499 14.535094050769203 0.8643216415011921 2.57932877838752 
198.0002444172038 13.873863875206041 13.81207903216523 1.8612590994616767 2.641191715157447 13.873863875206041 13.81207903216523 1.8612590994616767 2.641191715157447 
199.00024441720373 13.915197746865203 13.623583133780159 2.272256868589949 2.2784483433473497 13.915197746865203 13.623583133780159 2.272256868589949 2.2784483433473497 
200.00024441720367 13.915197746865203 14.735796315205704 2.272256868589949 1.7889829722477373 13.915197746865203 14.735796315205704 2.272256868589949 1.7889829722477373 
201.00024441720362 NaN NaN NaN NaN NaN NaN NaN NaN 
202.00017179626286 NaN NaN NaN NaN NaN NaN NaN NaN 
203.0002444172035 NaN NaN 1.498520632629237 NaN NaN NaN 1.498520632629237 NaN 
204.00024441720345 NaN NaN 1.4710283745647814 NaN NaN NaN 1.4710283745647814 NaN 
205.00004524807466 NaN NaN 1.595707062482603 NaN NaN NaN 1.595707062482603 NaN 
206.00016842242675 NaN NaN 1.595707062482603 NaN NaN NaN 1.595707062482603 NaN 
207.00024441720328 NaN NaN 1.8319796588221777 NaN NaN NaN 1.8319796588221777 NaN 
208.00024441720322 NaN NaN 2.7577064248140175 NaN NaN NaN 2.7577064248140175 2.157559857995011 
209.00005592865392 NaN NaN 1.2957037307113808 NaN NaN NaN 1.2957037307113808 3.4278105507780765 
210.0000400259419 NaN NaN 2.0034518932185676 NaN NaN NaN 2.0034518932185676 1.868778425536135 
211.00024441720305 NaN NaN 1.6926889045811038 NaN NaN NaN 1.6926889045811038 1.560762650734688 
212.00004980210267 NaN NaN 1.3474193638392364 2.7034721434845324 NaN NaN 1.3474193638392364 2.7034721434845324 
213.0001791461742 NaN NaN 1.6474864218702407 2.7034721434845324 NaN NaN 1.6474864218702407 2.7034721434845324 
214.00024441720288 NaN NaN 1.6474864218702407 4.1822861268493625 NaN NaN 1.6474864218702407 4.1822861268493625 
215.00024441720282 13.835996636676867 NaN 2.2751805323963197 1.8259955689809715 13.835996636676867 NaN 2.2751805323963197 1.8259955689809715 
216.00024441720277 13.52022740190364 NaN 1.4121653871254125 2.583814193916936 13.52022740190364 NaN 1.4121653871254125 2.583814193916936 
217.0002444172027 14.428880144298034 NaN 1.5629995045838427 2.2785961991359045 14.428880144298034 NaN 1.5629995045838427 2.2785961991359045 
218.00018574040274 14.435855274880822 NaN 2.517207421115245 3.1910823117360394 14.435855274880822 NaN 2.517207421115245 3.1910823117360394 
219.0000854234017 15.554556119988831 NaN 1.628102318675758 2.5966508920469664 15.554556119988831 NaN 1.628102318675758 2.5966508920469664 
220.0000548079822 15.169850453935737 NaN 1.2042903020118843 2.5966508920469664 15.169850453935737 NaN 1.2042903020118843 2.5966508920469664 
221.00024441720248 15.169850453935737 NaN 1.2042903020118843 2.3919437233587075 15.169850453935737 NaN 1.2042903020118843 2.3919437233587075 
222.00024441720242 13.987662785089924 NaN 2.5712841975655465 2.302060803963542 13.987662785089924 NaN 2.5712841975655465 2.302060803963542 
223.00024441720237 12.968601617106259 NaN 1.9713728252950204 2.6228131749036265 12.968601617106259 NaN 1.9713728252950204 2.6228131749036265 
224.0002444172023 14.173502349436035 NaN 2.147455631911953 2.311943079122983 14.173502349436035 NaN 2.147455631911953 2.311943079122983 
225.00024441720225 15.280599674486922 NaN 2.1144208959977107 2.268608271912626 15.280599674486922 NaN 2.1144208959977107 2.268608271912626 
226.0002444172022 13.73146855437335 NaN 2.138786726863543 2.224081138696988 13.73146855437335 NaN 2.138786726863543 2.224081138696988 
227.00000385927447 14.391291312945242 NaN 1.7837021746787798 3.3985926137612807 14.391291312945242 NaN 1.7837021746787798 2.2914952887103937 
228.00024441720208 13.916425366186672 NaN 1.6272766121709026 1.6617457187583966 13.916425366186672 NaN 1.6272766121709026 1.6617457187583966 
229.00010756828587 14.718355002331123 NaN 2.429206248315353 2.52723208408554 14.718355002331123 NaN 2.429206248315353 2.52723208408554 
230.00024441720197 14.141788112017537 NaN 2.657770796157507 1.589949603633272 14.141788112017537 NaN 2.657770796157507 1.589949603633272 
231.0002444172019 14.94350780852804 NaN 1.4834413080821207 2.458171885363555 14.94350780852804 NaN 1.4834413080821207 2.458171885363555 
232.00024441720186 14.089940980492656 NaN 1.7690852352957904 3.39695988656635 14.089940980492656 NaN 1.7690852352957904 1.993883863659903 
233.0002444172018 12.485669171303357 NaN 2.1979363413026647 1.9313674408946042 12.485669171303357 NaN 2.1979363413026647 1.9313674408946042 
234.00000997452335 13.449492680685864 NaN 2.222971849482377 1.6689697960198657 13.449492680685864 NaN 2.222971849482377 1.6689697960198657 
235.00024441720169 13.449492680685864 NaN 2.222971849482377 3.0719623117350636 13.449492680685864 NaN 2.222971849482377 3.0719623117350636 
236.00024441720163 14.781093310000188 NaN 1.923527730414122 1.8813472005458607 14.781093310000188 NaN 1.923527730414122 1.8813472005458607 
237.00006740243006 15.005032320069631 NaN 1.7732921504812111 2.808779710973198 15.005032320069631 NaN 1.7732921504812111 2.808779710973198 
238.00024441720151 13.24622374411436 NaN 2.1553649600902816 2.6292802781883324 13.24622374411436 NaN 2.1553649600902816 2.6292802781883324 
239.00024441720146 13.24622374411436 NaN 2.1553649600902816 2.4840689326553616 13.24622374411436 NaN 2.1553649600902816 2.4840689326553616 
240.0002444172014 14.578090875578425 NaN 2.5597995811270096 3.5192082339599438 14.578090875578425 NaN 2.5597995811270096 3.5192082339599438 
241.00024441720134 13.413365544904991 NaN 2.577858128102548 4.253408465053553 13.413365544904991 NaN 2.577858128102548 4.253408465053553 
242.0002444172013 14.528312089654264 NaN 1.5501197812979228 5.404563352296947 14.528312089654264 NaN 1.5501197812979228 5.404563352296947 
243.00024441720123 13.256754827540107 NaN 1.2378517777310947 6.4640269678651805 13.256754827540107 NaN 1.2378517777310947 6.4640269678651805 
244.00024441720117 13.256754827540107 NaN 1.2378517777310947 2.495985309024775 13.256754827540107 NaN 1.2378517777310947 2.495985309024775 
245.00024441720112 14.44997928197472 NaN 1.1385485419102963 2.089308110040122 14.44997928197472 NaN 1.1385485419102963 2.089308110040122 
246.00024441720106 14.44997928197472 NaN 1.1385485419102963 2.089308110040122 14.44997928197472 NaN 1.1385485419102963 2.089308110040122 
247.000244417201 13.256237763341744 NaN 2.5146397728626937 3.132261980267998 13.256237763341744 NaN 2.5146397728626937 3.132261980267998 
248.00024441720095 13.98913871150242 NaN 1.0381769350099717 2.1436656847114364 13.98913871150242 14.395708625383492 1.0381769350099717 2.1436656847114364 
249.0002444172009 13.577746994742824 NaN 2.029777733965574 2.141519516443708 13.577746994742824 14.805830178685653 2.029777733965574 2.141519516443708 
250.00024441720083 12.801027056383447 NaN 2.1779216513556605 1.9229143968589142 12.801027056383447 16.311726806217138 2.1779216513556605 1.9229143968589142 
251.00024441720078 12.978621813159378 NaN 1.5400812485872564 1.9229143968589142 12.978621813159378 16.311726806217138 1.5400812485872564 1.9229143968589142 
252.00024441720072 13.803648560100754 NaN 2.365107995528632 3.012672146973813 13.803648560100754 17.401484556332036 2.365107995528632 3.012672146973813 
253.00021966611715 12.77867276456385 NaN 1.4807540072883683 2.995145075693131 12.77867276456385 13.236372550949568 1.4807540072883683 2.995145075693131 
254.0001201154335 13.430523731422426 NaN 2.1326049741469433 1.6777229871289876 13.430523731422426 14.07367316263219 2.1326049741469433 1.6777229871289876 
255.00024441720055 14.593098773325323 NaN 1.2544121176494798 2.586377025066753 14.593098773325323 14.982327200569955 1.2544121176494798 2.586377025066753 
256.0002444172005 14.843604016335547 NaN 1.330463553815548 2.2023246662645874 14.843604016335547 15.197675161138363 1.330463553815548 2.2023246662645874 
257.00024441720046 14.038967806651726 NaN 1.3509381428699498 3.1103112667568666 14.038967806651726 16.105661761630643 1.3509381428699498 3.1103112667568666 
258.0002444172004 13.67248075888574 NaN 2.0857374515214246 2.5590934676464485 13.67248075888574 13.610747187766378 2.0857374515214246 2.5590934676464485 
259.00024441720035 14.458914021082592 NaN 1.964184113225997 3.1769828430165035 14.458914021082592 14.228636563136433 1.964184113225997 3.1769828430165035 
260.0002444172003 13.71156009711882 NaN 1.8301312583793106 3.7810405242049114 13.71156009711882 14.832694244324841 1.8301312583793106 3.7810405242049114 
261.00024441720024 14.879206294714606 NaN 1.775830399416634 2.0310153925738064 14.879206294714606 13.242388692633028 1.775830399416634 2.0310153925738064 
262.0002444172002 14.879206294714606 NaN 1.775830399416634 1.9265130583057157 14.879206294714606 13.608295421458962 1.775830399416634 1.9265130583057157 
263.0002444172001 13.651468086451075 NaN 1.8176979621010787 2.4079403301482785 13.651468086451075 14.089722693301525 1.8176979621010787 2.4079403301482785 
264.00002924159935 12.824604417745832 NaN 1.7475538714181198 4.171186955367375 12.824604417745832 13.30227900721681 1.7475538714181198 4.171186955367375 
265.0002444172 13.79919007327834 NaN 1.6227188968697988 4.951894760684297 13.79919007327834 12.140250969575362 1.6227188968697988 2.5651912680590385 
266.00024441719995 14.845089357059805 NaN 1.224084380196075 4.951894760684297 14.845089357059805 12.140250969575362 1.224084380196075 2.5651912680590385 
267.00012996323073 13.779111179422898 NaN 2.1988741009595287 3.7133615255337418 13.779111179422898 14.339025546528006 2.1988741009595287 3.7133615255337418 
268.00024441719984 13.817278701439534 NaN 3.1456956609139297 3.7133615255337418 13.817278701439534 14.339025546528006 3.1456956609139297 3.7133615255337418 
269.0002444171998 13.817278701439534 NaN 3.1456956609139297 2.0857893093291295 13.817278701439534 14.798273692241992 3.1456956609139297 2.0857893093291295 
270.0002444171997 15.21743796180533 NaN 1.235981231754522 3.2586370904849673 15.21743796180533 15.97112147339783 1.235981231754522 3.2586370904849673 
271.00024441719967 11.965905790429474 NaN 1.319047676054879 2.3111801229616162 11.965905790429474 14.797995270585602 1.319047676054879 2.3111801229616162 
272.0002444171996 13.120460572999491 NaN 1.4994481454303923 1.856132673340369 13.120460572999491 15.743107081330152 1.4994481454303923 1.856132673340369 
273.00024441719955 13.629133116191099 NaN 1.6670665590658587 2.9651165982657517 13.629133116191099 14.711309404476253 1.6670665590658587 2.9651165982657517 
274.0002444171995 13.629133116191099 NaN 1.6670665590658587 1.6164076342753333 13.629133116191099 13.524626324265569 1.6670665590658587 1.6164076342753333 
275.0001138573029 12.372691119039189 NaN 1.8363378971151292 2.7026862260426014 12.372691119039189 14.610904916032837 1.8363378971151292 2.7026862260426014 
276.0002444171994 11.988850037830446 NaN 1.9715846737939842 3.514771175838291 11.988850037830446 15.422989865828526 1.9715846737939842 3.514771175838291 
277.0002444171993 13.541978178979946 NaN 2.438434223176216 2.577928448260593 13.541978178979946 13.439824813502298 2.438434223176216 2.577928448260593 
278.0000642804252 13.17286063419084 NaN 1.860654114839292 2.483832512539493 13.17286063419084 13.824549309032648 1.860654114839292 2.483832512539493 
279.0002128684128 13.17286063419084 NaN 1.860654114839292 3.516934546313564 13.17286063419084 14.857651342806719 1.860654114839292 3.516934546313564 
280.00024441719916 14.447025560137035 NaN 1.4188768102222866 3.8912414050562916 14.447025560137035 15.231958201549446 1.4188768102222866 3.8912414050562916 
281.0002444171991 14.573437474364937 NaN 1.4630737008006918 5.193256096907476 14.573437474364937 13.538698233323203 1.4630737008006918 5.193256096907476 
282.00024441719904 14.573437474364937 NaN 1.4630737008006918 6.620115447020908 14.573437474364937 14.018736023482234 1.4630737008006918 6.620115447020908 
283.000244417199 14.208782269786013 NaN 1.7810836250284865 1.9462471653035323 14.208782269786013 14.699182847621842 1.7810836250284865 1.9462471653035323 
284.0002444171989 14.126558915349904 NaN 1.4448487016347826 2.7977804488391484 14.126558915349904 14.150556870791661 1.4448487016347826 2.7977804488391484 
285.00024441719887 14.51999787353725 NaN 2.1319951488770243 1.6059852627781197 14.51999787353725 15.669410727529339 2.1319951488770243 1.6059852627781197 
286.00008440677567 13.612753562489104 NaN 1.4329347086288635 2.366070260976528 13.612753562489104 16.429495725727747 1.4329347086288635 2.366070260976528 
287.00024441719876 13.612753562489104 NaN 1.4329347086288635 3.3737408098913306 13.612753562489104 15.026697266616338 1.4329347086288635 3.3737408098913306 
288.0002444171987 14.988911127234758 NaN 2.2846169979711703 1.7706467100688883 14.988911127234758 15.938047862797532 2.2846169979711703 4.2850914060725245 
289.00024441719864 13.844330819527158 NaN 1.5203197789534215 1.3503875657188473 13.844330819527158 14.502960795838476 1.5203197789534215 1.3503875657188473 
290.0002444171986 12.994922064893615 NaN 2.025788137711345 2.548941072542277 12.994922064893615 15.701514302661906 2.025788137711345 2.548941072542277 
291.0001865871435 13.953286202303843 NaN 2.0282538547259605 2.5878118950299154 13.953286202303843 16.743843453245006 2.0282538547259605 2.5878118950299154 
292.0002444171985 12.689995732460375 NaN 1.7024227968266814 2.376427424272549 12.689995732460375 15.199142975562609 1.7024227968266814 2.376427424272549 
293.0002444171984 13.942044938417894 NaN 1.9121428522011001 2.376427424272549 13.942044938417894 15.199142975562609 1.9121428522011001 2.376427424272549 
294.00015941439267 12.673272930929045 NaN 1.9020069558821433 2.1122527576349057 12.673272930929045 14.416473713647065 1.9020069558821433 2.1122527576349057 
295.0002444171983 13.722583532488272 NaN 1.8105060114353932 2.2459047736683146 13.722583532488272 15.802174935637993 1.8105060114353932 2.2459047736683146 
296.00024441719825 13.362815274062484 NaN 2.344194508814155 2.6146324477939515 13.362815274062484 16.17090260976363 2.344194508814155 2.6146324477939515 
297.0002444171982 13.362815274062484 NaN 2.344194508814155 1.8700949591737412 13.362815274062484 14.599343911391259 2.344194508814155 1.8700949591737412 
298.00024441719813 12.910203977682954 NaN 1.9830661811880077 2.6842319716958514 12.910203977682954 15.413480923913369 1.9830661811880077 2.6842319716958514 
299.0002444171981 14.045826673318231 NaN 3.1186888768232848 3.7172546579155323 14.045826673318231 15.355879183413322 3.1186888768232848 3.7172546579155323 
300.000244417198 13.720904353717913 NaN 2.57825513002291 1.5436795693456702 13.720904353717913 14.156571534035038 2.57825513002291 1.5436795693456702 
#####################################################################
# End of data export. Simulation finished at: 2019-09-25T07:05+0000 #
#####################################################################
