#####################################################################
# Alchemist log file - simulation started at: 2019-09-24T17:55+0000 #
#####################################################################
# seed = 72.0, stage_width = 750
#
# The columns have the following meaning: 
# time rep-bcast[Sum] rep-ccast[Sum] share-bcast[Sum] share-ccast[Sum] rep-bcast-single[Sum] rep-ccast-single[Sum] share-bcast-single[Sum] share-ccast-single[Sum] 
0.0 NaN NaN NaN NaN NaN NaN NaN NaN 
1.0000473498708253 NaN NaN NaN NaN NaN NaN NaN NaN 
2.000047349870825 NaN NaN NaN NaN NaN NaN NaN 1.2589413438157389 
3.000047349870825 NaN NaN 1.5663792080048944 NaN NaN NaN 1.5663792080048944 1.2589413438157389 
4.000047349870825 NaN NaN 2.0079686443151807 NaN NaN NaN 2.0079686443151807 1.7258051703606203 
5.000047349870825 NaN NaN 2.0079686443151807 NaN NaN NaN 2.0079686443151807 0.9771215459462121 
6.000047349870825 NaN NaN 2.531108404858892 NaN NaN NaN 2.531108404858892 0.9771215459462121 
7.000047349870825 NaN NaN 1.641263269523848 2.207501335411852 NaN NaN 1.641263269523848 2.207501335411852 
8.000047349870826 NaN NaN 1.585353570381475 1.584344227523979 NaN NaN 1.585353570381475 1.042364630959538 
9.000047349870826 NaN NaN 1.2621586500067288 0.9985974753703406 NaN NaN 1.2621586500067288 0.9985974753703406 
10.000025902433224 9.04599241762907 NaN 1.1835122313473825 0.9985974753703406 9.04599241762907 NaN 1.1835122313473825 0.9985974753703406 
11.000047349870826 9.04599241762907 NaN 1.1835122313473825 2.9186057326867303 9.04599241762907 9.978370626610976 1.1835122313473825 2.9186057326867303 
12.000047349870826 10.299363274656747 NaN 2.43688308837506 2.9186057326867303 10.299363274656747 9.978370626610976 2.43688308837506 2.9186057326867303 
13.000047349870826 10.21340731622097 NaN 1.4939780334257318 2.529686562214403 10.21340731622097 10.685159531039346 1.4939780334257318 1.2763157051867253 
14.000047349870826 9.71434611118851 NaN 2.54818228675518 1.703374157465582 9.71434611118851 12.089321185685264 2.54818228675518 1.703374157465582 
15.000047349870826 10.729678462836981 NaN 1.7703241021582556 2.8295314117274337 10.729678462836981 8.958564864727602 1.7703241021582556 2.8295314117274337 
16.000047349870826 10.450656873264329 NaN 1.5189655898391692 1.8642319210357527 10.450656873264329 9.520822382449401 1.5189655898391692 1.8642319210357527 
17.000047349870826 11.303360372037098 NaN 1.2455118343500864 1.8642319210357527 11.303360372037098 9.520822382449401 1.2455118343500864 1.8642319210357527 
18.000047349870826 11.37844700539032 NaN 1.4467411428827113 0.9964361559551413 11.37844700539032 10.65853325846839 1.4467411428827113 0.9964361559551413 
19.000047349870826 10.951654639912515 NaN 1.3354860124036634 2.4727543299544834 10.951654639912515 12.134851432467732 1.3354860124036634 2.4727543299544834 
20.000047349870826 11.318047845980912 NaN 1.356263979206787 2.4727543299544834 11.318047845980912 12.134851432467732 1.356263979206787 2.4727543299544834 
21.000047349870826 12.275166145956119 NaN 0.7639315922031003 2.7167385941145135 12.275166145956119 11.379778838480359 0.7639315922031003 1.6902828485745722 
22.000047349870826 11.169029249835871 NaN 1.5778029533992424 4.339945667556265 11.169029249835871 11.950929395847387 1.5778029533992424 3.3134899220163234 
23.000047349870826 12.15781472580555 NaN 0.9433813559271691 4.339945667556265 12.15781472580555 11.950929395847387 0.9433813559271691 3.3134899220163234 
24.000047349870826 11.221893052396851 NaN 1.8006502187638667 1.7540871573527248 11.221893052396851 13.659612433157603 1.8006502187638667 1.7540871573527248 
25.000047349870826 9.661427182385157 NaN 2.770503257659943 1.7540871573527248 9.661427182385157 13.659612433157603 2.770503257659943 1.7540871573527248 
26.000047349870826 10.54163813124623 9.865984203297362 1.9420311692108 3.413272734191974 10.54163813124623 9.865984203297362 1.9420311692108 1.5672183953855985 
27.000047349870826 10.34156701778117 11.335314866473066 1.1870115931927288 3.0365490585613024 10.34156701778117 11.335314866473066 1.1870115931927288 3.0365490585613024 
28.000047349870826 11.346084859466554 11.335314866473066 2.191529434878113 3.0365490585613024 11.346084859466554 11.335314866473066 2.191529434878113 3.0365490585613024 
29.000047349870826 12.399513832786852 10.599530893316327 1.7756277450227067 1.7047050184178687 12.399513832786852 10.599530893316327 1.7756277450227067 1.7047050184178687 
30.000047349870826 12.49789578805279 11.86061687520931 1.5893346278727414 2.965791000310851 12.49789578805279 11.86061687520931 1.5893346278727414 2.965791000310851 
31.000047349870826 11.933240011594567 13.272461968190871 1.2399110435208769 4.377636093292413 11.933240011594567 13.272461968190871 1.2399110435208769 4.377636093292413 
32.000047349870826 11.476949401146602 14.305955335010527 0.9212260270702437 5.411129460112068 11.476949401146602 14.305955335010527 0.9212260270702437 5.411129460112068 
33.000047349870826 11.476949401146602 14.305955335010527 0.9212260270702437 5.411129460112068 11.476949401146602 14.305955335010527 0.9212260270702437 5.411129460112068 
34.000047349870826 12.921276842464774 10.775403042213899 1.3320601015687608 7.163904190798874 12.921276842464774 10.775403042213899 1.3320601015687608 2.958202146967146 
35.000047349870826 12.331419871074871 10.115262093347706 2.365410203620609 1.587695581984626 12.331419871074871 10.115262093347706 2.365410203620609 1.587695581984626 
36.000047349870826 10.327852138722655 10.115262093347706 0.809955401864471 1.587695581984626 10.327852138722655 10.115262093347706 0.809955401864471 1.587695581984626 
37.000047349870826 9.925777396965621 10.696544970727444 1.8772113232831416 3.0491894082254376 9.925777396965621 10.696544970727444 1.8772113232831416 3.0491894082254376 
38.000047349870826 9.264309532191604 12.156998811366627 2.6381294069440173 2.111992265015523 9.264309532191604 12.156998811366627 2.6381294069440173 2.111992265015523 
39.000047349870826 10.249811787164127 13.49489328876043 2.162137835675729 3.4498867424093262 10.249811787164127 13.49489328876043 2.162137835675729 2.3826308209906557 
40.000047349870826 11.624899715882904 13.49489328876043 2.0767719237553237 3.4498867424093262 11.624899715882904 13.49489328876043 2.0767719237553237 2.3826308209906557 
41.000047349870826 11.190145713625917 11.837520587698688 1.5652094259975158 1.9409505971223737 11.190145713625917 11.837520587698688 1.5652094259975158 1.9409505971223737 
42.000047349870826 11.862597554258066 13.240325598737304 0.9329211518645479 1.9686676794422127 11.862597554258066 13.240325598737304 0.9329211518645479 1.9686676794422127 
43.000047349870826 8.847153300869216 11.290139535334653 2.115590088963721 2.4330649417605414 8.847153300869216 11.290139535334653 2.115590088963721 2.4330649417605414 
44.000047349870826 9.903141776115753 12.298022058521212 1.7687735531716413 3.440947464947101 9.903141776115753 12.298022058521212 1.7687735531716413 3.440947464947101 
45.000047349870826 10.87948542173175 12.298022058521212 1.4543879568333153 3.440947464947101 10.87948542173175 12.298022058521212 1.4543879568333153 3.440947464947101 
46.000047349870826 10.910349218919961 11.106189471512273 1.6443501837015475 4.726792421308183 10.910349218919961 11.106189471512273 1.6443501837015475 4.726792421308183 
47.000047349870826 11.530809678725639 9.27564124406863 0.9789656871461432 6.088719080741335 11.530809678725639 9.27564124406863 0.9789656871461432 6.088719080741335 
48.000047349870826 11.035798568980567 9.27564124406863 1.9454484036418833 6.088719080741335 11.035798568980567 9.27564124406863 1.9454484036418833 6.088719080741335 
49.000047349870826 10.420394023873676 10.784837330733346 1.4285710397410227 1.8921570589517245 10.420394023873676 10.784837330733346 1.4285710397410227 1.8921570589517245 
50.000047349870826 12.350373292676238 11.216244697244804 1.849354221878869 3.3090666804357056 12.350373292676238 11.216244697244804 1.849354221878869 3.3090666804357056 
51.000047349870826 12.350373292676238 11.216244697244804 1.849354221878869 3.3090666804357056 12.350373292676238 11.216244697244804 1.849354221878869 3.3090666804357056 
52.000047349870826 11.310279182396833 10.570058207996354 2.034985082274403 1.1227888187114345 11.310279182396833 10.570058207996354 2.034985082274403 1.1227888187114345 
53.000047349870826 11.309761813368098 12.098910652399631 1.8820393051779618 1.5800421692633506 11.309761813368098 12.098910652399631 1.8820393051779618 1.5800421692633506 
54.000047349870826 9.809376478505797 12.098910652399631 2.680265735456544 1.5800421692633506 9.809376478505797 12.098910652399631 2.680265735456544 1.5800421692633506 
55.000047349870826 10.972161070971637 8.650166916996191 2.314197883519107 1.790619416205523 10.972161070971637 8.650166916996191 2.314197883519107 1.283367052470524 
56.000047349870826 10.356306777666788 9.80656811589133 1.3476346333301308 1.6415418210870811 10.356306777666788 9.80656811589133 1.3476346333301308 1.6415418210870811 
57.000047349870826 11.396720123707574 11.092619731017002 2.388047979370917 1.7648088437469127 11.396720123707574 11.092619731017002 2.388047979370917 1.7648088437469127 
58.000047349870826 9.89001332602367 10.493893437348703 1.3100111137640695 1.0426217172830121 9.89001332602367 10.493893437348703 1.3100111137640695 1.0426217172830121 
59.000047349870826 10.605449755257737 10.493893437348703 2.025447542998137 1.0426217172830121 10.605449755257737 10.493893437348703 2.025447542998137 1.0426217172830121 
60.000047349870826 11.391471112815921 12.087063726546312 1.8232520179232026 2.635792006480621 11.391471112815921 12.087063726546312 1.8232520179232026 2.635792006480621 
61.00003271355302 12.114410665120047 9.392518554101109 2.546191570227329 1.7080221145736019 12.114410665120047 9.392518554101109 2.546191570227329 1.7080221145736019 
62.000047349870826 11.507307104205289 9.303472977603732 1.7628273415989426 1.5359922945169515 11.507307104205289 9.303472977603732 1.7628273415989426 1.5359922945169515 
63.00001510044503 11.014462363295209 9.303472977603732 1.6731335340541733 1.5359922945169515 11.014462363295209 9.303472977603732 1.6731335340541733 1.5359922945169515 
64.00004734987083 10.770776206734283 10.871912361067778 1.6213687320908647 2.294625617411775 10.770776206734283 10.871912361067778 1.6213687320908647 2.294625617411775 
65.00004734987083 10.36277050058964 10.99128040096224 2.8499169391914307 2.657083773123574 10.36277050058964 9.828495808496399 2.8499169391914307 2.657083773123574 
66.00004734987083 11.105990851044389 10.99128040096224 2.0246979061821335 2.657083773123574 11.105990851044389 9.828495808496399 2.0246979061821335 2.657083773123574 
67.00004734987083 10.151187919235262 11.102408292788695 2.087500954485776 1.4172817624729532 10.151187919235262 11.102408292788695 2.087500954485776 1.4172817624729532 
68.00000133010197 11.335142927028294 11.804031527623259 1.997543477986511 2.045675309909001 11.335142927028294 11.804031527623259 1.997543477986511 2.045675309909001 
69.00004734987083 12.121561756656511 9.355466691950376 1.4123484097239327 3.5033975554831187 12.121561756656511 9.355466691950376 1.4123484097239327 2.0157476732714343 
70.00004734987083 10.55736062855744 9.355466691950376 0.9718122078814702 3.5033975554831187 10.55736062855744 9.355466691950376 0.9718122078814702 2.0157476732714343 
71.00004734987083 11.26307000283348 10.7364611332791 1.6775215821575102 2.212787106807127 11.26307000283348 10.7364611332791 1.6775215821575102 1.4263682771789092 
72.00004734987083 11.114839799047019 10.899055286370121 1.3003794227833367 3.0983208122022745 11.114839799047019 10.899055286370121 1.3003794227833367 2.3119019825740565 
73.00004734987083 12.053938130233092 12.360169341958404 1.353944048574263 4.559434867790557 12.053938130233092 12.360169341958404 1.353944048574263 3.773016038162339 
74.00004734987083 10.6280879424638 10.390583162653549 1.372350278486394 1.2949448543169808 10.6280879424638 10.390583162653549 1.372350278486394 1.2949448543169808 
75.00004734987083 10.6280879424638 10.390583162653549 1.372350278486394 1.2949448543169808 10.6280879424638 10.390583162653549 1.372350278486394 1.2949448543169808 
76.00004734987083 11.764563312555119 10.798683689431428 1.321050801274751 2.931593588195426 11.764563312555119 10.798683689431428 1.321050801274751 1.4520733026950126 
77.00004734987083 10.189550710093528 10.89770025000081 2.444797517013498 1.9109827069045906 10.189550710093528 10.89770025000081 2.444797517013498 1.9109827069045906 
78.00004734987083 10.237842010658937 10.89770025000081 2.228053981591259 1.9109827069045906 10.237842010658937 10.89770025000081 2.228053981591259 1.9109827069045906 
79.00004734987083 11.375334720370688 10.513196229395177 1.7701619170021132 1.4546565103285616 11.375334720370688 10.513196229395177 1.7701619170021132 1.4546565103285616 
80.00004734987083 12.168738688517024 11.554982957665487 2.5635658851484493 0.8055778173905139 12.168738688517024 11.554982957665487 2.5635658851484493 0.8055778173905139 
81.00004734987083 NaN 11.554982957665487 NaN 0.8055778173905139 NaN 11.554982957665487 NaN 0.8055778173905139 
82.00004734987083 NaN NaN NaN NaN NaN NaN NaN NaN 
83.00004734987083 NaN NaN 1.2825206323635143 NaN NaN NaN 1.2825206323635143 1.241392638365383 
84.00004734987083 NaN NaN 1.2825206323635143 NaN NaN NaN 1.2825206323635143 2.4904140771166823 
85.00004734987083 NaN NaN 1.7665886471567802 NaN NaN NaN 1.7665886471567802 1.8967795591331509 
86.00004734987083 NaN NaN 1.622785206538751 NaN NaN NaN 1.622785206538751 1.398786886826457 
87.00004734987083 NaN NaN 1.3817824155619292 1.51742788299984 NaN NaN 1.3817824155619292 1.51742788299984 
88.00003335752187 NaN NaN 1.195591691757656 2.046878438043123 NaN NaN 1.195591691757656 2.046878438043123 
89.00004734987083 NaN NaN 0.9019723127533155 2.95238386110789 NaN NaN 0.9019723127533155 2.95238386110789 
90.00004734987083 NaN NaN 0.9019723127533155 1.1755982848550985 NaN NaN 0.9019723127533155 1.1755982848550985 
91.00004734987083 9.158730264428414 NaN 1.4702497669562717 1.3002282593072323 9.158730264428414 NaN 1.4702497669562717 1.3002282593072323 
92.00004734987083 10.1823985444029 NaN 1.2279514733749153 2.276284532903574 10.1823985444029 NaN 1.2279514733749153 2.276284532903574 
93.00003405498339 9.374052158610965 NaN 1.6206262453074345 3.2963602362048903 9.374052158610965 NaN 1.6206262453074345 1.7918487834972296 
94.00004734987083 9.374052158610965 NaN 1.6206262453074345 1.6318771703252253 9.374052158610965 12.127612360524012 1.6206262453074345 1.6318771703252253 
95.00004734987083 9.790634736201127 NaN 1.1556592129696668 1.4648332610883301 9.790634736201127 10.321318211293814 1.1556592129696668 1.4648332610883301 
96.00004734987083 8.967540720903699 NaN 1.2688683907429947 2.3956863199518352 8.967540720903699 11.25217127015732 1.2688683907429947 2.3956863199518352 
97.00004734987083 8.967540720903699 NaN 1.2688683907429947 2.0192738371504078 8.967540720903699 12.294564125121923 1.2688683907429947 2.0192738371504078 
98.00004734987083 10.459402282048913 NaN 1.8298768930247036 3.229246803760475 10.459402282048913 12.39931909359872 1.8298768930247036 3.229246803760475 
99.00004734987083 10.118037974666777 NaN 1.881075708786014 1.6490319628349965 10.118037974666777 10.912842553126254 1.881075708786014 1.6490319628349965 
100.00004734987083 10.723899140573565 NaN 0.9866548723024096 2.3802203428005413 10.723899140573565 11.644030933091798 0.9866548723024096 1.2866286720746274 
101.00004734987083 10.723899140573565 NaN 0.9866548723024096 0.9769278439452478 10.723899140573565 10.23057721756254 0.9866548723024096 0.9769278439452478 
102.00004734987083 11.206880002910907 NaN 2.0044139282300506 1.4649157944307092 11.206880002910907 10.718565168048002 2.0044139282300506 1.4649157944307092 
103.00004734987083 9.404672857913226 NaN 1.3416531401649365 2.5396373062991557 9.404672857913226 11.793286679916449 1.3416531401649365 2.5396373062991557 
104.00004734987083 9.613189039992136 NaN 1.6771349466673655 1.9413308194132668 9.613189039992136 11.920259348949259 1.6771349466673655 3.6902782553064526 
105.00004734987083 9.613189039992136 NaN 1.6771349466673655 2.063704199456481 9.613189039992136 10.31271784440004 1.6771349466673655 2.063704199456481 
106.00004734987083 10.762218000828824 NaN 1.6755229584967566 3.3505617459848196 10.762218000828824 11.59957539092838 1.6755229584967566 3.3505617459848196 
107.00004734987083 12.555195998116162 NaN 2.28850607703842 3.3505617459848196 12.555195998116162 11.59957539092838 2.28850607703842 3.3505617459848196 
108.00004734987083 12.555195998116162 NaN 2.28850607703842 2.230971734065079 12.555195998116162 13.039217658216202 2.28850607703842 2.230971734065079 
109.00004734987083 9.552625084231337 NaN 0.9691972640606394 1.6041901248039068 9.552625084231337 14.205414046242367 0.9691972640606394 1.6041901248039068 
110.00004734987083 9.168692329266989 NaN 1.382650837317783 2.948997688076929 9.168692329266989 12.743463734304882 1.382650837317783 1.541806687238548 
111.00004734987083 9.168692329266989 NaN 1.382650837317783 2.3844616619237655 9.168692329266989 13.5861187089901 1.382650837317783 2.3844616619237655 
112.00004734987083 10.352361426286492 NaN 1.7095003215497258 1.9538962640659605 10.352361426286492 10.350569001385011 1.7095003215497258 1.9538962640659605 
113.00004734987083 10.61721082109419 NaN 1.0573316901151486 1.9538962640659605 10.61721082109419 10.350569001385011 1.0573316901151486 1.9538962640659605 
114.00004734987083 10.61721082109419 NaN 1.0573316901151486 2.23303628222898 10.61721082109419 11.243744568350536 1.0573316901151486 2.23303628222898 
115.00004734987083 9.663589664970658 NaN 1.2381085223087922 1.9157629661201554 9.663589664970658 10.85583884054698 1.2381085223087922 3.2553338727962995 
116.00004734987083 11.047832540972664 NaN 1.8677921720786088 1.0812995010982434 11.047832540972664 11.398390047154507 1.8677921720786088 1.0812995010982434 
117.00004734987083 11.059867960227194 NaN 1.6018363406866314 1.9760566210756423 11.059867960227194 12.293147167131906 1.6018363406866314 1.9760566210756423 
118.00004734987083 10.31132005892566 NaN 1.3981735866955205 1.6026221501985276 10.31132005892566 13.303955572256797 1.3981735866955205 1.6026221501985276 
119.00004734987083 10.31132005892566 NaN 1.3981735866955205 1.0846585567519327 10.31132005892566 14.084884944593071 1.3981735866955205 1.0846585567519327 
120.00004734987083 9.224818211375222 10.84327481893908 1.81186728531938 1.5011520240740595 9.224818211375222 10.84327481893908 1.81186728531938 1.5011520240740595 
121.00004734987083 10.820280344157524 11.787816930652681 1.518812212456993 1.0211920320389112 10.820280344157524 11.787816930652681 1.518812212456993 1.0211920320389112 
122.00004734987083 10.820280344157524 12.90052605890773 1.518812212456993 2.1339011602939593 10.820280344157524 12.90052605890773 1.518812212456993 2.1339011602939593 
123.00004734987083 9.204782953139684 10.654408146177943 2.1467500872720677 3.1390902563524463 9.204782953139684 13.905715154966217 2.1467500872720677 3.1390902563524463 
124.00004734987083 10.545954672850044 11.632355679793775 1.3700235826688925 4.117037789968279 10.545954672850044 11.632355679793775 1.3700235826688925 4.117037789968279 
125.00004734987083 9.608458058612328 10.688234182734462 1.7739874582223791 2.7215597519035697 9.608458058612328 10.688234182734462 1.7739874582223791 1.3803880321932098 
126.00004734987083 9.608458058612328 11.511475098473497 1.7739874582223791 3.5448006676426047 9.608458058612328 11.511475098473497 1.7739874582223791 2.203628947932245 
127.00004734987083 11.114942540893452 12.524442478222994 1.5080078592572335 1.8346849185124228 11.114942540893452 12.524442478222994 1.5080078592572335 1.8346849185124228 
128.00004734987084 9.600805249433506 12.07707780731674 1.8571245494968167 1.265078641327051 9.600805249433506 12.07707780731674 1.8571245494968167 1.265078641327051 
129.00004734987084 9.600805249433506 11.426143207876663 1.8571245494968167 1.9130370076698426 9.600805249433506 10.735048841890375 1.8571245494968167 1.9130370076698426 
130.00004734987084 10.282175369358384 12.525496418767261 1.6962369178848604 1.8400326125818225 10.282175369358384 11.834402052780973 1.6962369178848604 1.8400326125818225 
131.00004734987084 11.371382768874781 13.75663632829091 2.1374859510584656 1.2822145688721776 11.371382768874781 13.065541962304621 2.1374859510584656 1.2822145688721776 
132.00004734987084 9.550383157616082 12.803747389803561 1.0484335554126574 2.444922100119868 9.550383157616082 12.803747389803561 1.0484335554126574 2.444922100119868 
133.00004734987084 9.550383157616082 13.801873515001006 1.0484335554126574 3.4430482253173125 9.550383157616082 13.801873515001006 1.0484335554126574 3.4430482253173125 
134.00004734987084 11.035151202511614 11.618958988823621 1.3704940690604985 2.097427694166072 11.035151202511614 14.7869011081346 1.3704940690604985 2.097427694166072 
135.00004734987084 10.4550835249715 11.11795162882062 0.8602794913561524 1.452824008977899 10.4550835249715 11.11795162882062 0.8602794913561524 1.452824008977899 
136.00004734987084 10.4550835249715 11.017352216214249 0.8602794913561524 1.2611968649141545 10.4550835249715 11.017352216214249 0.8602794913561524 1.2611968649141545 
137.00004734987084 9.535217528761748 11.017352216214249 1.6338622276228705 1.2611968649141545 9.535217528761748 11.017352216214249 1.6338622276228705 1.2611968649141545 
138.00004734987084 9.823301053912175 12.105483368650624 1.5775119613061008 2.3493280173505298 9.823301053912175 12.105483368650624 1.5775119613061008 2.3493280173505298 
139.00004734987084 10.781101746013618 12.35532389505103 1.447181500971169 1.2669441998118032 10.781101746013618 12.35532389505103 1.447181500971169 1.2669441998118032 
140.00004734987084 11.44495292765788 13.445121613214596 1.5781069209239718 1.3989412258739264 11.44495292765788 13.445121613214596 1.5781069209239718 2.35674191797537 
141.00004734987084 11.44495292765788 13.445121613214596 1.5781069209239718 1.3989412258739264 11.44495292765788 13.445121613214596 1.5781069209239718 2.35674191797537 
142.00004734987084 9.324503475651568 10.96735855703227 1.2856195217687514 1.6598915804328556 9.324503475651568 10.96735855703227 1.2856195217687514 1.6598915804328556 
143.00004734987084 10.7679322192227 12.064662831835477 1.1562883627939016 2.7571958552360627 10.7679322192227 12.064662831835477 1.1562883627939016 2.7571958552360627 
144.00004734987084 10.7679322192227 13.287701318584766 1.1562883627939016 3.9802343419853514 10.7679322192227 13.287701318584766 1.1562883627939016 3.9802343419853514 
145.00004734987084 10.249226673521832 14.016308940374074 1.523432260620865 1.8926620205479026 10.249226673521832 14.016308940374074 1.523432260620865 1.8926620205479026 
146.00004734987084 10.826907911893954 10.97812993187489 0.9896317501617489 1.5891827497092095 10.826907911893954 10.97812993187489 0.9896317501617489 1.5891827497092095 
147.00004734987084 10.826907911893954 10.194793655002258 0.9896317501617489 2.4195935688106545 10.826907911893954 10.194793655002258 0.9896317501617489 2.4195935688106545 
148.00004734987084 10.166639022357316 11.069780738420405 1.5378371078329565 1.8767350541493215 10.166639022357316 11.069780738420405 1.5378371078329565 1.8767350541493215 
149.00004734987084 10.55117738666928 8.757778086612177 1.3978616976595788 1.3501301132130834 10.55117738666928 8.757778086612177 1.3978616976595788 1.3501301132130834 
150.00004734987084 8.813748519344983 10.13377718229296 1.3803843888034635 1.1607067165476508 8.813748519344983 10.13377718229296 1.3803843888034635 1.1607067165476508 
151.00004734987084 8.813748519344983 10.13377718229296 1.3803843888034635 1.1607067165476508 8.813748519344983 10.13377718229296 1.3803843888034635 1.1607067165476508 
152.00004734987084 9.586746388767438 11.301828153002248 1.1128607869073335 2.328757687256939 9.586746388767438 11.301828153002248 1.1128607869073335 2.328757687256939 
153.00004734987084 11.177963586333874 12.361964199466541 1.5360270137644818 3.3888937337212326 11.177963586333874 12.361964199466541 1.5360270137644818 3.3888937337212326 
154.00004734987084 10.025092716647492 11.194248654328817 1.6433628591663023 1.1725734307888445 10.025092716647492 11.194248654328817 1.6433628591663023 2.763790628355281 
155.00004734987084 10.025092716647492 10.832702549701224 1.6433628591663023 1.1080036069253083 10.025092716647492 10.832702549701224 1.6433628591663023 1.1080036069253083 
156.00004734987084 10.853903735165744 11.748580152850451 1.5523171013848298 2.023881210074535 10.853903735165744 11.748580152850451 1.5523171013848298 2.023881210074535 
157.00004734987084 9.663156689510572 12.411063823102808 1.2500477086200021 2.6863648803268916 9.663156689510572 12.411063823102808 1.2500477086200021 2.6863648803268916 
158.00004734987084 11.10657796464389 12.347152084276274 1.1151077103517366 1.6822474240345286 11.10657796464389 12.347152084276274 1.1151077103517366 1.6822474240345286 
159.00004734987084 11.10657796464389 12.347152084276274 1.1151077103517366 1.6822474240345286 11.10657796464389 12.347152084276274 1.1151077103517366 1.6822474240345286 
160.00004734987084 10.50789189527913 11.040533370482137 1.220044183678624 2.2068041869159742 10.50789189527913 11.040533370482137 1.220044183678624 2.2068041869159742 
161.00004734987084 10.50789189527913 10.878186107191937 1.220044183678624 1.7506786007162702 10.50789189527913 10.878186107191937 1.220044183678624 1.7506786007162702 
162.00004734987084 9.879305744685581 10.492253175465322 1.1675300614603827 2.4732211627743084 9.879305744685581 10.492253175465322 1.1675300614603827 2.4732211627743084 
163.00004734987084 10.07259114523103 11.582763473633008 1.4182067620899943 1.6482675451454725 10.07259114523103 11.582763473633008 1.4182067620899943 1.6482675451454725 
164.00003798805756 9.309353465917752 9.929471199318897 1.048932919020615 1.5002429132541693 9.309353465917752 9.929471199318897 1.048932919020615 1.5002429132541693 
165.00004734987084 8.57867793539927 9.929471199318897 1.7784847612733472 1.5002429132541693 8.57867793539927 9.929471199318897 1.7784847612733472 1.5002429132541693 
166.00004734987084 9.828914590124185 10.244480773568938 1.9233246008798233 1.1993402684026933 9.828914590124185 10.244480773568938 1.9233246008798233 1.1993402684026933 
167.00004734987084 9.828914590124185 10.332700223946006 1.9233246008798233 2.0881923940175113 9.828914590124185 10.332700223946006 1.9233246008798233 2.0881923940175113 
168.00004294995944 9.339061274508254 9.668904935499228 2.2051740456681443 1.6175817259791359 9.339061274508254 9.668904935499228 2.2051740456681443 1.6175817259791359 
169.00004734987084 10.853047367140476 10.762783079488742 1.4229685805424594 1.1848956560792772 10.853047367140476 10.762783079488742 1.4229685805424594 2.7114598699686496 
170.00004734987084 10.565639028753537 11.746621094122474 2.259654772002989 2.16873367071301 10.565639028753537 11.746621094122474 2.259654772002989 2.16873367071301 
171.00004734987084 10.084811677272995 11.138924313155457 1.5477395164466259 1.5059211296936041 10.084811677272995 11.138924313155457 1.5477395164466259 1.5059211296936041 
172.00004734987084 10.084811677272995 9.991518661748813 1.5477395164466259 2.273979394083483 10.084811677272995 9.991518661748813 1.5477395164466259 2.273979394083483 
173.00004734987084 10.80386995098661 9.79107768888187 1.3701085362155823 1.1244727736988693 10.80386995098661 9.79107768888187 1.3701085362155823 1.1244727736988693 
174.00004734987084 11.310596630755498 10.740914442156054 0.9645282867351739 2.074309526973053 11.310596630755498 10.740914442156054 0.9645282867351739 2.074309526973053 
175.00004734987084 11.310596630755498 11.840263846938967 0.9645282867351739 1.7320580959843141 11.310596630755498 11.840263846938967 0.9645282867351739 1.7320580959843141 
176.00004734987084 10.091493275490564 9.551393803887976 1.6239005563633668 1.2695185891307403 10.091493275490564 9.551393803887976 1.6239005563633668 1.2695185891307403 
177.00004734987084 10.091493275490564 10.586982040825632 1.6239005563633668 2.3051068260683962 10.091493275490564 10.586982040825632 1.6239005563633668 2.3051068260683962 
178.00004734987084 10.652310861904226 11.738204852414555 1.9388727973088464 1.697607963246213 10.652310861904226 11.738204852414555 1.9388727973088464 1.697607963246213 
179.00004734987084 9.883521689230832 10.986245396769846 2.0079995183738504 1.022543009462396 9.883521689230832 10.986245396769846 2.0079995183738504 1.022543009462396 
180.00004734987084 9.883521689230832 11.8336975339285 2.0079995183738504 1.8699951466210507 9.883521689230832 11.8336975339285 2.0079995183738504 1.8699951466210507 
181.00004734987084 9.186518406092091 12.188508365613899 1.988238496037951 2.634077112936012 9.186518406092091 12.188508365613899 1.988238496037951 2.634077112936012 
182.00004734987084 10.245671839325382 10.995620380742821 2.1999397921125876 1.7376096750946601 10.245671839325382 10.995620380742821 2.1999397921125876 1.7376096750946601 
183.00004734987084 10.59028104933003 11.741102223020278 1.7287325519424144 2.4830915173721166 10.59028104933003 11.741102223020278 1.7287325519424144 2.4830915173721166 
184.00004734987084 9.803133645372753 11.06140557841104 1.235690354108442 2.1858422753012405 9.803133645372753 11.06140557841104 1.235690354108442 3.244995708534532 
185.00004734987084 9.803133645372753 11.808274222022533 1.235690354108442 1.5351212347652847 9.803133645372753 11.808274222022533 1.235690354108442 1.5351212347652847 
186.00004734987084 9.842448066612207 12.706804367550802 0.900929411656989 2.433651380293554 9.842448066612207 12.706804367550802 0.900929411656989 2.433651380293554 
187.00004734987084 11.429840810312754 9.013670707813787 1.5897920098292673 3.546146084932701 11.429840810312754 9.013670707813787 1.5897920098292673 3.546146084932701 
188.00004734987084 11.429840810312754 10.235867298309074 1.5897920098292673 2.332292029005714 11.429840810312754 10.235867298309074 1.5897920098292673 4.768342675427988 
189.00004734987084 9.946836750150993 11.0964353597561 1.5809645984629697 1.6054673467521923 9.946836750150993 11.0964353597561 1.5809645984629697 1.6054673467521923 
190.00004734987084 9.946836750150993 10.91827638689486 1.5809645984629697 2.532023331893612 9.946836750150993 10.91827638689486 1.5809645984629697 2.532023331893612 
191.00004734987084 8.800772827029874 10.10453261978526 1.5261726627273617 1.2984822285135635 8.800772827029874 10.10453261978526 1.5261726627273617 1.2984822285135635 
192.00004734987084 8.800772827029874 11.25566097229347 1.5261726627273617 2.4496105810217728 8.800772827029874 11.25566097229347 1.5261726627273617 2.4496105810217728 
193.00004734987084 10.292898295125184 9.886044210927707 0.7748469979263746 1.8044048261839123 10.292898295125184 11.283633895075155 0.7748469979263746 1.8044048261839123 
194.00004734987084 10.107201650585154 10.9262493016586 1.0094100308112388 1.3524844488194958 10.107201650585154 10.9262493016586 1.0094100308112388 1.3524844488194958 
195.00004734987084 10.107201650585154 11.797860136304934 1.0094100308112388 0.9024058945659874 10.107201650585154 11.797860136304934 1.0094100308112388 0.9024058945659874 
196.00004734987084 9.937588072645923 12.877931852511153 1.4449901512808765 1.9824776107722073 9.937588072645923 12.877931852511153 1.4449901512808765 1.9824776107722073 
197.00004734987084 10.200731762429797 11.432994773554356 1.9490177110575644 2.973591178237683 10.200731762429797 11.432994773554356 1.9490177110575644 2.973591178237683 
198.00004734987084 11.4141085464899 10.477719331225074 1.091209211445971 0.754284873985398 11.4141085464899 10.477719331225074 1.091209211445971 0.754284873985398 
199.00004734987084 10.565854473123665 11.852743224276338 1.6936024886507823 2.1293087670366617 10.565854473123665 11.852743224276338 1.6936024886507823 2.1293087670366617 
200.00004734987084 10.428009684295148 11.429085646254435 1.1072897919124216 1.901872994782309 10.428009684295148 11.429085646254435 1.1072897919124216 1.901872994782309 
201.00004734987084 NaN NaN NaN NaN NaN NaN NaN NaN 
202.00004734987084 NaN NaN 1.0557705325020095 NaN NaN NaN 1.0557705325020095 NaN 
203.00004734987084 NaN NaN 1.0557705325020095 NaN NaN NaN 1.0557705325020095 NaN 
204.00004734987084 NaN NaN 1.2748759383887034 NaN NaN NaN 1.2748759383887034 NaN 
205.00004734987084 NaN NaN 2.452651465101269 NaN NaN NaN 2.452651465101269 NaN 
206.00004734987084 NaN NaN 1.37896334990603 NaN NaN NaN 1.37896334990603 NaN 
207.00003706406696 NaN NaN 1.37896334990603 NaN NaN NaN 1.37896334990603 2.8280574062214896 
208.00004734987084 NaN NaN 1.066881738330693 NaN NaN NaN 1.066881738330693 1.192055562084164 
209.00004734987084 NaN NaN 2.040333034106311 NaN NaN NaN 2.040333034106311 1.280987260077211 
210.00004734987084 NaN NaN 1.4874965997455263 NaN NaN NaN 1.4874965997455263 1.8102520906393238 
211.00004734987084 NaN NaN 1.4874965997455263 0.9800357388772625 NaN NaN 1.4874965997455263 0.9800357388772625 
212.00004734987084 10.403637016602715 NaN 1.4720595960081937 1.8810490292493114 10.403637016602715 NaN 1.4720595960081937 1.8810490292493114 
213.00004734987084 11.517543571800218 NaN 1.621149938920638 1.8810490292493114 11.517543571800218 NaN 1.621149938920638 1.8810490292493114 
214.00004734987084 11.604027179753984 NaN 1.7846792077410498 1.8123524090705985 11.604027179753984 NaN 1.7846792077410498 1.8123524090705985 
215.00004734987084 11.210878795876454 NaN 1.4502327454752901 2.20335487408002 11.210878795876454 NaN 1.4502327454752901 1.1388123148875593 
216.00004734987084 9.87026390180364 NaN 1.2303577517722886 2.20335487408002 9.87026390180364 NaN 1.2303577517722886 1.1388123148875593 
217.00004734987084 9.87026390180364 NaN 1.2303577517722886 1.1169038967270808 9.87026390180364 NaN 1.2303577517722886 1.1169038967270808 
218.00004734987084 10.167219519080732 NaN 1.040509728156934 1.1169038967270808 10.167219519080732 NaN 1.040509728156934 1.1169038967270808 
219.00004734987084 10.881260029230333 NaN 1.7545502383065354 2.3556888167129273 10.881260029230333 NaN 1.7545502383065354 2.3556888167129273 
220.00004734987084 10.799412413773155 NaN 0.921328693664492 2.180806273517959 10.799412413773155 NaN 0.921328693664492 1.4667657633683575 
221.00004734987084 11.823420467816106 NaN 1.9453367477074437 2.722305969656304 11.823420467816106 NaN 1.9453367477074437 2.722305969656304 
222.00004734987084 10.58417137649522 NaN 1.9026686176988505 2.722305969656304 10.58417137649522 NaN 1.9026686176988505 2.722305969656304 
223.00004734987084 10.806597337082593 NaN 1.7705676623703255 2.2200052158781034 10.806597337082593 NaN 1.7705676623703255 0.9917219685762007 
224.00004734987084 11.596370028549643 NaN 2.5603403538373755 1.657240236612438 11.596370028549643 NaN 2.5603403538373755 1.657240236612438 
225.00004734987084 12.416677121179191 NaN 1.0762787984435818 3.1001388286873066 12.416677121179191 NaN 1.0762787984435818 3.1001388286873066 
226.00004734987084 12.12775906889209 NaN 0.7630446565032969 1.001237959002708 12.12775906889209 NaN 0.7630446565032969 1.001237959002708 
227.00004734987084 10.144530779158003 NaN 1.2857891657255323 2.515044009805848 10.144530779158003 NaN 1.2857891657255323 2.515044009805848 
228.00004734987084 11.230046351149667 NaN 2.371304737717196 1.3772496188929324 11.230046351149667 NaN 2.371304737717196 1.3772496188929324 
229.00004734987084 10.617580040727745 NaN 1.0461642670412061 2.300501078460144 10.617580040727745 NaN 1.0461642670412061 1.21498550646848 
230.00004734987084 10.396335856322509 NaN 1.1726200003792542 2.3394546240752163 10.396335856322509 NaN 1.1726200003792542 2.3394546240752163 
231.00004734987084 10.396335856322509 NaN 1.1726200003792542 2.3394546240752163 10.396335856322509 NaN 1.1726200003792542 2.3394546240752163 
232.00004734987084 11.53691005300172 NaN 1.1887250794517286 1.575509422840696 11.53691005300172 NaN 1.1887250794517286 1.575509422840696 
233.00004734987084 9.050469157615339 NaN 2.262193038376637 2.648234778644394 9.050469157615339 NaN 2.262193038376637 2.648234778644394 
234.00004734987084 9.284362999227625 NaN 1.2425998106468796 2.648234778644394 9.284362999227625 NaN 1.2425998106468796 2.648234778644394 
235.00004734987084 9.47016709198283 NaN 2.063022068773506 2.03406658539825 9.47016709198283 NaN 2.063022068773506 2.03406658539825 
236.0000447017084 10.503044050762014 NaN 1.496025065194715 1.8712788321381595 10.503044050762014 NaN 1.496025065194715 1.050856574011533 
237.00004734987084 9.952149314844007 NaN 2.458936380079848 1.169857388019608 9.952149314844007 NaN 2.458936380079848 1.169857388019608 
238.00004734987084 9.873850259008123 NaN 2.015865377632224 1.2488391952385314 9.873850259008123 NaN 2.015865377632224 1.2488391952385314 
239.00004734987084 10.501485966897889 NaN 1.4916233127347311 1.2488391952385314 10.501485966897889 NaN 1.4916233127347311 1.2488391952385314 
240.00004734987084 9.786448909924843 NaN 1.7824137108315767 1.4779474935894825 9.786448909924843 11.643531799498874 1.7824137108315767 1.4779474935894825 
241.00004734987084 11.091443134672915 NaN 1.7873659592492572 2.3875111312105446 11.091443134672915 9.652551441482757 1.7873659592492572 2.3875111312105446 
242.00004734987084 10.46202252215167 NaN 1.244406306830399 1.613299624303437 10.46202252215167 8.643276441338372 1.244406306830399 1.613299624303437 
243.00004734987084 11.045775096594667 NaN 1.8281588812733958 1.613299624303437 11.045775096594667 8.643276441338372 1.8281588812733958 1.613299624303437 
244.00004734987084 12.437624031036734 NaN 2.092307238345427 1.5389852275739884 12.437624031036734 9.685682583275081 2.092307238345427 1.5389852275739884 
245.00004734987084 12.437624031036734 NaN 2.092307238345427 2.3660050175899414 12.437624031036734 10.276032689607405 2.092307238345427 2.3660050175899414 
246.00004734987084 10.25324176856418 NaN 2.4388380174272584 2.252024543304259 10.25324176856418 10.013679009375068 2.4388380174272584 2.252024543304259 
247.00004734987084 10.140801137687276 NaN 1.2969795163318167 2.252024543304259 10.140801137687276 10.013679009375068 1.2969795163318167 2.252024543304259 
248.00004734987084 10.639655502465672 NaN 1.7958338811102124 2.213034111932444 10.639655502465672 9.742421343809838 1.7958338811102124 2.213034111932444 
249.00004734987084 10.84711758354669 NaN 1.2826017569959447 1.9397002986035545 10.84711758354669 9.256194603355198 1.2826017569959447 1.440845933825159 
250.00004734987084 11.862164818091031 NaN 2.297648991540285 1.188671381733485 11.862164818091031 10.2533752544486 2.297648991540285 1.188671381733485 
251.00004734987084 10.202871055845065 NaN 1.0043234124061087 1.188671381733485 10.202871055845065 10.2533752544486 1.0043234124061087 1.188671381733485 
252.00004734987084 10.202871055845065 NaN 1.0043234124061087 2.6214191086795324 10.202871055845065 10.381128756646575 1.0043234124061087 2.6214191086795324 
253.00004734987084 10.264340133126183 NaN 2.193493067057261 4.124749076339782 10.264340133126183 10.306466456771858 2.193493067057261 4.124749076339782 
254.00004734987084 11.28823802980969 NaN 1.7846432367947216 1.8198641459855196 11.28823802980969 10.499242222375813 1.7846432367947216 1.8198641459855196 
255.00004734987084 11.037210721326346 NaN 1.6859769176854797 2.7977662296124493 11.037210721326346 9.675566547331584 1.6859769176854797 2.7977662296124493 
256.00004734987084 10.509222748245861 NaN 1.4914817906274607 3.867217612186721 10.509222748245861 8.997591628940938 1.4914817906274607 3.867217612186721 
257.00004734987084 11.741593890711982 NaN 1.7459508494666522 3.867217612186721 11.741593890711982 8.997591628940938 1.7459508494666522 3.867217612186721 
258.00004734987084 10.513902000526855 NaN 1.9819181825534429 5.400276934544024 10.513902000526855 10.530650951298242 1.9819181825534429 2.088930997931044 
259.00004734987084 10.513902000526855 NaN 1.9819181825534429 5.400276934544024 10.513902000526855 10.530650951298242 1.9819181825534429 2.088930997931044 
260.00004734987084 10.185672281616178 NaN 1.5947216289214907 7.051651956199635 10.185672281616178 11.683171608175456 1.5947216289214907 3.7403060195866544 
261.00004734987084 10.34694412051897 NaN 1.1017990972620737 1.5377846214560122 10.34694412051897 13.164302836897349 1.1017990972620737 2.6836473901813633 
262.00004734987084 10.414628023716773 NaN 2.6022307274059244 1.5377846214560122 10.414628023716773 13.164302836897349 2.6022307274059244 2.6836473901813633 
263.00004734987084 9.829613641797664 NaN 2.0394150844251726 1.9355422420107402 9.829613641797664 14.72051294744827 2.0394150844251726 1.9355422420107402 
264.00004734987084 10.484157858666265 NaN 1.137749190742852 1.7060053746415633 10.484157858666265 8.931326513012607 1.137749190742852 3.206437004785414 
265.00004734987084 10.297170369530164 NaN 0.7571464572685613 1.7060053746415633 10.297170369530164 8.931326513012607 0.7571464572685613 3.206437004785414 
266.00004734987084 11.044423813406326 NaN 2.4823019847716523 1.729344973881382 11.044423813406326 10.527525914862167 2.4823019847716523 1.729344973881382 
267.00004734987084 11.044423813406326 NaN 2.4823019847716523 1.948829738891959 11.044423813406326 10.015652866995424 2.4823019847716523 1.948829738891959 
268.00004734987084 11.419973777020743 NaN 1.2213271347998216 1.1902851047004788 11.419973777020743 10.982263760307035 1.2213271347998216 1.1902851047004788 
269.00004734987084 12.211241357834922 NaN 1.0459838223023894 2.94719853468996 12.211241357834922 12.739177190296516 1.0459838223023894 1.5021971885012704 
270.00004734987084 11.581775742383059 NaN 1.9495775292078292 2.94719853468996 11.581775742383059 12.739177190296516 1.9495775292078292 1.5021971885012704 
271.00004734987084 10.956768960639636 NaN 1.2190323391305355 2.1561987721721607 10.956768960639636 10.081206688732095 1.2190323391305355 2.1561987721721607 
272.00000718277596 12.104297285074608 NaN 2.366560663565508 2.1561987721721607 12.104297285074608 10.081206688732095 2.366560663565508 2.1561987721721607 
273.00004734987084 9.950032378831338 NaN 1.804367932109983 2.1256462772906843 9.950032378831338 9.561868924783255 1.804367932109983 2.1256462772906843 
274.0000184393099 11.133821607585503 NaN 1.0887477089279969 2.3017417407699554 11.133821607585503 10.885492712697499 1.0887477089279969 2.3017417407699554 
275.00004734987084 11.080162901678818 NaN 2.305983765795986 2.3017417407699554 11.080162901678818 10.885492712697499 2.305983765795986 2.3017417407699554 
276.00004734987084 11.82905278034491 NaN 1.7312498565478336 3.015232719813355 11.82905278034491 11.82751590790184 1.7312498565478336 3.015232719813355 
277.00004734987084 10.84373622482184 NaN 1.8553420851123406 1.700579871367438 10.84373622482184 10.91273894969379 1.8553420851123406 1.700579871367438 
278.00004734987084 11.638707905502827 NaN 1.5639413286170907 1.531491221689464 11.638707905502827 10.502845199750709 1.5639413286170907 1.531491221689464 
279.00004734987084 9.956912796217352 NaN 2.6056705426327085 1.531491221689464 9.956912796217352 10.502845199750709 2.6056705426327085 1.531491221689464 
280.00004734987084 9.956912796217352 NaN 2.6056705426327085 2.6758016241875566 9.956912796217352 10.855888021434623 2.6056705426327085 2.6758016241875566 
281.00004734987084 11.507462548114859 NaN 1.3625041343673274 1.4437523362025786 11.507462548114859 11.208001033201583 1.3625041343673274 1.4437523362025786 
282.00004734987084 11.251605036130968 NaN 1.2962090681961058 2.6549366953427693 11.251605036130968 12.419185392341774 1.2962090681961058 2.6549366953427693 
283.00004734987084 12.024917101734673 NaN 2.0695211337998103 1.2443797791046904 12.024917101734673 10.691616883125675 2.0695211337998103 1.2443797791046904 
284.00004734987084 10.083548955033677 NaN 2.140001867809019 1.3793820058196502 10.083548955033677 11.59993117544434 2.140001867809019 1.3793820058196502 
285.00004734987084 9.224284556405962 NaN 1.5479003930936415 1.3793820058196502 9.224284556405962 11.59993117544434 1.5479003930936415 1.3793820058196502 
286.00004734987084 10.043109982702958 NaN 1.4584115270719735 2.715959274565762 10.043109982702958 12.936508444190451 1.4584115270719735 1.4342941814163623 
287.00004734987084 11.147428430506864 NaN 1.226152706129767 4.162773741117178 11.147428430506864 10.163803217776945 1.226152706129767 2.8811086479677783 
288.00004734987084 8.83074755710902 10.572185032872255 2.789560430071049 1.2800986874777323 8.83074755710902 10.572185032872255 2.789560430071049 1.2800986874777323 
289.00004734987084 8.83074755710902 10.019788153949435 2.789560430071049 1.7892405735088914 8.83074755710902 10.019788153949435 2.789560430071049 1.7892405735088914 
290.00004734987084 10.149684844357921 11.055501694806878 1.6022463237124498 2.0367085201676787 10.149684844357921 11.055501694806878 1.6022463237124498 2.0367085201676787 
291.00004734987084 10.11639195708824 11.940560099810114 1.5403561393413838 1.6028296379220137 10.11639195708824 11.940560099810114 1.5403561393413838 1.6028296379220137 
292.0000375311679 11.270371784089491 11.940560099810114 1.6586224254851913 1.6028296379220137 11.270371784089491 11.940560099810114 1.6586224254851913 1.6028296379220137 
293.00004734987084 9.760312526252676 10.586927415779826 1.8040936099459373 1.7667445268876918 9.760312526252676 10.586927415779826 1.8040936099459373 1.7667445268876918 
294.00004734987084 9.764438094802586 9.907850944537415 1.3302047504461143 1.988665387397134 9.764438094802586 8.351722504795191 1.3302047504461143 0.9581357979331528 
295.00004734987084 10.916612018681121 10.489345500646152 1.1064779868139567 2.2769333674871177 10.916612018681121 9.670520074349156 1.1064779868139567 2.2769333674871177 
296.00004734987084 9.42736479683765 10.489345500646152 2.400622500268014 2.2769333674871177 9.42736479683765 9.670520074349156 2.400622500268014 2.2769333674871177 
297.00004734987084 10.225155223732543 9.475656830487537 1.879615357608941 3.9615507011720297 10.225155223732543 9.475656830487537 1.879615357608941 3.9615507011720297 
298.00004734987084 10.225155223732543 9.475656830487537 1.879615357608941 3.9615507011720297 10.225155223732543 9.475656830487537 1.879615357608941 3.9615507011720297 
299.00004734987084 10.480732954166115 11.092753584483205 1.5100126814136843 5.5786474551676974 10.480732954166115 11.092753584483205 1.5100126814136843 5.5786474551676974 
300.00004734987084 10.41839608361721 8.481285210608121 1.1148830726428969 3.7241501563451607 10.41839608361721 8.481285210608121 1.1148830726428969 3.7241501563451607 
#####################################################################
# End of data export. Simulation finished at: 2019-09-24T18:27+0000 #
#####################################################################
