#####################################################################
# Alchemist log file - simulation started at: 2019-09-24T05:07+0000 #
#####################################################################
# seed = 41.0, stage_width = 1500
#
# The columns have the following meaning: 
# time rep-bcast[Sum] rep-ccast[Sum] share-bcast[Sum] share-ccast[Sum] rep-bcast-single[Sum] rep-ccast-single[Sum] share-bcast-single[Sum] share-ccast-single[Sum] 
0.0 NaN NaN NaN NaN NaN NaN NaN NaN 
1.0001190021692867 NaN NaN NaN NaN NaN NaN NaN NaN 
2.0000708990308222 NaN NaN NaN NaN NaN NaN NaN NaN 
3.0001190021692876 NaN NaN NaN NaN NaN NaN NaN 2.061515032642231 
4.0001190021692885 NaN NaN 2.1077508349115295 NaN NaN NaN 2.1077508349115295 2.061515032642231 
5.000119002169289 NaN NaN 2.4387020760995446 NaN NaN NaN 2.4387020760995446 2.3177206271042667 
6.00011900216929 NaN NaN 2.980503174291392 NaN NaN NaN 2.980503174291392 3.5460295447211196 
7.000109471326153 NaN NaN 2.980503174291392 3.5353036371572983 NaN NaN 2.980503174291392 3.5353036371572983 
8.000119002169292 NaN NaN 3.0514046301381503 3.5353036371572983 NaN NaN 3.0514046301381503 3.5353036371572983 
9.000119002169289 NaN NaN 3.2486506482099022 4.838822738560763 NaN NaN 3.2486506482099022 2.1181122396221586 
10.000119002169285 NaN NaN 3.034586335943443 2.812245395613611 NaN NaN 3.034586335943443 2.812245395613611 
11.000119002169281 NaN NaN 3.034586335943443 3.751410987845719 NaN NaN 3.034586335943443 3.751410987845719 
12.000074014447826 NaN NaN 2.108279823931607 2.0798578110788686 NaN NaN 2.108279823931607 2.0798578110788686 
13.000119002169274 NaN NaN 3.2888546162170744 2.0798578110788686 NaN NaN 3.2888546162170744 2.0798578110788686 
14.00011900216927 NaN NaN 1.9326373918294681 3.356495703508733 NaN NaN 1.9326373918294681 3.356495703508733 
15.000119002169267 NaN NaN 3.1556145920287832 1.885809081903325 NaN NaN 3.1556145920287832 1.885809081903325 
16.000119002169264 NaN NaN 3.1556145920287832 3.0432059641620146 NaN NaN 3.1556145920287832 3.0432059641620146 
17.00011900216926 NaN NaN 2.0022224673540716 2.998164881654537 NaN NaN 2.0022224673540716 2.998164881654537 
18.000119002169257 17.423402427631096 NaN 2.1017062289888884 4.0446977503359935 17.423402427631096 NaN 2.1017062289888884 4.0446977503359935 
19.000119002169253 18.85826483892237 NaN 2.177746447565454 3.9716855943642813 18.85826483892237 18.098355678567692 2.177746447565454 3.9716855943642813 
20.00011900216925 18.85826483892237 NaN 2.177746447565454 3.9716855943642813 18.85826483892237 18.098355678567692 2.177746447565454 3.9716855943642813 
21.000119002169246 20.20063823522108 NaN 2.473586975182709 3.0372666684056178 20.20063823522108 19.68200847033843 2.473586975182709 3.0372666684056178 
22.000119002169242 19.020339147159408 NaN 2.983498501233946 2.9657336275146164 19.020339147159408 21.045337840738704 2.983498501233946 2.9657336275146164 
23.000113078984995 19.020339147159408 NaN 2.983498501233946 2.9657336275146164 19.020339147159408 21.045337840738704 2.983498501233946 2.9657336275146164 
24.000119002169235 20.382576795291193 NaN 2.7620833575949923 2.737509456549379 20.382576795291193 22.159487066072177 2.7620833575949923 2.737509456549379 
25.00011900216923 21.56697845485168 NaN 2.5831556467552055 4.03502930016824 21.56697845485168 21.13569920169602 2.5831556467552055 4.03502930016824 
26.000119002169228 16.853970021540757 NaN 2.9054579480334155 3.4464757208261965 16.853970021540757 22.207022192632817 2.9054579480334155 3.4464757208261965 
27.000119002169225 16.853970021540757 NaN 2.9054579480334155 3.5378146661463497 16.853970021540757 22.261607663497003 2.9054579480334155 3.5378146661463497 
28.00011900216922 18.224505108085573 NaN 2.9784731909593702 3.5378146661463497 18.224505108085573 22.261607663497003 2.9784731909593702 3.5378146661463497 
29.000119002169217 19.641461842124507 NaN 3.3241069340615077 5.045205983151956 19.641461842124507 22.447279604151756 3.3241069340615077 5.045205983151956 
30.000119002169214 20.024360721794082 NaN 3.133674534449103 3.375911600555458 20.024360721794082 20.736326767851263 3.133674534449103 3.375911600555458 
31.00011900216921 20.024360721794082 NaN 3.133674534449103 1.9882885550730052 20.024360721794082 22.13619554295256 3.133674534449103 1.9882885550730052 
32.00011900216921 19.34465424349769 NaN 4.333803241592545 3.239099730815191 19.34465424349769 20.77228174900809 4.333803241592545 3.239099730815191 
33.00011900216922 19.44906580373718 NaN 3.255902573680622 3.239099730815191 19.44906580373718 20.77228174900809 3.255902573680622 3.239099730815191 
34.000119002169235 20.612267183522096 NaN 3.019235178364241 3.5401424081655186 20.612267183522096 21.155893827912486 3.019235178364241 3.5401424081655186 
35.00011900216925 18.075919152660227 NaN 2.886240352814326 3.676593086664024 18.075919152660227 19.86563273813293 2.886240352814326 3.676593086664024 
36.000119002169264 18.075919152660227 NaN 2.886240352814326 3.676593086664024 18.075919152660227 19.86563273813293 2.886240352814326 3.676593086664024 
37.00011900216928 19.61108132638458 NaN 2.857215655348817 3.5981311879022044 19.61108132638458 19.90702921820457 2.857215655348817 3.5981311879022044 
38.00007166331474 21.116226182432776 NaN 3.025781125755067 3.849735897522933 21.116226182432776 21.321835307610215 3.025781125755067 3.849735897522933 
39.000119002169306 21.116226182432776 NaN 3.025781125755067 4.354225409548327 21.116226182432776 21.82632481963561 3.025781125755067 4.354225409548327 
40.00011900216932 20.350261173310884 NaN 3.1537264756346985 5.770534719496695 20.350261173310884 20.550891074399196 3.1537264756346985 3.1175561955800717 
41.000119002169335 21.571152180126496 NaN 2.455321881019273 3.9316132375878965 21.571152180126496 21.36494811640702 2.455321881019273 3.9316132375878965 
42.00011900216935 21.571152180126496 NaN 2.455321881019273 4.876153948798752 21.571152180126496 22.309488827617876 2.455321881019273 4.876153948798752 
43.00011900216936 20.119765408404305 20.845924604542333 2.5346079615197254 3.479161932465395 20.119765408404305 20.845924604542333 2.5346079615197254 3.479161932465395 
44.00011900216938 19.154794596107607 19.485192643028757 3.1672491761675374 4.66506927864409 19.154794596107607 19.485192643028757 3.1672491761675374 4.66506927864409 
45.00011900216939 20.04538883242993 18.857751181795035 3.1133027012790038 2.757592946757619 20.04538883242993 18.857751181795035 3.1133027012790038 2.757592946757619 
46.000119002169406 21.10216347794327 19.640017913840264 2.6313916032903393 3.5398596788028485 21.10216347794327 19.640017913840264 2.6313916032903393 3.5398596788028485 
47.00011900216942 22.020533589821042 20.941793390881234 3.54976171516811 3.394936899188181 22.020533589821042 20.941793390881234 3.54976171516811 3.394936899188181 
48.000119002169434 20.436057158958114 20.49738660539876 2.4952674571372597 4.321065200250523 20.436057158958114 20.49738660539876 2.4952674571372597 4.321065200250523 
49.00011900216945 21.692325229929367 21.218825053241112 2.9692687960632824 3.0951347662572104 21.692325229929367 21.218825053241112 2.9692687960632824 3.0951347662572104 
50.000069390513666 20.542914644213866 21.7886125851118 2.050904552825749 3.664922298127898 20.542914644213866 21.7886125851118 2.050904552825749 3.664922298127898 
51.00011900216948 21.45227635624981 20.29579481994492 2.2388278170193416 2.9934121954359085 21.45227635624981 20.29579481994492 2.2388278170193416 2.9934121954359085 
52.00011900216949 21.45227635624981 21.609993768299763 2.2388278170193416 3.051343072819499 21.45227635624981 21.609993768299763 2.2388278170193416 3.051343072819499 
53.000119002169505 20.279900768910778 22.732514897200755 3.147344648653103 2.8643246668547135 20.279900768910778 22.732514897200755 3.147344648653103 2.8643246668547135 
54.00011900216952 21.785278216446606 20.127500430904185 2.1512399851225013 3.094328028119911 21.785278216446606 20.127500430904185 2.1512399851225013 3.094328028119911 
55.000119002169534 21.785278216446606 20.127500430904185 2.1512399851225013 3.094328028119911 21.785278216446606 20.127500430904185 2.1512399851225013 3.094328028119911 
56.00010814099011 21.61123006038904 22.269363087148804 2.4188575713538043 5.23619068436453 21.61123006038904 22.269363087148804 2.4188575713538043 5.23619068436453 
57.00011900216956 18.690865604891037 21.94785264217532 2.413101071509786 3.04881477854304 18.690865604891037 21.94785264217532 2.413101071509786 3.04881477854304 
58.000119002169576 20.28025350015068 21.94785264217532 1.8606263105248075 3.04881477854304 20.28025350015068 21.94785264217532 1.8606263105248075 3.04881477854304 
59.00011900216959 19.347296226943982 18.768120976580306 2.8484678592918726 2.9497843313754473 19.347296226943982 18.768120976580306 2.8484678592918726 2.9497843313754473 
60.000119002169605 20.48833245372974 19.947101357910604 3.193198180858843 2.9951561392486212 20.48833245372974 19.947101357910604 3.193198180858843 2.9951561392486212 
61.00011900216962 20.48833245372974 21.07078697378995 3.193198180858843 4.118841755127967 20.48833245372974 21.07078697378995 3.193198180858843 4.118841755127967 
62.00011900216963 20.469820103379156 21.07078697378995 3.6421753157622376 4.118841755127967 20.469820103379156 21.07078697378995 3.6421753157622376 4.118841755127967 
63.00011900216965 19.930208439025883 18.540355074642164 2.3385833977013277 3.1743650658735447 19.930208439025883 18.540355074642164 2.3385833977013277 3.1743650658735447 
64.00011900216965 19.930208439025883 19.55028331921723 2.3385833977013277 3.9338513199851732 19.930208439025883 19.55028331921723 2.3385833977013277 3.9338513199851732 
65.00011900216967 19.557505438507604 19.55028331921723 2.328045053967422 3.9338513199851732 19.557505438507604 19.55028331921723 2.328045053967422 3.9338513199851732 
66.00011900216968 18.64549704089618 21.60578332800388 2.3878601139272106 4.249265925903728 18.64549704089618 21.60578332800388 2.3878601139272106 3.250191846754994 
67.00001216894073 19.72797738649978 22.34015694248167 2.682036730148411 4.9836395403815175 19.72797738649978 22.34015694248167 2.682036730148411 3.9845654612327834 
68.00007615306527 20.13120227968146 22.34015694248167 1.9558899156057805 4.9836395403815175 20.13120227968146 22.34015694248167 1.9558899156057805 3.9845654612327834 
69.00011900216973 20.13120227968146 19.56035651280245 1.9558899156057805 3.7543866024033576 20.13120227968146 19.56035651280245 1.9558899156057805 3.7543866024033576 
70.0000220339059 20.790970976689387 20.819329643654363 2.6027234459782704 2.7588455761768955 20.790970976689387 20.819329643654363 2.6027234459782704 2.7588455761768955 
71.00011900216975 18.10760139393745 21.91364271528756 2.7211090828554916 3.8531586478100905 18.10760139393745 21.91364271528756 2.7211090828554916 3.8531586478100905 
72.00011900216977 19.0486343829265 21.62572513048587 2.4031689409926287 3.545427403630157 19.0486343829265 21.62572513048587 2.4031689409926287 3.545427403630157 
73.00011900216978 20.004361256078603 18.97770812621252 2.2645827425115357 3.4092467775827515 20.004361256078603 18.97770812621252 2.2645827425115357 3.4092467775827515 
74.0001190021698 19.96348971392672 18.97770812621252 2.3414543235967074 3.4092467775827515 19.96348971392672 18.97770812621252 2.3414543235967074 3.4092467775827515 
75.00011900216981 20.80523155304681 18.982435403195325 2.5736244499182277 3.2936915806116787 20.80523155304681 18.982435403195325 2.5736244499182277 3.2936915806116787 
76.00011900216982 19.630270201501723 20.083689101621445 2.9050709486134565 3.4539122900487484 19.630270201501723 20.083689101621445 2.9050709486134565 3.4539122900487484 
77.00011900216984 18.877661419822537 18.15534766259352 1.7437566495765395 3.1821884642032927 18.877661419822537 18.15534766259352 1.7437566495765395 2.340446625083203 
78.00011900216985 19.740412807209587 18.15534766259352 2.6065080369635893 3.1821884642032927 19.740412807209587 18.15534766259352 2.6065080369635893 2.340446625083203 
79.00011900216987 19.740412807209587 19.55427722984647 2.6065080369635893 3.7393761923361524 19.740412807209587 19.55427722984647 2.6065080369635893 3.7393761923361524 
80.00011900216988 19.748273829184328 20.59225554984274 2.7065969647723733 4.777354512332423 19.748273829184328 20.59225554984274 2.7065969647723733 4.777354512332423 
81.0001190021699 NaN NaN NaN NaN NaN NaN NaN NaN 
82.00011900216991 NaN NaN NaN NaN NaN NaN NaN NaN 
83.00011900216992 NaN NaN NaN NaN NaN NaN NaN NaN 
84.00011900216994 NaN NaN 2.456349400274817 NaN NaN NaN 2.456349400274817 2.710010919695378 
85.00011900216995 NaN NaN 3.184942487374485 NaN NaN NaN 3.184942487374485 2.8762374532804387 
86.00011900216997 NaN NaN 2.9588589711888176 NaN NaN NaN 2.9588589711888176 2.610613006639255 
87.00011900216998 NaN NaN 2.656242171734391 NaN NaN NaN 2.656242171734391 2.610613006639255 
88.00011900217 NaN NaN 2.9707338047655867 NaN NaN NaN 2.9707338047655867 2.5579908946225913 
89.00011900217001 NaN NaN 2.9707338047655867 NaN NaN NaN 2.9707338047655867 3.444939436946669 
90.00011900217002 NaN NaN 3.0392538880896183 NaN NaN NaN 3.0392538880896183 4.540940944229789 
91.00011900217004 NaN NaN 2.2370582316421235 NaN NaN NaN 2.2370582316421235 2.7515491085635517 
92.00011190108947 NaN NaN 2.909563118777342 NaN NaN NaN 2.909563118777342 2.8673764324489923 
93.00011900217007 NaN NaN 2.250979078013671 2.8457805428238316 NaN NaN 2.250979078013671 2.8457805428238316 
94.00011900217008 NaN NaN 2.250979078013671 2.8457805428238316 NaN NaN 2.250979078013671 2.8457805428238316 
95.0001190021701 NaN NaN 3.1283428664966095 2.45740973999402 NaN NaN 3.1283428664966095 2.45740973999402 
96.00011900217011 NaN NaN 3.1283428664966095 2.52086126955723 NaN NaN 3.1283428664966095 2.52086126955723 
97.00011900217012 NaN NaN 1.9164780764460545 2.821644285411068 NaN NaN 1.9164780764460545 1.9323218320605093 
98.00011900217014 NaN NaN 2.4532894836815444 2.821644285411068 NaN NaN 2.4532894836815444 1.9323218320605093 
99.00011900217015 NaN NaN 3.324675363008666 3.178112832213742 NaN NaN 3.324675363008666 3.178112832213742 
100.00011900217017 NaN NaN 3.324675363008666 3.179621709133741 NaN NaN 3.324675363008666 3.179621709133741 
101.00011900217018 20.091212286241372 NaN 2.0493680434440193 2.607933279383275 20.091212286241372 18.431583477245297 2.0493680434440193 2.607933279383275 
102.0001190021702 21.439137083128557 NaN 2.3531157762362653 3.773329410976004 21.439137083128557 19.596979608838026 2.3531157762362653 3.773329410976004 
103.00008621349905 17.764452030825055 NaN 2.209106006860196 4.069612966567931 17.764452030825055 20.764649043757075 2.209106006860196 4.069612966567931 
104.00011900217022 18.958794010323672 NaN 2.238051854766084 3.478611725215785 18.958794010323672 20.35167879454802 2.238051854766084 3.478611725215785 
105.00011900217024 18.958794010323672 NaN 2.238051854766084 2.917540680602741 18.958794010323672 21.138532546822162 2.238051854766084 2.917540680602741 
106.00011900217025 20.306190213011533 NaN 2.4177786225348967 3.0967070212322767 20.306190213011533 20.50577746152659 2.4177786225348967 3.0967070212322767 
107.00011900217027 20.562862198578685 NaN 2.8217964106699185 3.0967070212322767 20.562862198578685 20.50577746152659 2.8217964106699185 3.0967070212322767 
108.00011900217028 20.562862198578685 NaN 2.8217964106699185 4.597748252087527 20.562862198578685 22.00681869238184 2.8217964106699185 4.597748252087527 
109.0001190021703 22.057813994414957 NaN 2.2027855308422915 3.356444929450973 22.057813994414957 20.69190133769692 2.2027855308422915 3.356444929450973 
110.00010261703174 19.476237907572482 NaN 3.5114013902756795 3.426176644571342 19.476237907572482 20.94978495506041 3.5114013902756795 3.426176644571342 
111.00011900217032 20.247460007008385 NaN 2.781582258856332 3.426176644571342 20.247460007008385 20.94978495506041 2.781582258856332 3.426176644571342 
112.00003991484121 19.17039694078987 NaN 2.420522707350642 3.4132884058763437 19.17039694078987 19.767348842521216 2.420522707350642 3.4132884058763437 
113.00011900217035 20.724700305143784 NaN 2.642291782532368 3.613658670486984 20.724700305143784 20.012957121477186 2.642291782532368 2.8424365710510813 
114.00011900217036 21.796308728292928 NaN 2.231836648540238 2.8494940231101396 21.796308728292928 20.959389881580478 2.231836648540238 2.8494940231101396 
115.00011900217038 22.866858637056637 NaN 3.3023865573039473 2.8494940231101396 22.866858637056637 20.959389881580478 3.3023865573039473 2.8494940231101396 
116.0001190021704 20.330968539158647 NaN 1.892439927135399 2.641484247953713 20.330968539158647 20.237841686600888 1.892439927135399 2.641484247953713 
117.00000448095149 20.330968539158647 NaN 1.892439927135399 3.0626269637013195 20.330968539158647 19.386831913599423 1.892439927135399 3.0626269637013195 
118.00010516129758 18.94914164125497 NaN 3.235706376065309 3.1939059267284193 18.94914164125497 20.02611272822675 3.235706376065309 3.1939059267284193 
119.00011900217044 20.209654157542587 NaN 3.1499253031554417 3.1939059267284193 20.209654157542587 20.02611272822675 3.1499253031554417 3.1939059267284193 
120.00011900217045 20.409733360201727 NaN 2.90143043101277 3.5928118752892715 20.409733360201727 20.599105051439253 2.90143043101277 3.5928118752892715 
121.00011900217046 20.327238639311844 NaN 2.909059190468369 3.5928118752892715 20.327238639311844 20.599105051439253 2.909059190468369 3.5928118752892715 
122.00011900217048 20.25053264218039 NaN 2.5533711223900184 2.706837833332628 20.25053264218039 19.51919915054401 2.5533711223900184 2.706837833332628 
123.00011900217049 20.25053264218039 NaN 2.5533711223900184 2.6871737245458434 20.25053264218039 19.595848725751082 2.5533711223900184 2.6871737245458434 
124.00005198876686 19.304288854452082 NaN 3.633581555497557 3.664983164724589 19.304288854452082 20.573658165929828 3.633581555497557 3.664983164724589 
125.00006056217639 19.9784601506462 NaN 2.1522095227376354 3.4328297869045343 19.9784601506462 20.356620439857565 2.1522095227376354 3.4328297869045343 
126.00011900217054 21.337675774687824 NaN 2.5336157066005143 2.514243216373643 21.337675774687824 20.259538234207625 2.5336157066005143 2.514243216373643 
127.00011900217055 21.337675774687824 NaN 2.5336157066005143 3.2586566906908274 21.337675774687824 21.00395170852481 2.5336157066005143 3.2586566906908274 
128.00011900217055 19.181400097212077 NaN 2.2783067924554246 3.200435839045099 19.181400097212077 22.40675590534734 2.2783067924554246 3.200435839045099 
129.00004852772815 20.18536877365652 NaN 2.537861994582684 3.0047538119587216 20.18536877365652 19.503919272981108 2.537861994582684 3.0047538119587216 
130.00011900217044 21.312872751855124 NaN 2.2625617759587584 3.0047538119587216 21.312872751855124 19.503919272981108 2.2625617759587584 3.0047538119587216 
131.00011900217038 20.986597604125052 NaN 3.2688209174008733 2.55378191931824 20.986597604125052 19.314659309179675 3.2688209174008733 2.55378191931824 
132.000108497685 20.986597604125052 NaN 3.2688209174008733 2.8614534913316163 20.986597604125052 20.626299557637495 3.2688209174008733 2.8614534913316163 
133.00011900217027 20.732356222091383 NaN 3.3331094955532308 2.6259393373520084 20.732356222091383 21.51828938185649 3.3331094955532308 2.6259393373520084 
134.0001190021702 19.36080257059301 NaN 1.5839970360656537 2.716611878192765 19.36080257059301 21.06091769978545 1.5839970360656537 2.716611878192765 
135.00011900217015 20.20606298513995 NaN 2.429257450612596 2.4711239907931883 20.20606298513995 22.043251987493477 2.429257450612596 2.4711239907931883 
136.0001190021701 21.554229221820904 NaN 2.885433863074553 2.4711239907931883 21.554229221820904 22.043251987493477 2.885433863074553 2.4711239907931883 
137.00011900217004 22.37014616007737 NaN 2.6044191190481456 4.175563672343458 22.37014616007737 20.56006108315212 2.6044191190481456 2.246438025147569 
138.00011900216998 19.813600250513304 NaN 3.106412521661099 3.37223909387086 19.813600250513304 20.342595702945502 3.106412521661099 3.37223909387086 
139.00010919661068 20.615213374938122 NaN 2.203585964535648 2.6830672009209025 20.615213374938122 18.103280570644856 2.203585964535648 2.6830672009209025 
140.00011900216987 17.575639567313374 NaN 2.424986371955413 2.2059719923043417 17.575639567313374 19.110513052349276 2.424986371955413 2.2059719923043417 
141.0001190021698 17.404116429538433 NaN 3.231272674359218 2.2059719923043417 17.404116429538433 19.110513052349276 3.231272674359218 2.2059719923043417 
142.00011900216975 18.456288269351703 NaN 1.801300750480607 3.6237634643886167 18.456288269351703 20.52830452443355 1.801300750480607 3.6237634643886167 
143.0001190021697 19.2265625248519 NaN 2.5715750059808045 3.7526724985415854 19.2265625248519 21.45882668301134 2.5715750059808045 3.7526724985415854 
144.0000271141291 20.397932056458856 NaN 2.3251530655034855 3.5152737665439417 20.397932056458856 21.479939292695477 2.3251530655034855 3.5152737665439417 
145.00011900216958 20.397932056458856 NaN 2.3251530655034855 2.84815658421428 20.397932056458856 21.59106981947535 2.3251530655034855 2.84815658421428 
146.0001057825505 18.842757721932756 NaN 2.8114882971810573 3.317302826802262 18.842757721932756 22.83049031756353 2.8114882971810573 3.317302826802262 
147.00011900216947 20.348629636234918 NaN 3.207557467337807 3.317302826802262 20.348629636234918 22.83049031756353 3.207557467337807 3.317302826802262 
148.0001190021694 19.06650203928976 NaN 3.300426704283012 4.652505094408781 19.06650203928976 20.157442123926188 3.300426704283012 3.481135562801825 
149.00011900216936 20.135785869420886 NaN 1.7950877687194406 3.387319176779414 20.135785869420886 20.69618358057393 1.7950877687194406 3.387319176779414 
150.0001190021693 20.135785869420886 NaN 1.7950877687194406 3.2711376831691155 20.135785869420886 21.08190532482135 1.7950877687194406 3.2711376831691155 
151.00005536147998 21.418093840781324 NaN 3.0773957400798793 3.2711376831691155 21.418093840781324 21.08190532482135 3.0773957400798793 3.2711376831691155 
152.00011900216919 20.923701662254842 NaN 2.7813000009991526 3.2498880701371604 20.923701662254842 22.344865908622012 2.7813000009991526 3.2498880701371604 
153.00011900216913 20.935182979713318 20.171181887413496 2.714731146223585 4.437789343676968 20.935182979713318 20.171181887413496 2.714731146223585 4.437789343676968 
154.00011900216907 20.935182979713318 21.18213258063483 2.714731146223585 3.097148235406735 20.935182979713318 21.18213258063483 2.714731146223585 3.097148235406735 
155.00011900216901 20.648070618211676 20.373020467950113 3.153579707423148 3.1902165047656865 20.648070618211676 20.373020467950113 3.153579707423148 3.1902165047656865 
156.0000141935658 21.401047707684484 21.281793415124497 2.718655523356148 2.775867886023775 21.401047707684484 21.281793415124497 2.718655523356148 2.775867886023775 
157.0001190021689 22.40296688783195 18.579946685707426 2.7096240102822833 3.722432021865103 22.40296688783195 18.579946685707426 2.7096240102822833 3.722432021865103 
158.00011900216884 19.79736723877687 19.903173127608056 1.8878129175232345 3.343849318765507 19.79736723877687 19.903173127608056 1.8878129175232345 2.5908722292926996 
159.0001190021688 18.464707009449853 20.256955419310913 2.0907323160467683 2.744348465272907 18.464707009449853 20.256955419310913 2.0907323160467683 2.744348465272907 
160.00011900216873 19.59699155397351 21.210278818866385 3.223016860570425 2.4906964759018706 19.59699155397351 21.210278818866385 3.223016860570425 2.4906964759018706 
161.00011900216867 20.226730509003715 20.158300526317674 2.529529373700001 2.442722427535159 20.226730509003715 20.158300526317674 2.529529373700001 2.442722427535159 
162.00011900216862 20.09278744439152 20.045675394913587 2.657982365044404 3.382269135944341 20.09278744439152 20.045675394913587 2.657982365044404 3.382269135944341 
163.00011900216856 20.292687319206323 20.045675394913587 2.835080998881523 3.382269135944341 20.292687319206323 20.045675394913587 2.835080998881523 3.382269135944341 
164.0001190021685 21.50607508951458 21.51885120495794 2.9469592831916316 3.0934214464348315 21.50607508951458 21.51885120495794 2.9469592831916316 3.0934214464348315 
165.00011900216845 21.50607508951458 19.457412654840624 2.9469592831916316 3.10663566620795 21.50607508951458 19.457412654840624 2.9469592831916316 1.9762136328153588 
166.0001190021684 19.186350288238714 20.459447467632316 3.228251975627586 2.9782484456070506 19.186350288238714 20.459447467632316 3.228251975627586 2.9782484456070506 
167.00011900216833 20.336691905141492 21.664675461926464 2.905417782486012 2.97008866959294 20.336691905141492 21.664675461926464 2.905417782486012 2.97008866959294 
168.00011900216828 21.29291034029731 21.664675461926464 2.564573590396634 2.97008866959294 21.29291034029731 21.664675461926464 2.564573590396634 2.97008866959294 
169.00011900216822 19.764195876255343 23.446326839488393 2.692067585402441 3.530900646309732 19.764195876255343 20.656244728353613 2.692067585402441 2.380559029406953 
170.00011900216816 21.48254017576633 19.506619733344934 3.2051838906192813 2.626307400734021 21.48254017576633 19.506619733344934 3.2051838906192813 2.626307400734021 
171.0001190021681 21.48254017576633 20.366609684893717 3.2051838906192813 2.3567685444853055 21.48254017576633 20.366609684893717 3.2051838906192813 2.3567685444853055 
172.00011900216805 19.85325766723676 20.366609684893717 2.4469010090203085 2.3567685444853055 19.85325766723676 20.366609684893717 2.4469010090203085 2.3567685444853055 
173.000119002168 20.025620693350277 17.985341511325288 2.6051985021907456 3.261240380945196 20.025620693350277 17.985341511325288 2.6051985021907456 2.3090320474746306 
174.00011900216793 19.116671196168824 19.041827822120666 2.9672232811930144 3.365518358270009 19.116671196168824 19.041827822120666 2.9672232811930144 3.365518358270009 
175.00011900216788 20.147720302115204 20.347325564667187 2.3276645846390807 3.6476476048535744 20.147720302115204 20.347325564667187 2.3276645846390807 2.287383305200251 
176.00011900216782 20.147720302115204 18.711093942087757 2.3276645846390807 2.3910086106165522 20.147720302115204 18.711093942087757 2.3276645846390807 2.3910086106165522 
177.00011900216776 17.220654832895008 18.711093942087757 2.6780717456675234 2.3910086106165522 17.220654832895008 18.711093942087757 2.6780717456675234 2.3910086106165522 
178.0001190021677 18.483564034681848 20.08838147577552 2.6354832049078425 3.7682961443043155 18.483564034681848 20.08838147577552 2.6354832049078425 3.7682961443043155 
179.00011900216765 18.612112018417662 18.63801923344485 2.3917145522317753 4.19839182994599 18.612112018417662 18.63801923344485 2.3917145522317753 2.791498358122169 
180.00002118603047 19.686554606479632 18.63801923344485 2.088869606605982 4.19839182994599 19.686554606479632 18.63801923344485 2.088869606605982 2.791498358122169 
181.00006152196912 19.7233258901243 17.70983694697796 3.227150376248801 5.684479984343767 19.7233258901243 17.70983694697796 3.227150376248801 4.277586512519946 
182.00011900216748 20.790748556792806 19.038420446354678 2.833428251329252 7.013063483720487 20.790748556792806 19.038420446354678 2.833428251329252 5.6061700118966655 
183.00011900216742 20.95551632681247 19.038420446354678 2.4516545753603225 7.013063483720487 20.95551632681247 19.038420446354678 2.4516545753603225 5.6061700118966655 
184.00011900216737 20.699889702432813 18.89343369717446 2.340620261648297 3.337906491086926 20.699889702432813 18.89343369717446 2.340620261648297 3.337906491086926 
185.0000798085368 20.699889702432813 18.89343369717446 2.340620261648297 3.337906491086926 20.699889702432813 18.89343369717446 2.340620261648297 3.337906491086926 
186.00011900216725 20.779822226367116 20.55559835882636 2.218798973710932 2.828334007641473 20.779822226367116 20.55559835882636 2.218798973710932 2.828334007641473 
187.0001190021672 20.986277170552967 21.354014408929658 2.6368647478321634 2.4092008720800777 20.986277170552967 21.354014408929658 2.6368647478321634 3.626750057744772 
188.00011900216714 20.440124568053534 20.097383031077527 3.295940139626879 3.2591295462865446 20.440124568053534 20.097383031077527 3.295940139626879 4.476678731951239 
189.00011900216708 18.658207307592505 20.325155769800176 2.835476401558765 3.2394359416271925 18.658207307592505 20.325155769800176 2.835476401558765 3.2394359416271925 
190.00011900216703 18.658207307592505 21.65113745681097 2.835476401558765 2.6978524798657304 18.658207307592505 21.65113745681097 2.835476401558765 2.6978524798657304 
191.00011900216697 20.41002731548477 20.44005038197372 2.9389516851412623 3.205109704539467 20.41002731548477 20.44005038197372 2.9389516851412623 3.205109704539467 
192.0001190021669 18.276242368598275 21.465449108161607 3.0349492565790968 3.0288075071435685 18.276242368598275 21.465449108161607 3.0349492565790968 3.0288075071435685 
193.00011900216685 19.22502763093783 21.647787617537375 2.15049560723412 4.234514512482292 19.22502763093783 21.647787617537375 2.15049560723412 2.482694504590029 
194.0001190021668 19.311540956394737 21.647787617537375 2.5171079490496595 4.234514512482292 19.311540956394737 21.647787617537375 2.5171079490496595 2.482694504590029 
195.00011900216674 19.311540956394737 21.40978563517936 2.5171079490496595 3.373672434478408 19.311540956394737 21.40978563517936 2.5171079490496595 3.373672434478408 
196.00011900216668 17.801323002887415 21.40978563517936 3.7098175651974543 3.373672434478408 17.801323002887415 21.40978563517936 3.7098175651974543 3.373672434478408 
197.00011900216663 18.818942295612658 22.588022812051207 3.5217298525839738 3.603124349010699 18.818942295612658 22.588022812051207 3.5217298525839738 3.603124349010699 
198.00011900216657 19.93504637224561 19.163958791181557 2.293556881370563 2.377062806838154 19.93504637224561 19.163958791181557 2.293556881370563 3.569772422985949 
199.0001190021665 19.46825586503485 19.163958791181557 2.109673988876011 2.377062806838154 19.46825586503485 19.163958791181557 2.109673988876011 3.569772422985949 
200.00007890796772 19.016838356843323 20.726748410006422 3.1443446350822626 2.9222331329377766 19.016838356843323 20.726748410006422 3.1443446350822626 2.9222331329377766 
201.0001190021664 NaN NaN NaN NaN NaN NaN NaN NaN 
202.00011900216634 NaN NaN NaN NaN NaN NaN NaN NaN 
203.0001190021663 NaN NaN NaN NaN NaN NaN NaN NaN 
204.00011900216623 NaN NaN 2.1091189852698733 NaN NaN NaN 2.1091189852698733 NaN 
205.00011900216617 NaN NaN 2.928042893121642 NaN NaN NaN 2.928042893121642 NaN 
206.00011900216612 NaN NaN 2.928042893121642 NaN NaN NaN 2.928042893121642 NaN 
207.0001024556739 NaN NaN 1.874158227855105 NaN NaN NaN 1.874158227855105 NaN 
208.000119002166 NaN NaN 3.1702662943695827 NaN NaN NaN 3.1702662943695827 3.331314505848013 
209.00011900216595 NaN NaN 2.191900896603272 NaN NaN NaN 2.191900896603272 4.422242546979277 
210.0001190021659 NaN NaN 2.191900896603272 NaN NaN NaN 2.191900896603272 4.422242546979277 
211.00011900216583 NaN NaN 2.4217206328567897 NaN NaN NaN 2.4217206328567897 2.860387886949667 
212.00011900216577 NaN NaN 2.5517612554403684 NaN NaN NaN 2.5517612554403684 2.3211593291953534 
213.00011900216572 NaN NaN 2.7584382383088837 NaN NaN NaN 2.7584382383088837 3.5201445246333662 
214.00004740483038 NaN NaN 2.7584382383088837 NaN NaN NaN 2.7584382383088837 4.415367211490633 
215.00005656283267 NaN NaN 2.7233471958068094 NaN NaN NaN 2.7233471958068094 5.867394252615952 
216.00011900216555 NaN NaN 2.766590212522999 2.7637749767656317 NaN NaN 2.766590212522999 2.7637749767656317 
217.0001190021655 NaN NaN 1.9085477033577547 2.892570209984626 NaN NaN 1.9085477033577547 2.892570209984626 
218.00011900216543 NaN NaN 1.9085477033577547 2.536836782023215 NaN NaN 1.9085477033577547 2.536836782023215 
219.00011900216538 NaN NaN 2.3567766902140193 2.536836782023215 NaN NaN 2.3567766902140193 2.536836782023215 
220.00011900216532 18.399075694906287 NaN 2.4632230659525476 2.3448886516161167 18.399075694906287 NaN 2.4632230659525476 2.3448886516161167 
221.00011900216526 19.253461096993902 NaN 2.4311136838473715 2.242183171272785 19.253461096993902 NaN 2.4311136838473715 2.242183171272785 
222.0001190021652 18.303110203367055 NaN 2.4725271406789773 3.197716410578124 18.303110203367055 NaN 2.4725271406789773 3.197716410578124 
223.00011900216515 19.499263808767694 NaN 2.4468452963967025 2.4933688535291196 19.499263808767694 NaN 2.4468452963967025 2.4933688535291196 
224.0001190021651 18.130112141183247 NaN 2.7200991672327746 3.461878480119026 18.130112141183247 NaN 2.7200991672327746 3.461878480119026 
225.00009233665276 18.130112141183247 NaN 2.7200991672327746 3.2543029424761016 18.130112141183247 NaN 2.7200991672327746 3.2543029424761016 
226.00011900216498 18.494714399252615 NaN 2.5547594460932714 3.0710318603726137 18.494714399252615 NaN 2.5547594460932714 3.0710318603726137 
227.00011900216492 19.604979715592833 NaN 2.6965151358435833 3.0710318603726137 19.604979715592833 NaN 2.6965151358435833 3.0710318603726137 
228.00011900216487 19.845247474332382 NaN 1.90729740766497 3.1291721483125627 19.845247474332382 NaN 1.90729740766497 3.1291721483125627 
229.0001190021648 21.05512255134201 NaN 3.1171724846745974 2.7530648532740827 21.05512255134201 NaN 3.1171724846745974 2.7530648532740827 
230.00011900216475 19.63930616648628 NaN 2.7133285350742824 2.825593558726439 19.63930616648628 NaN 2.7133285350742824 2.825593558726439 
231.0001190021647 19.63930616648628 NaN 2.7133285350742824 4.092591170307685 19.63930616648628 NaN 2.7133285350742824 4.092591170307685 
232.00011900216464 18.920603479578574 NaN 2.2020756264959402 2.0094121609636204 18.920603479578574 NaN 2.2020756264959402 2.0094121609636204 
233.00011900216458 20.38089981655787 NaN 2.3953743518939916 2.9996232035101116 20.38089981655787 NaN 2.3953743518939916 2.9996232035101116 
234.00011900216452 20.38089981655787 NaN 2.3953743518939916 2.5312431093880434 20.38089981655787 NaN 2.3953743518939916 2.5312431093880434 
235.00011900216447 21.660599709164188 NaN 2.310532925636238 2.5312431093880434 21.660599709164188 NaN 2.310532925636238 2.5312431093880434 
236.0001190021644 19.99026330639424 NaN 2.8735471514723656 2.9182909916933966 19.99026330639424 NaN 2.8735471514723656 2.9182909916933966 
237.00011900216435 21.050063029965173 NaN 2.8217781121511223 3.9713459410395444 21.050063029965173 NaN 2.8217781121511223 3.9713459410395444 
238.0001190021643 21.050063029965173 NaN 2.8217781121511223 3.9713459410395444 21.050063029965173 NaN 2.8217781121511223 3.9713459410395444 
239.00011900216424 19.739535753574984 NaN 3.041031028280173 3.9254726441193384 19.739535753574984 NaN 3.041031028280173 3.9254726441193384 
240.0000141044226 20.861166717401744 NaN 1.8757804470746748 4.901667412417481 20.861166717401744 NaN 1.8757804470746748 4.901667412417481 
241.00011900216413 20.861166717401744 NaN 1.8757804470746748 2.34607277873053 20.861166717401744 NaN 1.8757804470746748 2.34607277873053 
242.00011900216407 20.100585618267132 NaN 2.316373268630173 3.102462757670594 20.100585618267132 NaN 2.316373268630173 3.102462757670594 
243.000119002164 17.133248734422665 NaN 2.490415734616221 3.102462757670594 17.133248734422665 NaN 2.490415734616221 3.102462757670594 
244.00011900216396 18.07000470518267 NaN 3.4271717053762245 3.107486571899301 18.07000470518267 NaN 3.4271717053762245 3.107486571899301 
245.0001190021639 19.134901811749728 NaN 1.9059611289009126 4.427933841844123 19.134901811749728 NaN 1.9059611289009126 4.427933841844123 
246.00003550285462 19.134901811749728 NaN 1.9059611289009126 2.0683297648743917 19.134901811749728 NaN 1.9059611289009126 2.0683297648743917 
247.00011900216379 19.280945416019136 NaN 3.3389321312516813 2.8411937123038626 19.280945416019136 NaN 3.3389321312516813 2.8411937123038626 
248.00011900216373 18.624828679849713 NaN 3.453569890730023 2.8411937123038626 18.624828679849713 NaN 3.453569890730023 2.8411937123038626 
249.00004090065264 18.624828679849713 NaN 3.453569890730023 4.039077277519482 18.624828679849713 NaN 3.453569890730023 4.039077277519482 
250.00011900216361 20.641823163461453 NaN 3.1087539096488683 4.039077277519482 20.641823163461453 NaN 3.1087539096488683 4.039077277519482 
251.00011900216356 20.641823163461453 NaN 3.1087539096488683 5.216980339732345 20.641823163461453 NaN 3.1087539096488683 5.216980339732345 
252.0001190021635 19.410438356146045 NaN 2.2461273609960983 6.652553002070931 19.410438356146045 NaN 2.2461273609960983 6.652553002070931 
253.00011900216344 19.9042427341964 NaN 2.5522397193800828 7.7657952256761575 19.9042427341964 NaN 2.5522397193800828 7.7657952256761575 
254.00010871286756 18.674375833958152 NaN 3.520714798768296 2.4447577808107894 18.674375833958152 NaN 3.520714798768296 2.4447577808107894 
255.00011900216333 19.047824111641944 NaN 2.1059191930586394 3.4675538619625 19.047824111641944 NaN 2.1059191930586394 3.4675538619625 
256.00004541067125 19.047824111641944 NaN 2.1059191930586394 3.21545008894779 19.047824111641944 NaN 2.1059191930586394 3.21545008894779 
257.0001190021632 20.280155485993618 NaN 2.374083373760101 3.21545008894779 20.280155485993618 NaN 2.374083373760101 3.21545008894779 
258.00011900216316 20.678253431655378 NaN 2.8024401876162983 3.7441289137185265 20.678253431655378 NaN 2.8024401876162983 3.7441289137185265 
259.0001190021631 20.82787871783924 NaN 2.9539804219041343 2.4996495050294243 20.82787871783924 NaN 2.9539804219041343 2.4996495050294243 
260.00011900216305 20.82787871783924 NaN 2.9539804219041343 3.0961785916775284 20.82787871783924 NaN 2.9539804219041343 3.0961785916775284 
261.000119002163 20.96184114377627 NaN 2.566983711980356 2.842422602401143 20.96184114377627 NaN 2.566983711980356 2.842422602401143 
262.00011900216293 20.580823759746806 NaN 2.485059649687628 2.751376230971573 20.580823759746806 NaN 2.485059649687628 2.751376230971573 
263.0001190021629 20.129145223039473 NaN 2.8963049313190936 2.63749646519625 20.129145223039473 NaN 2.8963049313190936 2.63749646519625 
264.0001190021628 17.70276776643638 NaN 3.308579134248191 3.928850894738275 17.70276776643638 NaN 3.308579134248191 3.928850894738275 
265.00011900216276 18.829679985621652 NaN 3.1430858429930595 3.928850894738275 18.829679985621652 NaN 3.1430858429930595 3.928850894738275 
266.0001190021627 18.829679985621652 NaN 3.1430858429930595 3.1672446792267124 18.829679985621652 NaN 3.1430858429930595 3.1672446792267124 
267.00011900216265 20.201176333276493 NaN 2.9998142800754977 4.500825550949571 20.201176333276493 NaN 2.9998142800754977 4.500825550949571 
268.0001190021626 20.201176333276493 NaN 2.9998142800754977 2.9016498563243545 20.201176333276493 18.66604245937134 2.9998142800754977 2.9016498563243545 
269.00011900216253 21.32881623467327 NaN 2.8413388451002675 3.8699515347028637 21.32881623467327 19.63434413774985 2.8413388451002675 3.8699515347028637 
270.0001190021625 18.049874021855942 NaN 3.1050721568942095 5.042363866363132 18.049874021855942 19.990425994906445 3.1050721568942095 5.042363866363132 
271.0001190021624 18.049874021855942 NaN 3.1050721568942095 2.6559957850836895 18.049874021855942 20.87605811010809 3.1050721568942095 2.6559957850836895 
272.00011900216236 19.65026886347647 NaN 2.5997576869155523 2.6559957850836895 19.65026886347647 20.87605811010809 2.5997576869155523 2.6559957850836895 
273.0001190021623 19.45044255667105 NaN 2.34076127205509 4.189395539165616 19.45044255667105 19.52528832046326 2.34076127205509 4.189395539165616 
274.00011900216225 20.58585712697456 NaN 2.5905437271569554 3.873012229542894 20.58585712697456 20.80621919435734 2.5905437271569554 3.873012229542894 
275.0001190021622 21.413829907921496 NaN 3.4185165081038917 5.028251552072447 21.413829907921496 20.99298343749868 3.4185165081038917 5.028251552072447 
276.0000706736734 22.52404015703482 NaN 2.995327003135287 3.722825508662538 22.52404015703482 22.201368152509104 2.995327003135287 3.722825508662538 
277.0001190021621 19.33462689529398 NaN 3.2410116940433795 3.722825508662538 19.33462689529398 22.201368152509104 3.2410116940433795 3.722825508662538 
278.000119002162 19.33462689529398 NaN 3.2410116940433795 4.9413292890402545 19.33462689529398 21.05352127830099 3.2410116940433795 4.9413292890402545 
279.00011900216197 19.097457505306352 NaN 2.3586185990606054 3.010087861793693 19.097457505306352 20.74472455641029 2.3586185990606054 3.010087861793693 
280.0001190021619 20.524356413712553 NaN 2.5670137270890905 3.053841775093872 20.524356413712553 19.821484958407495 2.5670137270890905 3.053841775093872 
281.00011900216185 19.29673895202376 NaN 2.6868425084550154 4.019332205392402 19.29673895202376 20.786975388706026 2.6868425084550154 4.019332205392402 
282.0001190021618 19.29673895202376 NaN 2.6868425084550154 2.075135540746089 19.29673895202376 21.750908575023118 2.6868425084550154 2.075135540746089 
283.00011900216174 20.880543486114448 NaN 2.700277564443354 3.044700648791604 20.880543486114448 22.720473683068633 2.700277564443354 3.044700648791604 
284.0001190021617 20.854757195749585 NaN 2.705278272239809 3.847056910520166 20.854757195749585 23.522829944797195 2.705278272239809 3.847056910520166 
285.0000057097902 20.854757195749585 NaN 2.705278272239809 2.3676867621277324 20.854757195749585 21.232056624434392 2.705278272239809 2.3676867621277324 
286.00011900216157 21.153194682265394 NaN 2.361571893935036 2.3676867621277324 21.153194682265394 21.232056624434392 2.361571893935036 2.3676867621277324 
287.0001190021615 21.47220028769931 NaN 1.7977172338310083 3.1121312521179334 21.47220028769931 20.535332793520638 1.7977172338310083 3.1121312521179334 
288.00011900216145 19.99975089734471 NaN 2.796256348419945 2.8041801069878716 19.99975089734471 21.81717356444841 2.796256348419945 2.8041801069878716 
289.0001190021614 18.779695276143457 NaN 2.0019791091722823 2.047650681038931 18.779695276143457 22.66576508030539 2.0019791091722823 2.047650681038931 
290.00011900216134 20.06571480205747 NaN 2.0061578641585243 3.0104002117304276 20.06571480205747 23.628514610996888 2.0061578641585243 3.0104002117304276 
291.0001190021613 20.06571480205747 NaN 2.0061578641585243 3.160742191751865 20.06571480205747 23.91778265033662 2.0061578641585243 3.160742191751865 
292.0001190021612 20.60530736702748 NaN 2.5827910284731956 4.2185789080486416 20.60530736702748 24.975619366633396 2.5827910284731956 4.2185789080486416 
293.00011900216117 19.193017170316523 NaN 1.8732008344363749 5.013816840542972 19.193017170316523 20.532092455793816 1.8732008344363749 5.013816840542972 
294.0001190021611 20.42712109193718 NaN 3.107304756057033 5.013816840542972 20.42712109193718 20.532092455793816 3.107304756057033 5.013816840542972 
295.00011900216106 20.42712109193718 NaN 3.107304756057033 6.752394009721684 20.42712109193718 20.30728227372208 3.107304756057033 3.1204914147984937 
296.000119002161 20.579389115783272 NaN 2.5617374536415696 2.6536482061454194 20.579389115783272 21.242479496334056 2.5617374536415696 2.6536482061454194 
297.00011900216094 21.666199121100078 NaN 3.648547458958376 3.3692864886736515 21.666199121100078 20.847907529748966 3.648547458958376 3.3692864886736515 
298.0001190021609 21.642714807746074 NaN 2.15967346882411 3.2712255006751434 21.642714807746074 21.983950463371116 2.15967346882411 3.2712255006751434 
299.00011900216083 22.712027661780667 NaN 2.51334804033047 3.381424323653448 22.712027661780667 20.39381012536569 2.51334804033047 3.381424323653448 
300.0001190021608 22.712027661780667 NaN 2.51334804033047 2.33490957406201 22.712027661780667 21.61900578274748 2.51334804033047 2.33490957406201 
#####################################################################
# End of data export. Simulation finished at: 2019-09-24T05:35+0000 #
#####################################################################
