#####################################################################
# Alchemist log file - simulation started at: 2019-09-22T00:40+0000 #
#####################################################################
# seed = 144.0, stage_width = 500
#
# The columns have the following meaning: 
# time rep-bcast[Sum] rep-ccast[Sum] share-bcast[Sum] share-ccast[Sum] rep-bcast-single[Sum] rep-ccast-single[Sum] share-bcast-single[Sum] share-ccast-single[Sum] 
0.0 NaN NaN NaN NaN NaN NaN NaN NaN 
1.000132993350115 NaN NaN NaN NaN NaN NaN NaN NaN 
2.000132993350115 NaN NaN NaN NaN NaN NaN NaN NaN 
3.0001329933501157 NaN NaN 1.0349687883942107 2.2493960863081504 NaN NaN 1.0349687883942107 NaN 
4.000132993350117 NaN NaN 0.4757300040867696 2.829763536545722 NaN NaN 0.4757300040867696 NaN 
5.0001329933501175 NaN NaN 1.2173927717810686 0.40758514706554383 NaN NaN 1.2173927717810686 0.40758514706554383 
6.000027760974831 NaN NaN 1.2173927717810686 1.5549429309188127 NaN NaN 1.2173927717810686 1.5549429309188127 
7.000132993350119 NaN NaN 0.9925655465448129 2.287095059321585 NaN NaN 0.9925655465448129 2.287095059321585 
8.00013299335012 6.367753159965799 NaN 0.8391168479940481 1.7165672270558154 6.367753159965799 NaN 0.8391168479940481 1.7165672270558154 
9.000132993350116 6.367753159965799 NaN 0.8391168479940481 2.4010074971814523 6.367753159965799 NaN 0.8391168479940481 2.4010074971814523 
10.000132993350112 4.688012622377804 NaN 1.0549096678907084 3.938834808133781 4.688012622377804 9.62567172083176 1.0549096678907084 2.005007579136394 
11.000132993350109 5.682344953102819 7.894303050415087 1.1639244513257836 1.4766750630398686 5.682344953102819 7.894303050415087 1.1639244513257836 1.4766750630398686 
12.000046784392229 4.488765213376158 7.525417739403943 1.0220296530849549 1.4354876392355802 4.488765213376158 8.847447957335813 1.0220296530849549 1.4354876392355802 
13.000132993350102 4.488765213376158 7.909675307316242 1.0220296530849549 0.6865191085655571 4.488765213376158 9.231705525248113 1.0220296530849549 0.6865191085655571 
14.000132993350098 5.9402111429117515 8.940703535845623 1.1491843888823343 1.7175473370949383 5.9402111429117515 10.262733753777493 1.1491843888823343 1.7175473370949383 
15.000132993350094 6.9723135045762055 7.83458348416731 0.7020756267597648 1.8358145940597321 6.9723135045762055 7.83458348416731 0.7020756267597648 1.8358145940597321 
16.000132993350093 6.9723135045762055 8.5211030038719 0.7020756267597648 2.522334113764323 6.9723135045762055 8.5211030038719 0.7020756267597648 2.522334113764323 
17.00013299335009 6.768344072798051 7.145181585934729 1.1839329992946208 3.5661772270917993 6.768344072798051 7.145181585934729 1.1839329992946208 3.5661772270917993 
18.000132993350086 5.941236276514557 7.956754071678205 1.2258746605404234 1.358002119480922 5.941236276514557 7.956754071678205 1.2258746605404234 1.358002119480922 
19.000132993350082 6.4738448783100075 8.43785530257875 0.4200799498858494 1.0611313868286132 6.4738448783100075 8.43785530257875 0.4200799498858494 1.0611313868286132 
20.00013299335008 6.4738448783100075 8.947631942276992 0.4200799498858494 1.5709080265268547 6.4738448783100075 8.947631942276992 0.4200799498858494 1.5709080265268547 
21.000132993350075 5.688614330708621 8.737788006025996 1.1346687310562054 1.5774240191504312 5.688614330708621 8.737788006025996 1.1346687310562054 1.5774240191504312 
22.00013299335007 6.145591942753505 8.762989416936836 0.6585386762988747 1.775137411419795 6.145591942753505 7.109030209219906 0.6585386762988747 1.775137411419795 
23.000132993350068 5.870261454085167 9.713994793902788 1.1284755733550185 2.726142788385747 5.870261454085167 8.060035586185858 1.1284755733550185 2.726142788385747 
24.000132993350064 6.515340872411354 5.880277325033077 0.5721855909211762 0.7808642223734452 6.515340872411354 5.880277325033077 0.5721855909211762 0.7808642223734452 
25.00013299335006 6.515340872411354 7.0808409712146485 0.5721855909211762 0.9798022736002423 6.515340872411354 7.0808409712146485 0.5721855909211762 0.9798022736002423 
26.000132993350057 6.229973654746317 7.6194113866206585 1.0873034052413821 1.5183726890062523 6.229973654746317 7.6194113866206585 1.0873034052413821 1.5183726890062523 
27.000132993350054 7.60176477328347 7.9793423455096075 1.043484773491425 2.7951698176029502 7.60176477328347 7.9793423455096075 1.043484773491425 2.7951698176029502 
28.00013299335005 5.919320222488036 8.635008029408013 0.6852424646874447 0.8889780390036783 5.919320222488036 8.635008029408013 0.6852424646874447 0.8889780390036783 
29.000017183022244 6.8017974009932765 8.478561486757194 0.9120539592942798 1.0929106247372111 6.8017974009932765 8.478561486757194 0.9120539592942798 1.0929106247372111 
30.000132993350043 5.756931203683681 6.830600908505755 0.6317957558689926 2.3485630312605856 5.756931203683681 6.830600908505755 0.6317957558689926 2.3485630312605856 
31.00013299335004 5.756931203683681 6.829305585979085 0.6317957558689926 3.3488933036886905 5.756931203683681 7.8309311809338595 0.6317957558689926 3.3488933036886905 
32.000132993350036 7.095255287638636 7.581583652281445 0.8816200230794351 1.721889509878622 7.095255287638636 7.581583652281445 0.8816200230794351 1.721889509878622 
33.00013299335005 6.203374083046008 8.777055617671987 1.0368224775395873 1.579037391314209 6.203374083046008 8.777055617671987 1.0368224775395873 1.579037391314209 
34.000132993350064 6.319038435454189 7.182723080514879 0.5127867675056095 1.401362048630773 6.319038435454189 7.182723080514879 0.5127867675056095 1.401362048630773 
35.00013299335008 6.319038435454189 8.330818752643669 0.5127867675056095 2.5494577207595626 6.319038435454189 8.330818752643669 0.5127867675056095 2.5494577207595626 
36.00013299335009 7.601545504777924 8.85765158920859 0.79207569212641 3.0762905573244836 7.601545504777924 8.85765158920859 0.79207569212641 3.0762905573244836 
37.00013299335011 6.392978313974815 7.041877317631016 0.8024445758195284 4.558352965652055 6.392978313974815 7.041877317631016 0.8024445758195284 4.558352965652055 
38.00013299335012 6.073265709418745 7.733093729832543 0.7532779016663511 NaN 6.073265709418745 7.733093729832543 0.7532779016663511 5.249569377853582 
39.000132993350135 6.073265709418745 7.355472739214477 0.7532779016663511 0.8986416038720648 6.073265709418745 7.355472739214477 0.7532779016663511 0.8986416038720648 
40.00013299335015 6.748087936650606 7.366664725675207 1.451684140528286 2.0550338583568006 6.748087936650606 7.366664725675207 1.451684140528286 0.6654761222591858 
41.00008660619668 6.748087936650606 8.501827681048795 1.451684140528286 0.8398710693300373 6.748087936650606 8.501827681048795 1.451684140528286 0.8398710693300373 
42.00006329638916 6.433657830817069 8.201581100004965 0.9316071769782184 1.9662799308599688 6.433657830817069 8.201581100004965 0.9316071769782184 1.9662799308599688 
43.00005676568325 6.803296297997122 8.6360365629574 0.8266091752450748 2.400735393812404 6.803296297997122 8.6360365629574 0.8266091752450748 2.400735393812404 
44.000132993350206 6.721488432283849 8.740985207798651 0.993963207326857 1.5705608643745421 6.721488432283849 8.740985207798651 0.993963207326857 1.5705608643745421 
45.00013299335022 6.123296604364654 9.040271247836309 1.5261366617955048 1.8698469044121993 6.123296604364654 9.040271247836309 1.5261366617955048 1.8698469044121993 
46.000132993350235 5.7450374995260205 9.77200914155793 0.8560986368919146 1.3716545031596539 5.7450374995260205 9.77200914155793 0.8560986368919146 1.3716545031596539 
47.00013299335025 5.7450374995260205 10.739769638877185 0.8560986368919146 1.0430755881690672 5.7450374995260205 10.739769638877185 0.8560986368919146 1.0430755881690672 
48.00013299335026 6.937423859510112 11.22694739172222 1.1170712691342786 1.5302533410141024 6.937423859510112 11.22694739172222 1.1170712691342786 1.5302533410141024 
49.00013299335028 7.03107120846024 9.33371994960104 0.9783663636705384 1.2670930091808401 7.03107120846024 9.33371994960104 0.9783663636705384 1.2670930091808401 
50.00013299335029 7.464208704974681 7.343762313434247 1.0575366945363456 1.1393002802190821 7.464208704974681 7.343762313434247 1.0575366945363456 1.1393002802190821 
51.000132993350306 7.464208704974681 8.659490687793792 1.0575366945363456 1.4466322955619901 7.464208704974681 8.659490687793792 1.0575366945363456 1.4466322955619901 
52.00013299335032 6.031783242491187 7.36054961846073 0.7435811818184916 2.5471941424496123 6.031783242491187 7.36054961846073 0.7435811818184916 2.5471941424496123 
53.000132993350334 6.296087949649184 6.80853541973822 1.4077546812357298 1.6328508141389477 6.296087949649184 6.80853541973822 1.4077546812357298 1.6328508141389477 
54.00013299335035 6.63850990628125 8.091467360858715 0.8730500747120971 1.7200643203597181 6.63850990628125 8.091467360858715 0.8730500747120971 1.7200643203597181 
55.00013299335036 6.63850990628125 8.440927206459754 0.8730500747120971 0.7593417120094372 6.63850990628125 8.440927206459754 0.8730500747120971 0.7593417120094372 
56.00013299335038 6.682396859109318 7.484245944916815 0.7009490218144947 0.8509894213272062 6.682396859109318 7.484245944916815 0.7009490218144947 0.8509894213272062 
57.00013299335039 6.716495474855975 8.27570539994938 1.0241704721514466 0.41990964487432336 6.716495474855975 8.27570539994938 1.0241704721514466 0.41990964487432336 
58.000132993350405 7.9161933584351445 9.14686435735107 0.779788238704846 1.2910686022760132 7.9161933584351445 9.14686435735107 0.779788238704846 1.2910686022760132 
59.00013299335042 7.750372421266469 8.986851829192908 1.0585367184940253 0.9397545495553175 7.750372421266469 8.986851829192908 1.0585367184940253 0.9397545495553175 
60.000132993350434 7.408093066930533 8.40037813387464 1.2758482676195513 2.0119493961350443 7.408093066930533 8.40037813387464 1.2758482676195513 2.0119493961350443 
61.00013299335045 8.554409398002974 8.395081151722522 0.7461011785559108 3.2023708488826514 8.554409398002974 8.395081151722522 0.7461011785559108 3.2023708488826514 
62.00013299335046 6.028942764945107 9.154225197185994 0.840831294459008 3.9615148943461236 6.028942764945107 9.154225197185994 0.840831294459008 3.9615148943461236 
63.000132993350476 6.028942764945107 10.384462541262742 0.840831294459008 1.829833090175562 6.028942764945107 10.384462541262742 0.840831294459008 1.829833090175562 
64.00013299335049 7.37738716849757 7.478042908056558 1.102507473482639 1.8206499532696938 7.37738716849757 7.478042908056558 1.102507473482639 1.8206499532696938 
65.00011474987393 7.137147131883914 8.245887392435698 1.069539340205118 2.5884944376488335 7.137147131883914 8.245887392435698 1.069539340205118 2.5884944376488335 
66.00013299335052 6.3931266716619675 7.287639740412722 1.3588865589404833 1.6086564745173035 6.3931266716619675 7.287639740412722 1.3588865589404833 1.6086564745173035 
67.00013299335053 6.3931266716619675 7.180964228618734 1.3588865589404833 0.991490977996591 6.3931266716619675 7.180964228618734 1.3588865589404833 0.991490977996591 
68.00008552232298 6.375705827037095 8.314844153555939 1.1405294983161554 0.9523702948110611 6.375705827037095 8.314844153555939 1.1405294983161554 0.9523702948110611 
69.00013299335056 6.933673778517459 8.88187749646228 1.1539705094725434 1.519403637717403 6.933673778517459 8.88187749646228 1.1539705094725434 1.519403637717403 
70.00013299335058 6.040597934945545 6.677639715544331 0.702468984189565 2.9057025143847426 6.040597934945545 6.677639715544331 0.702468984189565 2.9057025143847426 
71.00013299335059 6.988704750083826 7.644825405562486 0.8617022627792323 1.6510155824959298 6.988704750083826 7.644825405562486 0.8617022627792323 1.6510155824959298 
72.0001329933506 6.988704750083826 7.40449051263181 0.8617022627792323 0.966331441156882 6.988704750083826 7.40449051263181 0.8617022627792323 0.966331441156882 
73.00013299335062 6.521595706715544 8.277853819680558 1.5081780039964912 1.8396947482056305 6.521595706715544 8.277853819680558 1.5081780039964912 1.8396947482056305 
74.00013299335063 6.189818548735488 7.760324112453219 1.1765064265571397 1.2062572959310955 6.189818548735488 7.760324112453219 1.1765064265571397 2.8983504056890155 
75.00013299335065 6.189818548735488 8.966815667124521 1.1765064265571397 2.412748850602398 6.189818548735488 8.966815667124521 1.1765064265571397 4.104841960360318 
76.00013299335066 6.733779194246338 8.904818382469799 1.1437817160345674 0.6516355505060574 6.733779194246338 8.904818382469799 1.1437817160345674 0.6516355505060574 
77.00013299335068 6.9737952526838285 7.282639579967608 0.8962477060762666 1.2513293699108345 6.9737952526838285 7.282639579967608 0.8962477060762666 1.2513293699108345 
78.0000050065989 6.9737952526838285 7.984847514363565 0.8962477060762666 1.953537304306792 6.9737952526838285 7.984847514363565 0.8962477060762666 1.953537304306792 
79.0001329933507 7.209053677753715 9.50910783112137 0.8752217458860798 1.929914364482272 7.209053677753715 9.50910783112137 0.8752217458860798 1.929914364482272 
80.00013299335072 5.885869085725361 10.431911189863044 0.9445576623168677 1.5718419296133987 5.885869085725361 10.431911189863044 0.9445576623168677 1.5718419296133987 
81.00013299335073 NaN NaN NaN NaN NaN NaN NaN NaN 
82.00013299335075 NaN NaN 0.9660394662906953 NaN NaN NaN 0.9660394662906953 1.259250652454142 
83.00013299335076 NaN NaN 1.2542504088762598 NaN NaN NaN 1.2542504088762598 1.8929464198411239 
84.00013299335077 NaN NaN 1.814447184137336 NaN NaN NaN 1.814447184137336 1.8929464198411239 
85.00013299335079 NaN NaN 2.004077704278359 NaN NaN NaN 2.004077704278359 1.34347154322613 
86.0001329933508 NaN NaN 1.3477120398605678 NaN NaN NaN 1.3477120398605678 2.4096218286944264 
87.00013299335082 5.68486459034537 NaN 1.17981703933782 1.0384902296289624 5.68486459034537 NaN 1.17981703933782 1.0384902296289624 
88.00013299335083 6.829088749735149 NaN 1.4626461920770595 0.8845865355455942 6.829088749735149 6.9875264649082425 1.4626461920770595 2.241498797861837 
89.00013299335085 7.928688780859716 NaN 1.3592376549687515 1.366671780614368 7.928688780859716 6.735109074585907 1.3592376549687515 1.366671780614368 
90.00013299335086 8.8886866197833 NaN 1.187538078906698 1.366671780614368 8.8886866197833 6.735109074585907 1.187538078906698 1.366671780614368 
91.00013299335087 9.020206702996688 NaN 2.16023347555695 1.822241081046215 9.020206702996688 7.2113947603840955 2.16023347555695 1.3781317018375034 
92.00013299335089 8.986997570224275 NaN 1.814888278236495 1.6546046647038963 8.986997570224275 8.447865562174073 1.814888278236495 1.6546046647038963 
93.0001329933509 8.250556128986176 NaN 1.146162110038233 1.3439244444777927 8.250556128986176 6.875687069968691 1.146162110038233 1.3439244444777927 
94.00013299335092 7.686685929117488 NaN 1.3908321114070645 1.3439244444777927 7.686685929117488 6.875687069968691 1.3908321114070645 1.3439244444777927 
95.00013299335093 7.509585448706304 NaN 2.416740199228755 1.81183657010655 7.509585448706304 7.816425374286609 2.416740199228755 1.0654823557169522 
96.00013299335095 7.253963350257521 NaN 1.453821926502144 2.2517400805464547 7.253963350257521 7.141234157786698 1.453821926502144 2.2517400805464547 
97.00013299335096 8.248867287810569 NaN 1.0218860723026637 0.8560738605381033 8.248867287810569 7.13818869596949 1.0218860723026637 0.8560738605381033 
98.00012393808689 9.269072055960109 NaN 1.1590348451644843 1.9447911339211856 9.269072055960109 6.1225231836531435 1.1590348451644843 1.5677969794338935 
99.00013299335099 8.83633079731959 NaN 1.2432482549615003 1.9447911339211856 8.83633079731959 6.1225231836531435 1.2432482549615003 1.5677969794338935 
100.000132993351 9.449495230716167 NaN 1.856412688358077 1.4117311561152377 9.449495230716167 7.561753695812541 1.856412688358077 1.4117311561152377 
101.00000200430476 8.429885215614846 NaN 1.4087191342371028 1.5203341602640705 8.429885215614846 7.332592638812642 1.4087191342371028 1.5203341602640705 
102.00013299335103 9.312723369039745 NaN 1.3115343041273775 1.630643167994151 9.312723369039745 7.097676724348332 1.3115343041273775 2.100609956742744 
103.00013299335104 6.9523035742162165 NaN 1.0235076604445936 1.600628657621101 6.9523035742162165 6.8005138095159765 1.0235076604445936 1.600628657621101 
104.00013299335106 8.183983483351852 NaN 1.4193029911319002 1.600628657621101 8.183983483351852 6.8005138095159765 1.4193029911319002 1.600628657621101 
105.00013299335107 7.915316066096096 5.281406386971824 2.0336915691638637 1.675233535863427 7.915316066096096 5.281406386971824 2.0336915691638637 1.35714743884229 
106.00013299335109 8.12037954190366 6.631957354487284 1.782701797515955 2.129041015358112 8.12037954190366 6.631957354487284 1.782701797515955 2.129041015358112 
107.0001329933511 8.683100809032808 6.151032182785798 0.9948720971296439 1.0680381975501092 8.683100809032808 6.151032182785798 0.9948720971296439 1.0680381975501092 
108.00011365500174 8.171664365583013 6.151032182785798 2.2669950853707945 1.0680381975501092 8.171664365583013 6.151032182785798 2.2669950853707945 1.0680381975501092 
109.00000765745123 8.182466063219266 6.430026297268938 1.7576307389910681 1.6881034150956111 8.182466063219266 6.430026297268938 1.7576307389910681 1.1372467085192568 
110.00009415004807 7.963100404641736 7.497786019177028 0.8276525439493412 2.7558631370037006 7.963100404641736 7.497786019177028 0.8276525439493412 1.2141817492564684 
111.00013299335116 8.081819972524968 7.665074956012802 0.7144969683728135 1.3041396028152974 8.081819972524968 7.665074956012802 0.7144969683728135 1.3041396028152974 
112.00013299335117 7.8587771733845955 7.665074956012802 0.9721922652144457 1.3041396028152974 7.8587771733845955 7.665074956012802 0.9721922652144457 1.3041396028152974 
113.00013299335119 8.869815889316328 6.997133898339996 1.9832309811461784 1.9427411859581412 8.869815889316328 6.997133898339996 1.9832309811461784 1.9427411859581412 
114.0001329933512 8.36779744537401 7.87360973642248 1.2385577752449137 1.0599445956030422 8.36779744537401 7.87360973642248 1.2385577752449137 1.0599445956030422 
115.0001136097826 9.335793985650625 7.87360973642248 0.7565844682467144 1.0599445956030422 9.335793985650625 7.87360973642248 0.7565844682467144 1.0599445956030422 
116.00013299335123 7.1567937169970435 6.157355895364432 1.9818259934831843 1.1192598114015624 7.1567937169970435 6.157355895364432 1.9818259934831843 1.1192598114015624 
117.00013299335124 7.997993052995113 7.250014714512034 1.4283231807255277 1.141391563144623 7.997993052995113 7.250014714512034 1.4283231807255277 1.141391563144623 
118.00013299335126 8.021670323611943 7.250014714512034 1.4271013541028452 1.141391563144623 8.021670323611943 7.250014714512034 1.4271013541028452 1.141391563144623 
119.00013299335127 8.002650770965047 8.844665558952926 0.8774633818716069 1.2589864828629658 8.002650770965047 8.844665558952926 0.8774633818716069 0.9765017555427278 
120.00013299335129 8.83174841560269 7.57501466897871 1.7065610265092488 1.2708853674675282 8.83174841560269 7.57501466897871 1.7065610265092488 1.2708853674675282 
121.0001329933513 6.624864829236742 7.5449867845557606 1.4395171397630406 1.4181849482592668 6.624864829236742 7.5449867845557606 1.4395171397630406 1.4181849482592668 
122.00013299335131 7.785688717538434 7.829228727399226 1.606682274428266 2.196614004587431 7.785688717538434 7.829228727399226 1.606682274428266 1.8292438165158558 
123.00013299335133 8.522874548357123 7.955348819424572 0.9050578929877986 1.2442359932390588 8.522874548357123 7.955348819424572 0.9050578929877986 1.2442359932390588 
124.00013299335134 7.421932647475032 7.741020842480211 1.1973603277070737 1.199972287606272 7.421932647475032 7.741020842480211 1.1973603277070737 2.2551495415311678 
125.00013299335136 8.473840258156798 7.741020842480211 1.238354390096731 1.199972287606272 8.473840258156798 7.741020842480211 1.238354390096731 2.2551495415311678 
126.00010808592104 7.4154743212903185 7.452748692324562 1.7746392976711434 0.6722627200230846 7.4154743212903185 7.452748692324562 1.7746392976711434 0.6722627200230846 
127.0001228822434 7.500891524564466 7.094341800331932 0.6324222194904081 1.092615768487633 7.500891524564466 7.094341800331932 0.6324222194904081 1.092615768487633 
128.0001329933514 8.189410236409614 6.9511031320930385 1.3209409313355565 1.3043156247408945 8.189410236409614 6.9511031320930385 1.3209409313355565 1.3043156247408945 
129.00000977954497 8.586201941171964 7.065246543615075 1.189240422952352 1.1581859121639866 8.586201941171964 7.065246543615075 1.189240422952352 1.1581859121639866 
130.0001329933513 8.232523882111693 7.897499118111341 1.317396699433715 0.9913191219184796 8.232523882111693 7.897499118111341 1.317396699433715 0.9913191219184796 
131.00009703339077 8.009673610119151 9.127910223308533 1.3564104852468688 1.632872878106184 8.009673610119151 9.127910223308533 1.3564104852468688 0.8391481970279244 
132.00013299335117 6.717366605461663 9.127910223308533 2.5169122233563144 1.632872878106184 6.717366605461663 9.127910223308533 2.5169122233563144 0.8391481970279244 
133.00013299335112 6.717366605461663 6.115596144785812 2.5169122233563144 1.6656415835842608 6.717366605461663 6.115596144785812 2.5169122233563144 1.6656415835842608 
134.00013299335106 7.95333950868114 7.501239665110646 2.204482598272392 1.8907833657996491 7.95333950868114 7.501239665110646 2.204482598272392 1.8907833657996491 
135.000132993351 7.459607495929632 7.501239665110646 1.2626834555598805 1.8907833657996491 7.459607495929632 7.501239665110646 1.2626834555598805 1.8907833657996491 
136.00001892510215 7.275910626788487 8.43710966111314 0.6855055896844817 2.005267336031949 7.275910626788487 8.43710966111314 0.6855055896844817 2.005267336031949 
137.0001329933509 7.966068333322909 6.5909881973539655 1.375663296218903 1.2254728509548158 7.966068333322909 6.5909881973539655 1.375663296218903 1.6298634839135957 
138.00013299335083 8.461724705944476 7.512902882713263 1.1614821773150368 0.8752673308506189 8.461724705944476 7.512902882713263 1.1614821773150368 0.8752673308506189 
139.00013299335077 9.127536388454587 7.512902882713263 1.8272938598251471 0.8752673308506189 9.127536388454587 7.512902882713263 1.8272938598251471 0.8752673308506189 
140.00013299335072 6.74206714438651 7.527150885954455 1.178401429862106 1.5823384033662933 6.74206714438651 7.527150885954455 1.178401429862106 1.5823384033662933 
141.00013299335066 8.569224517168806 6.215134442065647 1.5472134766891656 2.8389962228836225 8.569224517168806 6.215134442065647 1.5472134766891656 1.536601715610459 
142.0001329933506 9.22711154953845 6.215134442065647 0.9484426895414799 2.8389962228836225 9.22711154953845 6.215134442065647 0.9484426895414799 1.536601715610459 
143.00013299335055 9.00562164607291 5.747859643602936 2.112596306400775 2.043374942791587 9.00562164607291 5.747859643602936 2.112596306400775 1.4509605276782622 
144.0001329933505 7.219572339452412 6.715986573009786 1.7940910797181004 1.1441391194608173 7.219572339452412 6.715986573009786 1.7940910797181004 1.60063871346685 
145.00013299335043 8.017457419237672 7.052427691448884 1.4678976160306831 1.349560908724925 8.017457419237672 7.052427691448884 1.4678976160306831 2.51371452558422 
146.00013299335038 7.845660197531743 7.283907906195054 1.6684998369334778 1.891629426567789 7.845660197531743 7.283907906195054 1.6684998369334778 1.891629426567789 
147.00013299335032 7.395190719711735 7.283907906195054 1.0278095343728637 1.891629426567789 7.395190719711735 7.283907906195054 1.0278095343728637 1.891629426567789 
148.0000419084367 7.327329843247838 8.127264855834227 0.7366667030240706 3.371569200970015 7.327329843247838 8.127264855834227 0.7366667030240706 2.5736841211847548 
149.0001329933502 7.979314209689107 6.701083722717357 1.3886510694653396 1.6498088334796819 7.979314209689107 6.701083722717357 1.3886510694653396 0.778696163017031 
150.00013299335015 8.998647332213636 7.531487022751122 2.4079841919898683 0.9571150966095274 8.998647332213636 7.531487022751122 2.4079841919898683 0.9571150966095274 
151.0001329933501 7.703497991486955 7.346746781251937 1.3161500881966504 1.1500045819541356 7.703497991486955 7.346746781251937 1.3161500881966504 1.1500045819541356 
152.00013299335004 7.43178814247139 7.346746781251937 1.9575160512984553 1.1500045819541356 7.43178814247139 7.346746781251937 1.9575160512984553 1.1500045819541356 
153.00013299334998 8.491398520510188 6.85868462843851 1.8049038214681161 0.7845171522380099 8.491398520510188 6.85868462843851 1.8049038214681161 0.7845171522380099 
154.00013299334992 7.943983545487441 6.921046569247693 1.3762444014738833 1.1060237338062109 7.943983545487441 6.921046569247693 1.3762444014738833 1.1060237338062109 
155.00013299334987 8.71181481488071 7.431298109737895 2.144075670867153 1.3809975337847504 8.71181481488071 7.431298109737895 2.144075670867153 1.3809975337847504 
156.0001329933498 8.770912426637011 7.134806146280226 1.4740602843376962 1.2915821752670809 8.770912426637011 7.134806146280226 1.4740602843376962 1.2915821752670809 
157.00013299334975 7.812929047297672 7.134806146280226 2.0314397710394587 1.2915821752670809 7.812929047297672 7.134806146280226 2.0314397710394587 1.2915821752670809 
158.0001329933497 8.366598577182515 6.876856388166033 1.3585042274780506 1.8821444088842725 8.366598577182515 6.876856388166033 1.3585042274780506 1.8821444088842725 
159.00013299334964 9.375139660456682 7.3074430128820325 1.8336841696072952 1.170503398856198 9.375139660456682 7.3074430128820325 1.8336841696072952 1.170503398856198 
160.00013299334958 9.943372380626727 6.398007494294006 1.3197792795480439 1.5766218223058104 9.943372380626727 6.554232978527693 1.3197792795480439 1.5766218223058104 
161.00013299334952 7.252420748385106 7.337955203362526 0.3113017814926593 1.6891294695792283 7.252420748385106 7.494180687596213 0.3113017814926593 1.1208967494091837 
162.00013299334947 8.111063287531039 6.850376494550261 1.1699443206385922 1.521571686147695 8.111063287531039 6.850376494550261 1.1699443206385922 0.9211293788373212 
163.0001329933494 7.221435194555852 7.946971971278344 1.10242595386066 1.1590823164194717 7.221435194555852 7.946971971278344 1.10242595386066 2.0177248555654046 
164.00004859658102 7.953642945744491 7.946971971278344 0.7380382283212157 1.1590823164194717 7.953642945744491 7.946971971278344 0.7380382283212157 2.0177248555654046 
165.0001329933493 7.3714278181930695 7.292010928681918 1.5195875419484821 1.3459743866778524 7.3714278181930695 7.292010928681918 1.5195875419484821 1.3459743866778524 
166.00013299334924 8.508407721495786 7.292010928681918 1.3047625814407695 1.3459743866778524 8.508407721495786 7.292010928681918 1.3047625814407695 1.3459743866778524 
167.00013299334918 7.162181202236098 7.955083870521236 2.541401992299086 1.5899001601403597 7.162181202236098 7.955083870521236 2.541401992299086 1.5899001601403597 
168.00013299334913 7.8894236738508425 6.372233440998201 1.5109616256354172 0.4613017293232815 7.8894236738508425 6.372233440998201 1.5109616256354172 0.4613017293232815 
169.00001449820533 7.9386495680705025 7.5627606524229805 1.255114345579642 0.9245864691333168 7.9386495680705025 6.013184609069043 1.255114345579642 0.9245864691333168 
170.000132993349 8.863197778941071 6.267642128849644 2.179662556450211 1.3960574261584213 8.863197778941071 6.999849880038283 2.179662556450211 1.3960574261584213 
171.00013299334896 9.06655660060585 6.267642128849644 0.9642807667069064 1.3960574261584213 9.06655660060585 6.999849880038283 0.9642807667069064 1.3960574261584213 
172.0001329933489 7.626909829616892 7.759369080015858 1.973034336256461 1.9632361664540667 7.626909829616892 7.759369080015858 1.973034336256461 1.9632361664540667 
173.00013299334884 8.123936141894319 7.085720982320538 0.978333697367674 1.6710122225014743 8.123936141894319 7.085720982320538 0.978333697367674 1.6710122225014743 
174.00013299334879 7.922967697240608 7.085720982320538 1.2901669717577136 1.6710122225014743 7.922967697240608 7.085720982320538 1.2901669717577136 1.6710122225014743 
175.00013299334873 8.598822728507884 8.488017134436319 1.9660220030249889 2.1658698862601966 8.598822728507884 8.488017134436319 1.9660220030249889 2.1658698862601966 
176.00011715717818 7.300331595113647 6.408988253587353 1.7007828122837054 1.5159543800479582 7.300331595113647 6.408988253587353 1.7007828122837054 1.2751994974595675 
177.00013299334861 7.972394939613594 7.833670138593163 0.9690209570937611 1.1277242724119958 7.972394939613594 7.833670138593163 0.9690209570937611 1.5919882341789844 
178.00010440976297 7.771768111079751 7.833670138593163 2.229038688873203 1.1277242724119958 7.771768111079751 7.833670138593163 2.229038688873203 1.5919882341789844 
179.00007590592028 8.907090155447747 7.406331495861224 0.536477892879617 1.2848343081377038 8.907090155447747 7.406331495861224 0.536477892879617 1.2848343081377038 
180.00013299334844 7.24630310859763 7.383528398168778 1.612298916430376 1.5847946233454877 7.24630310859763 7.383528398168778 1.612298916430376 1.5847946233454877 
181.0000782364074 8.143408714051958 6.832838923340432 1.5234540500275955 1.0226311024163408 8.143408714051958 6.832838923340432 1.5234540500275955 1.0226311024163408 
182.00013299334833 9.109187232029655 5.790147701924639 1.5486864998366912 1.1815923677895341 9.109187232029655 5.790147701924639 1.5486864998366912 1.1815923677895341 
183.00013299334827 8.819590450004284 5.790147701924639 1.4561879299090776 1.1815923677895341 8.819590450004284 5.790147701924639 1.4561879299090776 1.1815923677895341 
184.00013299334822 8.052305037979835 5.33677070964481 2.092727717574519 1.7525232618160373 8.052305037979835 5.33677070964481 2.092727717574519 1.7525232618160373 
185.00013299334816 6.424143747249246 7.022431444183724 1.6862171890928153 1.835704882742533 6.424143747249246 7.022431444183724 1.6862171890928153 1.1991650950770918 
186.0001329933481 7.098893284864204 7.022431444183724 2.3609667267077725 1.835704882742533 7.098893284864204 7.022431444183724 2.3609667267077725 1.1991650950770918 
187.00013299334805 6.985952315552197 7.012083230906541 1.548315494713961 1.3772819481333443 6.985952315552197 7.012083230906541 1.548315494713961 0.702532410518387 
188.000132993348 8.651249792306686 6.8666213524270745 0.8204767994825204 0.8448206772719686 8.651249792306686 6.8666213524270745 0.8204767994825204 0.8448206772719686 
189.00013299334793 8.442874582952129 6.97933145179536 1.5526476582965643 1.0279070243373667 8.442874582952129 6.97933145179536 1.5526476582965643 1.0279070243373667 
190.00013299334788 8.330340088640355 7.231286335769397 1.497299820548335 0.8021095715243121 8.330340088640355 7.231286335769397 1.497299820548335 0.8021095715243121 
191.00013299334782 7.570259714653048 7.231286335769397 1.1367055783073283 0.8021095715243121 7.570259714653048 7.231286335769397 1.1367055783073283 0.8021095715243121 
192.0000541373049 6.611648012224663 6.102776220401694 1.8637546104178568 1.378352243939105 6.611648012224663 6.102776220401694 1.8637546104178568 1.378352243939105 
193.0001329933477 6.40979315883115 5.904770636435558 1.3708320415905462 0.8414381189248559 6.40979315883115 5.904770636435558 1.3708320415905462 0.8414381189248559 
194.00013299334765 7.7010705113845574 5.667819054336405 1.6258227829222847 0.8591928643628819 7.7010705113845574 5.667819054336405 1.6258227829222847 2.0351764136566146 
195.0001329933476 7.844677031795925 6.8151043362743735 1.5909887779005771 0.7152007937474423 7.844677031795925 6.8151043362743735 1.5909887779005771 0.7152007937474423 
196.00013299334753 8.431121864912143 7.547287328831658 2.177433611016795 1.09459484638694 8.431121864912143 7.547287328831658 2.177433611016795 1.09459484638694 
197.00013299334748 7.440030589607801 7.4727480402222 1.4270236911144991 1.2748123019509592 7.440030589607801 7.4727480402222 1.4270236911144991 1.2748123019509592 
198.00013299334742 8.311359339060743 7.4727480402222 0.9601824020185177 1.2748123019509592 8.311359339060743 7.4727480402222 0.9601824020185177 1.2748123019509592 
199.00013299334736 7.674919345649641 6.818750151261668 0.6613207020911602 0.8508469789786375 7.674919345649641 6.818750151261668 0.6613207020911602 0.8508469789786375 
200.0001329933473 7.63590513437677 6.39177646636395 1.6585931020399585 1.6926951415262295 7.63590513437677 6.39177646636395 1.6585931020399585 1.6926951415262295 
201.00013299334725 NaN NaN NaN NaN NaN NaN NaN NaN 
202.0000571823709 NaN NaN 1.5420331945607018 NaN NaN NaN 1.5420331945607018 1.2134541221753352 
203.00013299334714 NaN NaN 1.4672722304892432 NaN NaN NaN 1.4672722304892432 1.0476955987132897 
204.00013299334708 NaN NaN 0.9493125702008456 NaN NaN NaN 0.9493125702008456 1.9605381420514334 
205.00013299334702 NaN NaN 1.2376966799370734 1.2849141971937001 NaN NaN 1.2376966799370734 1.2849141971937001 
206.00013299334697 5.655056610669334 NaN 0.8311010500007967 2.0721133305431465 5.655056610669334 NaN 0.8311010500007967 3.2474349761011467 
207.0001329933469 6.826698446572266 NaN 0.7664764324340752 2.858722980686366 6.826698446572266 NaN 0.7664764324340752 4.034044626244366 
208.00003882317415 6.826698446572266 NaN 0.7664764324340752 1.836949161403652 6.826698446572266 6.926333751720705 0.7664764324340752 1.836949161403652 
209.0001329933468 5.210271682924116 NaN 0.6846521250159014 2.6401421584363334 5.210271682924116 6.7531655745449655 0.6846521250159014 2.6401421584363334 
210.00013299334674 6.671728543756387 NaN 1.3429159888154913 4.078860993110112 6.671728543756387 8.191884409218744 1.3429159888154913 4.078860993110112 
211.00013299334668 7.396501104159569 NaN 1.2974778888817013 NaN 7.396501104159569 9.134783106295117 1.2974778888817013 NaN 
212.0000245723772 6.861560699161288 NaN 1.356361324000659 NaN 6.861560699161288 9.879748416224885 1.356361324000659 NaN 
213.00013299334657 6.586589493251978 NaN 0.44997260974565734 0.8311401977082369 6.586589493251978 7.456570881095303 0.44997260974565734 0.8311401977082369 
214.0001329933465 6.586589493251978 NaN 0.44997260974565734 2.075903586870794 6.586589493251978 8.70133427025786 0.44997260974565734 2.075903586870794 
215.00013299334645 7.215196402078959 NaN 0.9413425422046089 3.146728515803744 7.215196402078959 8.857370605070685 0.9413425422046089 3.146728515803744 
216.0001329933464 7.658431250597829 NaN 1.042829419069676 1.2520849724828054 7.658431250597829 8.808331354922217 1.042829419069676 1.2520849724828054 
217.00013299334634 7.658431250597829 NaN 1.042829419069676 0.9321997199089935 7.658431250597829 6.8493415967975295 1.042829419069676 0.9321997199089935 
218.00013299334628 7.032455678001639 NaN 0.982606777731263 2.2511493134823013 7.032455678001639 7.443518629967656 0.982606777731263 2.2511493134823013 
219.0000194555375 7.1840818106673225 NaN 0.7994574731609134 2.951881448185304 7.1840818106673225 8.144250764670659 0.7994574731609134 2.951881448185304 
220.00013299334617 7.1840818106673225 NaN 0.7994574731609134 5.444649447685691 7.1840818106673225 9.464706958373029 0.7994574731609134 5.444649447685691 
221.0001329933461 6.646312605416824 NaN 0.931004327520867 6.206766041993319 6.646312605416824 10.226823552680656 0.931004327520867 6.206766041993319 
222.00013299334606 6.821488674742994 NaN 0.6810568258782723 1.4185220408334942 6.821488674742994 10.140738233121112 0.6810568258782723 1.4185220408334942 
223.000132993346 6.945923697912605 NaN 1.0745165663497005 1.5347679796277305 6.945923697912605 8.212599670427693 1.0745165663497005 1.5347679796277305 
224.00013299334594 6.584587204032488 6.338542070763481 1.0277797676103262 2.319558604889096 6.584587204032488 7.825078489891041 1.0277797676103262 2.319558604889096 
225.0001329933459 7.504489083257454 7.450586978969 1.1628910215739268 1.9114265334991671 7.504489083257454 8.93712339809656 1.1628910215739268 1.9114265334991671 
226.00013299334583 7.504489083257454 6.920335617460637 1.1628910215739268 1.90287477186385 7.504489083257454 6.920335617460637 1.1628910215739268 1.90287477186385 
227.00005297088467 5.904406450634809 7.967776035961435 0.7579271056546304 2.9503151903646483 5.904406450634809 7.967776035961435 0.7579271056546304 2.0304133111396823 
228.00013299334572 5.569610801987324 8.77160624872829 0.8316127729839593 1.0933435256130224 5.569610801987324 8.77160624872829 0.8316127729839593 1.0933435256130224 
229.0000801839641 5.569610801987324 8.485712060947748 0.8316127729839593 2.2895008086034636 5.569610801987324 8.485712060947748 0.8316127729839593 2.2895008086034636 
230.0001329933456 6.181366704521736 6.720489300365358 1.146659123015752 3.0173166552042687 6.181366704521736 6.720489300365358 1.146659123015752 3.0173166552042687 
231.00013299334555 7.259453282757306 7.056786845259097 1.3383456076855964 1.2558825067063708 7.259453282757306 7.056786845259097 1.3383456076855964 1.2558825067063708 
232.0001329933455 7.259453282757306 7.986517501137087 1.3383456076855964 0.9700533607287412 7.259453282757306 7.986517501137087 1.3383456076855964 0.9700533607287412 
233.00013299334543 7.416885416649933 7.552595411561498 0.9861908643410402 1.4560331503781185 7.416885416649933 7.552595411561498 0.9861908643410402 1.4560331503781185 
234.00013299334537 7.513654307810867 8.97165626337906 0.9440317888882532 2.875094002195681 7.513654307810867 8.97165626337906 0.9440317888882532 2.875094002195681 
235.00013299334532 6.487462283967034 8.446028699080244 1.7691103963120725 1.6903014969240076 6.487462283967034 8.446028699080244 1.7691103963120725 1.6903014969240076 
236.00009671019276 7.718056744973097 9.414492875057874 0.92623832250041 5.058830612168009 7.718056744973097 9.414492875057874 0.92623832250041 2.6587656729016373 
237.0001329933452 7.837704697502403 10.195434345298253 0.7127126310479923 1.3840340747121331 7.837704697502403 10.195434345298253 0.7127126310479923 1.3840340747121331 
238.00013299334515 7.837704697502403 10.746539258213346 0.7127126310479923 1.9351389876272265 7.837704697502403 10.746539258213346 0.7127126310479923 1.9351389876272265 
239.0001329933451 7.286102056985726 8.848934004250964 0.9355477665129968 1.8618309591793434 7.286102056985726 8.848934004250964 0.9355477665129968 1.8618309591793434 
240.00013299334503 6.943228698027639 8.846781809462527 1.0418247713984101 3.075238566246526 6.943228698027639 10.062341611318146 1.0418247713984101 3.075238566246526 
241.00013299334498 6.741489705433139 7.414546017113537 0.7698018981662926 4.043067713163907 6.741489705433139 7.414546017113537 0.7698018981662926 4.043067713163907 
242.00013299334492 6.673438924956059 7.924158989706285 0.9491944047665299 1.5327188287676563 6.673438924956059 7.924158989706285 0.9491944047665299 1.5327188287676563 
243.00013299334486 6.673438924956059 8.819794094337709 0.9491944047665299 2.4283539333990802 6.673438924956059 8.819794094337709 0.9491944047665299 2.4283539333990802 
244.0001329933448 7.179125444010765 6.9306586328859225 0.672589332097175 3.085618168473104 7.179125444010765 6.9306586328859225 0.672589332097175 3.085618168473104 
245.00013299334475 6.412047539405108 6.446654327555535 1.234040463791672 4.156495381763193 6.412047539405108 6.446654327555535 1.234040463791672 4.156495381763193 
246.00002178215112 6.412047539405108 7.760159085351916 1.234040463791672 NaN 6.412047539405108 7.760159085351916 1.234040463791672 NaN 
247.0001167750161 5.603815092710363 7.880401275477965 0.8822467072617144 NaN 5.603815092710363 7.880401275477965 0.8822467072617144 NaN 
248.00013299334458 4.947969988547214 8.428863552321474 1.4894948811896427 NaN 4.947969988547214 8.428863552321474 1.4894948811896427 NaN 
249.00013299334452 5.678043269761929 9.79388748785803 1.0293669243842771 1.2521016469852668 5.678043269761929 9.79388748785803 1.0293669243842771 1.2521016469852668 
250.00013299334447 6.996025975458792 10.621637615920292 0.7480445427840721 2.07985177504753 6.996025975458792 10.621637615920292 0.7480445427840721 2.07985177504753 
251.0001329933444 6.996025975458792 11.381198550060134 0.7480445427840721 2.8394127091873713 6.996025975458792 11.381198550060134 0.7480445427840721 2.8394127091873713 
252.00013299334435 7.119983750499188 6.8756887107852265 1.0309648054441425 1.77096743419213 7.119983750499188 6.8756887107852265 1.0309648054441425 1.77096743419213 
253.0001329933443 6.7816989989006515 7.687665966263523 0.5339042043863458 2.582944689670427 6.7816989989006515 7.687665966263523 0.5339042043863458 2.582944689670427 
254.00013299334424 6.7816989989006515 7.108506017937771 0.5339042043863458 3.4859684505413497 6.7816989989006515 7.108506017937771 0.5339042043863458 3.4859684505413497 
255.00013299334418 6.069342048545451 8.698363773950007 0.8821566862047234 2.2485069769512336 6.069342048545451 8.698363773950007 0.8821566862047234 2.2485069769512336 
256.00013299334415 6.521106398639887 8.232423764337824 0.9515741651667611 1.6298712860618991 6.521106398639887 8.232423764337824 0.9515741651667611 1.6298712860618991 
257.0001329933441 7.5047736199338715 9.10436372560332 0.9701221184016902 2.501811247327396 7.5047736199338715 9.10436372560332 0.9701221184016902 2.501811247327396 
258.0000658442756 7.2213558926431745 10.32607045101696 0.956404876227225 1.8328027221834873 7.2213558926431745 10.32607045101696 0.956404876227225 1.8328027221834873 
259.0000253573946 7.2213558926431745 11.210321385208829 0.956404876227225 1.149552783378283 7.2213558926431745 11.210321385208829 0.956404876227225 1.149552783378283 
260.0001329933439 6.190303595110237 11.791361713156277 0.8885256207869361 1.7305931113257316 6.190303595110237 11.791361713156277 0.8885256207869361 1.7305931113257316 
261.00013299334387 7.702608475178948 13.39545833450768 1.4540939715425338 1.6623075298775802 7.702608475178948 13.39545833450768 1.4540939715425338 1.6623075298775802 
262.0001329933438 7.702608475178948 7.483981215788731 1.4540939715425338 2.353382889434556 7.702608475178948 7.483981215788731 1.4540939715425338 2.353382889434556 
263.00013299334375 6.378883979732365 8.098154077220386 1.2158494095625088 2.967555750866211 6.378883979732365 8.098154077220386 1.2158494095625088 2.967555750866211 
264.0001329933437 6.568485360427985 8.41866713143773 0.796781510670769 1.3169598949070291 6.568485360427985 8.41866713143773 0.796781510670769 1.3169598949070291 
265.00013299334364 6.93244433316687 9.54132462806055 0.6301505346135627 2.4396173915298505 6.93244433316687 9.54132462806055 0.6301505346135627 2.4396173915298505 
266.0001329933436 6.513537154453786 10.274460282222293 1.2539737320100244 1.4401017720851428 6.513537154453786 10.274460282222293 1.2539737320100244 1.4401017720851428 
267.0001329933435 7.404720063896491 11.43681068976943 1.4120209872909868 2.60245217963228 7.404720063896491 11.43681068976943 1.4120209872909868 2.60245217963228 
268.00008008824364 7.404720063896491 12.703297037066449 1.4120209872909868 1.0168157675531688 7.404720063896491 12.703297037066449 1.4120209872909868 1.0168157675531688 
269.0001329933434 7.38931607323309 7.9534987988130865 1.287167842253666 2.0028727064591294 7.38931607323309 7.9534987988130865 1.287167842253666 2.0028727064591294 
270.0001119513087 6.462470248867817 9.046308383793246 0.8106932723617888 1.5069896607512874 6.462470248867817 9.046308383793246 0.8106932723617888 3.0956822914392887 
271.0001329933433 6.462470248867817 6.76883658315478 0.8106932723617888 2.328021193090649 6.462470248867817 6.76883658315478 0.8106932723617888 1.103147844957732 
272.00013299334324 6.608777441346831 7.804549095325626 1.1216486414465976 2.1388603571285785 6.608777441346831 7.804549095325626 1.1216486414465976 2.1388603571285785 
273.0001329933432 6.681061757927978 7.856664768669646 0.5761900968059308 1.8284442242914452 6.681061757927978 7.856664768669646 0.5761900968059308 3.2322091783564133 
274.00013299334313 6.699890140577054 7.59736035527402 0.9556397718340577 2.488846512945429 6.699890140577054 7.59736035527402 0.9556397718340577 3.892611467010397 
275.0001329933431 7.54975699827429 8.855590335757086 1.1451043408773103 0.9629924973029915 7.54975699827429 8.855590335757086 1.1451043408773103 0.9629924973029915 
276.000132993343 5.951107448933442 8.709035815667562 0.5976130997745486 1.7076208866561728 5.951107448933442 9.600218725110267 0.5976130997745486 1.7076208866561728 
277.0001315423189 5.951107448933442 9.672006048466017 0.5976130997745486 2.6705911194546275 5.951107448933442 9.672006048466017 0.5976130997745486 2.6705911194546275 
278.0001329933429 6.95130143709514 8.242170800148983 0.8893799625482757 0.49435076795560917 6.95130143709514 8.242170800148983 0.8893799625482757 0.49435076795560917 
279.00013299334285 4.506301607367448 8.877218713830871 0.9634551004484138 1.1293986816374968 4.506301607367448 8.877218713830871 0.9634551004484138 1.1293986816374968 
280.0001329933428 5.649014123670952 6.914516949353128 1.4711197030700305 2.2609792822592 5.649014123670952 6.914516949353128 1.4711197030700305 2.2609792822592 
281.00013299334273 5.649014123670952 8.078996514281584 1.4711197030700305 1.967652978783633 5.649014123670952 8.078996514281584 1.4711197030700305 1.967652978783633 
282.0001329933427 6.713235335454499 8.073188872112496 0.9141079388327285 1.9126994054020656 6.713235335454499 8.073188872112496 0.9141079388327285 1.9126994054020656 
283.0001329933426 6.990553008699749 6.935268024542495 0.8322747023173633 2.820153369193406 6.990553008699749 6.935268024542495 0.8322747023173633 2.820153369193406 
284.00013299334256 7.129883621541012 7.525910097467374 0.819831905091803 3.4107954421182853 7.129883621541012 7.525910097467374 0.819831905091803 3.4107954421182853 
285.0000070841155 6.334761658178138 9.012421889466737 0.7751427989274475 2.6194819805415364 6.334761658178138 9.012421889466737 0.7751427989274475 6.040019750421152 
286.00013299334245 6.334761658178138 8.22350374589729 0.7751427989274475 3.3451601076136512 6.334761658178138 9.738100016538851 0.7751427989274475 6.765697877493267 
287.0001329933424 6.519399237095513 7.498653627326576 1.282552900529538 1.4922991559149636 6.519399237095513 7.498653627326576 1.282552900529538 1.4922991559149636 
288.00000132149165 7.2827838516882935 7.868921193027802 1.158889597753273 1.6890610583806165 7.2827838516882935 7.868921193027802 1.158889597753273 1.6890610583806165 
289.0001329933423 6.443682230050058 8.470123460204832 1.3848232037169623 2.290263325557646 6.443682230050058 8.470123460204832 1.3848232037169623 2.290263325557646 
290.0001329933422 6.443682230050058 9.9334398648503 1.3848232037169623 2.4186091560739555 6.443682230050058 9.9334398648503 1.3848232037169623 2.4186091560739555 
291.00013299334216 7.306119724414316 10.709367328411929 0.8923906189073705 3.194536619635585 7.306119724414316 10.709367328411929 0.8923906189073705 3.194536619635585 
292.0001329933421 7.480899322277196 6.3817222727677745 0.860031150045927 3.730533519099538 7.480899322277196 6.3817222727677745 0.860031150045927 1.1190911342681602 
293.00013299334205 6.612969694652179 8.013409647268475 0.6605394620048628 NaN 6.612969694652179 8.013409647268475 0.6605394620048628 2.7507785087688603 
294.0000627899591 7.595253894989355 8.921196554690482 1.0154726095441333 NaN 7.595253894989355 8.921196554690482 1.0154726095441333 3.658565416190868 
295.00013299334194 7.098199157258193 9.722567606718883 1.1822818404874056 NaN 7.098199157258193 9.722567606718883 1.1822818404874056 4.459936468219269 
296.0001329933419 7.098199157258193 8.32334419133116 1.1822818404874056 0.8710545498215083 7.098199157258193 8.32334419133116 1.1822818404874056 0.8710545498215083 
297.0001329933418 6.736038963751184 9.300629516987215 1.1573725143722413 1.8483398754775635 6.736038963751184 9.300629516987215 1.1573725143722413 1.8483398754775635 
298.00013299334177 6.933978784295675 9.746639484729883 0.8278858869440455 0.936502750951945 6.933978784295675 9.746639484729883 0.8278858869440455 0.936502750951945 
299.0001329933417 6.933978784295675 10.009267198059774 0.8278858869440455 2.508136463348933 6.933978784295675 10.009267198059774 0.8278858869440455 1.1897577931956107 
300.00013299334165 5.569748525679074 10.724732526759226 1.0256247938802971 3.2236017920483846 5.569748525679074 10.724732526759226 1.0256247938802971 1.9052231218950624 
#####################################################################
# End of data export. Simulation finished at: 2019-09-22T01:08+0000 #
#####################################################################
