#####################################################################
# Alchemist log file - simulation started at: 2019-09-25T07:40+0000 #
#####################################################################
# seed = 117.0, stage_width = 200
#
# The columns have the following meaning: 
# time rep-bcast[Sum] rep-ccast[Sum] share-bcast[Sum] share-ccast[Sum] rep-bcast-single[Sum] rep-ccast-single[Sum] share-bcast-single[Sum] share-ccast-single[Sum] 
0.0 NaN NaN NaN NaN NaN NaN NaN NaN 
1.0004283640594445 NaN NaN 0.46845018070018196 NaN NaN NaN 0.46845018070018196 NaN 
2.000261841208503 NaN NaN 0.1352276983887808 NaN NaN NaN 0.1352276983887808 NaN 
3.0003708002551592 2.493092790666249 NaN 1.0718458788126402 NaN 2.493092790666249 NaN 1.0718458788126402 NaN 
4.000428364059444 3.482472879008477 NaN 0.37684137061611267 2.6371813276921827 3.482472879008477 2.6371813276921827 0.37684137061611267 0.6125387177261157 
5.000284438792624 4.7359391224683165 NaN 1.630307614075952 1.1721780363552154 4.7359391224683165 4.186200734663511 1.630307614075952 1.1721780363552154 
6.000366939679325 4.253878779202387 NaN 1.0204747756923034 1.1721780363552154 4.253878779202387 4.186200734663511 1.0204747756923034 1.1721780363552154 
7.000290274033889 3.5427642219054523 NaN 0.5362835480441115 2.629639303245228 3.5427642219054523 3.6190193915874564 0.5362835480441115 0.43698649119770927 
8.000428364059445 2.735828536975321 NaN 1.2783672700853081 0.8990982599689357 2.735828536975321 5.054401199600504 1.2783672700853081 2.811554867798436 
9.000005280247072 3.9833794437836163 NaN 1.0905363688805565 0.8990982599689357 3.9833794437836163 5.054401199600504 1.0905363688805565 2.811554867798436 
10.00028934433651 3.348915211908662 NaN 0.5533639701760276 NaN 3.348915211908662 3.2325377329303437 0.5533639701760276 1.5171839716473263 
11.000428364059445 4.715917665218913 NaN 0.2411497322176377 1.1258527210926133 4.715917665218913 4.911754424198985 0.2411497322176377 1.1258527210926133 
12.000348199484678 4.270069353924514 NaN 1.230683228936286 1.1258527210926133 4.270069353924514 4.911754424198985 1.230683228936286 1.1258527210926133 
13.000428364059445 4.270069353924514 NaN 1.230683228936286 2.4954927729889818 4.270069353924514 3.31848980800404 1.230683228936286 1.1284903196787308 
14.000428364059445 4.255775381291354 NaN 1.2069186381263446 NaN 4.255775381291354 4.54126415659721 1.2069186381263446 3.7182671215821514 
15.000428364059445 3.8659534377281553 NaN 1.273539037238617 1.5225033915898099 3.8659534377281553 6.047911837720195 1.273539037238617 NaN 
16.000428364059445 3.736536400969234 3.845958413704002 1.0071143712530795 NaN 3.736536400969234 3.845958413704002 1.0071143712530795 NaN 
17.000028766677584 3.736536400969234 3.845958413704002 1.0071143712530795 NaN 3.736536400969234 3.845958413704002 1.0071143712530795 NaN 
18.000428364059445 4.667143942671343 3.3492085540463403 0.8878141901516337 0.8692262043561705 4.667143942671343 3.3492085540463403 0.8878141901516337 0.8692262043561705 
19.000284964876954 2.9758630190508413 3.3492085540463403 0.8373426699166338 0.8692262043561705 2.9758630190508413 3.3492085540463403 0.8373426699166338 0.8692262043561705 
20.000428364059445 4.191625072063697 3.687807646023213 0.47428261581517006 NaN 4.191625072063697 3.687807646023213 0.47428261581517006 0.741479437197686 
21.000428364059445 3.5919415988361756 4.8839883242172775 1.1697016529566078 0.7218980623788944 3.5919415988361756 4.8839883242172775 1.1697016529566078 0.7218980623788944 
22.000376501407025 3.7533702191565084 3.7256548652299095 0.9783674338481241 1.0215274565453676 3.7533702191565084 3.7256548652299095 0.9783674338481241 1.0215274565453676 
23.000245480213263 3.1702769987746784 4.831330303977364 0.979047889272703 2.8226219324342594 3.1702769987746784 4.831330303977364 0.979047889272703 2.8226219324342594 
24.000055860710564 3.935831437579118 4.831330303977364 0.6389268893296887 2.8226219324342594 3.935831437579118 4.831330303977364 0.6389268893296887 2.8226219324342594 
25.000031708400684 2.918090560201847 2.9984460571251397 1.8124151214543929 NaN 2.918090560201847 2.9984460571251397 1.8124151214543929 NaN 
26.000428364059445 4.225979179449986 3.2838020204528497 1.2442141197846333 3.2838020204528497 4.225979179449986 4.27953090718534 1.2442141197846333 NaN 
27.000428364059445 4.225979179449986 3.2838020204528497 1.2442141197846333 3.2838020204528497 4.225979179449986 4.27953090718534 1.2442141197846333 NaN 
28.000370696776123 4.214533960729728 4.7567581634309235 1.0573594897516294 1.5098268732536404 4.214533960729728 4.7567581634309235 1.0573594897516294 1.5098268732536404 
29.000428364059445 5.279254958856004 4.7567581634309235 0.6491243448998318 1.5098268732536404 5.279254958856004 4.7567581634309235 0.6491243448998318 1.5098268732536404 
30.000428364059445 4.659688657371468 6.395700953457585 0.26670487430653367 3.1487696632803015 4.659688657371468 6.395700953457585 0.26670487430653367 NaN 
31.000059541735222 4.456175734412003 7.633283144932044 1.3442768014072684 0.9708773171679255 4.456175734412003 7.633283144932044 1.3442768014072684 0.9708773171679255 
32.000081110645866 4.008790933747473 6.977060120701136 1.1322659522463532 NaN 4.008790933747473 6.977060120701136 1.1322659522463532 NaN 
33.000215536222655 3.206489535110652 6.977060120701136 0.6860876969379568 NaN 3.206489535110652 6.977060120701136 0.6860876969379568 NaN 
34.00035526082772 3.2774571006272275 5.990418284266216 0.5791604510885762 NaN 3.2774571006272275 5.990418284266216 0.5791604510885762 NaN 
35.00008575821054 4.141344173023025 3.335344092002984 1.443047523484374 1.1901529436221097 4.141344173023025 3.335344092002984 1.443047523484374 1.1901529436221097 
36.000026176617645 4.059582484669914 3.335344092002984 0.8747920871188128 1.1901529436221097 4.059582484669914 3.335344092002984 0.8747920871188128 1.1901529436221097 
37.00001835136134 4.740105669596655 4.263688180094405 1.5553152720455543 2.955138423103371 4.740105669596655 4.263688180094405 1.5553152720455543 0.8901933923624483 
38.000428364059445 5.471727370070109 4.200473087793647 0.5219514930377471 0.7233831716525287 5.471727370070109 4.200473087793647 0.5219514930377471 0.7233831716525287 
39.000428364059445 5.523395516448332 4.200473087793647 0.7437619775661091 0.7233831716525287 5.523395516448332 4.200473087793647 0.7437619775661091 0.7233831716525287 
40.00003336279784 4.3301164458102335 3.4954590829582557 1.3197963016386964 1.0348452839046303 4.3301164458102335 3.4954590829582557 1.3197963016386964 1.0348452839046303 
41.000428364059445 3.4802693899687966 4.3810325582460905 0.8750036993729893 1.6062313844814113 3.4802693899687966 4.3810325582460905 0.8750036993729893 1.6062313844814113 
42.00028070189888 4.80713235078705 4.3810325582460905 0.6357699999766666 1.6062313844814113 4.80713235078705 4.3810325582460905 0.6357699999766666 1.6062313844814113 
43.000428364059445 4.356419773569421 4.036592935043977 1.430392087449313 1.2185572265133118 4.356419773569421 4.036592935043977 1.430392087449313 NaN 
44.000428364059445 4.338670458734036 2.567561415219366 0.9182465720294815 0.43075761667657275 4.338670458734036 2.567561415219366 0.9182465720294815 0.43075761667657275 
45.000428364059445 4.97919232853269 2.567561415219366 1.5587684418281356 0.43075761667657275 4.97919232853269 2.567561415219366 1.5587684418281356 0.43075761667657275 
46.000428364059445 4.65581135761564 4.0499428799002 1.4524799424196075 1.272617211558753 4.65581135761564 4.0499428799002 1.4524799424196075 1.9131390813574072 
47.00030088534056 5.7237729271404305 4.0499428799002 1.0380600472635635 1.272617211558753 5.7237729271404305 4.0499428799002 1.0380600472635635 1.9131390813574072 
48.000428364059445 3.9696506765945188 5.931911431925215 0.6053006598886697 3.795107633382422 3.9696506765945188 5.931911431925215 0.6053006598886697 0.8439085047614512 
49.00013647299536 4.946771623168701 3.375035708171964 0.11925597257712894 0.857864973997053 4.946771623168701 3.375035708171964 0.11925597257712894 0.857864973997053 
50.000161112373526 4.946771623168701 3.375035708171964 0.11925597257712894 0.857864973997053 4.946771623168701 3.375035708171964 0.11925597257712894 0.857864973997053 
51.000428364059445 5.167436902715643 5.02807475786566 1.8223027168049057 NaN 5.167436902715643 5.02807475786566 1.8223027168049057 2.510904023690749 
52.000198916738654 4.463597863422997 6.229776395440545 0.1456915422686933 1.0324379704636755 4.463597863422997 6.229776395440545 0.1456915422686933 1.0324379704636755 
53.00004383489719 4.002682400760506 6.229776395440545 1.1479417134919245 1.0324379704636755 4.002682400760506 6.229776395440545 1.1479417134919245 1.0324379704636755 
54.00004064680362 4.002682400760506 2.6534193257747916 1.1479417134919245 0.47303964181919156 4.002682400760506 2.6534193257747916 1.1479417134919245 0.47303964181919156 
55.000428364059445 3.679715854838136 2.9181408784904193 0.8570328619521348 1.915890707267188 3.679715854838136 2.9181408784904193 0.8570328619521348 2.9181408784904193 
56.000428364059445 3.63472679983024 2.9181408784904193 0.5708943790711274 1.915890707267188 3.63472679983024 2.9181408784904193 0.5708943790711274 2.9181408784904193 
57.000428364059445 5.014672560668046 4.449551959553574 0.41942905884577897 0.9605167019920273 5.014672560668046 4.449551959553574 0.41942905884577897 0.9605167019920273 
58.000144670906735 4.33396634162083 3.369296203235997 1.3597041951096784 0.8326378598312019 4.33396634162083 3.369296203235997 1.3597041951096784 0.8326378598312019 
59.000428364059445 5.420520751319387 3.369296203235997 1.194191686131255 0.8326378598312019 5.420520751319387 3.369296203235997 1.194191686131255 0.8326378598312019 
60.000428364059445 4.8819970092897265 3.7679278767742588 0.5431747534443403 NaN 4.8819970092897265 3.7679278767742588 0.5431747534443403 NaN 
61.000428364059445 5.647512532698514 4.073859215653528 1.3086902768531274 1.1427023462727348 5.647512532698514 4.073859215653528 1.3086902768531274 1.1427023462727348 
62.000428364059445 4.033277106757872 4.073859215653528 0.7920557509355461 1.1427023462727348 4.033277106757872 4.073859215653528 0.7920557509355461 1.1427023462727348 
63.000428364059445 3.6782235969282056 5.398515065541893 0.6676906473227646 0.5326000989528197 3.6782235969282056 5.398515065541893 0.6676906473227646 0.5326000989528197 
64.00008113931031 4.512703763950981 6.808441362736723 1.50217081434554 0.7422356498720646 4.512703763950981 6.808441362736723 1.50217081434554 0.7422356498720646 
65.00007305798596 3.5679525361813873 6.808441362736723 0.8333703890981923 0.7422356498720646 3.5679525361813873 6.808441362736723 0.8333703890981923 0.7422356498720646 
66.00037820890243 3.951736398352324 6.541937224604375 0.7814846933273856 1.6680808906793985 3.951736398352324 6.541937224604375 0.7814846933273856 1.6680808906793985 
67.00042836405945 4.6853002178250165 2.8820208327023025 0.3011085707771741 0.43245524869551843 4.6853002178250165 2.8820208327023025 0.3011085707771741 0.43245524869551843 
68.00042836405945 4.6853002178250165 2.8820208327023025 0.3011085707771741 0.43245524869551843 4.6853002178250165 2.8820208327023025 0.3011085707771741 0.43245524869551843 
69.00042836405945 4.656045163207722 4.584869277343223 1.6817798133547086 1.4017398738637468 4.656045163207722 4.584869277343223 1.6817798133547086 1.4017398738637468 
70.00042836405945 4.1585385820277025 3.631881612164321 1.2417501953638777 2.8983177926916284 4.1585385820277025 3.631881612164321 1.2417501953638777 1.5176465501140939 
71.00042836405945 3.9230051357168065 4.904382295358786 0.723578772248004 0.5489219109464614 3.9230051357168065 4.904382295358786 0.723578772248004 0.5489219109464614 
72.00042836405945 3.4963116301470905 4.904382295358786 0.7272330281247434 0.5489219109464614 3.4963116301470905 4.904382295358786 0.7272330281247434 0.5489219109464614 
73.00042836405945 3.1161814871704365 4.302381041586401 0.33144699569812985 0.7850007801530978 3.1161814871704365 4.302381041586401 0.33144699569812985 0.7850007801530978 
74.00042836405945 4.307827461423841 4.302381041586401 1.5230929699515343 0.7850007801530978 4.307827461423841 4.302381041586401 1.5230929699515343 0.7850007801530978 
75.00042836405945 4.307827461423841 4.868425865351 1.5230929699515343 NaN 4.307827461423841 4.868425865351 1.5230929699515343 0.30577068046315503 
76.00042836405945 4.145363559898456 3.2249653922217334 0.8042661012059256 0.9232826362992483 4.145363559898456 3.2249653922217334 0.8042661012059256 0.9232826362992483 
77.0000219481923 5.182632826539987 3.2249653922217334 1.841535367847456 0.9232826362992483 5.182632826539987 3.2249653922217334 1.841535367847456 0.9232826362992483 
78.00042836405945 4.887007118348848 4.5948554598819555 1.3305947304289845 NaN 4.887007118348848 4.5948554598819555 1.3305947304289845 1.25590343731794 
79.00042836405945 4.280010185834229 3.682411887429481 1.1825713806688327 NaN 4.280010185834229 3.682411887429481 1.1825713806688327 2.6451426207879507 
80.00042836405945 2.4719709716431595 3.6365825902559266 1.0827317881731489 1.1981077722691538 2.4719709716431595 3.6365825902559266 1.0827317881731489 1.1981077722691538 
81.00042836405945 2.4719709716431595 3.6365825902559266 1.0827317881731489 1.1981077722691538 2.4719709716431595 3.6365825902559266 1.0827317881731489 1.1981077722691538 
82.00042836405945 NaN NaN NaN NaN NaN NaN NaN NaN 
83.00042836405945 NaN NaN 1.6634831973973263 NaN NaN NaN 1.6634831973973263 1.1093773071190753 
84.00042836405945 NaN NaN 1.6634831973973263 NaN NaN NaN 1.6634831973973263 1.9644793686988322 
85.00010050273646 NaN NaN 0.34234579995383285 NaN NaN NaN 0.34234579995383285 2.8154217280250577 
86.00042836405945 NaN NaN 0.34234579995383285 0.5516278451403167 NaN NaN 0.34234579995383285 NaN 
87.00042836405945 3.577508824809698 NaN 0.9774907588095658 1.5732522741919155 3.577508824809698 4.731019802170806 0.9774907588095658 NaN 
88.00042836405945 3.5450375267394065 NaN 0.7132549577335396 3.3722840832235192 3.5450375267394065 6.53005161120241 0.7132549577335396 NaN 
89.00042836405945 3.5450375267394065 NaN 0.7132549577335396 3.3722840832235192 3.5450375267394065 6.53005161120241 0.7132549577335396 NaN 
90.00042836405945 4.290586085101538 NaN 1.469929847018335 4.702118240846886 4.290586085101538 7.859885768825777 1.469929847018335 NaN 
91.00033797034388 4.492851437620928 NaN 1.3639854709659573 6.087825307994208 4.492851437620928 NaN 1.3639854709659573 1.245611377752354 
92.00001928724383 4.808654908540447 NaN 1.2102663695982727 6.087825307994208 4.808654908540447 NaN 1.2102663695982727 1.245611377752354 
93.00042836405945 4.808654908540447 NaN 1.2102663695982727 1.491644625573926 4.808654908540447 NaN 1.2102663695982727 0.2596566597942882 
94.000068670078 5.157414314864724 NaN 0.9719500607014737 NaN 5.157414314864724 NaN 0.9719500607014737 1.4454537499738649 
95.00006047478769 3.9242679478118987 NaN 0.48247781861658723 NaN 3.9242679478118987 NaN 0.48247781861658723 NaN 
96.00024955671967 2.675129863287907 4.838113101124449 0.5144584779169605 NaN 2.675129863287907 4.838113101124449 0.5144584779169605 NaN 
97.00042836405945 2.675129863287907 5.579707338990275 0.5144584779169605 NaN 2.675129863287907 5.579707338990275 0.5144584779169605 NaN 
98.00042836405945 3.8231883598699454 NaN 0.5053223286594175 1.4288061775457948 3.8231883598699454 NaN 0.5053223286594175 NaN 
99.00013219318366 3.8231883598699454 NaN 0.5053223286594175 2.1796634773901644 3.8231883598699454 NaN 0.5053223286594175 NaN 
100.00042836405945 3.3696811171479766 NaN 1.4171533997066774 1.3160516465471943 3.3696811171479766 NaN 1.4171533997066774 1.3160516465471943 
101.00006412053699 3.525026163015326 NaN 1.7036521878087143 NaN 3.525026163015326 NaN 1.7036521878087143 2.7435701394092007 
102.00026805125597 3.525026163015326 NaN 1.7036521878087143 NaN 3.525026163015326 NaN 1.7036521878087143 0.6877975499792655 
103.00013513545332 4.465886009010077 NaN 1.0039195958598555 3.3282827555306795 4.465886009010077 NaN 1.0039195958598555 0.2795501462272796 
104.00027298457715 4.465886009010077 NaN 1.0039195958598555 4.301128222015748 4.465886009010077 NaN 1.0039195958598555 1.2523956127123483 
105.00042836405945 3.605562834273357 NaN 0.3853163807751798 0.6984399292977059 3.605562834273357 NaN 0.3853163807751798 NaN 
106.00030169734355 4.260570277238955 NaN 0.9204987585938653 NaN 4.260570277238955 NaN 0.9204987585938653 NaN 
107.00042836405945 4.260570277238955 NaN 0.9204987585938653 NaN 4.260570277238955 NaN 0.9204987585938653 0.9595194903256328 
108.00042836405945 3.631673539935946 NaN 0.667898980943562 0.47391958235297693 3.631673539935946 NaN 0.667898980943562 0.47391958235297693 
109.00020050156131 3.631673539935946 NaN 0.667898980943562 1.3722901350721486 3.631673539935946 NaN 0.667898980943562 1.3722901350721486 
110.00006384126598 4.1484328723225445 NaN 1.1265960601065075 1.3722901350721486 4.1484328723225445 NaN 1.1265960601065075 1.3722901350721486 
111.00042836405945 4.0025260689982645 NaN 0.6688689975621713 NaN 4.0025260689982645 NaN 0.6688689975621713 1.7504882313693173 
112.00019113807073 4.0025260689982645 4.004260763639351 0.6688689975621713 0.6696336755846488 4.0025260689982645 5.631679234908546 0.6688689975621713 0.6696336755846488 
113.00030663993357 2.4610989980415354 5.339903065738895 1.1225963248947153 NaN 2.4610989980415354 6.96732153700809 1.1225963248947153 NaN 
114.00042836405945 2.4610989980415354 6.342763583201517 1.1225963248947153 1.2159064946674505 2.4610989980415354 7.970182054470712 1.1225963248947153 1.2159064946674505 
115.00042836405945 2.8587810197650043 6.986667347325152 0.5202782002028385 1.8598102587910859 2.8587810197650043 8.614085818594347 0.5202782002028385 1.8598102587910859 
116.00042836405945 2.8587810197650043 8.240828952755521 0.5202782002028385 1.3777871693511656 2.8587810197650043 NaN 0.5202782002028385 1.3777871693511656 
117.00042836405945 3.29544911988917 8.240828952755521 0.39452323287254387 1.3777871693511656 3.29544911988917 NaN 0.39452323287254387 1.3777871693511656 
118.00042836405945 3.1754555394598327 9.510264259102414 0.6518586276825715 NaN 3.1754555394598327 NaN 0.6518586276825715 NaN 
119.000372622456 3.1754555394598327 11.492884534556254 0.6518586276825715 1.3307616477712685 3.1754555394598327 NaN 0.6518586276825715 NaN 
120.00042836405945 4.935341659794062 11.492884534556254 0.42912447256296105 1.3307616477712685 4.935341659794062 NaN 0.42912447256296105 NaN 
121.0002273452424 3.710430032023524 4.069638125437152 0.5157039800607208 0.7829813039460021 3.710430032023524 4.069638125437152 0.5157039800607208 0.7829813039460021 
122.00042836405945 3.710430032023524 4.0039300402297755 0.5157039800607208 NaN 3.710430032023524 4.0039300402297755 0.5157039800607208 NaN 
123.00021880912779 4.204372443187765 6.779250217311272 0.5403070200644464 0.7082424558601303 4.204372443187765 6.779250217311272 0.5403070200644464 0.7082424558601303 
124.00042836405945 3.4611604592527243 6.779250217311272 0.7515483673786036 0.7082424558601303 3.4611604592527243 6.779250217311272 0.7515483673786036 0.7082424558601303 
125.00042836405945 3.4611604592527243 6.4622076848265095 0.7515483673786036 0.4581798012935536 3.4611604592527243 6.4622076848265095 0.7515483673786036 0.4581798012935536 
126.00009381761967 3.6477733040497924 7.466839522693718 0.18486382158585002 NaN 3.6477733040497924 7.466839522693718 0.18486382158585002 NaN 
127.00034336719138 3.947651325122564 4.249472188243288 0.4064215927394059 1.1420059042579425 3.947651325122564 4.249472188243288 0.4064215927394059 1.1420059042579425 
128.00042836405945 3.3350947326304947 5.147560863944349 1.003593168919494 0.49166708296165496 3.3350947326304947 5.147560863944349 1.003593168919494 0.49166708296165496 
129.00042836405945 3.2959170302089547 6.327980434727394 1.0709586286641013 1.0749150775646115 3.2959170302089547 6.327980434727394 1.0709586286641013 1.0749150775646115 
130.00042836405945 3.391800441013217 2.9800500216957886 1.3132921945291116 2.3828784455157006 3.391800441013217 2.9800500216957886 1.3132921945291116 2.3828784455157006 
131.00017495041283 3.391800441013217 2.9800500216957886 1.3132921945291116 2.3828784455157006 3.391800441013217 2.9800500216957886 1.3132921945291116 2.3828784455157006 
132.00010259147345 4.166082397635023 3.6746991127145066 0.3858787917020834 1.2864918406207835 4.166082397635023 3.6746991127145066 0.3858787917020834 NaN 
133.00042836405945 4.3833982337851864 5.133515529841702 0.3247977815080958 2.745308257747979 4.3833982337851864 5.133515529841702 0.3247977815080958 NaN 
134.00042836405945 4.3833982337851864 5.009517301918294 0.3247977815080958 0.516658126014164 4.3833982337851864 5.009517301918294 0.3247977815080958 0.516658126014164 
135.00013745596783 3.5725346476187667 7.638087999491333 0.20631733702202837 1.582603111961447 3.5725346476187667 6.075462287865577 0.20631733702202837 1.582603111961447 
136.0001561372909 3.5725346476187667 8.81360839081917 0.20631733702202837 2.7581235032892835 3.5725346476187667 7.250982679193413 0.20631733702202837 2.7581235032892835 
137.00042836405945 3.6313094857392514 5.349365823992457 0.5483882009418721 0.6451187128280935 3.6313094857392514 5.349365823992457 0.5483882009418721 0.6451187128280935 
138.00042836405945 4.061960349650974 5.07185317388263 0.6269880586058889 NaN 4.061960349650974 5.07185317388263 0.6269880586058889 NaN 
139.00042836405945 4.061960349650974 5.07185317388263 0.6269880586058889 NaN 4.061960349650974 5.07185317388263 0.6269880586058889 NaN 
140.00004696867924 4.822549376335644 6.106174514519466 0.2989779737776246 NaN 4.822549376335644 6.106174514519466 0.2989779737776246 NaN 
141.00042836405945 2.9208468991550376 3.824813819680969 0.8613745491255429 0.7261730356150338 2.9208468991550376 3.824813819680969 0.8613745491255429 0.7261730356150338 
142.00042836405945 2.9208468991550376 4.981875157918552 0.8613745491255429 1.8832343738526163 2.9208468991550376 4.981875157918552 0.8613745491255429 1.8832343738526163 
143.00042836405945 3.7176312048160867 2.951050689260569 0.46760254177789307 1.3635031045199923 3.7176312048160867 2.951050689260569 0.46760254177789307 1.3635031045199923 
144.00042836405945 3.7176312048160867 4.44534136989185 0.46760254177789307 1.0266881388533875 3.7176312048160867 4.44534136989185 0.46760254177789307 1.0266881388533875 
145.00042836405945 3.217922289924644 5.64976545639945 0.6558152938854107 2.231112225360988 3.217922289924644 5.64976545639945 0.6558152938854107 2.231112225360988 
146.00025710967162 4.422799367662037 5.64976545639945 0.6562682851152033 2.231112225360988 4.422799367662037 5.64976545639945 0.6562682851152033 2.231112225360988 
147.00023264549446 4.422799367662037 6.961574668524946 0.6562682851152033 0.6555409270102928 4.422799367662037 6.961574668524946 0.6562682851152033 0.6555409270102928 
148.00042836405945 3.708637809303866 NaN 0.8719125770092262 0.6131676141594937 3.708637809303866 11.545295643759601 0.8719125770092262 2.1406211181790127 
149.00042836405945 3.066662694474303 NaN 0.8218200796702035 0.6131676141594937 3.066662694474303 11.545295643759601 0.8218200796702035 2.1406211181790127 
150.00003578367227 2.199267624863637 4.5865604994040154 0.406158532885911 0.9712890123075226 2.199267624863637 4.5865604994040154 0.406158532885911 0.9712890123075226 
151.0001481918398 3.206062363674988 5.736573009111112 0.8149875504802822 2.121301522014619 3.206062363674988 5.736573009111112 0.8149875504802822 0.7438539768211854 
152.00028988568943 3.206062363674988 3.967298721070364 0.8149875504802822 3.084357815730783 3.206062363674988 3.967298721070364 0.8149875504802822 1.7069102705373496 
153.00042836405945 3.22647670177048 5.005680889860315 1.1134078983472193 NaN 3.22647670177048 5.005680889860315 1.1134078983472193 NaN 
154.00042836405945 3.043327338934944 5.17557962557882 1.0418888764288283 0.9778139115008173 3.043327338934944 5.17557962557882 1.0418888764288283 0.9778139115008173 
155.00042836405945 4.461933094262292 3.3323034940378875 0.3146420497441227 1.1039637055832259 4.461933094262292 3.3323034940378875 0.3146420497441227 1.1039637055832259 
156.00042836405945 3.8140908593258303 4.688893957008048 0.31164781434361544 1.041948413226038 3.8140908593258303 4.688893957008048 0.31164781434361544 1.041948413226038 
157.00041957739083 3.8140908593258303 4.004251096194963 0.31164781434361544 0.2651859664264009 3.8140908593258303 4.004251096194963 0.31164781434361544 0.2651859664264009 
158.00042836405945 4.010404164774457 6.9350770253190035 0.9839669800803108 NaN 4.010404164774457 5.673600383735902 0.9839669800803108 NaN 
159.00042836405945 2.719634124979393 7.611259020664079 0.37410284209337874 NaN 2.719634124979393 7.611259020664079 0.37410284209337874 NaN 
160.00023676821573 2.719634124979393 8.5898291111111 0.37410284209337874 NaN 2.719634124979393 8.5898291111111 0.37410284209337874 NaN 
161.00042836405945 4.286351356537551 NaN 0.962249983204515 NaN 4.286351356537551 NaN 0.962249983204515 NaN 
162.00002672887268 4.286351356537551 4.314483250202613 0.962249983204515 NaN 4.286351356537551 NaN 0.962249983204515 NaN 
163.0001012127848 3.384923978415628 3.779895186381424 1.4105751214657403 NaN 3.384923978415628 3.779895186381424 1.4105751214657403 NaN 
164.00033740853115 3.384923978415628 3.779895186381424 1.4105751214657403 NaN 3.384923978415628 3.779895186381424 1.4105751214657403 NaN 
165.00006022435656 4.562574544126505 5.072354611792093 0.9109499419943461 1.082963385022822 4.562574544126505 5.072354611792093 0.9109499419943461 1.082963385022822 
166.00007140807085 4.562574544126505 3.6336349871238554 0.9109499419943461 0.8575455628020165 4.562574544126505 3.6336349871238554 0.9109499419943461 0.8575455628020165 
167.00042836405945 5.035901098554575 3.6336349871238554 0.7738670872696503 0.8575455628020165 5.035901098554575 3.6336349871238554 0.7738670872696503 0.8575455628020165 
168.00029674969534 3.524567831510751 5.012912210869018 0.3767951029692256 2.2368227865471795 3.524567831510751 5.012912210869018 0.3767951029692256 2.2368227865471795 
169.00042836405945 3.1563218494640353 5.379615240390706 0.628165498892514 0.7720840238571327 3.1563218494640353 6.161791337695377 0.628165498892514 0.7720840238571327 
170.00042836405945 3.1563218494640353 6.292357652193431 0.628165498892514 0.2845769129102109 3.1563218494640353 7.0745337494981015 0.628165498892514 0.2845769129102109 
171.00022684205865 4.4669954663695535 3.9032345607071193 1.0260967039953073 NaN 4.4669954663695535 3.9032345607071193 1.0260967039953073 NaN 
172.00042836405945 2.9530552972050543 4.366974049032791 0.804109999799806 NaN 2.9530552972050543 4.366974049032791 0.804109999799806 NaN 
173.00042836405945 2.9530552972050543 4.366974049032791 0.804109999799806 NaN 2.9530552972050543 4.366974049032791 0.804109999799806 NaN 
174.00042836405945 3.82374110743703 5.7777394754774605 1.1415934940640966 2.0526001544152734 3.82374110743703 5.7777394754774605 1.1415934940640966 0.2691719323805728 
175.00027917693754 4.055030648473121 3.9902880093840167 0.2748488206963202 1.192643605942294 4.055030648473121 3.9902880093840167 0.2748488206963202 1.192643605942294 
176.00042836405945 4.055030648473121 4.25579693761631 0.2748488206963202 1.0048762889429952 4.055030648473121 4.25579693761631 0.2748488206963202 1.0048762889429952 
177.00042836405945 2.8306705816413853 3.6523721960830073 0.6274737984403487 NaN 2.8306705816413853 3.6523721960830073 0.6274737984403487 NaN 
178.00042836405945 3.5020171190626 3.2877699890862857 1.0422885289218868 3.2877699890862857 3.5020171190626 3.2877699890862857 1.0422885289218868 NaN 
179.00042836405945 4.2449951463998445 4.401965471011579 0.6823763366172386 1.1747971726452988 4.2449951463998445 4.401965471011579 0.6823763366172386 1.1747971726452988 
180.00042836405945 4.2449951463998445 4.401965471011579 0.6823763366172386 1.1747971726452988 4.2449951463998445 4.401965471011579 0.6823763366172386 1.1747971726452988 
181.0000186176565 2.2140776695157456 5.987774689138178 1.0998821875904525 NaN 2.2140776695157456 4.355424601754834 1.0998821875904525 0.4859270305361463 
182.00006411007783 3.758339388241893 3.25756086437201 1.0583346881900013 4.000538891709255 3.758339388241893 3.25756086437201 1.0583346881900013 NaN 
183.00042836405945 3.758339388241893 3.25756086437201 1.0583346881900013 4.000538891709255 3.758339388241893 3.25756086437201 1.0583346881900013 NaN 
184.00042836405945 2.8211617696557028 4.949519622759993 1.5812292687183458 5.692497650097238 2.8211617696557028 4.949519622759993 1.5812292687183458 NaN 
185.0000407197945 2.8211617696557028 4.692365629334205 1.5812292687183458 NaN 2.8211617696557028 4.692365629334205 1.5812292687183458 NaN 
186.00042836405945 3.4000739907585 4.692365629334205 0.4335678928977984 NaN 3.4000739907585 4.692365629334205 0.4335678928977984 NaN 
187.00042836405945 3.2998214294261743 8.49472855458302 0.49759052494039224 1.0941156721152652 3.2998214294261743 8.49472855458302 0.49759052494039224 1.0941156721152652 
188.00042836405945 3.2998214294261743 4.40428917686782 0.49759052494039224 0.9937382577720086 3.2998214294261743 4.40428917686782 0.49759052494039224 0.9937382577720086 
189.00034327831787 3.5852092857346918 5.530862551108129 0.5661969380092273 2.120311632012317 3.5852092857346918 5.530862551108129 0.5661969380092273 0.5603764362310812 
190.0001758367158 3.5852092857346918 6.625000387465576 0.5661969380092273 3.2144494683697644 3.5852092857346918 6.625000387465576 0.5661969380092273 1.6545142725885285 
191.00022502180994 3.8642534737741414 7.400984673061913 1.246351316821432 0.6237708051323523 3.8642534737741414 7.400984673061913 1.246351316821432 0.6237708051323523 
192.00011411440028 4.195996126808666 NaN 0.07872346772811056 NaN 4.195996126808666 NaN 0.07872346772811056 NaN 
193.00042836405945 4.195996126808666 NaN 0.07872346772811056 NaN 4.195996126808666 NaN 0.07872346772811056 NaN 
194.00034102139907 3.481543079295875 4.843555760824017 0.2925015910603861 NaN 3.481543079295875 4.843555760824017 0.2925015910603861 NaN 
195.00020397013265 3.481543079295875 6.207321156368096 0.2925015910603861 NaN 3.481543079295875 6.207321156368096 0.2925015910603861 NaN 
196.0000587042683 3.2321542509993435 NaN 0.5759088157025758 0.7286894720365922 3.2321542509993435 NaN 0.5759088157025758 0.7286894720365922 
197.0001235084431 4.772475568283852 NaN 0.8116318452479163 1.882423755554072 4.772475568283852 NaN 0.8116318452479163 NaN 
198.00000781679688 4.772475568283852 NaN 0.8116318452479163 1.882423755554072 4.772475568283852 NaN 0.8116318452479163 NaN 
199.00032412634354 3.492097104219681 NaN 1.0337645329630334 3.422117713135833 3.492097104219681 NaN 1.0337645329630334 0.5059294246187278 
200.00042836405945 3.6833000958250466 NaN 0.9898718547258056 0.45197560075121146 3.6833000958250466 NaN 0.9898718547258056 0.45197560075121146 
201.00042836405945 3.6833000958250466 NaN 0.9898718547258056 0.45197560075121146 3.6833000958250466 NaN 0.9898718547258056 0.45197560075121146 
202.0002695730491 NaN NaN 0.6378900190451304 NaN NaN NaN 0.6378900190451304 NaN 
203.00042836405945 NaN NaN 0.6378900190451304 NaN NaN NaN 0.6378900190451304 NaN 
204.00042836405945 NaN NaN 0.6881868075620616 NaN NaN NaN 0.6881868075620616 NaN 
205.00042836405945 NaN NaN 0.2003670114587237 NaN NaN NaN 0.2003670114587237 0.8970374604493543 
206.00042836405945 4.00329844017898 NaN 1.1038082855216942 2.1203369418137754 4.00329844017898 NaN 1.1038082855216942 2.1203369418137754 
207.00042836405945 3.67686723834899 NaN 0.8683434889731529 0.692370889337127 3.67686723834899 NaN 0.8683434889731529 0.692370889337127 
208.00042836405945 3.230656907076394 NaN 0.44664304740169314 0.692370889337127 3.230656907076394 NaN 0.44664304740169314 0.692370889337127 
209.00042836405945 4.118413756017873 NaN 1.3343998963431716 3.1547372945711913 4.118413756017873 4.058178568634162 1.3343998963431716 3.1547372945711913 
210.00004592807772 5.3475587466617185 NaN 1.089013166568833 NaN 5.3475587466617185 4.477841984019989 1.089013166568833 NaN 
211.00042836405945 3.871142134543419 NaN 1.073505724676437 1.5098643229181334 3.871142134543419 3.6267661625034577 1.073505724676437 NaN 
212.00042836405945 3.871142134543419 NaN 1.073505724676437 1.5098643229181334 3.871142134543419 3.6267661625034577 1.073505724676437 NaN 
213.0002093827703 5.193231735515326 NaN 1.119822525610175 NaN 5.193231735515326 4.988753977563135 1.119822525610175 0.24216528944950255 
214.00042836405945 4.901132615498199 NaN 0.9402673109515547 1.4960490890644849 4.901132615498199 6.242637777178118 0.9402673109515547 NaN 
215.00042836405945 3.756655968511467 NaN 1.140784353836807 1.4960490890644849 3.756655968511467 6.242637777178118 1.140784353836807 NaN 
216.00004997595346 3.756655968511467 4.915203353126998 1.140784353836807 0.7121436888175765 3.756655968511467 4.915203353126998 1.140784353836807 0.7121436888175765 
217.00042836405945 3.80077182225088 NaN 0.6939599799815142 0.707811471632823 3.80077182225088 6.316974804741335 0.6939599799815142 0.707811471632823 
218.0001544526147 4.830517749480379 NaN 0.32193445559667566 0.707811471632823 4.830517749480379 6.316974804741335 0.32193445559667566 0.707811471632823 
219.0000797206661 4.7725099731912906 3.713341830488872 1.51781047892257 1.2774922344602828 4.7725099731912906 3.713341830488872 1.51781047892257 1.2774922344602828 
220.00042836405945 5.712037795774279 3.8630763199720093 0.8579116114485998 NaN 5.712037795774279 3.8630763199720093 0.8579116114485998 0.697926546833628 
221.00042836405945 3.95976103305901 3.8630763199720093 0.8044961847198238 NaN 3.95976103305901 3.8630763199720093 0.8044961847198238 0.697926546833628 
222.00042836405945 4.992296189921348 2.974451438189135 0.5000342728096427 0.5325008840526948 4.992296189921348 2.974451438189135 0.5000342728096427 0.5325008840526948 
223.00042836405945 4.992296189921348 4.574966214624737 0.5000342728096427 1.1004805036259597 4.992296189921348 4.574966214624737 0.5000342728096427 1.1004805036259597 
224.00042836405945 3.835128405975979 4.574966214624737 0.8976165607678581 1.1004805036259597 3.835128405975979 4.574966214624737 0.8976165607678581 1.1004805036259597 
225.0001419396516 4.445339924971506 3.570170080539782 1.5078280797633852 NaN 4.445339924971506 3.570170080539782 1.5078280797633852 NaN 
226.00042836405945 4.45621790546258 3.570170080539782 1.418548708975493 NaN 4.45621790546258 3.570170080539782 1.418548708975493 NaN 
227.00042836405945 4.023787000742459 2.40835933606499 0.7178111039096109 NaN 4.023787000742459 2.40835933606499 0.7178111039096109 0.45027276780587044 
228.00042836405945 4.023787000742459 3.7224392380470306 0.7178111039096109 NaN 4.023787000742459 3.7224392380470306 0.7178111039096109 NaN 
229.00042836405945 3.780599106181768 4.364001232945242 0.5976977274183639 1.848042311966168 3.780599106181768 4.364001232945242 0.5976977274183639 1.848042311966168 
230.00001956340753 4.710820900898881 4.364001232945242 1.5279195221354769 1.848042311966168 4.710820900898881 4.364001232945242 1.5279195221354769 1.848042311966168 
231.0001620694414 2.826308283629487 4.655215896055381 1.5745347697357488 3.4871320243398998 2.826308283629487 4.655215896055381 1.5745347697357488 NaN 
232.00030753053548 3.9735807772568137 3.190872448237542 1.0827175509893436 0.9622618920264188 3.9735807772568137 3.190872448237542 1.0827175509893436 0.9622618920264188 
233.00042836405945 4.1266260901682585 3.190872448237542 1.589829428406091 0.9622618920264188 4.1266260901682585 3.190872448237542 1.589829428406091 0.9622618920264188 
234.0001139639722 4.1266260901682585 4.98789673439606 1.589829428406091 1.6120136845576098 4.1266260901682585 4.98789673439606 1.589829428406091 1.6120136845576098 
235.00042836405945 3.592663984644787 4.144857551881643 0.8979327490978335 2.997585058254316 3.592663984644787 4.144857551881643 0.8979327490978335 0.48763862459887264 
236.00042836405945 3.7204966560892387 4.144857551881643 0.5379009962340149 2.997585058254316 3.7204966560892387 4.144857551881643 0.5379009962340149 0.48763862459887264 
237.00003574536393 3.4026233670907686 5.998815090873279 2.0170519933940625 1.3160565427576216 3.4026233670907686 5.998815090873279 2.0170519933940625 1.3160565427576216 
238.00042836405945 4.103493368185553 3.678931581929504 0.8639644554972108 2.6533919610966166 4.103493368185553 3.678931581929504 0.8639644554972108 1.174240963936569 
239.0003729344752 3.8850802749787476 3.678931581929504 0.6937873176481162 2.6533919610966166 3.8850802749787476 3.678931581929504 0.6937873176481162 1.174240963936569 
240.0000350930846 4.905072507252527 5.379059331636256 1.7137795499218953 1.0063404320586358 4.905072507252527 5.379059331636256 1.7137795499218953 1.0063404320586358 
241.00041159649678 4.183790605892909 4.415245152392032 1.1463274378471624 2.547216870807347 4.183790605892909 4.415245152392032 1.1463274378471624 1.5272246385335677 
242.0002139901997 4.060688267844824 4.415245152392032 0.8196840793893614 2.547216870807347 4.060688267844824 4.415245152392032 0.8196840793893614 1.5272246385335677 
243.000158228537 3.4026141810285537 6.188132257105195 1.8617377422798427 2.167436105614712 3.4026141810285537 6.188132257105195 1.8617377422798427 3.300111743246731 
244.00041638005933 3.4026141810285537 6.188132257105195 1.8617377422798427 2.167436105614712 3.4026141810285537 6.188132257105195 1.8617377422798427 3.300111743246731 
245.00042836405945 4.847335088273809 4.740740814291826 1.5335715448119345 3.6080651766598066 4.847335088273809 4.740740814291826 1.5335715448119345 NaN 
246.00011813368843 4.647412063471194 5.206662019526192 1.4338958877129357 5.206662019526192 4.647412063471194 3.992428939235282 1.4338958877129357 1.5056543690995454 
247.00042836405945 4.266656976226756 5.206662019526192 1.2274310623152758 5.206662019526192 4.266656976226756 3.992428939235282 1.2274310623152758 1.5056543690995454 
248.00042836405945 3.6829656587076727 4.764918849587957 2.0843688158412874 7.021205592769348 3.6829656587076727 4.764918849587957 2.0843688158412874 0.5871125109278807 
249.00042836405945 4.601955323805981 6.037792572168797 1.1888149076964396 NaN 4.601955323805981 6.037792572168797 1.1888149076964396 1.859986233508721 
250.00026306098962 5.33475858908804 6.037792572168797 0.6487444503976576 NaN 5.33475858908804 6.037792572168797 0.6487444503976576 1.859986233508721 
251.00026936558345 4.5926879885690255 NaN 1.5052706927450288 1.4688184497498185 4.5926879885690255 NaN 1.5052706927450288 3.244745868374139 
252.00031015915116 3.7009449698396395 2.5106520979262257 1.0433116123933814 NaN 3.7009449698396395 2.5106520979262257 1.0433116123933814 NaN 
253.00042836405945 4.15167505960946 3.7519409742190533 0.4837929002748069 0.4496691402105455 4.15167505960946 3.7519409742190533 0.4837929002748069 0.4496691402105455 
254.00042836405945 4.15167505960946 3.7519409742190533 0.4837929002748069 0.4496691402105455 4.15167505960946 3.7519409742190533 0.4837929002748069 0.4496691402105455 
255.00042836405945 4.2080919612920695 4.014942594076302 1.9249694368228347 1.3685382272118716 4.2080919612920695 4.014942594076302 1.9249694368228347 1.3685382272118716 
256.0003029213939 4.38587337759094 4.014942594076302 1.292253373811434 1.3685382272118716 4.38587337759094 4.014942594076302 1.292253373811434 1.3685382272118716 
257.0004283640594 4.315156393303653 4.7715997281087255 0.7833675772707807 3.047995915758065 4.315156393303653 4.7715997281087255 0.7833675772707807 3.047995915758065 
258.0002284098576 5.073292605533766 6.2435261010465695 1.5415037895008936 0.6885587956670634 5.073292605533766 6.2435261010465695 1.5415037895008936 0.6885587956670634 
259.00027271266356 4.187159636543157 6.2435261010465695 1.0357755750591195 0.6885587956670634 4.187159636543157 6.2435261010465695 1.0357755750591195 0.6885587956670634 
260.0004283640594 5.260396299807127 7.958440296381042 0.3940980429886167 2.4034729910015358 5.260396299807127 8.881240850894812 0.3940980429886167 2.4034729910015358 
261.0002515673131 4.828253757439484 7.958440296381042 1.6414131891671673 2.4034729910015358 4.828253757439484 8.881240850894812 1.6414131891671673 2.4034729910015358 
262.0004283640594 4.828253757439484 3.4555404948900446 1.6414131891671673 1.416105673130005 4.828253757439484 3.4555404948900446 1.6414131891671673 NaN 
263.0004283640594 3.090113288321618 5.0229365598343065 1.279909572202996 NaN 3.090113288321618 5.0229365598343065 1.279909572202996 1.7361865918957164 
264.0004283640594 4.185673709341529 6.085930377308443 0.8080739282786453 0.2549198891954916 4.185673709341529 6.085930377308443 0.8080739282786453 0.2549198891954916 
265.0004283640594 5.131781887889417 6.085930377308443 0.6911882893523966 0.2549198891954916 5.131781887889417 6.085930377308443 0.6911882893523966 0.2549198891954916 
266.0001299110587 4.427658573686301 7.764415298502229 0.118783770074117 1.933404810389277 4.427658573686301 7.764415298502229 0.118783770074117 1.933404810389277 
267.0004283640594 3.938758784994377 3.1969985806893533 1.1972800463264548 3.1969985806893533 3.938758784994377 3.1969985806893533 1.1972800463264548 3.1969985806893533 
268.0000470615823 5.1384148389270194 3.1969985806893533 1.1333423299590208 3.1969985806893533 5.1384148389270194 3.1969985806893533 1.1333423299590208 3.1969985806893533 
269.0000017744215 5.217404871023632 3.722241920459396 0.8039746612118392 1.5376652422915527 5.217404871023632 3.722241920459396 0.8039746612118392 1.5376652422915527 
270.0004283640594 5.217404871023632 3.8218978632695553 0.8039746612118392 2.7434015870172175 5.217404871023632 4.927978265185061 0.8039746612118392 2.7434015870172175 
271.0004283640594 3.4259604776679 3.8218978632695553 0.7488726146243039 2.7434015870172175 3.4259604776679 4.927978265185061 0.7488726146243039 2.7434015870172175 
272.00008860145124 4.582432301474114 3.331355564170792 1.905344438430518 1.0387374164619132 4.582432301474114 3.331355564170792 1.905344438430518 1.0387374164619132 
273.0004283640594 3.4395970889770524 4.874775834598211 1.6519870578908353 NaN 3.4395970889770524 4.874775834598211 1.6519870578908353 NaN 
274.00010526181126 3.4395970889770524 4.874775834598211 1.6519870578908353 NaN 3.4395970889770524 4.874775834598211 1.6519870578908353 NaN 
275.0004283640594 4.729540722009631 6.654132700331104 1.3985104204959953 1.6707900782694765 4.729540722009631 6.654132700331104 1.3985104204959953 1.6707900782694765 
276.0004283640594 4.67579675443244 6.654132700331104 1.3530196182721284 1.6707900782694765 4.67579675443244 6.654132700331104 1.3530196182721284 1.6707900782694765 
277.0003863349147 5.76643440393741 11.700157075531251 0.7818656246774367 NaN 5.76643440393741 11.700157075531251 0.7818656246774367 0.3087720248275332 
278.0004283640594 5.371802120474229 3.715753099415167 1.9306536116416737 NaN 5.371802120474229 3.715753099415167 1.9306536116416737 1.9818870359061407 
279.0004283640594 4.3638312898441995 3.715753099415167 1.0289246356659305 NaN 4.3638312898441995 3.715753099415167 1.0289246356659305 1.9818870359061407 
280.0004283640594 5.059517710264686 5.159344012215115 0.28102014328646874 NaN 5.059517710264686 5.159344012215115 0.28102014328646874 NaN 
281.0004283640594 5.059517710264686 5.380313236526945 0.28102014328646874 1.0971554334675488 5.059517710264686 5.380313236526945 0.28102014328646874 1.0971554334675488 
282.0004283640594 4.960339593655135 3.235900564062092 0.465458093022562 NaN 4.960339593655135 3.235900564062092 0.465458093022562 0.977600617151495 
283.0004283640594 3.8187271554148197 3.235900564062092 0.997492868486745 NaN 3.8187271554148197 3.235900564062092 0.997492868486745 0.977600617151495 
284.0004283640594 4.7715121003706145 4.154501122604984 1.9502778134425398 2.591887596114873 4.7715121003706145 4.154501122604984 1.9502778134425398 0.6167941104766328 
285.0004283640594 4.385071932192318 4.154501122604984 1.327726243054883 2.591887596114873 4.385071932192318 4.154501122604984 1.327726243054883 0.6167941104766328 
286.0000591946745 5.30714575545926 4.072747346784581 0.7689403156521166 2.097653861146341 5.30714575545926 4.072747346784581 0.7689403156521166 NaN 
287.0004283640594 4.797749368556481 4.176030321953192 0.48008572544449635 0.45357659782678184 4.797749368556481 4.176030321953192 0.48008572544449635 0.45357659782678184 
288.0004283640594 5.630519763288191 3.8072454465961982 1.3128561201762068 0.9597738914822571 5.630519763288191 3.8072454465961982 1.3128561201762068 0.9597738914822571 
289.0001116954651 3.644282164255742 2.839177206087527 0.98190563385009 1.0727444880845383 3.644282164255742 2.839177206087527 0.98190563385009 1.0727444880845383 
290.0004283640594 3.551237971992066 2.839177206087527 1.1656373637313209 1.0727444880845383 3.551237971992066 2.839177206087527 1.1656373637313209 1.0727444880845383 
291.0001340703115 3.153481010701512 3.2561276297350332 0.8571272724487358 1.3144481044026861 3.153481010701512 3.2561276297350332 0.8571272724487358 1.3144481044026861 
292.0001459088126 4.065470126266689 2.692665773438989 0.39089871897760986 0.5210903965875673 4.065470126266689 2.692665773438989 0.39089871897760986 0.5210903965875673 
293.0002658506603 2.8790157509011465 2.692665773438989 1.5007980818648434 0.5210903965875673 2.8790157509011465 2.692665773438989 1.5007980818648434 0.5210903965875673 
294.0004283640594 3.86218405787605 4.494605370259876 0.6820267920188599 2.323029993408454 3.86218405787605 4.494605370259876 0.6820267920188599 1.411040877843277 
295.0004283640594 4.9615864253771065 5.025950057740488 1.7814291595199165 NaN 4.9615864253771065 3.9838474021042884 1.7814291595199165 1.9619589236518777 
296.00006240165294 4.536386813583363 5.025950057740488 1.0736298080666415 NaN 4.536386813583363 3.9838474021042884 1.0736298080666415 1.9619589236518777 
297.0004283640594 4.536386813583363 4.2935497791129364 1.0736298080666415 NaN 4.536386813583363 4.2935497791129364 1.0736298080666415 3.183650416225703 
298.0004283640594 3.7912612258421063 3.224531083265333 0.9087523245724469 1.1721106585217171 3.7912612258421063 3.224531083265333 0.9087523245724469 1.1721106585217171 
299.0003708843903 3.2633323556829623 3.571526495033538 1.0175918890946036 NaN 3.2633323556829623 3.571526495033538 1.0175918890946036 NaN 
300.0004283640594 3.0456212629681545 3.571526495033538 0.5751745096843592 NaN 3.0456212629681545 3.571526495033538 0.5751745096843592 NaN 
#####################################################################
# End of data export. Simulation finished at: 2019-09-25T08:12+0000 #
#####################################################################
