#####################################################################
# Alchemist log file - simulation started at: 2019-02-19T15:44+0000 #
#####################################################################
# seed = 19.0
#
# The columns have the following meaning: 
# time derr-single-broadcast-rep[Mean] terr-single-broadcast-rep[Mean] derr-single-broadcast-share[Mean] terr-single-broadcast-share[Mean] derr-single-collection-rep[Mean] terr-single-collection-rep[Mean] derr-single-collection-share[Mean] terr-single-collection-share[Mean] derr-single-distance-rep[Mean] terr-single-distance-rep[Mean] derr-single-distance-share[Mean] terr-single-distance-share[Mean] derr-stack-broadcast-rep[Mean] terr-stack-broadcast-rep[Mean] derr-stack-broadcast-share[Mean] terr-stack-broadcast-share[Mean] derr-stack-collection-rep[Mean] terr-stack-collection-rep[Mean] derr-stack-collection-share[Mean] terr-stack-collection-share[Mean] derr-stack-distance-rep[Mean] terr-stack-distance-rep[Mean] derr-stack-distance-share[Mean] terr-stack-distance-share[Mean] 
0.0 NaN NaN NaN NaN NaN NaN NaN NaN NaN NaN NaN NaN NaN NaN NaN NaN NaN NaN NaN NaN NaN NaN NaN NaN 
2.0007319490487965 0.0 0.7899117111788048 0.0 1.0581917511956638 3.800643293439027 0.0018484535938285583 3.2973738966980806 0.0018227419302974752 0.0 1.0003644431595375 13.13176873471927 0.9228427112458333 NaN NaN NaN NaN 0.0 0.0 0.0 0.0 0.0 1.0003644431595375 13.13176873471927 0.9228427112458333 
4.000731949048798 0.0 1.8220809525025514 0.0 2.042053989308797 3.677132892724487 0.0037672619461474235 2.21652095937608 0.004349379877628449 5.371382611625648 2.2297482740527967 22.792096070462637 2.184636463861675 NaN NaN NaN NaN 0.0 0.0 0.0 0.0 5.371382611625648 2.2297482740527967 22.792096070462637 2.184636463861675 
6.0007319490488 0.0 2.788532080360131 0.0 2.9344293283707645 3.556039242015094 0.005845676715246782 1.4021087386545645 0.006379619987315829 5.813587347963739 3.3964531448929054 67.29508560900373 3.7745852136807194 NaN NaN NaN NaN 0.0 0.0 0.0 0.0 5.813587347963739 3.3964531448929054 67.29508560900373 3.7745852136807194 
8.000032078789385 0.0 3.7480859074437483 0.0 3.79787917047072 3.4695145547249067 0.008016138955690961 1.0290273094831537 0.007363809256313789 9.409097727232679 4.6367696875868 53.78697512119324 4.501889881282002 NaN NaN NaN NaN 0.0 0.0 0.0 0.0 9.409097727232679 4.6367696875868 53.78697512119324 4.501889881282002 
10.000731949048793 0.0 4.676626573737565 0.0 4.610678563213465 3.33642969934074 0.01031267963552759 0.8032577584370054 0.008657142526936557 11.732777662813763 6.129703885712303 44.423203511247245 4.975402798080632 NaN NaN NaN NaN 0.0 0.0 0.0 0.0 11.732777662813763 6.129703885712303 44.423203511247245 4.975402798080632 
12.000731949048786 0.0 9.830738941790473 0.0 9.020922990033474 2.5233562110426004 0.022151555275631594 0.005743762114260288 0.017345610835564605 11.101249819895006 7.93095078369654 27.848418254607836 6.218593446723993 NaN NaN NaN NaN 0.0 0.0 0.0 0.0 11.101249819895006 7.93095078369654 27.848418254607836 6.218593446723993 
14.00017954237668 0.0 10.644136360681635 0.0 9.64884461877191 2.327951425766348 0.023960480938186667 0.005743762114260288 0.019452066536259593 13.436415463304204 8.960120635418889 28.528105418542854 6.372501916386304 NaN NaN NaN NaN 0.0 0.0 0.0 0.0 13.436415463304204 8.960120635418889 28.528105418542854 6.372501916386304 
16.000731949048774 0.0 11.455113310520087 0.0 10.266033505089142 2.2113662711510003 0.0259024572109316 0.005743762114260288 0.021264903188105085 16.576730796999062 10.199856863803289 29.431735891984204 6.400419379250698 NaN NaN NaN NaN 0.0 0.0 0.0 0.0 16.576730796999062 10.199856863803289 29.431735891984204 6.400419379250698 
18.000731949048767 0.0 12.255249997739398 0.0 10.846719469949639 2.1528683976297676 0.027852161371087123 0.005861119422504088 0.02065165149022705 17.309462750956133 11.26244023785641 30.05145877352361 6.468245084209667 NaN NaN NaN NaN 0.0 0.0 0.0 0.0 17.309462750956133 11.26244023785641 30.05145877352361 6.468245084209667 
20.00073194904876 0.0 13.056700691636701 0.0 11.42264673165636 2.103274112460692 0.029487632185801124 0.0059885781006353625 0.019598685415796555 19.18074270954579 12.416503675504293 30.844832150930625 6.504302809249619 NaN NaN NaN NaN 0.0 0.0 0.0 0.0 19.18074270954579 12.416503675504293 30.844832150930625 6.504302809249619 
22.000528724270946 0.0 17.734527451217993 0.0 14.504989313535805 1.1583421682620987 0.04164193081490137 0.006586692951627413 0.018720814184602124 17.70805594163628 14.60783086061671 38.4414097454972 6.421905279183567 NaN NaN NaN NaN 0.0 0.0 0.0 0.0 17.70805594163628 14.60783086061671 38.4414097454972 6.421905279183567 
24.000265761729203 0.0 18.43664928934702 0.0 15.046667434069137 1.1583421682620987 0.04373892929635498 0.006586692951627413 0.020817812666056233 21.832760821795905 15.925839372123432 37.545030489171516 6.265687529599782 NaN NaN NaN NaN 0.0 0.0 0.0 0.0 21.832760821795905 15.925839372123432 37.545030489171516 6.265687529599782 
26.000073098445842 0.0 19.100532878323367 0.0 15.427031267243636 1.137137299891661 0.04511314209142448 0.006623976635215017 0.02024026130345193 23.69687513679625 17.093086893903152 35.30629746681674 6.25640083548055 NaN NaN NaN NaN 0.0 0.0 0.0 0.0 23.69687513679625 17.093086893903152 35.30629746681674 6.25640083548055 
28.00073194904873 0.0 19.76371764877653 0.0 15.743929256569956 0.9864059729395691 0.04755023441356525 0.006695480646578878 0.01891926553736229 24.086422444943707 18.25723729945693 34.515393392290754 6.268356441364846 NaN NaN NaN NaN 0.0 0.0 0.0 0.0 24.086422444943707 18.25723729945693 34.515393392290754 6.268356441364846 
30.000731949048724 0.0 20.34017183168187 0.0 16.013433811440727 0.8036604455220148 0.04990934405811971 0.006733626157944578 0.019310065063117037 26.564144489633527 19.649854605491623 34.844809611489424 6.307197093525963 NaN NaN NaN NaN 0.0 0.0 0.0 0.0 26.564144489633527 19.649854605491623 34.844809611489424 6.307197093525963 
32.00073194904872 0.0 23.79731816847061 0.0 17.064703710837858 0.0 0.059885201896976575 0.006863369625590141 0.023890336555188806 22.24580693885579 22.214315449429204 40.168868536957106 6.502539007856727 NaN NaN NaN NaN 0.0 0.0 0.0 0.0 22.24580693885579 22.214315449429204 40.168868536957106 6.502539007856727 
34.000487742778915 0.0 24.34261702941414 0.0 17.207264045137823 0.0 0.061961114122228086 0.006863369625590142 0.026278137245373454 22.488420521000652 23.00316762612927 38.25627679466602 6.52997883793788 NaN NaN NaN NaN 0.0 0.0 0.0 0.0 22.488420521000652 23.00316762612927 38.25627679466602 6.52997883793788 
36.00073194904878 0.0 24.89697343580626 0.0 17.306822026985365 0.0 0.0630238401870946 0.006863369625590142 0.027954914687272847 23.776805663327227 24.147046267762736 38.136264545583074 6.557283062477824 NaN NaN NaN NaN 0.0 0.0 0.0 0.0 23.776805663327227 24.147046267762736 38.136264545583074 6.557283062477824 
38.000731949048806 0.0 25.452582916693952 0.0 17.30991255517952 9.773920498017024E-4 0.06428539200280464 0.006863369625590141 0.030379368767160946 22.49588342846908 24.71604078932959 38.03735408926703 6.58071420023824 NaN NaN NaN NaN 0.0 0.0 0.0 0.0 22.49588342846908 24.71604078932959 38.03735408926703 6.58071420023824 
40.000731949048834 0.0 25.933042951774937 0.0 17.293414651629256 0.001961589615473276 0.06601274124756734 0.006863369625590139 0.03235637965947761 20.8795040509754 25.12942469756122 37.45033726819885 6.58388789892683 NaN NaN NaN NaN 0.0 0.0 0.0 0.0 20.8795040509754 25.12942469756122 37.45033726819885 6.58388789892683 
42.00073194904886 0.0 28.749629761697147 0.0 17.09512631124888 0.0057437621142602865 0.07622872551284468 0.006863369625590139 0.043531788587357984 14.252719047643913 27.393278311661394 31.619587377314517 6.426608776253539 NaN NaN NaN NaN 0.0 0.0 0.0 0.0 14.252719047643913 27.393278311661394 31.619587377314517 6.426608776253539 
44.00073194904889 0.0 29.127105897861828 0.0 17.203657578374578 0.0057437621142602865 0.07823159492343663 0.006863369625590139 0.0455346579979502 13.679129299945217 27.704847553164207 30.626515984246772 6.41090911642475 NaN NaN NaN NaN 0.0 0.0 0.0 0.0 13.679129299945217 27.704847553164207 30.626515984246772 6.41090911642475 
46.00073194904892 0.0 29.429437921820437 0.0 17.3688397348549 0.0059047413877332975 0.07721846286491071 0.006863369625590139 0.04794825555310406 13.22969683073008 27.959650319032512 30.138051097796026 6.417070032716383 NaN NaN NaN NaN 0.0 0.0 0.0 0.0 13.22969683073008 27.959650319032512 30.138051097796026 6.417070032716383 
48.00036356253072 0.0 29.72460499466736 0.0 17.43299962868669 0.006058290252130507 0.07566181051427039 0.006863369625590139 0.04966016336816052 12.939865979074394 28.207704594241868 29.542706761270924 6.469115631626304 NaN NaN NaN NaN 0.0 0.0 0.0 0.0 12.939865979074394 28.207704594241868 29.542706761270924 6.469115631626304 
50.000731949048976 0.0 30.01866565988165 0.0 17.448617439791295 0.006189278208879014 0.0754927282227503 0.006863369625590139 0.05227939227187289 12.661010330298092 28.509344409919095 29.666176880829408 6.508258590870433 NaN NaN NaN NaN 0.0 0.0 0.0 0.0 12.661010330298092 28.509344409919095 29.666176880829408 6.508258590870433 
52.000250726839305 0.0 31.726410877645744 0.0 17.433312364210973 0.006586692951627413 0.07904208242877182 0.006863369625590141 0.0642884247862143 11.186642167723521 29.969853092996658 29.85997818446962 6.463560222186916 NaN NaN NaN NaN 0.0 0.0 0.0 0.0 11.186642167723521 29.969853092996658 29.85997818446962 6.463560222186916 
54.00073194904903 0.0 31.90225067435988 0.0 17.49515353961653 0.006586692951627415 0.08106657578533832 0.006863369625590141 0.06631291814277993 11.244135734035574 30.11863251431887 30.444560902592812 6.458771218217652 NaN NaN NaN NaN 0.0 0.0 0.0 0.0 11.244135734035574 30.11863251431887 30.444560902592812 6.458771218217652 
56.00073194904906 0.0 32.07738082111143 0.0 17.417744866889624 0.006586692951627413 0.08274704864514924 0.006863369625590142 0.06799339100259108 11.080643351429933 30.34561443548471 30.255377768621575 6.443905069256266 NaN NaN NaN NaN 0.0 0.0 0.0 0.0 11.080643351429933 30.34561443548471 30.255377768621575 6.443905069256266 
58.00002212070798 0.0 32.18520056693931 0.0 17.44467962185983 0.006681060904432819 0.08037959237291807 0.006863369625590141 0.07065806283924557 10.925211516321944 30.433353346091096 30.357749749730857 6.463430463327855 NaN NaN NaN NaN 0.0 0.0 0.0 0.0 10.925211516321944 30.433353346091096 30.357749749730857 6.463430463327855 
60.00017431392703 0.0 32.32919822816705 0.0 17.430746191093515 0.006715781419826271 0.0804002427889595 0.006863369625590142 0.07253016892717902 11.449913785369613 30.521144829029712 31.08366619186506 6.488654059919232 NaN NaN NaN NaN 0.0 0.0 0.0 0.0 11.449913785369613 30.521144829029712 31.08366619186506 6.488654059919232 
62.00073194904915 0.0 33.90838127626359 0.0 16.652182423384236 0.006863369625590139 0.08341769296822427 0.00609093097465746 0.05219192212861217 968.8093766776389 29.750578218263517 760.1880859935023 4.968445747975881 NaN NaN 85.63090564721016 27.971186921777434 0.0 0.0 0.18854420227223725 0.06485289614392069 968.8093766776389 29.750578218263517 760.1880859935023 4.968445747975881 
64.00073194904917 0.0 34.31099714832336 0.0 17.479737498062192 0.006863369625590141 0.08536205729455672 0.006409489781919173 0.06701400082421421 878.5906627729817 27.276405758247122 618.5313970866915 4.107114709253782 NaN NaN 84.25764578433035 28.58598676393462 0.0 0.0 0.18854420227223725 0.06485289614392069 878.5906627729817 27.276405758247122 618.5313970866915 4.107114709253782 
66.0007319490492 0.0 34.9493891015628 0.0 18.513930380325643 0.006863369625590139 0.08751252321999489 0.006557374840216472 0.07514270843320656 817.0450078132641 25.521221527112452 534.5287848909144 4.119208630805975 NaN NaN 84.65771220680485 29.66405066937682 0.0 0.0 0.18854420227223725 0.06485289614392069 817.0450078132641 25.521221527112452 534.5287848909144 4.119208630805975 
68.00044344664438 0.0 35.769817246936356 0.0 19.449198852638204 0.006863369625590141 0.08922294244233205 0.006619328529559224 0.07935760060462518 767.3169027858231 24.016932469062098 462.64250794352887 4.397577901954048 NaN NaN 85.16968084032469 30.703714011830247 0.0 0.0 0.18854420227223725 0.06485289614392069 767.3169027858231 24.016932469062098 462.64250794352887 4.397577901954048 
70.0002805649912 0.0 36.624145420329796 0.0 20.30012905121637 0.006863369625590139 0.09110278110167373 0.006664633790407187 0.08306890081933839 728.9424383206275 22.91611662328648 394.5428999656791 4.731262308276715 NaN NaN 85.60440952805347 31.708408828935404 0.0 0.0 0.18854420227223725 0.06485289614392069 728.9424383206275 22.91611662328648 394.5428999656791 4.731262308276715 
72.0002708529504 0.0 41.150384705829254 0.0 23.50909982764596 0.006863369625590139 0.10329400074671366 0.006863369625590139 0.10329400074671366 526.1106658838977 16.527354956472728 57.72853854557003 6.363440923877923 NaN NaN 87.02011621542168 38.39277247921166 0.0 0.0 0.0 0.0 526.1106658838977 16.527354956472728 57.72853854557003 6.363440923877923 
74.00073194904931 0.0 41.7947617549457 0.0 23.790198950002335 0.006863369625590141 0.10564189518727865 0.006863369625590141 0.10564189518727865 504.67418969590545 16.03642881998962 43.00577239954189 6.420408137956478 NaN NaN 87.76379079713924 39.840497737836685 0.0 0.0 0.0 0.0 504.67418969590545 16.03642881998962 43.00577239954189 6.420408137956478 
76.00071538838135 0.0 42.34243405990142 0.0 24.05188108542098 0.006863369625590141 0.10782928211424808 0.006863369625590141 0.10782928211424808 488.860733567453 15.892775078895465 38.890166205360956 6.413370403342416 NaN NaN 87.60982117648541 40.93111530270966 0.0 0.0 0.0 0.0 488.860733567453 15.892775078895465 38.890166205360956 6.413370403342416 
78.00073194904937 0.0 42.937337748808446 0.0 24.141007116762143 0.006863369625590141 0.10925579747136714 0.006863369625590141 0.10925579747136714 476.40410533888127 16.007227541940065 36.345636749805756 6.424213810714965 NaN NaN 87.29368094407941 41.727932491413455 0.0 0.0 0.0 0.0 476.40410533888127 16.007227541940065 36.345636749805756 6.424213810714965 
80.00033650596626 0.0 43.544662218947565 0.0 24.178622888097006 0.006863369625590141 0.11139893862053431 0.006863369625590141 0.11139893862053431 466.1844469424518 16.23195662949165 34.79601487510386 6.412778206749395 NaN NaN 86.85138010148746 42.48820053943689 0.0 0.0 0.0 0.0 466.1844469424518 16.23195662949165 34.79601487510386 6.412778206749395 
82.00073194904942 0.0 46.19277791585879 0.0 24.128760625905254 0.006863369625590142 0.1230485010614491 0.006863369625590142 0.1230485010614491 409.54593205172927 18.007301149693713 28.038393387918383 6.255551900043512 NaN NaN 85.1387293591683 47.36492280975592 0.0 0.0 0.0 0.0 409.54593205172927 18.007301149693713 28.038393387918383 6.255551900043512 
84.00073194904945 0.0 46.35973058854298 0.0 23.503998527150266 0.006863369625590142 0.1256106212478583 0.006863369625590142 0.1256106212478583 401.7893502828881 18.490852902813756 28.84535706797333 6.2453203635386725 NaN NaN 85.27541017978703 48.45182582765585 0.0 0.0 0.0 0.0 401.7893502828881 18.490852902813756 28.84535706797333 6.2453203635386725 
86.00073194904948 0.0 46.864021588945306 0.0 23.114719370141906 0.006863369625590141 0.12763474584589976 0.006863369625590141 0.12763474584589976 393.0919078106585 18.945014709043907 28.10235445104166 6.242987978206451 NaN NaN 85.65790800584757 49.49595797062142 0.0 0.0 0.0 0.0 393.0919078106585 18.945014709043907 28.10235445104166 6.242987978206451 
88.00073194904951 0.0 47.23842185840803 0.0 22.790651515780965 0.006863369625590142 0.129746210230959 0.006863369625590142 0.129746210230959 383.36439207845314 19.392328483952568 27.35172636810415 6.214837605383854 NaN NaN 86.38219252476975 50.51193555529529 0.0 0.0 0.0 0.0 383.36439207845314 19.392328483952568 27.35172636810415 6.214837605383854 
90.00002251056357 0.0 47.28225430318363 0.0 22.2623475934015 0.006863369625590141 0.13186778766947935 0.006863369625590141 0.13186778766947935 372.92859316854344 19.818885881347835 27.101510698617137 6.227338957999738 NaN NaN 86.86385556128276 51.16799714075026 0.0 0.0 0.0 0.0 372.92859316854344 19.818885881347835 27.101510698617137 6.227338957999738 
92.00073194904957 0.0 47.96624847951088 0.0 18.845838740624224 0.006863369625590141 0.1446339079742427 0.006863369625590141 0.1446339079742427 306.15401835023295 22.86199961549782 27.09088450337646 6.242889841203506 NaN NaN 87.52321316061895 58.52072132693002 0.0 0.0 0.0 0.0 306.15401835023295 22.86199961549782 27.09088450337646 6.242889841203506 
94.0007319490496 0.0 47.684575828718884 0.0 18.15821794162992 0.006863369625590142 0.14584423542651342 0.006863369625590142 0.14584423542651342 293.26798912516364 23.38219627167395 26.65126419673765 6.23136605207359 NaN NaN 88.36513630282654 59.623401411183174 0.0 0.0 0.0 0.0 293.26798912516364 23.38219627167395 26.65126419673765 6.23136605207359 
96.00021890694626 0.0 47.62788853083924 0.0 17.526665571574704 0.006863369625590142 0.14842276256119025 0.006863369625590142 0.14842276256119025 279.57515544419573 23.88915932108014 25.96821827752274 6.19829116552619 NaN NaN 88.19545618199913 59.85028167876138 0.0 0.0 0.0 0.0 279.57515544419573 23.88915932108014 25.96821827752274 6.19829116552619 
98.00073194904965 0.0 47.22427453589923 0.0 17.13330862248079 0.006863369625590141 0.15029141957028533 0.006863369625590141 0.15029141957028533 265.4657714492491 24.389288006267247 25.64802701097235 6.17213635525853 NaN NaN 88.04539427223936 59.84798626051897 0.0 0.0 0.0 0.0 265.4657714492491 24.389288006267247 25.64802701097235 6.17213635525853 
100.00073194904968 0.0 46.895223405677704 0.0 16.911342946745272 0.006863369625590139 0.15169047209517203 0.006863369625590139 0.15169047209517203 251.80274131576184 24.862922175396644 25.504412553409814 6.139566241513947 NaN NaN 88.04539427223936 59.84798626051897 0.0 0.0 0.0 0.0 251.80274131576184 24.862922175396644 25.504412553409814 6.139566241513947 
102.00073194904971 0.0 44.98130462207552 0.0 15.66322941242809 0.006863369625590141 0.16345610584820758 0.006863369625590141 0.16345610584820758 172.19274462447717 27.26903944396232 23.389806736093668 6.14184407530056 NaN NaN NaN NaN 0.0 0.0 0.0 0.0 172.19274462447717 27.26903944396232 23.389806736093668 6.14184407530056 
104.00001363897876 0.0 44.505101691676266 0.0 15.879837016927214 0.006863369625590141 0.16576813987220368 0.006863369625590141 0.16576813987220368 160.8757471599022 27.652877700865353 22.985314703040476 6.239367738959502 NaN NaN NaN NaN 0.0 0.0 0.0 0.0 160.8757471599022 27.652877700865353 22.985314703040476 6.239367738959502 
106.00073194904977 0.0 43.93149997580794 0.0 16.021994724287186 0.006863369625590142 0.1670195352213465 0.006863369625590142 0.1670195352213465 149.98850359833375 28.03564030869074 23.25310438819877 6.303347606894132 NaN NaN NaN NaN 0.0 0.0 0.0 0.0 149.98850359833375 28.03564030869074 23.25310438819877 6.303347606894132 
108.0007319490498 0.0 43.65853192976243 0.0 16.094640141934708 0.006863369625590141 0.16911627232146972 0.006863369625590141 0.16911627232146972 139.75403657005225 28.330394360051503 23.361177535765776 6.31651298110927 NaN NaN NaN NaN 0.0 0.0 0.0 0.0 139.75403657005225 28.330394360051503 23.361177535765776 6.31651298110927 
110.00073194904982 0.0 43.19665524733569 0.0 16.149789385377023 0.006863369625590142 0.17170040665745231 0.006863369625590142 0.17170040665745231 129.76172314157435 28.58712501978566 23.372194980299966 6.309138518652499 NaN NaN NaN NaN 0.0 0.0 0.0 0.0 129.76172314157435 28.58712501978566 23.372194980299966 6.309138518652499 
112.00073194904985 0.0 40.0205156423877 0.0 16.02996278519803 0.006863369625590141 0.1841743679797736 0.006863369625590141 0.1841743679797736 74.94958240398532 29.80749331417941 22.538394061299726 6.163477508121608 NaN NaN NaN NaN 0.0 0.0 0.0 0.0 74.94958240398532 29.80749331417941 22.538394061299726 6.163477508121608 
114.00073194904988 0.0 39.79673211879783 0.0 16.072029122630326 0.006863369625590141 0.18588960895625004 0.006863369625590141 0.18588960895625004 67.78257494971648 30.011838767428372 21.753481665086486 6.173785255355059 NaN NaN NaN NaN 0.0 0.0 0.0 0.0 67.78257494971648 30.011838767428372 21.753481665086486 6.173785255355059 
116.00073194904991 0.0 39.47549688259468 0.0 16.111382291511145 0.006863369625590141 0.1881059664921906 0.006863369625590141 0.1881059664921906 61.17139937801425 30.176178441358516 22.673506830553336 6.210044715508403 NaN NaN NaN NaN 0.0 0.0 0.0 0.0 61.17139937801425 30.176178441358516 22.673506830553336 6.210044715508403 
118.00073194904994 0.0 39.01785175406718 0.0 16.15639110813864 0.006863369625590139 0.18962790449531464 0.006863369625590139 0.18962790449531464 55.169305650735716 30.284167889130806 23.053201962458825 6.204364114799036 NaN NaN NaN NaN 0.0 0.0 0.0 0.0 55.169305650735716 30.284167889130806 23.053201962458825 6.204364114799036 
120.00073194904996 0.0 38.62761997965141 0.0 16.142666205585147 0.006863369625590141 0.19242544520876428 0.006863369625590141 0.19242544520876428 49.620934165245295 30.351385416574377 23.029981059126875 6.1599353763330615 NaN NaN NaN NaN 0.0 0.0 0.0 0.0 49.620934165245295 30.351385416574377 23.029981059126875 6.1599353763330615 
122.00073194904999 0.0 34.01196141467676 0.0 16.0104796133597 0.006863369625590141 0.20379833928321858 0.006863369625590141 0.20379833928321858 19.712725103914106 30.611989275708293 24.469037393914128 6.199074933001415 NaN NaN NaN NaN 0.0 0.0 0.0 0.0 19.712725103914106 30.611989275708293 24.469037393914128 6.199074933001415 
124.00073194905002 0.0 33.43043207179855 0.0 16.00168823965947 0.006863369625590141 0.20624612363182546 0.006863369625590141 0.20624612363182546 17.05356222152522 30.69014665009598 26.791799618098025 6.168278617835921 NaN NaN NaN NaN 0.0 0.0 0.0 0.0 17.05356222152522 30.69014665009598 26.791799618098025 6.168278617835921 
126.00073194905005 0.0 32.93303548050998 0.0 16.047199207099684 0.006863369625590141 0.20801317109898743 0.006863369625590141 0.20801317109898743 14.887565725228303 30.61404483688568 27.28953384848492 6.187110373471222 NaN NaN NaN NaN 0.0 0.0 0.0 0.0 14.887565725228303 30.61404483688568 27.28953384848492 6.187110373471222 
128.00073194905008 0.0 32.56659835848292 0.0 16.035563773469995 0.006863369625590141 0.21018459084944713 0.006863369625590141 0.21018459084944713 13.328552121828949 30.50645063943981 27.576788590682188 6.227052747613685 NaN NaN NaN NaN 0.0 0.0 0.0 0.0 13.328552121828949 30.50645063943981 27.576788590682188 6.227052747613685 
130.00073194904996 0.0 32.28326660155236 0.0 15.999847943119216 0.006863369625590142 0.21201937578336358 0.006863369625590142 0.21201937578336358 12.087493365616368 30.435593317247314 27.792923021001062 6.206902321901257 NaN NaN NaN NaN 0.0 0.0 0.0 0.0 12.087493365616368 30.435593317247314 27.792923021001062 6.206902321901257 
132.00008978113905 0.0 31.106594464344504 0.0 15.55649822634823 0.006863369625590141 0.22348985205899716 0.006863369625590141 0.22348985205899716 7.372860525893593 29.87477127556855 30.466073853340877 6.0773038147306755 NaN NaN NaN NaN 0.0 0.0 0.0 0.0 7.372860525893593 29.87477127556855 30.466073853340877 6.0773038147306755 
134.00073194904974 0.0 30.9992063082697 0.0 15.623322233442682 0.006863369625590141 0.22559308938382647 0.006863369625590141 0.22559308938382647 7.587372254529264 30.007252556194622 30.052209892845358 6.096255493118378 NaN NaN NaN NaN 0.0 0.0 0.0 0.0 7.587372254529264 30.007252556194622 30.052209892845358 6.096255493118378 
136.00073194904962 0.0 30.942033770403437 0.0 15.532156124534861 0.006863369625590139 0.22761355100708985 0.006863369625590139 0.22761355100708985 7.737806038104038 29.984501570732387 28.81576536313855 6.026394341069818 NaN NaN NaN NaN 0.0 0.0 0.0 0.0 7.737806038104038 29.984501570732387 28.81576536313855 6.026394341069818 
138.000080473228 0.0 30.928306809599306 0.0 15.499625406488175 0.006863369625590141 0.22982577183578312 0.006863369625590141 0.22982577183578312 7.7049823192867155 29.881721268042458 27.288090799552812 6.024076765582506 NaN NaN NaN NaN 0.0 0.0 0.0 0.0 7.7049823192867155 29.881721268042458 27.288090799552812 6.024076765582506 
140.0007319490494 0.0 30.911424301059718 0.0 15.480376584494154 0.006863369625590141 0.23097061932666427 0.006863369625590141 0.23097061932666427 7.536064955020383 29.784872691541675 26.288456334213674 6.062571293196827 NaN NaN NaN NaN 0.0 0.0 0.0 0.0 7.536064955020383 29.784872691541675 26.288456334213674 6.062571293196827 
142.00073194904928 0.0 30.646559553856996 0.0 15.109643884483306 0.006863369625590139 0.24350555974009805 0.006863369625590139 0.24350555974009805 6.816949042192386 29.464466689823595 22.217248962117587 6.289920181434632 NaN NaN NaN NaN 0.0 0.0 0.0 0.0 6.816949042192386 29.464466689823595 22.217248962117587 6.289920181434632 
144.00073194904917 0.0 30.65911731356485 0.0 15.223538638711997 0.006863369625590139 0.24561001607429048 0.006863369625590139 0.24561001607429048 6.815439398910415 29.624786342026496 23.44311973692768 6.298759988166807 NaN NaN NaN NaN 0.0 0.0 0.0 0.0 6.815439398910415 29.624786342026496 23.44311973692768 6.298759988166807 
146.00028174042183 0.0 30.698806551895213 0.0 15.244924172376706 0.006863369625590139 0.2467411877299995 0.006863369625590139 0.2467411877299995 6.864510118243402 29.813275028185817 25.094839791604958 6.320668996349245 NaN NaN NaN NaN 0.0 0.0 0.0 0.0 6.864510118243402 29.813275028185817 25.094839791604958 6.320668996349245 
148.0005076709145 0.0 30.740256396981792 0.0 15.230306613651612 0.006863369625590141 0.24970819154423382 0.006863369625590141 0.24970819154423382 7.106345222901313 29.920188905857714 26.73343266927741 6.320132347933166 NaN NaN NaN NaN 0.0 0.0 0.0 0.0 7.106345222901313 29.920188905857714 26.73343266927741 6.320132347933166 
150.00073194904883 0.0 30.787259824384943 0.0 15.200130718362853 0.006863369625590142 0.25155417686642917 0.006863369625590142 0.25155417686642917 7.25620859764703 29.95547328649352 27.023393581909676 6.278236367446316 NaN NaN NaN NaN 0.0 0.0 0.0 0.0 7.25620859764703 29.95547328649352 27.023393581909676 6.278236367446316 
152.00002725297915 0.0 31.29595976525399 0.0 15.154663392795026 0.006863369625590141 0.26448540325362735 0.006863369625590141 0.26448540325362735 7.604007727667191 30.116935548268977 26.150372717976506 5.903058204500063 NaN NaN NaN NaN 0.0 0.0 0.0 0.0 7.604007727667191 30.116935548268977 26.150372717976506 5.903058204500063 
154.0007319490486 0.0 31.32208770412435 0.0 15.216201140382253 0.006863369625590141 0.26643190972260383 0.006863369625590141 0.26643190972260383 7.645464990441553 30.08273989564693 24.74519830444533 5.82254905826375 NaN NaN NaN NaN 0.0 0.0 0.0 0.0 7.645464990441553 30.08273989564693 24.74519830444533 5.82254905826375 
156.0007319490485 0.0 31.376990698982627 0.0 15.246182352416243 0.006863369625590141 0.2682719366174267 0.006863369625590141 0.2682719366174267 7.6701896826003235 30.05515112494494 23.006997332514285 5.770873030336606 NaN NaN NaN NaN 0.0 0.0 0.0 0.0 7.6701896826003235 30.05515112494494 23.006997332514285 5.770873030336606 
158.00073194904837 0.0 31.3871039988736 0.0 15.301809439517694 0.006863369625590139 0.2702125418050057 0.006863369625590139 0.2702125418050057 7.526063098057039 30.054610197956773 22.08663153239623 5.8185696133265 NaN NaN NaN NaN 0.0 0.0 0.0 0.0 7.526063098057039 30.054610197956773 22.08663153239623 5.8185696133265 
160.00042455105432 0.0 31.46229247644791 0.0 15.32288763639185 0.006863369625590139 0.27204103253172957 0.006863369625590139 0.27204103253172957 7.476299100349536 30.10013806994766 21.611542766787334 5.88278733171766 NaN NaN NaN NaN 0.0 0.0 0.0 0.0 7.476299100349536 30.10013806994766 21.611542766787334 5.88278733171766 
162.0000823673783 0.0 32.03742603569719 0.0 15.319739366355986 0.006863369625590142 0.2843803771644094 0.006863369625590142 0.2843803771644094 7.264436995696029 30.25812438347973 21.790366207863755 6.184408040650227 NaN NaN NaN NaN 0.0 0.0 0.0 0.0 7.264436995696029 30.25812438347973 21.790366207863755 6.184408040650227 
164.00013935992882 0.0 32.01491138518647 0.0 15.257124286464688 0.006863369625590142 0.28582735565833894 0.006863369625590142 0.28582735565833894 7.166798356274738 30.184526799577817 22.269355099049754 6.102295970744928 NaN NaN NaN NaN 0.0 0.0 0.0 0.0 7.166798356274738 30.184526799577817 22.269355099049754 6.102295970744928 
166.00008911163732 0.0 32.087488799979354 0.0 15.309565959756414 0.006863369625590144 0.28796835648333113 0.006863369625590144 0.28796835648333113 7.161955650635922 30.1065066319755 23.750980800059033 6.139086595323483 NaN NaN NaN NaN 0.0 0.0 0.0 0.0 7.161955650635922 30.1065066319755 23.750980800059033 6.139086595323483 
168.0007319490478 0.0 32.08931778125072 0.0 15.343459379615197 0.006863369625590142 0.29019584144557153 0.006863369625590142 0.29019584144557153 7.230049393352514 30.047640914736668 24.72434339917971 6.184578011248555 NaN NaN NaN NaN 0.0 0.0 0.0 0.0 7.230049393352514 30.047640914736668 24.72434339917971 6.184578011248555 
170.0007319490477 0.0 32.1225196437643 0.0 15.439902026326354 0.006863369625590142 0.2918112380549005 0.006863369625590142 0.2918112380549005 7.340883605777949 30.022199601907342 25.133298420676223 6.189906372669904 NaN NaN NaN NaN 0.0 0.0 0.0 0.0 7.340883605777949 30.022199601907342 25.133298420676223 6.189906372669904 
172.00073194904758 0.0 32.24111803149959 0.0 15.96449097785438 0.006863369625590139 0.3041566057747905 0.006863369625590139 0.3041566057747905 7.753925273263845 29.90850613110716 25.99748093184729 5.991700092037678 NaN NaN NaN NaN 0.0 0.0 0.0 0.0 7.753925273263845 29.90850613110716 25.99748093184729 5.991700092037678 
174.00073194904746 0.0 32.22993118696333 0.0 15.976769385276457 0.006863369625590141 0.3059039168959384 0.006863369625590141 0.3059039168959384 7.673546631177633 29.686578081008097 26.036100280441115 6.065897151481961 NaN NaN NaN NaN 0.0 0.0 0.0 0.0 7.673546631177633 29.686578081008097 26.036100280441115 6.065897151481961 
176.0002321808792 0.0 32.142612123329094 0.0 16.038216263273092 0.006863369625590142 0.30802764409765937 0.006863369625590142 0.30802764409765937 7.75809511302104 29.621310848181782 26.441874024412442 6.094176268944452 NaN NaN NaN NaN 0.0 0.0 0.0 0.0 7.75809511302104 29.621310848181782 26.441874024412442 6.094176268944452 
178.00073194904724 0.0 32.13157040758896 0.0 16.08814343003855 0.006863369625590141 0.3103129775127849 0.006863369625590141 0.3103129775127849 7.812737114328728 29.635536241919535 26.23018066311601 6.117076130193555 NaN NaN NaN NaN 0.0 0.0 0.0 0.0 7.812737114328728 29.635536241919535 26.23018066311601 6.117076130193555 
180.00073194904712 0.0 32.04700675484855 0.0 16.113979110208273 0.006863369625590142 0.31160316630589063 0.006863369625590142 0.31160316630589063 7.834914473062166 29.648577892344168 26.028430772534055 6.131662894306961 NaN NaN NaN NaN 0.0 0.0 0.0 0.0 7.834914473062166 29.648577892344168 26.028430772534055 6.131662894306961 
182.000731949047 0.0 32.60965468959667 0.0 17.000966497445457 0.006743389938122988 0.009688507484664157 0.006743389938122988 0.009688507484664157 984.0723235568014 28.817638502278598 833.2452958031657 5.103701933233089 90.14278487192587 116.24737104625417 100.71229371231993 19.49281683623262 0.1802855697438497 0.23101677245356297 0.20142458742463987 0.0372526960422157 984.0723235568014 28.817638502278598 833.2452958031657 5.103701933233089 
184.0007319490469 0.0 33.688737839281096 0.0 17.30154198480159 0.006807833304701346 0.18026961494117563 0.006743389938122988 0.011880414737856877 953.9965411525719 28.16425719037396 662.1648800460689 4.346367614754517 90.14278487192587 117.76752314252536 101.60326084586124 23.129133677090877 0.18028556974384966 0.23320867970675627 0.21881373039243102 0.08419423976548598 953.9965411525719 28.16425719037396 662.1648800460689 4.346367614754517 
186.0003766814914 0.0 34.62436349760464 0.0 17.92914479706197 0.006828570823084616 0.23686420320214285 0.006743389938122986 0.014288291159247981 916.5729781377299 27.088561690874208 569.0908611547235 4.358741208523282 90.14278487192587 119.4081910936631 102.67140965587971 26.577875224360973 0.18028556974384966 0.23561655612814852 0.23637434975077262 0.12210856618161241 916.5729781377299 27.088561690874208 569.0908611547235 4.358741208523282 
188.00073194904667 0.0 35.694628944489835 0.0 18.53688834053962 0.006836615082990913 0.25974790739331693 0.006743389938122986 0.01615250857018203 874.8827011135367 25.9539921020931 488.6633746128564 4.628709407856355 90.14278487192587 120.98570527634942 106.35983471285134 35.220521632363194 0.18028556974384966 0.23748077353908023 0.24964755958779358 0.1491438720313459 874.8827011135367 25.9539921020931 488.6633746128564 4.628709407856355 
190.00073194904655 0.0 36.65461536663162 0.0 19.156396489351653 0.006841872365910015 0.27546951665764446 0.006743389938122986 0.018136944980595638 830.8750376784925 24.723468839138995 415.0597964404461 4.949317081562946 90.14278487192587 122.4050686735641 110.05282088855077 43.940907649116525 0.18028556974384966 0.23946520994949436 0.2583221946901559 0.1675787382938341 830.8750376784925 24.723468839138995 415.0597964404461 4.949317081562946 
192.00073194904644 0.0 41.90428419631347 0.0 23.494928294109016 0.006863369625590141 0.34303555320708595 0.006743389938122988 0.029531081203985093 585.0457897293588 18.014875353660543 53.699656685728186 6.422902099739169 90.14278487192587 125.95113099483066 126.65376770459663 82.91640172504056 0.18028556974384977 0.2508593461728855 0.29379315683909213 0.24623940131994984 585.0457897293588 18.014875353660543 53.699656685728186 6.422902099739169 
194.00004639476188 0.0 42.41631033123824 0.0 23.6776248683848 0.006863369625590142 0.34569602812630656 0.006886516526461533 0.025503003019325222 568.8267477453714 17.69379401245307 41.60368174951048 6.455846747685054 90.14278487192587 127.04926148067865 125.76930150061042 82.00929235839958 0.1802855697438497 0.25351982109210675 0.293793156839092 0.24889987623917093 568.8267477453714 17.69379401245307 41.60368174951048 6.455846747685054 
196.0007319490462 0.0 42.88559762548197 0.0 23.967679454908485 0.006863369625590141 0.3481080017620393 0.007022936385723861 0.021539840604584224 550.4375719513888 17.26187473975264 37.38453887910533 6.4732047808861095 90.14278487192587 128.3377781765057 125.21656900284142 81.99685229985288 0.18028556974384977 0.25593179472783945 0.293793156839092 0.2513118498749035 550.4375719513888 17.26187473975264 37.38453887910533 6.4732047808861095 
198.0007319490461 0.0 43.44002012127329 0.0 23.897273961230713 0.006863369625590141 0.3502866556445764 0.007082674572123802 0.02092682568047158 535.7096539279182 17.131433482493183 35.086113018634975 6.485889297322592 90.14278487192587 129.42375089516483 124.4429749372729 81.6384162500948 0.1802855697438497 0.2581104486103764 0.293793156839092 0.25349050375744087 535.7096539279182 17.131433482493183 35.086113018634975 6.485889297322592 
200.00073194904598 0.0 43.962518352912696 0.0 23.76152301976334 0.006863369625590142 0.35143875973173055 0.0071029402656973654 0.021131878844197424 522.8964295120858 17.21701491688787 33.46563729415328 6.498679789363587 90.14278487192587 130.8198619916242 125.18660548197192 84.28864864346669 0.1802855697438497 0.2592625526975285 0.293793156839092 0.25464260784459286 522.8964295120858 17.21701491688787 33.46563729415328 6.498679789363587 
202.00073194904587 0.0 47.573944232351536 0.0 22.720564121991856 0.006863369625590139 0.3637121005048855 0.007247819751535716 0.026634750580532683 449.9619667313902 18.411402946325047 27.44426381802938 6.599834293639339 90.14278487192587 135.86491289415954 134.71138087350397 108.62232554671697 0.18028556974384977 0.2715358934706858 0.293793156839092 0.2669159486177502 449.9619667313902 18.411402946325047 27.44426381802938 6.599834293639339 
204.00045465241817 0.0 48.274577037231246 0.0 22.147713851237043 0.006863369625590139 0.36544184534064944 0.007247819751535716 0.028364495416296924 439.1268326406316 18.9082302733648 27.762929424864314 6.513083871678105 90.14278487192587 137.06328555808687 135.50655982649712 111.29384524702803 0.1802855697438497 0.27326563830644834 0.293793156839092 0.2686456934535114 439.1268326406316 18.9082302733648 27.762929424864314 6.513083871678105 
206.00073194904564 0.0 48.566395310495565 0.0 21.623373747961452 0.006863369625590139 0.3677753527026306 0.007247819751535714 0.03069800277827831 428.2351834553443 19.41595994524632 28.05342768176713 6.494439625284192 90.14278487192587 138.16747518096733 136.01322385812816 113.40196256401377 0.1802855697438497 0.2746229556940003 0.293793156839092 0.2709792008154982 428.2351834553443 19.41595994524632 28.05342768176713 6.494439625284192 
208.00073194904553 0.0 48.81536135974267 0.0 21.07061605701642 0.006863369625590139 0.36882705206960203 0.007247819751535714 0.03174970214524922 416.4287092217992 19.940365231703485 28.635302109469002 6.483690297649386 90.14278487192587 139.32256578314914 137.64255800694872 117.77909350013694 0.1802855697438497 0.2746229556940003 0.293793156839092 0.27203090018246395 416.4287092217992 19.940365231703485 28.635302109469002 6.483690297649386 
210.00073194904542 0.0 49.036367165765725 0.0 20.47264527010901 0.006863369625590139 0.3713230878620505 0.007247819751535712 0.03424573793769908 404.4069994995727 20.468155748872352 29.071196587383742 6.464068520414781 90.14278487192587 140.35882070375544 139.21843129905636 122.0275953533731 0.1802855697438497 0.2746229556940003 0.293793156839092 0.2745269359749159 404.4069994995727 20.468155748872352 29.071196587383742 6.464068520414781 
212.0007319490453 0.0 50.824879266752575 0.0 16.666772852157763 0.006863369625590139 0.3836471560810197 0.007247819751535712 0.046569806156667046 328.41144965725425 23.624430322781162 33.084159819677424 6.418688510043922 90.14278487192587 145.90310382942044 144.9258903456488 139.53872579235818 0.0 0.0 0.293793156839092 0.2868510041938815 328.41144965725425 23.624430322781162 33.084159819677424 6.418688510043922 
214.00071435846684 0.0 51.13326986175503 0.0 16.479178652415346 0.006863369625590141 0.3858813360957634 0.007247819751535712 0.04880398617140856 313.46792001254465 24.194735090396875 33.816664691587974 6.529306680243312 90.14278487192587 146.8013909132248 145.5491342150085 141.83175447742624 0.0 0.0 0.293793156839092 0.28908518420862495 313.46792001254465 24.194735090396875 33.816664691587974 6.529306680243312 
216.00044241447387 0.0 51.39872575670071 0.0 16.45960952994527 0.006863369625590141 0.38816694260681955 0.007247819751535712 0.051089592682466926 299.3437171266423 24.741867922428977 34.62438202007014 6.578682392929423 90.14278487192587 147.62423436548985 145.96838057707913 143.6694963138642 0.0 0.0 0.293793156839092 0.29137079071968364 299.3437171266423 24.741867922428977 34.62438202007014 6.578682392929423 
218.00063653510563 0.0 51.650412346655806 0.0 16.396378208939318 0.006863369625590141 0.3895031010827092 0.007247819751535712 0.052425751158354246 284.4732038760921 25.288067150254385 36.03197072313379 6.60934931448855 90.14278487192587 148.55280953354332 146.19096915516363 145.1428135318303 0.0 0.0 0.293793156839092 0.2927069491955706 284.4732038760921 25.288067150254385 36.03197072313379 6.60934931448855 
220.00073194904485 0.0 51.79302776921948 0.0 16.359313887819546 0.006883342056460385 0.373895217939882 0.00724781975153571 0.054329252756923414 270.17221852544714 25.755761941624645 36.43943768296732 6.598658595867202 90.14278487192587 149.48204773464812 146.34277488293898 146.45317763028856 0.0 0.0 0.293793156839092 0.2946104507941404 270.17221852544714 25.755761941624645 36.43943768296732 6.598658595867202 
222.00033732017903 0.0 52.31708981074386 0.0 16.402483789558413 0.007247819751535712 0.06697210801513978 0.007247819751535712 0.06697210801513978 186.18989443267793 28.33794526188183 31.7891207064963 6.523999050381355 90.14278487192587 155.8961369177726 146.89657841954522 153.5730543857821 0.0 0.0 0.293793156839092 0.3072533060523554 186.18989443267793 28.33794526188183 31.7891207064963 6.523999050381355 
224.00073194904462 0.0 51.78207817243535 0.0 16.627527893067327 0.007247819751535712 0.06847124475283407 0.007247819751535712 0.06847124475283407 173.73456936465377 28.644717608241084 30.212699768657682 6.535746012250222 90.14278487192587 156.89636188942947 146.89657841954522 154.58350803738293 0.0 0.0 0.29379315683909213 0.3087524427900525 173.73456936465377 28.644717608241084 30.212699768657682 6.535746012250222 
226.0007319490445 0.0 51.470862248991295 0.0 16.71927530544683 0.007247819751535712 0.07083317919834893 0.007247819751535712 0.07083317919834893 161.74059473352574 28.875784863515918 29.18144811045226 6.546440352055735 90.14278487192587 157.9485479552758 146.89657841954522 155.58533679197487 0.0 0.0 0.293793156839092 0.3111143772355668 161.74059473352574 28.875784863515918 29.18144811045226 6.546440352055735 
228.0007319490444 0.0 51.104376964691134 0.0 16.748218873112872 0.007247819751535712 0.07302558965169943 0.007247819751535712 0.07302558965169943 150.56132492013865 29.15571481038694 28.338466216762004 6.507856842781491 90.14278487192587 158.9196427561389 146.89657841954522 156.5747232311115 0.0 0.0 0.293793156839092 0.31330678768891534 150.56132492013865 29.15571481038694 28.338466216762004 6.507856842781491 
230.00073194904428 0.0 50.669855918747 0.0 16.862690674068133 0.007247819751535712 0.07436308559572351 0.007247819751535712 0.07436308559572351 140.14182334527908 29.406557422001995 27.96158214126905 6.487239671969916 90.14278487192587 159.86824765166028 146.89657841954522 157.57424966569687 0.0 0.0 0.293793156839092 0.31464428363294095 140.14182334527908 29.406557422001995 27.96158214126905 6.487239671969916 
232.00073194904417 0.0 47.76201002615896 0.0 16.621295618890464 0.007247819751535714 0.08670458218064239 0.007247819751535714 0.08670458218064239 80.50930540042918 31.00637563959632 28.50162422679201 6.712857379658179 90.14278487192587 165.90456424269553 146.89657841954522 163.58880889751225 0.0 0.0 0.293793156839092 0.32698578021786484 80.50930540042918 31.00637563959632 28.50162422679201 6.712857379658179 
234.00073194904405 0.0 47.05799070205953 0.0 16.578055120683242 0.007247819751535714 0.08897467531097304 0.007247819751535714 0.08897467531097304 72.99063631657208 31.23760269389752 29.19405544620394 6.630065141741473 90.14278487192587 166.87214644577682 146.89657841954522 164.5686967918135 0.0 0.0 0.29379315683909213 0.3292558733481914 72.99063631657208 31.23760269389752 29.19405544620394 6.630065141741473 
236.00073194904394 0.0 46.544916713218456 0.0 16.528731310739037 0.007247819751535714 0.0906187131492943 0.007247819751535714 0.0906187131492943 65.96357518756308 31.468461884290896 30.38423993650371 6.615213417555794 90.14278487192587 167.83060776749699 146.89657841954522 165.57241435076836 0.0 0.0 0.293793156839092 0.3308999111865136 65.96357518756308 31.468461884290896 30.38423993650371 6.615213417555794 
238.00073194904382 0.0 45.780995475078825 0.0 16.408701016313294 0.007247819751535714 0.09220558962874846 0.007247819751535714 0.09220558962874846 59.62543007400206 31.704970750400072 30.955680327981263 6.576833134354916 90.14278487192587 168.8491007607377 146.89657841954522 166.5655000955913 0.0 0.0 0.293793156839092 0.33248678766596274 59.62543007400206 31.704970750400072 30.955680327981263 6.576833134354916 
240.0007319490437 0.0 44.8716212604314 0.0 16.266631520155126 0.007247819751535717 0.09398467983096234 0.007247819751535717 0.09398467983096234 53.46906702461891 31.859938706979385 31.36216317553801 6.486420320994494 90.14278487192587 169.93517615670825 146.89657841954522 167.58263200175386 0.0 0.0 0.293793156839092 0.33426587786818096 53.46906702461891 31.859938706979385 31.36216317553801 6.486420320994494 
242.0007319490436 0.0 39.43212777341019 0.0 15.556098664237616 0.007247819751535714 0.10588398179658008 0.007247819751535714 0.10588398179658008 22.63877278172192 32.16756422092033 29.51760185824699 6.278575868176915 90.14278487192587 175.890918264163 146.89657841954522 173.5747755012341 0.0 0.0 0.293793156839092 0.3461651798337941 22.63877278172192 32.16756422092033 29.51760185824699 6.278575868176915 
244.00073194904348 0.0 38.25536931230504 0.0 15.445710315870157 0.007247819751535714 0.10875900110056863 0.007247819751535714 0.10875900110056863 19.380879184574 32.19467796046284 29.51701226321087 6.32568706650198 90.14278487192587 176.85867017486243 146.89657841954522 174.5727395400497 0.0 0.0 0.293793156839092 0.34904019913778384 19.380879184574 32.19467796046284 29.51701226321087 6.32568706650198 
246.00073194904337 0.0 37.37270217551099 0.0 15.364043964636567 0.007247819751535716 0.10959118497122446 0.007247819751535716 0.10959118497122446 16.77545262793718 32.09461749785833 29.419816084314586 6.3833343781215195 90.14278487192587 177.87836913003287 146.89657841954522 175.5810020029239 0.0 0.0 0.293793156839092 0.3498723830084454 16.77545262793718 32.09461749785833 29.419816084314586 6.3833343781215195 
248.00073194904326 0.0 36.59701510922332 0.0 15.366473161196687 0.007247819751535714 0.11244016581113198 0.007247819751535714 0.11244016581113198 14.971322882783818 32.06600088870446 29.605967059135832 6.397341017516684 90.14278487192587 178.82250515671242 146.89657841954522 176.5767438909877 0.0 0.0 0.29379315683909213 0.3527213638483468 14.971322882783818 32.06600088870446 29.605967059135832 6.397341017516684 
250.0005395257219 0.0 36.020316697332454 0.0 15.434198951333794 0.007247819751535714 0.11431033475913398 0.007247819751535714 0.11431033475913398 13.71589565418514 32.072117290618806 30.15848758460829 6.419251001878913 90.14278487192587 179.69407496845355 146.89657841954522 177.59425161276138 0.0 0.0 0.293793156839092 0.35459153279635275 13.71589565418514 32.072117290618806 30.15848758460829 6.419251001878913 
252.00073194904303 0.0 33.635740627200136 0.0 15.98432715707069 0.007247819751535714 0.12705635111622537 0.007247819751535714 0.12705635111622537 8.930407558805816 32.1742997837442 30.34440220101113 6.334749214872489 90.14278487192587 185.80215038231427 146.89657841954522 183.55674191622194 0.0 0.0 0.293793156839092 0.3673375491534433 8.930407558805816 32.1742997837442 30.34440220101113 6.334749214872489 
254.00055487763706 0.0 33.623331148221276 0.0 16.167378034633096 0.007247819751535714 0.128660715446176 0.007247819751535714 0.128660715446176 9.065706381235323 32.09087052814327 29.59026746991731 6.323061057538851 90.14278487192587 186.71881653846924 146.89657841954522 184.58089460749798 0.0 0.0 0.293793156839092 0.3689419134833942 9.065706381235323 32.09087052814327 29.59026746991731 6.323061057538851 
256.00011703801596 0.0 33.734869234912345 0.0 16.200988592705322 0.007247819751535716 0.13090109874093786 0.007247819751535716 0.13090109874093786 9.066638061181754 32.035643667991394 29.165997517864707 6.381792664443785 90.14278487192587 187.40045553397002 146.89657841954522 185.5869408541538 0.0 0.0 0.293793156839092 0.3711822967781526 9.066638061181754 32.035643667991394 29.165997517864707 6.381792664443785 
258.0007319490427 0.0 33.783340017633584 0.0 16.168847545127182 0.007247819751535716 0.13316273686182312 0.007247819751535716 0.13316273686182312 9.084404830083395 32.07982782714692 28.69051031374806 6.416219920635209 90.14278487192587 188.01551690834341 146.89657841954522 186.57874589874712 0.0 0.0 0.2937931568390919 0.3734439348990446 9.084404830083395 32.07982782714692 28.69051031374806 6.416219920635209 
260.00068769767665 0.0 33.829368845355525 0.0 16.18642966752132 0.007247819751535717 0.1345457886307954 0.007247819751535717 0.1345457886307954 9.16406726736973 32.06737877676876 27.824011091121637 6.370198129850591 90.14278487192587 188.49516508968657 146.89657841954522 187.5812860069852 0.0 0.0 0.2937931568390919 0.3748269866680136 9.16406726736973 32.06737877676876 27.824011091121637 6.370198129850591 
262.00073194904246 0.0 34.07889057314162 0.0 16.43256318116685 0.007247819751535714 0.1468553247067592 0.007247819751535714 0.1468553247067592 9.408192836621678 31.76202647532503 26.096532274480047 6.314834896881569 90.14278487192587 195.8190281310695 146.89657841954522 193.5790232172697 0.0 0.0 0.293793156839092 0.38713652274397353 9.408192836621678 31.76202647532503 26.096532274480047 6.314834896881569 
264.000208181656 0.0 34.182990530404595 0.0 16.492938124426434 0.007247819751535714 0.14851271791916895 0.007247819751535714 0.14851271791916895 9.187831789916968 31.721095777326713 27.48931126008364 6.446061111266602 90.14278487192587 196.55579843472356 146.89657841954522 194.5619727053192 0.0 0.0 0.2937931568390919 0.38879391595638346 9.187831789916968 31.721095777326713 27.48931126008364 6.446061111266602 
266.00073194904223 0.0 34.181291466082826 0.0 16.533073163833045 0.007247819751535716 0.15000571255560688 0.007247819751535716 0.15000571255560688 9.147492103985613 31.68204227524607 28.786519516579425 6.490861545449125 90.14278487192587 197.01312867254478 146.89657841954522 195.56234015167647 0.0 0.0 0.293793156839092 0.39028691059282405 9.147492103985613 31.68204227524607 28.786519516579425 6.490861545449125 
268.0007319490421 0.0 34.17049181913023 0.0 16.539077524541046 0.007247819751535716 0.15201852423467135 0.007247819751535716 0.15201852423467135 9.037348706372118 31.70225316405997 30.42167868624635 6.5094008400881584 90.14278487192587 197.51295014621454 146.89657841954522 196.57167693742795 0.0 0.0 0.293793156839092 0.39229972227188664 9.037348706372118 31.70225316405997 30.42167868624635 6.5094008400881584 
270.000731949042 0.0 34.165331792853245 0.0 16.54970875214008 0.007247819751535712 0.15402541227298314 0.007247819751535712 0.15402541227298314 9.012618261767106 31.79378232335183 32.11177119235818 6.525308251718902 90.14278487192587 197.7409395725586 146.89657841954522 197.56486045751 0.0 0.0 0.293793156839092 0.39430661031020553 9.012618261767106 31.79378232335183 32.11177119235818 6.525308251718902 
272.0002874199767 0.0 33.91134886337718 0.0 16.696008746746084 0.007247819751535716 0.1664933002292972 0.007247819751535716 0.1664933002292972 9.252604970298341 32.43117390264263 41.884159009529185 6.546403254629599 90.14278487192587 205.96168167072693 146.89657841954522 203.55417054200464 0.0 0.0 0.2937931568390919 0.40677449826651396 9.252604970298341 32.43117390264263 41.884159009529185 6.546403254629599 
274.0007319490418 0.0 33.90496160913013 0.0 16.56505826219933 0.007247819751535716 0.16797527699688583 0.007247819751535716 0.16797527699688583 9.307637344983617 32.57831778445196 44.524903673009476 6.631684189810353 90.14278487192587 206.06632655933797 146.89657841954522 204.57782004935916 0.0 0.0 0.293793156839092 0.4082564750340994 9.307637344983617 32.57831778445196 44.524903673009476 6.631684189810353 
276.00073194904166 0.0 33.99491498534649 0.0 16.484553175354947 0.007247819751535716 0.17051060893816217 0.007247819751535716 0.17051060893816217 9.408634876532497 32.64250988222787 46.26743457001371 6.680120852923411 90.14278487192587 206.71251372348104 146.89657841954522 205.5724274557117 0.0 0.0 0.293793156839092 0.4107918069753836 9.408634876532497 32.64250988222787 46.26743457001371 6.680120852923411 
278.00073194904155 0.0 34.055829043432304 0.0 16.426156983963104 0.007247819751535716 0.17229487489055909 0.007247819751535716 0.17229487489055909 9.536757357423891 32.64600085961066 46.74468974247839 6.56571924045549 90.14278487192587 206.71251372348104 146.89657841954522 206.5591612121378 0.0 0.0 0.293793156839092 0.4125760729277796 9.536757357423891 32.64600085961066 46.74468974247839 6.56571924045549 
280.00073194904144 0.0 34.090281202154536 0.0 16.398146940310095 0.007247819751535714 0.1743733661891574 0.007247819751535714 0.1743733661891574 9.700229344121611 32.69241999352839 46.218094850355286 6.472137045131451 90.14278487192587 206.71251372348104 146.89657841954522 207.57403226412293 0.0 0.0 0.293793156839092 0.4146545642263766 9.700229344121611 32.69241999352839 46.218094850355286 6.472137045131451 
282.0007319490413 0.0 34.05416889077315 0.0 16.41785781546654 0.007247819751535714 0.18735071379051263 0.007247819751535714 0.18735071379051263 10.381612894864407 32.58533351597616 40.3331655548242 6.312186286268044 NaN NaN 146.89657841954522 213.56231098759383 0.0 0.0 0.293793156839092 0.42763191182773375 10.381612894864407 32.58533351597616 40.3331655548242 6.312186286268044 
284.00005828234697 0.0 33.943327366427326 0.0 16.393173084416023 0.007247819751535714 0.18849281560194694 0.007247819751535714 0.18849281560194694 10.546366531831907 32.446184155829094 38.76503703234744 6.265167409207596 NaN NaN 146.89657841954522 214.58513873256126 0.0 0.0 0.293793156839092 0.42877401363916623 10.546366531831907 32.446184155829094 38.76503703234744 6.265167409207596 
286.0007319490411 0.0 33.97227873775905 0.0 16.56592635735797 0.007247819751535712 0.1907831408332845 0.007247819751535712 0.1907831408332845 10.625656049637154 32.331998260862655 37.578898893022554 6.252637688222847 NaN NaN 146.89657841954522 215.57400710583053 0.0 0.0 0.2937931568390919 0.43106433887050066 10.625656049637154 32.331998260862655 37.578898893022554 6.252637688222847 
288.000731949041 0.0 33.98395179094562 0.0 16.65448117638639 0.00724781975153571 0.19294271784750666 0.00724781975153571 0.19294271784750666 10.577418792899277 32.15055429235907 36.137133727712445 6.302508275245747 NaN NaN 146.89657841954522 216.5692453370986 0.0 0.0 0.293793156839092 0.43322391588471987 10.577418792899277 32.15055429235907 36.137133727712445 6.302508275245747 
290.00073194904087 0.0 34.01837736576543 0.0 16.75216258308348 0.00724781975153571 0.19500813285515187 0.00724781975153571 0.19500813285515187 10.482113337148775 31.93923573469343 34.97214954663241 6.354376878285041 NaN NaN 146.89657841954522 217.58737173936044 0.0 0.0 0.293793156839092 0.4352893308923654 10.482113337148775 31.93923573469343 34.97214954663241 6.354376878285041 
292.00073194904076 0.0 34.03975678369884 0.0 17.169737105338363 0.007247819751535714 0.2069089879799348 0.007247819751535714 0.2069089879799348 10.143172773683387 31.065027273799156 29.799071124354413 6.57135007259513 NaN NaN 146.89657841954522 223.58061592421032 0.0 0.0 0.29379315683909213 0.4471901860171559 10.143172773683387 31.065027273799156 29.799071124354413 6.57135007259513 
294.00073194904064 0.0 33.89209972812198 0.0 17.072587181194127 0.007247819751535714 0.20917087040710886 0.007247819751535714 0.20917087040710886 10.325297188934579 30.887849568161684 28.526875848100506 6.550716083358223 NaN NaN 146.89657841954522 224.59004494570434 0.0 0.0 0.293793156839092 0.44945206844432833 10.325297188934579 30.887849568161684 28.526875848100506 6.550716083358223 
296.0004373673855 0.0 33.90353230600093 0.0 17.02518894045741 0.007247819751535712 0.2113278322356588 0.007247819751535712 0.2113278322356588 10.237858593227964 30.785269674700977 28.07405471399528 6.566978439609418 NaN NaN 146.89657841954522 225.57382505579506 0.0 0.0 0.29379315683909213 0.451609030272874 10.237858593227964 30.785269674700977 28.07405471399528 6.566978439609418 
298.0007319490404 0.0 33.87911035024371 0.0 17.006686009435153 0.007247819751535714 0.21319326238076575 0.007247819751535714 0.21319326238076575 10.142769395820597 30.717993133631303 28.712922538292336 6.569092977596039 NaN NaN 146.89657841954522 226.58205520423888 0.0 0.0 0.29379315683909213 0.4534744604179807 10.142769395820597 30.717993133631303 28.712922538292336 6.569092977596039 
300.0006401828305 0.0 33.881233181627465 0.0 17.016051885377767 0.007247819751535716 0.2151352002652299 0.007247819751535716 0.2151352002652299 12.27097537700575 30.71119692366489 31.332971674958728 6.589672909977144 NaN NaN 146.89657841954522 227.59562121577304 0.0 0.0 0.293793156839092 0.4554163983024451 12.27097537700575 30.71119692366489 31.332971674958728 6.589672909977144 
302.0007319490402 0.0 35.404602631836795 0.0 18.21797180670709 0.007247819751535716 0.2273462399938606 0.00701635814515372 0.10031022080190305 994.4290708971025 29.508752756026002 782.584391567392 4.961422287778151 31.53318940216036 71.4206429073701 142.66034137444535 198.97795474535252 0.06306637880432012 0.14243448921524915 0.2423681176202807 0.047555219853793455 994.4290708971025 29.508752756026002 782.584391567392 4.961422287778151 
304.0007319490401 0.0 36.572020521014245 0.0 18.269509268736567 0.007247819751535716 0.22863840526681628 0.007105535876786819 0.15054693547257336 939.8023006340555 28.04648363058047 631.0974501866468 4.147942902333045 31.53318940216036 72.82098780744313 138.78950411551713 168.35524981001703 0.06306637880432012 0.14372665448820462 0.24236811762028065 0.048847385126750374 939.8023006340555 28.04648363058047 631.0974501866468 4.147942902333045 
306.00040704197716 0.0 37.33035584327039 0.0 18.45981092446504 0.007247819751535716 0.23080302612589088 0.007160280369488138 0.18275767298217171 876.207714753022 26.043622828695757 546.6525078832461 4.109564133414861 31.53318940216036 74.30865820299002 137.04898761563385 155.1247125026976 0.0630663788043201 0.14589127534727533 0.24236811762028065 0.05101200598582045 876.207714753022 26.043622828695757 546.6525078832461 4.109564133414861 
308.0000690156963 0.0 38.31172202268983 0.0 18.880386584848647 0.007247819751535714 0.2332400370130738 0.007186677483336797 0.19968254781322 824.6771004844265 24.365842946765994 474.1457900185497 4.360435338601947 31.53318940216036 75.77585256578377 136.11779142231794 148.53233906176735 0.06306637880432009 0.14832828623446248 0.2423681176202807 0.053449016873006204 824.6771004844265 24.365842946765994 474.1457900185497 4.360435338601947 
310.0000783095729 0.0 39.16844121277334 0.0 19.41607585940097 0.007247819751535714 0.23494892703468978 0.007197371200200255 0.20726060655755665 779.1386744757312 22.94089566710849 407.1423226946461 4.650000937306053 31.53318940216036 77.24316115310796 135.45822289352796 144.13917355409833 0.06306637880432009 0.15003717625607813 0.2423681176202807 0.05515790689462253 779.1386744757312 22.94089566710849 407.1423226946461 4.650000937306053 
312.0003834067975 0.0 42.73731229798774 0.0 21.663541194863775 0.007247819751535714 0.24676293024655488 0.007247819751535714 0.24676293024655488 535.3414946631559 15.558048262125162 66.36407506928255 6.270088185171711 31.53318940216036 80.96375471172423 131.62659927022554 118.84082556826952 0.06306637880432012 0.16185117946794328 0.2423681176202807 0.06697191010648991 535.3414946631559 15.558048262125162 66.36407506928255 6.270088185171711 
314.0007319490395 0.0 43.2434907056882 0.0 21.902199341323 0.007247819751535716 0.24866279330011973 0.007247819751535716 0.24866279330011973 517.1778485304321 15.23714588579292 49.346168717237134 6.275416039934361 31.53318940216036 82.13047041282441 130.98521529613262 114.58189012845658 0.0630663788043201 0.16375104252150688 0.24236811762028065 0.06887177316005316 517.1778485304321 15.23714588579292 49.346168717237134 6.275416039934361 
316.00007669047284 0.0 43.97091681905426 0.0 21.881494963063 0.007247819751535717 0.2511705614966368 0.007247819751535717 0.2511705614966368 504.27560547245287 15.23535380934373 41.0957108836354 6.268500570398553 31.53318940216036 83.33325044050989 130.34517552889213 110.3563578413021 0.0630663788043201 0.16625881071802467 0.24236811762028077 0.07137954135656846 504.27560547245287 15.23535380934373 41.0957108836354 6.268500570398553 
318.0007319490393 0.0 44.45627965011264 0.0 21.778409948902855 0.007247819751535716 0.2528269260053323 0.007247819751535716 0.2528269260053323 493.51000184653924 15.448521729114542 37.34126506036347 6.276971820071428 31.53318940216036 84.78178955921072 129.67176077459564 105.86158526993238 0.06306637880432009 0.16791517522671728 0.24236811762028077 0.07303590586526208 493.51000184653924 15.448521729114542 37.34126506036347 6.276971820071428 
320.0003314047337 0.0 45.0059096980904 0.0 21.881009612114813 0.007247819751535716 0.2546058737978459 0.007247819751535716 0.2546058737978459 483.1700692723719 15.745246006493193 35.39277031391589 6.300299805896564 31.53318940216036 86.06133799795874 128.99646516965035 101.34981676464508 0.0630663788043201 0.16969412301923162 0.24236811762028077 0.07481485365777583 483.1700692723719 15.745246006493193 35.39277031391589 6.300299805896564 
322.0004968276598 0.0 46.91330091144511 0.0 21.545750476332202 0.007247819751535714 0.266928945850689 0.007247819751535714 0.266928945850689 426.7912966328758 17.829030649302528 32.82409386296234 6.483845202999953 31.53318940216036 91.01829994319719 125.08734935710677 75.41276208971189 0.0630663788043201 0.18201719507207142 0.24236811762028065 0.08713792571061685 426.7912966328758 17.829030649302528 32.82409386296234 6.483845202999953 
324.00073194903894 0.0 47.668895550259485 0.0 21.428481030200018 0.007247819751535714 0.26867477594908723 0.007247819751535714 0.26867477594908723 418.06038269737604 18.319501339435526 32.183520421302745 6.357871037045557 31.53318940216036 92.10788218199963 124.37418005798615 70.59280191317255 0.0630663788043201 0.18201719507207142 0.24236811762028065 0.088883755809017 418.06038269737604 18.319501339435526 32.183520421302745 6.357871037045557 
326.0002693009623 0.0 48.22316141361742 0.0 20.943482166834556 0.007247819751535712 0.2708321395854162 0.007247819751535712 0.2708321395854162 408.99694178956474 18.814195884827413 30.981198210110307 6.315292269772675 31.53318940216036 93.13491894706026 123.4589099226391 64.1199843913749 0.0630663788043201 0.18201719507207142 0.2423681176202807 0.09104111944534977 408.99694178956474 18.814195884827413 30.981198210110307 6.315292269772675 
328.0007319490387 0.0 48.71067213336408 0.0 20.38294267411872 0.007247819751535712 0.27282912761049594 0.007247819751535712 0.27282912761049594 399.32257260391475 19.260588279968974 31.262411125085734 6.325219149343301 31.53318940216036 94.0916647977051 122.87211483379826 60.33500373116007 0.0630663788043201 0.18201719507207142 0.24236811762028077 0.09303810747042568 399.32257260391475 19.260588279968974 31.262411125085734 6.325219149343301 
330.0007319490386 0.0 49.190539170709485 0.0 19.946253147094396 0.007247819751535714 0.27448480463391944 0.007247819751535714 0.27448480463391944 389.4004555515188 19.74646059616907 31.344188981592964 6.289853086900558 31.53318940216036 94.97281776641682 122.54981079584466 58.68951570727393 0.0630663788043201 0.18201719507207142 0.2423681176202807 0.0946937844938505 389.4004555515188 19.74646059616907 31.344188981592964 6.289853086900558 
332.0007319490385 0.0 52.06264764153617 0.0 17.526087265217466 0.007247819751535714 0.2870918348269099 0.007247819751535714 0.2870918348269099 323.6733482046297 22.91414348686775 29.89569137702302 6.111875286833186 31.53318940216036 100.94053714743517 121.18405881014132 53.53105512787861 0.0 0.0 0.24236811762028065 0.10730081468684242 323.6733482046297 22.91414348686775 29.89569137702302 6.111875286833186 
334.00073194903837 0.0 51.4087567238698 0.0 17.25910955934988 0.007247819751535714 0.28873749807285587 0.007247819751535714 0.28873749807285587 310.6301772184331 23.440742410659922 28.639585773382926 6.061161768950562 31.53318940216036 101.80985650666368 121.18405881014132 54.52813962791116 0.0 0.0 0.24236811762028065 0.10894647793278968 310.6301772184331 23.440742410659922 28.639585773382926 6.061161768950562 
336.00047882286435 0.0 51.32097284500291 0.0 17.230382013375582 0.007247819751535714 0.29063427377150736 0.007247819751535714 0.29063427377150736 297.70815849312555 24.055276125459315 28.46873140511524 6.007696314592592 31.53318940216036 102.69572634465806 121.18405881014132 55.53484968742827 0.0 0.0 0.24236811762028065 0.11084325363143717 297.70815849312555 24.055276125459315 28.46873140511524 6.007696314592592 
338.00008240129375 0.0 51.21895248776876 0.0 17.245948408813245 0.007247819751535714 0.29243163458446597 0.007247819751535714 0.29243163458446597 284.5827737741188 24.600281905708925 28.462402034399247 6.025716952289104 31.53318940216036 103.4492120331901 121.18405881014132 56.531712602623045 0.0 0.0 0.24236811762028065 0.1126406144443989 284.5827737741188 24.600281905708925 28.462402034399247 6.025716952289104 
340.000731949038 0.0 51.0148569850138 0.0 17.295308876424492 0.007247819751535714 0.2945720750854073 0.007247819751535714 0.2945720750854073 271.0440618402216 25.087702723473573 28.75606129839796 6.026989139008933 31.53318940216036 104.34893033896105 121.18405881014132 57.531985946809336 0.0 0.0 0.2423681176202807 0.11478105494533743 271.0440618402216 25.087702723473573 28.75606129839796 6.026989139008933 
342.0007319490379 0.0 50.90443229998169 0.0 17.627073275747083 0.007247819751535714 0.3070371467996813 0.007247819751535714 0.3070371467996813 191.15160482194642 27.621289192616576 36.246727964837966 6.43012510181334 31.53318940216036 110.96043799981061 121.18405881014132 63.53683818503877 0.0 0.0 0.2423681176202807 0.12724612665961146 191.15160482194642 27.621289192616576 36.246727964837966 6.43012510181334 
344.0007319490378 0.0 50.637447712094406 0.0 17.532136700429582 0.007247819751535714 0.3087705924944442 0.007247819751535714 0.3087705924944442 178.8279383261564 27.922009684795466 35.63874120930241 6.372614659948051 31.53318940216036 111.96480714714899 121.18405881014132 64.53033939691912 0.0 0.0 0.24236811762028077 0.12897957235437882 178.8279383261564 27.922009684795466 35.63874120930241 6.372614659948051 
346.0007319490377 0.0 50.285651954425234 0.0 17.286037249037182 0.007247819751535714 0.3101375471297646 0.007247819751535714 0.3101375471297646 167.4077142004022 28.18308866634291 34.44395469443673 6.2888721831854415 31.53318940216036 112.89173855548356 121.18405881014132 65.53465670677576 0.0 0.0 0.24236811762028077 0.1303465269896947 167.4077142004022 28.18308866634291 34.44395469443673 6.2888721831854415 
348.0000084069365 0.0 49.56564981893362 0.0 17.136714501448086 0.007247819751535716 0.31307808711003965 0.007247819751535716 0.31307808711003965 156.48840812833228 28.43262665350384 32.98634107063047 6.2101514736421715 31.53318940216036 113.90499297754948 121.18405881014132 66.53925686829555 0.0 0.0 0.24236811762028077 0.13328706696996606 156.48840812833228 28.43262665350384 32.98634107063047 6.2101514736421715 
350.00073194903746 0.0 49.02589820024439 0.0 16.995879543716754 0.007247819751535714 0.3140365175176561 0.007247819751535714 0.3140365175176561 146.02882358776176 28.683440650801312 32.02397775747925 6.227512983646909 31.53318940216036 114.77613192147334 121.18405881014132 67.54359552421128 0.0 0.0 0.24236811762028077 0.13424549737758548 146.02882358776176 28.683440650801312 32.02397775747925 6.227512983646909 
352.00073194903734 0.0 46.27274051512605 0.0 16.401773743084348 0.007247819751535714 0.32628984572989594 0.007247819751535714 0.32628984572989594 88.45300616395826 29.98499732226284 31.97748208528467 6.267749949467422 31.53318940216036 120.95825947696306 121.18405881014132 73.53488273099258 0.0 0.0 0.2423681176202807 0.1464988255898251 88.45300616395826 29.98499732226284 31.97748208528467 6.267749949467422 
354.00073194903723 0.0 45.73994280400692 0.0 16.398498921412994 0.007247819751535714 0.32801004305089243 0.007247819751535714 0.32801004305089243 80.58181803331618 30.236899480020107 34.32175592661391 6.4417490155430235 31.53318940216036 121.92080741953001 121.18405881014132 74.54900973862225 0.0 0.0 0.2423681176202807 0.14821902291082686 80.58181803331618 30.236899480020107 34.32175592661391 6.4417490155430235 
356.00014489433045 0.0 45.36272419774422 0.0 16.49609023747535 0.007247819751535714 0.3306891981779241 0.007247819751535714 0.3306891981779241 73.99002291141066 30.44390825649639 37.51267043936578 6.487155116550895 31.53318940216036 122.7420709459433 121.18405881014132 75.5430574507708 0.0 0.0 0.2423681176202807 0.15089817803785244 73.99002291141066 30.44390825649639 37.51267043936578 6.487155116550895 
358.000559921907 0.0 44.72492077807519 0.0 16.543060152735148 0.007247819751535712 0.33278649488933554 0.007247819751535712 0.33278649488933554 67.08866644869941 30.59048730891257 37.83444049850057 6.443420145373653 31.53318940216036 123.80678709317544 121.18405881014132 76.53477057486417 0.0 0.0 0.2423681176202807 0.15299547474926745 67.08866644869941 30.59048730891257 37.83444049850057 6.443420145373653 
360.0007319490369 0.0 43.97952587666515 0.0 16.534137204626028 0.007247819751535716 0.3346378600890945 0.007247819751535716 0.3346378600890945 60.99140454590133 30.672318330060573 37.05303179222547 6.389248384908551 31.53318940216036 124.86423967503393 121.18405881014132 77.54800075701604 0.0 0.0 0.2423681176202807 0.15484683994902418 60.99140454590133 30.672318330060573 37.05303179222547 6.389248384908551 
362.00051645234356 0.0 38.67527007272691 0.0 16.238810281302182 0.007247819751535714 0.3477244286122699 0.007247819751535714 0.3477244286122699 26.25886448664606 31.093017395067687 33.93992570231859 6.303554880923681 31.53318940216036 130.99865436244707 121.18405881014132 83.54058755834254 0.0 0.0 0.2423681176202807 0.16793340847219826 26.25886448664606 31.093017395067687 33.93992570231859 6.303554880923681 
364.00073194903666 0.0 37.29614304656907 0.0 16.057829324960952 0.007247819751535716 0.3495739536839542 0.007247819751535716 0.3495739536839542 22.450334134540107 31.017271205440863 32.76708862012633 6.25539802687564 31.53318940216036 132.00739283316491 121.18405881014132 84.53364506344265 0.0 0.0 0.2423681176202807 0.16978293354388005 22.450334134540107 31.017271205440863 32.76708862012633 6.25539802687564 
366.00073194903655 0.0 36.37610520622914 0.0 16.08959712115681 0.007247819751535714 0.3515959820565415 0.007247819751535714 0.3515959820565415 19.421830621042282 30.953369747708567 30.7393779737693 6.121768235144522 31.53318940216036 133.16964630313166 121.18405881014132 85.53447023354197 0.0 0.0 0.2423681176202807 0.17180496191647615 19.421830621042282 30.953369747708567 30.7393779737693 6.121768235144522 
368.00068352051636 0.0 35.6317202136135 0.0 16.13000159954285 0.007247819751535714 0.35277480286572954 0.007247819751535714 0.35277480286572954 17.147773132605938 30.93001488713631 29.066186575126743 6.095792414542622 31.53318940216036 134.1516108011593 121.18405881014132 86.53834514963123 0.0 0.0 0.2423681176202807 0.17298378272565737 17.147773132605938 30.93001488713631 29.066186575126743 6.095792414542622 
370.0007319490363 0.0 35.08385421081816 0.0 16.03607829678304 0.007247819751535716 0.35497777802681796 0.007247819751535716 0.35497777802681796 15.588505238297383 30.8672482137838 27.818837487587512 6.026926790863437 31.53318940216036 135.0693142099149 121.18405881014132 87.53193955662869 0.0 0.0 0.24236811762028077 0.17518675788674823 15.588505238297383 30.8672482137838 27.818837487587512 6.026926790863437 
372.0007319490362 0.0 32.32715161127366 0.0 15.72095112846259 0.007247819751535716 0.36684345292350545 0.007247819751535716 0.36684345292350545 8.725330159756483 30.56255001732723 21.302709002915783 5.89934457699878 31.53318940216036 140.9555690593196 121.18405881014132 93.52467577122476 0.0 0.0 0.2423681176202807 0.18705243278343722 8.725330159756483 30.56255001732723 21.302709002915783 5.89934457699878 
374.0007319490361 0.0 32.16492932136304 0.0 15.803038601663472 0.007247819751535714 0.3685178682509866 0.007247819751535714 0.3685178682509866 8.55286154007211 30.48484806071571 20.83097673549891 6.103158467733702 31.53318940216036 141.9702996777251 121.18405881014132 94.54056859172334 0.0 0.0 0.2423681176202807 0.1887268481109216 8.55286154007211 30.48484806071571 20.83097673549891 6.103158467733702 
376.0001985892987 0.0 32.14624935351649 0.0 15.844987424764577 0.007247819751535714 0.370893429559425 0.007247819751535714 0.370893429559425 8.5072489825561 30.515997185316753 21.410221426127837 6.210964712257568 31.53318940216036 142.6817054486218 121.18405881014132 95.5214306930134 0.0 0.0 0.2423681176202807 0.19110240941936021 8.5072489825561 30.515997185316753 21.410221426127837 6.210964712257568 
378.00073194903587 0.0 32.09064090235355 0.0 15.88927942971691 0.007247819751535714 0.37269615847290216 0.007247819751535714 0.37269615847290216 8.588408088931061 30.49911057230371 23.290132946359662 6.300964151676344 31.53318940216036 143.4624677731794 121.18405881014132 96.51828091559916 0.0 0.0 0.2423681176202807 0.19290513833283687 8.588408088931061 30.49911057230371 23.290132946359662 6.300964151676344 
380.00073194903575 0.0 32.02780230654566 0.0 15.928142272764537 0.007247819751535714 0.37398864138399696 0.007247819751535714 0.37398864138399696 8.60167926204054 30.46442901099632 24.42732912641784 6.30509322819243 31.53318940216036 144.1320387812925 121.18405881014132 97.53328848642484 0.0 0.0 0.24236811762028077 0.19419762124392476 8.60167926204054 30.46442901099632 24.42732912641784 6.30509322819243 
382.00073194903564 0.0 31.71689027529622 0.0 16.363076938101237 0.007247819751535716 0.3860398401489184 0.007247819751535716 0.3860398401489184 8.493955363165789 30.356603184950306 25.436380467116575 6.326602878004892 31.53318940216036 150.9314605347766 121.18405881014132 103.5160999461773 0.0 0.0 0.24236811762028077 0.20624882000885283 8.493955363165789 30.356603184950306 25.436380467116575 6.326602878004892 
384.0007319490355 0.0 31.71368105287652 0.0 16.358595345732674 0.007247819751535714 0.38861769951584546 0.007247819751535714 0.38861769951584546 8.215619924257872 30.32583735130156 25.6661829859905 6.326231560860206 31.53318940216036 151.5982763373191 121.18405881014132 104.53026238891503 0.0 0.0 0.24236811762028065 0.2088266793757708 8.215619924257872 30.32583735130156 25.6661829859905 6.326231560860206 
386.0007319490354 0.0 31.770913296761204 0.0 16.407531557874854 0.007247819751535714 0.39024262701196955 0.007247819751535714 0.39024262701196955 8.107315725115782 30.313608022644267 25.511253865176602 6.306238964586821 31.53318940216036 152.29110451652218 121.18405881014132 105.53931948283558 0.0 0.0 0.2423681176202807 0.2104516068719066 8.107315725115782 30.313608022644267 25.511253865176602 6.306238964586821 
388.0007319490353 0.0 31.86431930058561 0.0 16.485715524590816 0.007247819751535714 0.3925127518818303 0.007247819751535714 0.3925127518818303 7.974646505390509 30.345615931125668 25.0987616206753 6.312330802339416 31.53318940216036 152.85850055534902 121.18405881014132 106.53858144481646 0.0 0.0 0.24236811762028077 0.21272173174176043 7.974646505390509 30.345615931125668 25.0987616206753 6.312330802339416 
390.0007319490352 0.0 31.974148287277536 0.0 16.52629878052829 0.007247819751535716 0.39406630658261543 0.007247819751535716 0.39406630658261543 7.880658246968326 30.34411730955916 25.35007379998891 6.346871357142187 31.53318940216036 153.3160744869987 121.18405881014132 107.53341985095186 0.0 0.0 0.2423681176202807 0.21427528644255275 7.880658246968326 30.34411730955916 25.35007379998891 6.346871357142187 
392.00065396941477 0.0 32.54196410085387 0.0 16.689720947175427 0.007247819751535714 0.4065291898324311 0.007247819751535714 0.4065291898324311 7.7553655425968895 30.45886022622591 28.298532478467205 6.54801475480622 31.53318940216036 160.77770817231436 121.18405881014132 113.51982880167819 0.0 0.0 0.2423681176202807 0.22673816969236335 7.7553655425968895 30.45886022622591 28.298532478467205 6.54801475480622 
394.00073194903496 0.0 32.6286208078571 0.0 16.55572530615639 0.007247819751535714 0.40830977961156734 0.007247819751535714 0.40830977961156734 7.8611029701916495 30.43316390027951 29.860799857183785 6.589764883440037 31.53318940216036 161.2534910855278 121.18405881014132 114.52940534111173 0.0 0.0 0.2423681176202807 0.22851875947149627 7.8611029701916495 30.43316390027951 29.860799857183785 6.589764883440037 
396.00073194903484 0.0 32.75979804203837 0.0 16.534947184126246 0.007247819751535712 0.41073309410184167 0.007247819751535712 0.41073309410184167 7.934599212929794 30.523451105383025 30.31009392324886 6.557978113348113 31.53318940216036 161.52687507185456 121.18405881014132 115.53065205473679 0.0 0.0 0.2423681176202807 0.23094207396177974 7.934599212929794 30.523451105383025 30.31009392324886 6.557978113348113 
398.00073194903473 0.0 32.85527534675602 0.0 16.4436624667731 0.007247819751535712 0.41244250248773584 0.007247819751535712 0.41244250248773584 8.05203169539001 30.61634557193309 30.3895794438694 6.536092716968387 31.53318940216036 161.52687507185456 121.18405881014132 116.55604412230038 0.0 0.0 0.24236811762028065 0.23265148234766767 8.05203169539001 30.61634557193309 30.3895794438694 6.536092716968387 
400.0006741751452 0.0 32.96579653106679 0.0 16.399544347370526 0.00724781975153571 0.414959726361966 0.00724781975153571 0.414959726361966 8.23494723355649 30.61725965759138 30.622178164395915 6.510774519537714 31.53318940216036 161.52687507185456 121.18405881014132 117.55208919428179 0.0 0.0 0.24236811762028065 0.23516870622189287 8.23494723355649 30.61725965759138 30.622178164395915 6.510774519537714 
402.0007319490345 0.0 33.59898909633305 0.0 16.284695321844115 0.007247819751535714 0.4269143016038173 0.007247819751535714 0.4269143016038173 8.705765213489883 30.307159906171655 30.681798902457565 6.308359908713938 NaN NaN 121.18405881014132 123.53330339544235 0.0 0.0 0.24236811762028065 0.24712328146374982 8.705765213489883 30.307159906171655 30.681798902457565 6.308359908713938 
404.0007319490344 0.0 33.55138811928882 0.0 16.168113719900063 0.007247819751535716 0.42900377846495436 0.007247819751535716 0.42900377846495436 8.519275955518966 30.167644337342995 29.83361998014454 6.263117228279812 NaN NaN 121.18405881014132 124.54419989109164 0.0 0.0 0.24236811762028065 0.24921275832488982 8.519275955518966 30.167644337342995 29.83361998014454 6.263117228279812 
406.0007319490343 0.0 33.58834235366285 0.0 16.10402436361109 0.007247819751535716 0.4311724012319709 0.007247819751535716 0.4311724012319709 8.381678308492374 30.043961194335033 28.71833770998491 6.20486089165815 NaN NaN 121.18405881014132 125.53920445856313 0.0 0.0 0.2423681176202807 0.25138138109190633 8.381678308492374 30.043961194335033 28.71833770998491 6.20486089165815 
408.00073194903416 0.0 33.61113355975394 0.0 15.982257949105266 0.007247819751535714 0.43346095386255246 0.007247819751535714 0.43346095386255246 8.272927085742307 30.059471684490386 27.983700843451587 6.196041928139694 NaN NaN 121.18405881014132 126.53000417941843 0.0 0.0 0.2423681176202807 0.2536699337224854 8.272927085742307 30.059471684490386 27.983700843451587 6.196041928139694 
410.00073194903405 0.0 33.60901339456409 0.0 15.88350100812261 0.007247819751535716 0.4353238390430181 0.007247819751535716 0.4353238390430181 8.224291040711455 30.034135194226206 27.895890065947032 6.17829701232653 NaN NaN 121.18405881014132 127.55132971582559 0.0 0.0 0.24236811762028077 0.2555328189029445 8.224291040711455 30.034135194226206 27.895890065947032 6.17829701232653 
412.00073194903393 0.0 33.073253672863046 0.0 15.559632732933984 0.007247819751535714 0.4463726788851992 0.007247819751535714 0.4463726788851992 8.232455510087275 30.274493568554064 28.79452230141221 6.327267031248433 NaN NaN 121.18405881014132 133.53767629667007 0.0 0.0 0.2423681176202807 0.2665816587451342 8.232455510087275 30.274493568554064 28.79452230141221 6.327267031248433 
414.0007319490338 0.0 32.737512848506626 0.0 15.581204194352528 0.007247819751535714 0.44949140857509506 0.007247819751535714 0.44949140857509506 8.240315781484705 30.313106936260688 29.38067337651859 6.377099636378024 NaN NaN 121.18405881014132 134.53528957515428 0.0 0.0 0.24236811762028065 0.26970038843502403 8.240315781484705 30.313106936260688 29.38067337651859 6.377099636378024 
416.0007319490337 0.0 32.51916106944628 0.0 15.585152218527014 0.007247819751535714 0.4516629676780246 0.007247819751535714 0.4516629676780246 8.171577316181429 30.35488555958606 29.572559710696396 6.317119228276846 NaN NaN 121.18405881014132 135.55794083014536 0.0 0.0 0.24236811762028065 0.27187194753795924 8.171577316181429 30.35488555958606 29.572559710696396 6.317119228276846 
418.0007319490336 0.0 32.35264786878937 0.0 15.653377265733488 0.007247819751535712 0.45329457609347285 0.007247819751535712 0.45329457609347285 8.098681837876937 30.435497016425593 29.451283906351595 6.310696040033549 NaN NaN 121.18405881014132 136.5512961348963 0.0 0.0 0.2423681176202807 0.27350355595340603 8.098681837876937 30.435497016425593 29.451283906351595 6.310696040033549 
420.0007319490335 0.0 32.226095482354 0.0 15.722080230144085 0.007247819751535712 0.4549859935463397 0.007247819751535712 0.4549859935463397 8.073234827838293 30.521999083511805 29.487782052852342 6.295800139169218 NaN NaN 121.18405881014132 137.5437899939797 0.0 0.0 0.24236811762028065 0.2751949734062694 8.073234827838293 30.521999083511805 29.487782052852342 6.295800139169218 
422.00013132335596 0.0 32.92211817563474 0.0 14.495244899707194 0.007247819751535714 0.4658048565865021 0.005736061556207025 0.0042998937634183 988.6045205765733 30.070611338382403 692.4579309816942 4.221508738310086 38.941102471539125 116.69006304395533 114.68784713728516 119.02385197379506 0.0778822049430786 0.23150228117192798 0.1825489952574815 0.060467730438409244 988.6045205765733 30.070611338382403 692.4579309816942 4.221508738310086 
424.00073194903325 0.0 34.0415230408223 0.0 15.173670275316972 0.007247819751535714 0.4682964381726281 0.006537814494573415 0.0951329119387923 944.1895432545479 28.557911032340737 583.3083328860359 3.8303591439789013 38.941102471539125 118.272028800057 111.83179759849524 107.87261505974139 0.07788220494307863 0.2339938627580532 0.21005867020031202 0.1026086950112956 944.1895432545479 28.557911032340737 583.3083328860359 3.8303591439789013 
426.00073194903314 0.0 34.904692770901775 0.0 15.927920073800065 0.007247819751535712 0.47050736841096485 0.006746019973202501 0.12028503790922264 897.7582290664903 27.173164278028096 514.2631548050962 4.000171148140381 38.941102471539125 119.72817882797482 111.35742631992028 104.99482037638477 0.07788220494307863 0.2362047929963909 0.2172025979170868 0.11511608737289804 897.7582290664903 27.173164278028096 514.2631548050962 4.000171148140381 
428.000731949033 0.0 35.649574864695445 0.0 16.70603609013885 0.007247819751535712 0.47294555792667947 0.0068563058807734395 0.13487511991468432 849.2658833605643 25.66088575407758 445.43172681527125 4.357352763479694 38.941102471539125 121.24176882038275 111.4414874942968 104.33406891721128 0.07788220494307863 0.2386429825120943 0.2209867180903631 0.12300828644451114 849.2658833605643 25.66088575407758 445.43172681527125 4.357352763479694 
430.0005949357884 0.0 36.47087918654287 0.0 17.262790978440535 0.007247819751535714 0.47410660958896417 0.006888026052606497 0.13953127014722091 801.8843281605482 24.234771163231287 381.9044951206807 4.703726073519403 38.941102471539125 122.5203654927138 111.60739781151818 104.13242446422556 0.07788220494307863 0.2398040341743785 0.2220750977825314 0.12573800743274838 801.8843281605482 24.234771163231287 381.9044951206807 4.703726073519403 
432.0007319490328 0.0 40.77459606437097 0.0 19.73495621739671 0.007247819751535714 0.486950034172524 0.007128673010473957 0.17889046654966623 567.1229743392955 17.492384452715015 52.24372942985384 6.5417665600113715 38.941102471539125 126.36614363856519 111.61774120336055 100.4645163527355 0.07788220494307863 0.2526474587579384 0.2303321546265052 0.15048223454598494 567.1229743392955 17.492384452715015 52.24372942985384 6.5417665600113715 
434.0007319490327 0.0 41.670193648883306 0.0 19.857691236969444 0.007247819751535712 0.48844283183829484 0.007128673010473957 0.18038326421544537 548.6964844901811 17.429044141263812 41.39656258005883 6.6091589867749025 38.941102471539125 127.45712735136951 111.15061776137448 98.73640126035414 0.07788220494307863 0.25414025642372023 0.2303321546265052 0.15197503221176786 548.6964844901811 17.429044141263812 41.39656258005883 6.6091589867749025 
436.00073194903257 0.0 42.348442118496685 0.0 19.960547495689923 0.007247819751535714 0.4906575530317271 0.007128673010473957 0.18259798540887084 533.7321326022121 17.416923109341163 38.00869334026599 6.615338758932685 38.941102471539125 128.7140022288008 110.85517590830312 97.07077780678398 0.07788220494307863 0.2563549776171457 0.23033215462650528 0.1541897534051934 533.7321326022121 17.416923109341163 38.00869334026599 6.615338758932685 
438.00073194903246 0.0 43.02356969991794 0.0 20.105203484772524 0.007247819751535714 0.49248204126287726 0.007128673010473957 0.18442247364002914 520.0499913935101 17.328603867161522 35.581178004954275 6.594108822223997 38.941102471539125 130.02423654303098 110.85188155546163 95.66503367917694 0.0778822049430786 0.2581794658483064 0.2303321546265052 0.1560142416363478 520.0499913935101 17.328603867161522 35.581178004954275 6.594108822223997 
440.00073194903234 0.0 43.66584215232423 0.0 20.09980658057697 0.007247819751535712 0.4947996667767278 0.007128673010473955 0.18674009915387607 507.9950471697252 17.39839935654615 34.08587736579581 6.549593746419641 38.941102471539125 131.30083282658256 110.74974134725817 93.75721903811169 0.0778822049430786 0.2604970913621533 0.23033215462650514 0.15833186715020037 507.9950471697252 17.39839935654615 34.08587736579581 6.549593746419641 
442.00073194903223 0.0 47.16075993411093 0.0 20.549269997494807 0.007247819751535712 0.5063339626321464 0.00712867301047396 0.19827439500928787 439.85499566233364 18.622595642756085 26.49715428943535 6.276141229041785 38.941102471539125 136.32425260180912 109.69720703559094 81.30669065891252 0.07788220494307863 0.27203138721756487 0.23033215462650514 0.16986616300561222 439.85499566233364 18.622595642756085 26.49715428943535 6.276141229041785 
444.0002581473481 0.0 47.24492914852693 0.0 20.457085745284044 0.007247819751535712 0.5086429336794099 0.007128673010473957 0.20058336605655444 429.0848914125644 19.19542463017999 26.193154051625097 6.276479351658856 38.941102471539125 137.42200975704827 110.27421630213506 82.39495282739163 0.07788220494307863 0.2743403582648304 0.2303321546265052 0.17217513405287227 429.0848914125644 19.19542463017999 26.193154051625097 6.276479351658856 
446.000731949032 0.0 47.170577054298704 0.0 20.357876889202522 0.007247819751535714 0.5108592421712272 0.00712867301047396 0.20279967454836859 418.5003658886924 19.788717020143636 25.65205427148356 6.287748058234702 38.941102471539125 138.64687204855537 110.83465354610611 83.59488875286227 0.07788220494307863 0.27655666675664575 0.23033215462650514 0.17439144254469297 418.5003658886924 19.788717020143636 25.65205427148356 6.287748058234702 
448.0007319490319 0.0 47.34298765100683 0.0 20.032832263759797 0.007247819751535714 0.5135863773126824 0.007128673010473961 0.20552680968983408 406.93352099440693 20.382499977143308 25.525576718864002 6.307112361556396 38.941102471539125 139.91493320648522 111.98115094495512 84.0664558261905 0.0778822049430786 0.2792838018981093 0.2723318146209897 0.1284754713677558 406.93352099440693 20.382499977143308 25.525576718864002 6.307112361556396 
450.0007319490318 0.0 47.45857366874554 0.0 19.665269933565263 0.007247819751535716 0.5156604864916666 0.00712867301047396 0.2076009188688107 395.24353837514633 20.957519822155692 25.638354285827145 6.351417223425309 38.941102471539125 141.1591575668638 113.51367346482304 83.9607500097774 0.0778822049430786 0.2813579110770869 0.28867431536785504 0.11162204633710876 395.24353837514633 20.957519822155692 25.638354285827145 6.351417223425309 
452.00073194903166 0.0 47.79602191436346 0.0 17.310056711952353 0.007247819751535714 0.5264023425198262 0.00712867301047396 0.21834277489696774 322.56836444792856 24.26218629209726 25.542248919379592 6.628583062660125 38.941102471539125 146.28956396056932 124.11946417608864 82.61085227483953 0.07788220494307863 0.29209976710524516 0.35047942184535097 0.050782552282911245 322.56836444792856 24.26218629209726 25.542248919379592 6.628583062660125 
454.0005201350339 0.0 48.291148320340355 0.0 17.150167606638693 0.007247819751535714 0.5296229623171069 0.007128673010473957 0.2215633946942547 308.4908766066676 24.838405610242557 27.266938245919047 6.644070467563727 38.941102471539125 147.29913342916845 125.87702213266252 82.54975850154403 0.07788220494307863 0.29209976710524516 0.3504794218453511 0.054003172080198926 308.4908766066676 24.838405610242557 27.266938245919047 6.644070467563727 
456.00073194903143 0.0 48.40833620805495 0.0 17.131588810435026 0.007247819751535714 0.5316259930512026 0.00712867301047396 0.22356642542834412 293.794858835655 25.342555518074235 28.620589690518095 6.563309971326714 38.941102471539125 148.29843015979822 127.57615559016398 81.86169453772526 0.07788220494307863 0.29209976710524516 0.35047942184535097 0.05600620281428765 293.794858835655 25.342555518074235 28.620589690518095 6.563309971326714 
458.00048001384795 0.0 48.36533903454496 0.0 17.093012846457277 0.007247819751535714 0.5329130458612956 0.007128673010473957 0.2248534782384433 279.13022975148806 25.800455460505567 29.277123519809287 6.464635787854832 38.941102471539125 149.30946125295463 129.30550110185794 81.10417872183757 0.07788220494307863 0.29209976710524516 0.35047942184535097 0.05729325562438687 279.13022975148806 25.800455460505567 29.277123519809287 6.464635787854832 
460.0007319490312 0.0 48.123016909939274 0.0 17.035595107375944 0.007247819751535712 0.5347638474351468 0.007128673010473957 0.22670427981229063 264.8596072589056 26.199588984556964 29.809548309132406 6.396518550121412 38.941102471539125 150.2254900438188 131.11254798598821 80.14217704446789 0.07788220494307863 0.29209976710524516 0.35047942184535097 0.05914405719823111 264.8596072589056 26.199588984556964 29.809548309132406 6.396518550121412 
462.0007319490311 0.0 46.99776639313385 0.0 16.803098234885546 0.007247819751535712 0.5461564053252144 0.00712867301047396 0.23809683770236087 181.8088469475087 28.59025918771515 31.907762341980664 6.3452077420806985 38.941102471539125 156.29286889136372 143.72420975561846 72.12902838528025 0.0 0.0 0.35047942184535097 0.07053661508830229 181.8088469475087 28.59025918771515 31.907762341980664 6.3452077420806985 
464.00049477194756 0.0 46.19806745696344 0.0 16.836303043595347 0.007247819751535714 0.5484799308624042 0.00712867301047396 0.24042036323955612 170.01325551136463 28.943260506841497 32.552190773579866 6.368142010676786 38.941102471539125 157.27073218728805 145.70822606097877 70.82402949979068 0.0 0.0 0.35047942184535097 0.07286014062549756 170.01325551136463 28.943260506841497 32.552190773579866 6.368142010676786 
466.00073194903086 0.0 45.789112042293134 0.0 16.830683484408876 0.007247819751535714 0.5508816169089703 0.007128673010473961 0.24282204928611284 158.29350573960963 29.28373329876294 32.2204182324291 6.342621575809189 38.941102471539125 158.33995585650268 147.76539602384008 69.4538714383091 0.0 0.0 0.35047942184535097 0.07526182667205308 158.29350573960963 29.28373329876294 32.2204182324291 6.342621575809189 
468.00073194903075 0.0 45.34049891937182 0.0 16.83714784767663 0.007247819751535716 0.5528481432766336 0.007128673010473961 0.2447885756537786 147.91811650310197 29.608970036170653 31.759928689301184 6.371973753149685 38.941102471539125 159.3177482040894 149.9361943292321 67.92854536716891 0.0 0.0 0.35047942184535097 0.07722835303972393 147.91811650310197 29.608970036170653 31.759928689301184 6.371973753149685 
470.00073194903064 0.0 44.942408787121806 0.0 16.833892438303884 0.007247819751535716 0.5541707968912066 0.00712867301047396 0.2461112292683563 138.08746989685662 29.903146153770216 31.4875754028621 6.3982220513202925 38.941102471539125 160.33695730011803 152.00799881041365 66.53276859596835 0.0 0.0 0.35047942184535097 0.0785510066542979 138.08746989685662 29.903146153770216 31.4875754028621 6.3982220513202925 
472.0001208001973 0.0 40.8103228560758 0.0 16.329302481062854 0.007247819751535716 0.5666205492777971 0.00712867301047396 0.25856098165493874 82.22078843940606 31.480207704005366 30.80174927401086 6.608511042112473 38.941102471539125 166.2398925484875 164.56333876719205 57.96901064302382 0.0 0.0 0.35047942184535097 0.09100075904088219 82.22078843940606 31.480207704005366 30.80174927401086 6.608511042112473 
474.00016213074326 0.0 40.35233979914257 0.0 16.40731493327336 0.007247819751535716 0.568064298602473 0.007128673010473957 0.2600047309796218 74.56799702376549 31.499844028311077 31.742412461158303 6.668796426018506 38.941102471539125 167.2816402265439 166.2729503594176 57.014228481807386 0.0 0.0 0.3504794218453511 0.092444508365564 74.56799702376549 31.499844028311077 31.742412461158303 6.668796426018506 
476.0007319490303 0.0 39.82626630627987 0.0 16.46685849740225 0.007247819751535716 0.5709768813950797 0.007128673010473957 0.26291731377222916 67.69078402385816 31.540578637925705 32.74169516039131 6.65610916084754 38.941102471539125 168.32669003192015 167.89899200766752 56.14081727962121 0.0 0.0 0.35047942184535097 0.09535709115817388 67.69078402385816 31.540578637925705 32.74169516039131 6.65610916084754 
478.00037085265035 0.0 39.43135454578172 0.0 16.479933703172758 0.007247819751535716 0.5722876880492663 0.007128673010473957 0.2642281204264148 61.22593669219792 31.68998425354153 33.65255018179127 6.644109594078667 38.941102471539125 169.23895428152224 169.3614526582415 55.424772948302795 0.0 0.0 0.3504794218453511 0.09666789781235498 61.22593669219792 31.68998425354153 33.65255018179127 6.644109594078667 
480.0003886133178 0.0 38.944396729329405 0.0 16.470819342382626 0.007247819751535714 0.5743605052209974 0.007128673010473957 0.26630093759813755 55.350677502138026 31.76417475217767 34.384176511484114 6.639943379477841 38.941102471539125 170.23981559453165 170.49852779938382 55.130840038560294 0.0 0.0 0.35047942184535097 0.09874071498408436 55.350677502138026 31.76417475217767 34.384176511484114 6.639943379477841 
482.00073194902996 0.0 35.293323178989084 0.0 16.693478976682393 0.007247819751535714 0.5869509307928307 0.00712867301047396 0.2788913631699831 23.751041400307297 32.173304539787935 34.85947082898256 6.557446521371633 38.941102471539125 176.26800535134464 175.2397109226763 55.616187691398466 0.0 0.0 0.35047942184535097 0.1113311405559279 23.751041400307297 32.173304539787935 34.85947082898256 6.557446521371633 
484.00073194902984 0.0 34.814017895071956 0.0 16.847118734609936 0.007247819751535714 0.5884082481142411 0.00712867301047396 0.28034868049138906 20.470993828913343 32.276596078987225 35.50634981711903 6.568560766047351 38.941102471539125 177.3087509419133 175.2397109226763 56.625319391957596 0.0 0.0 0.35047942184535097 0.11278845787733131 20.470993828913343 32.276596078987225 35.50634981711903 6.568560766047351 
486.0007319490297 0.0 34.416437706942595 0.0 16.878049630862805 0.007247819751535714 0.5911181455200097 0.007128673010473961 0.2830585778971585 17.916489195114103 32.307158931015145 35.39900367564822 6.5315005229216485 38.941102471539125 178.25885616513762 175.2397109226763 57.60314728069231 0.0 0.0 0.3504794218453511 0.11549835528310429 17.916489195114103 32.307158931015145 35.39900367564822 6.5315005229216485 
488.0007319490296 0.0 34.28341697704082 0.0 16.987247851507483 0.007247819751535714 0.5919770908851489 0.00712867301047396 0.2839175232622995 16.188891223462257 32.25981463746346 35.076588437634996 6.528436270797975 38.941102471539125 179.39040377736546 175.2397109226763 58.62799704513942 0.0 0.0 0.35047942184535097 0.1163573006482428 16.188891223462257 32.25981463746346 35.076588437634996 6.528436270797975 
490.0001357096618 0.0 34.160784543875266 0.0 17.068378164431508 0.007247819751535712 0.5946022441661137 0.007128673010473957 0.2865426765432587 14.788045076590027 32.224552441139494 34.442915310516824 6.496438235324422 38.941102471539125 180.4544391990179 175.2397109226763 59.64118197023756 0.0 0.0 0.35047942184535097 0.11898245392920312 14.788045076590027 32.224552441139494 34.442915310516824 6.496438235324422 
492.0000115866502 0.0 33.78576046649246 0.0 17.345127431246542 0.007247819751535714 0.6070222227636317 0.007128673010473961 0.298962655140783 9.377985983814195 32.122520222479906 26.549216400679185 6.216977459851447 38.941102471539125 186.27016851387265 175.2397109226763 65.61714448794547 0.0 0.0 0.35047942184535097 0.13140243252672482 9.377985983814195 32.122520222479906 26.549216400679185 6.216977459851447 
494.0007319490293 0.0 33.91990519193953 0.0 17.18538366346706 0.007247819751535714 0.6091425935702335 0.00712867301047396 0.30108302594738195 9.51499842581725 31.948248029847587 26.04379012903858 6.316851396805758 38.941102471539125 187.17783627104993 175.2397109226763 66.62671733196657 0.0 0.0 0.35047942184535097 0.1335228033333246 9.51499842581725 31.948248029847587 26.04379012903858 6.316851396805758 
496.00073194902916 0.0 33.979757082213936 0.0 17.06154168944078 0.007247819751535714 0.6110749218502539 0.007128673010473961 0.3030153542274025 9.516643693930536 31.92200667088335 26.842329708098337 6.421556980455259 38.941102471539125 188.02480201996056 175.2397109226763 67.61196909701906 0.0 0.0 0.35047942184535097 0.13545513161334502 9.516643693930536 31.92200667088335 26.842329708098337 6.421556980455259 
498.00031315242717 0.0 33.996209921254824 0.0 17.00025641100747 0.007247819751535714 0.6127128088411649 0.00712867301047396 0.30465324121830917 9.576797114399351 31.966390167912074 27.513564908196585 6.4605239111923645 38.941102471539125 188.84436883664907 175.2397109226763 68.6285168375609 0.0 0.0 0.35047942184535097 0.13709301860425202 9.576797114399351 31.966390167912074 27.513564908196585 6.4605239111923645 
500.00073194902893 0.0 33.998852559995086 0.0 16.890809882271157 0.007247819751535712 0.6147405633528605 0.00712867301047396 0.3066809957300136 9.587489053622726 32.01175689618636 27.620323986687982 6.47844748839581 38.941102471539125 189.54556569948642 175.2397109226763 69.61953538205067 0.0 0.0 0.35047942184535097 0.13912077311595766 9.587489053622726 32.01175689618636 27.620323986687982 6.47844748839581 
#####################################################################
# End of data export. Simulation finished at: 2019-02-19T16:04+0000 #
#####################################################################
