#####################################################################
# Alchemist log file - simulation started at: 2019-02-19T15:23+0000 #
#####################################################################
# seed = 72.0
#
# The columns have the following meaning: 
# time derr-single-broadcast-rep[Mean] terr-single-broadcast-rep[Mean] derr-single-broadcast-share[Mean] terr-single-broadcast-share[Mean] derr-single-collection-rep[Mean] terr-single-collection-rep[Mean] derr-single-collection-share[Mean] terr-single-collection-share[Mean] derr-single-distance-rep[Mean] terr-single-distance-rep[Mean] derr-single-distance-share[Mean] terr-single-distance-share[Mean] derr-stack-broadcast-rep[Mean] terr-stack-broadcast-rep[Mean] derr-stack-broadcast-share[Mean] terr-stack-broadcast-share[Mean] derr-stack-collection-rep[Mean] terr-stack-collection-rep[Mean] derr-stack-collection-share[Mean] terr-stack-collection-share[Mean] derr-stack-distance-rep[Mean] terr-stack-distance-rep[Mean] derr-stack-distance-share[Mean] terr-stack-distance-share[Mean] 
0.0 NaN NaN NaN NaN NaN NaN NaN NaN NaN NaN NaN NaN NaN NaN NaN NaN NaN NaN NaN NaN NaN NaN NaN NaN 
2.000047349870825 0.0 0.7917369092474179 0.0 1.0453353551303428 3.8530976921074758 3.7877725642144995E-4 3.5041593421390886 0.0011365562914601446 0.0 0.0 40.561546898712706 0.8380217833850904 NaN NaN NaN NaN 0.0 0.0 0.0 0.0 0.0 0.0 40.561546898712706 0.8380217833850904 
4.000047349870825 0.0 1.8273348798066582 0.0 2.025113764433154 3.7582982493889707 0.0038770424012574555 2.6383930580531256 0.004078926193072148 1.5042771430960693 2.5158491238341125 85.00335075152246 2.0931435267054512 NaN NaN NaN NaN 0.0 0.0 0.0 0.0 1.5042771430960693 2.5158491238341125 85.00335075152246 2.0931435267054512 
6.000047349870825 0.0 2.8187291404925077 0.0 2.950252090551036 3.5173934957891726 0.006637786410942403 1.3830611354008577 0.006368184522146279 3.15912340677169 3.431020015777744 79.96000180699936 3.073783592568248 NaN NaN NaN NaN 0.0 0.0 0.0 0.0 3.15912340677169 3.431020015777744 79.96000180699936 3.073783592568248 
8.000047349870826 0.0 3.780652396544814 0.0 3.8259088320408057 3.4184644221869362 0.007850062864062904 1.1171633648499273 0.0073377235239465875 5.252591193498707 4.7476267115748065 60.75490127123903 3.7302067246034043 NaN NaN NaN NaN 0.0 0.0 0.0 0.0 5.252591193498707 4.7476267115748065 60.75490127123903 3.7302067246034043 
10.000047349870826 0.0 4.741241410085792 0.0 4.698133309205896 3.2178696876635113 0.010347266836901745 0.8128312881174599 0.008178187771069585 10.317266262937622 5.971020840309072 49.42827020754979 4.292005789945289 NaN NaN NaN NaN 0.0 0.0 0.0 0.0 10.317266262937622 5.971020840309072 49.42827020754979 4.292005789945289 
12.000047349870826 0.0 9.991965480663017 0.0 9.313189394235978 2.5578631473511377 0.020476436585767248 0.004996878900157279 0.010463365048060412 10.623442901986389 7.931653200691466 24.351598875657384 6.1374973591006325 NaN NaN NaN NaN 0.0 0.0 0.0 0.0 10.623442901986389 7.931653200691466 24.351598875657384 6.1374973591006325 
14.000047349870826 0.0 10.825104014187167 0.0 9.936727707267524 2.5578631473511377 0.0224293743465034 0.0049968789001572774 0.011632588017233332 11.71124682789245 9.123843846589855 23.91578256431154 6.177738051086329 NaN NaN NaN NaN 0.0 0.0 0.0 0.0 11.71124682789245 9.123843846589855 23.91578256431154 6.177738051086329 
16.000047349870826 0.0 11.60987534161057 0.0 10.51143633096974 2.4373252919366375 0.02518296452901742 0.005044836626982091 0.013271700844742277 15.349089964437098 10.482487668083069 24.638988843397886 6.200496456147631 NaN NaN NaN NaN 0.0 0.0 0.0 0.0 15.349089964437098 10.482487668083069 24.638988843397886 6.200496456147631 
18.000047349870826 0.0 12.397574757653821 0.0 11.044061293241224 2.272056891788571 0.026974267927287705 0.005164014202529845 0.012935931079608318 15.954588119704663 11.606592889082217 25.308491957111286 6.204495970604904 NaN NaN NaN NaN 0.0 0.0 0.0 0.0 15.954588119704663 11.606592889082217 25.308491957111286 6.204495970604904 
20.000047349870826 0.0 13.156154773733507 0.0 11.547893574761117 2.101133447256604 0.028632431125436304 0.00524615744659218 0.01325006789351075 17.840589841275193 12.921365346568036 25.477505614642293 6.207741874601389 NaN NaN NaN NaN 0.0 0.0 0.0 0.0 17.840589841275193 12.921365346568036 25.477505614642293 6.207741874601389 
22.000047349870826 0.0 17.671056399225478 0.0 14.22352563591189 0.9235203328647351 0.04146855738661684 0.005646507980382403 0.019200191012009333 21.69622891488983 15.930875669739983 25.49726285536917 6.231548070641545 NaN NaN NaN NaN 0.0 0.0 0.0 0.0 21.69622891488983 15.930875669739983 25.49726285536917 6.231548070641545 
24.000047349870826 0.0 18.393706224075967 0.0 14.55769802533545 0.9081071488581162 0.043204608447598436 0.005646507980382405 0.02073498837314279 23.608423654033658 16.949603260093838 26.299069723509067 6.162447510438105 NaN NaN NaN NaN 0.0 0.0 0.0 0.0 23.608423654033658 16.949603260093838 26.299069723509067 6.162447510438105 
26.000047349870826 0.0 19.073159542452863 0.0 14.794735565153342 0.8359700316395262 0.04503868783148446 0.005646507980382403 0.022629922545139135 27.38344117051498 18.20294081220778 27.99736730497109 6.0804708685470095 NaN NaN NaN NaN 0.0 0.0 0.0 0.0 27.38344117051498 18.20294081220778 27.99736730497109 6.0804708685470095 
28.000047349870826 0.0 19.750188366289347 0.0 15.006648569733525 0.7498145622234039 0.04656029339549752 0.005646507980382403 0.02433213964722903 26.91383677402273 19.206650689209823 29.013389036184094 6.039926413360181 NaN NaN NaN NaN 0.0 0.0 0.0 0.0 26.91383677402273 19.206650689209823 29.013389036184094 6.039926413360181 
30.000047349870826 0.0 20.361594599196664 0.0 15.177385105174851 0.6443432039914007 0.04826126375142037 0.005646507980382405 0.025902589705936507 24.920379953942152 20.04488658557763 29.081419827396 6.051270869279655 NaN NaN NaN NaN 0.0 0.0 0.0 0.0 24.920379953942152 20.04488658557763 29.081419827396 6.051270869279655 
32.000047349870826 0.0 23.953094532759565 0.0 16.105024046917084 0.07134235493787777 0.06183557822206832 0.005646507980382403 0.03876781838896658 17.335461773605697 23.00058691289397 29.863560564877357 6.111168847463491 NaN NaN NaN NaN 0.0 0.0 0.0 0.0 17.335461773605697 23.00058691289397 29.863560564877357 6.111168847463491 
34.000047349870826 0.0 24.476464012915063 0.0 16.068473097644457 0.04855595013250844 0.06162258088097483 0.005646507980382405 0.040094998803650105 18.611803696456036 23.7602228499259 29.769378925314737 6.055310618638485 NaN NaN NaN NaN 0.0 0.0 0.0 0.0 18.611803696456036 23.7602228499259 29.769378925314737 6.055310618638485 
36.000047349870826 0.0 24.99425914293657 0.0 15.996683844232898 0.029930189956864105 0.06283552866743815 0.005646507980382403 0.04277716863789873 18.28354494707491 24.396517314130143 28.448682776858874 6.062947895958138 NaN NaN NaN NaN 0.0 0.0 0.0 0.0 18.28354494707491 24.396517314130143 28.448682776858874 6.062947895958138 
38.000047349870826 0.0 25.479163567920505 0.0 15.970450768460747 0.025760162341346822 0.06259801748578467 0.005646507980382403 0.044173708808906975 16.193884495091773 24.80799357593137 27.395077638733625 6.118742929232808 NaN NaN NaN NaN 0.0 0.0 0.0 0.0 16.193884495091773 24.80799357593137 27.395077638733625 6.118742929232808 
40.000047349870826 0.0 25.975776397555855 0.0 16.027453419537927 0.022242610558434236 0.06297448060032669 0.005646507980382403 0.045928546548005385 14.568898376985851 25.185339032150875 27.26253587820642 6.203671867365262 NaN NaN NaN NaN 0.0 0.0 0.0 0.0 14.568898376985851 25.185339032150875 27.26253587820642 6.203671867365262 
42.000047349870826 0.0 28.773012445873686 0.0 16.543886749566127 0.0049968789001572774 0.06880225414651121 0.005646507980382403 0.05851416770147818 9.012590048394879 27.28557342313106 28.769360512580743 6.608170884298628 NaN NaN NaN NaN 0.0 0.0 0.0 0.0 9.012590048394879 27.28557342313106 28.769360512580743 6.608170884298628 
44.000047349870826 0.0 29.064312309297456 0.0 16.581891441096275 0.00523721366831174 0.06662387645572392 0.005646507980382401 0.06014193869735849 8.744786809419088 27.53414632977007 29.602374993378845 6.598460312731561 NaN NaN NaN NaN 0.0 0.0 0.0 0.0 8.744786809419088 27.53414632977007 29.602374993378845 6.598460312731561 
46.000047349870826 0.0 29.392450057618007 0.0 16.5549308689968 0.005394083356335614 0.06672197651153293 0.005646507980382403 0.0627243624389776 8.520517218569918 27.711234721249973 30.548286745116865 6.598882117144194 NaN NaN NaN NaN 0.0 0.0 0.0 0.0 8.520517218569918 27.711234721249973 30.548286745116865 6.598882117144194 
48.000047349870826 0.0 29.689224175921552 0.0 16.547375210790563 0.005443797150993911 0.06765434869842192 0.005646507980382403 0.06444404515817705 8.451354444130367 27.93270650390508 31.496655289386418 6.553581293444349 NaN NaN NaN NaN 0.0 0.0 0.0 0.0 8.451354444130367 27.93270650390508 31.496655289386418 6.553581293444349 
50.000047349870826 0.0 29.942625773943213 0.0 16.46332432775228 0.005491678229651925 0.06947953677244179 0.005646507980382403 0.06702751929313246 8.348656228076244 28.131932562078518 31.60966340229078 6.519381861472311 NaN NaN NaN NaN 0.0 0.0 0.0 0.0 8.348656228076244 28.131932562078518 31.60966340229078 6.519381861472311 
52.000047349870826 0.0 31.4587335178725 0.0 16.105363626422548 0.005646507980382403 0.08025717280760282 0.005646507980382403 0.08025717280760282 7.741838679782187 29.36097377044055 32.765926759444106 6.234427389693218 NaN NaN NaN NaN 0.0 0.0 0.0 0.0 7.741838679782187 29.36097377044055 32.765926759444106 6.234427389693218 
54.000047349870826 0.0 31.605913721253952 0.0 16.207531780565358 0.005646507980382403 0.08151296240214344 0.005646507980382403 0.08151296240214344 7.737473489491125 29.532866464913663 33.10890365347151 6.164181757549735 NaN NaN NaN NaN 0.0 0.0 0.0 0.0 7.737473489491125 29.532866464913663 33.10890365347151 6.164181757549735 
56.000047349870826 0.0 31.749648307858873 0.0 16.234609025433056 0.005646507980382403 0.08288426083062263 0.005646507980382403 0.08288426083062263 7.800271170805047 29.823133145150898 33.60300329517848 6.181035232769009 NaN NaN NaN NaN 0.0 0.0 0.0 0.0 7.800271170805047 29.823133145150898 33.60300329517848 6.181035232769009 
58.000047349870826 0.0 31.901029872172135 0.0 16.321943433189922 0.005646507980382401 0.08615719628382182 0.005646507980382401 0.08615719628382182 8.0233431842229 30.03811997330523 35.430205455385085 6.256570780411938 NaN NaN NaN NaN 0.0 0.0 0.0 0.0 8.0233431842229 30.03811997330523 35.430205455385085 6.256570780411938 
60.000047349870826 0.0 32.03486240911732 0.0 16.429616610483855 0.005646507980382401 0.08734085360580687 0.005646507980382401 0.08734085360580687 8.315306278494685 30.17644357716164 36.40339521946361 6.322121738810373 NaN NaN NaN NaN 0.0 0.0 0.0 0.0 8.315306278494685 30.17644357716164 36.40339521946361 6.322121738810373 
62.000047349870826 0.0 34.45850583973949 0.0 18.850601426399063 0.005646507980382404 0.09924255256410255 0.005283130469370625 0.04585215494389253 969.5650944923204 30.862482786440918 867.8561435062165 5.792750959774594 NaN NaN 64.54172636511645 17.68353888971826 0.0 0.0 0.1926716667333981 0.04037552121839829 969.5650944923204 30.862482786440918 867.8561435062165 5.792750959774594 
64.00004734987083 0.0 35.25841203710486 0.0 19.74098624441985 0.005646507980382404 0.10101309441436608 0.005456323185573063 0.07306958798239399 921.7585588794383 29.36604491553093 669.2226496096195 4.785562906686386 NaN NaN 69.80772123130568 19.53201708636461 0.0 0.0 0.21575907488605428 0.0431331733633251 921.7585588794383 29.36604491553093 669.2226496096195 4.785562906686386 
66.00004734987083 0.0 36.05943562353033 0.0 20.434180392052074 0.005646507980382402 0.10295180369240198 0.005520712635920264 0.08446892223694759 880.4364831667807 28.142662315522465 553.9795792222261 4.691428282071962 NaN NaN 72.21138933499648 20.71228816850268 0.0 0.0 0.21575907488605428 0.0431331733633251 880.4364831667807 28.142662315522465 553.9795792222261 4.691428282071962 
68.00004734987083 0.0 36.87890075931765 0.0 21.13651394020834 0.005646507980382404 0.1049514621899066 0.005553005922518591 0.09121337467380934 836.9616868661292 26.855024927729428 467.9639874288844 4.910479655115484 NaN NaN 74.15735115379785 21.6380307331677 0.0 0.0 0.21575907488605428 0.0431331733633251 836.9616868661292 26.855024927729428 467.9639874288844 4.910479655115484 
70.00004734987083 0.0 37.44624163658491 0.0 21.645692686808378 0.005646507980382404 0.10701585511307952 0.00557271535597639 0.09617363885289353 793.4048473438054 25.633639297264235 395.3562329249263 5.175651741810955 NaN NaN 74.4950975183595 22.6727003292391 0.0 0.0 0.21575907488605428 0.0431331733633251 793.4048473438054 25.633639297264235 395.3562329249263 5.175651741810955 
72.00004734987083 0.0 41.109005138086765 0.0 24.213344686235928 0.005646507980382404 0.11848569190236002 0.005646507980382404 0.11848569190236002 562.3686511764153 19.498407593863043 48.33061786856632 6.487330170588296 NaN NaN 72.9062547339018 27.780967973828748 0.0 0.0 0.0 0.0 562.3686511764153 19.498407593863043 48.33061786856632 6.487330170588296 
74.00004734987083 0.0 41.91462905204374 0.0 24.339823709297693 0.005646507980382404 0.12104726533263965 0.005646507980382404 0.12104726533263965 536.5935603769302 18.92092411858311 39.13205106193355 6.458258651730761 NaN NaN 72.50052652363718 28.79472639719876 0.0 0.0 0.0 0.0 536.5935603769302 18.92092411858311 39.13205106193355 6.458258651730761 
76.00004734987083 0.0 42.57756545380018 0.0 24.587915897413193 0.005646507980382404 0.12280031626490431 0.005646507980382404 0.12280031626490431 512.4797803178698 18.28082780156818 35.58801281622107 6.3544864965942605 NaN NaN 70.73676802520828 29.755922937579623 0.0 0.0 0.0 0.0 512.4797803178698 18.28082780156818 35.58801281622107 6.3544864965942605 
78.00004734987083 0.0 43.08874566495384 0.0 24.674714516367867 0.005646507980382402 0.1246126514111625 0.005646507980382402 0.1246126514111625 494.24299912875597 17.869941824697648 33.59895439688779 6.2799560794861 NaN NaN 69.88085590454163 30.670391111191535 0.0 0.0 0.0 0.0 494.24299912875597 17.869941824697648 33.59895439688779 6.2799560794861 
80.00004734987083 0.0 43.60559991562972 0.0 24.597409762433777 0.005646507980382402 0.12693968974003683 0.005646507980382402 0.12693968974003683 479.91524577264204 17.740022195570955 32.26160033172295 6.235390690411992 NaN NaN 69.48795588606926 31.56622927012611 0.0 0.0 0.0 0.0 479.91524577264204 17.740022195570955 32.26160033172295 6.235390690411992 
82.00004734987083 0.0 46.03253959959956 0.0 22.905972210720396 0.005646507980382404 0.13901270736792753 0.005646507980382404 0.13901270736792753 403.90770622084125 18.194510752852498 26.8506329593513 6.102240412499248 NaN NaN 63.81025589740384 36.95243700082602 0.0 0.0 0.0 0.0 403.90770622084125 18.194510752852498 26.8506329593513 6.102240412499248 
84.00004734987083 0.0 46.305373352312245 0.0 22.254598976650076 0.005646507980382402 0.14130376642141806 0.005646507980382402 0.14130376642141806 394.66000645227945 18.706878385251574 28.049259336117792 6.154488291612514 NaN NaN 64.00253479452245 37.763150317919184 0.0 0.0 0.0 0.0 394.66000645227945 18.706878385251574 28.049259336117792 6.154488291612514 
86.00004734987083 0.0 46.61518220489933 0.0 21.4770082142147 0.005646507980382404 0.14247969611205274 0.005719836813166216 0.11238076456647982 384.87842980733393 19.29996384224591 28.71248872102277 6.16067932741972 NaN NaN 64.22076230992205 38.43576745938797 0.0 0.0 0.0 0.0 384.87842980733393 19.29996384224591 28.71248872102277 6.16067932741972 
88.00004734987083 0.0 46.92368960264281 0.0 20.866321587239852 0.005646507980382404 0.14453283793078964 0.005793036846654804 0.084387842463804 374.84528489460604 19.910546011701648 28.513446852932717 6.137418640667933 NaN NaN 64.29073744753707 38.93309383614788 0.0 0.0 0.0 0.0 374.84528489460604 19.910546011701648 28.513446852932717 6.137418640667933 
90.00004734987083 0.0 46.942278742694384 0.0 20.462683594486823 0.005646507980382404 0.14709215547704774 0.005840640494055658 0.06740752096163471 364.55894368878467 20.491391236468377 28.34833862587139 6.162834078764987 NaN NaN 64.36417991429829 39.26540087544664 0.0 0.0 0.0 0.0 364.55894368878467 20.491391236468377 28.34833862587139 6.162834078764987 
92.00004734987083 0.0 47.140626988211835 0.0 17.691961228325066 0.005646507980382404 0.15835099051420504 0.0059783402424877724 0.0221454058546531 298.45377763880384 23.96850452168011 28.503647887835104 6.360665764723818 NaN NaN 62.74114227394102 46.874883256579324 0.0 0.0 0.0 0.0 298.45377763880384 23.96850452168011 28.503647887835104 6.360665764723818 
94.00004734987083 0.0 47.18495221379316 0.0 17.118743958884195 0.005646507980382404 0.16082310372486702 0.005978340242487771 0.024617519065313256 285.3355441364614 24.46792013356881 27.61121528534802 6.341473001068577 NaN NaN 62.74114227394102 47.25406815159422 0.0 0.0 0.0 0.0 285.3355441364614 24.46792013356881 27.61121528534802 6.341473001068577 
96.00004734987083 0.0 47.20865730463856 0.0 16.790350219104294 0.005646507980382404 0.16300558910627674 0.0059783402424877724 0.026800004446724028 271.8601303965225 24.892465618262822 26.658793934245313 6.271156970732331 NaN NaN 62.74114227394102 47.37347543881559 0.0 0.0 0.0 0.0 271.8601303965225 24.892465618262822 26.658793934245313 6.271156970732331 
98.00004734987083 0.0 47.31273047131784 0.0 16.53454734688202 0.005646507980382404 0.16447233586800888 0.0059783402424877724 0.028266751208455582 258.1265939941256 25.25157017493691 26.302295557701093 6.306086699327122 NaN NaN 62.74114227394102 47.49500056205068 0.0 0.0 0.0 0.0 258.1265939941256 25.25157017493691 26.302295557701093 6.306086699327122 
100.00004734987083 0.0 47.29791366351233 0.0 16.37755459850793 0.005646507980382404 0.16641458860719122 0.0059783402424877724 0.030209003947639066 244.2713106671132 25.614863965008148 25.836935189031653 6.3278630232745865 NaN NaN 62.74114227394102 47.49500056205068 0.0 0.0 0.0 0.0 244.2713106671132 25.614863965008148 25.836935189031653 6.3278630232745865 
102.00004734987083 0.0 46.53770861193689 0.0 15.974278518670785 0.005646507980382404 0.17843752264420637 0.0059783402424877724 0.04223193798465156 163.82094006463817 27.82210185436161 25.166028991915155 6.483134962641426 NaN NaN NaN NaN 0.0 0.0 0.0 0.0 163.82094006463817 27.82210185436161 25.166028991915155 6.483134962641426 
104.00004734987083 0.0 46.193597798351895 0.0 15.91787338669347 0.005646507980382404 0.18057470139846069 0.0059783402424877724 0.04436911673890748 152.42938915396363 28.12822937898846 25.134107598494694 6.469338741356867 NaN NaN NaN NaN 0.0 0.0 0.0 0.0 152.42938915396363 28.12822937898846 25.134107598494694 6.469338741356867 
106.00004734987083 0.0 45.440266342300504 0.0 15.887900101654607 0.005646507980382404 0.18255157334515834 0.005978340242487774 0.04634598868560366 141.45842338973597 28.39724983001623 24.951899252406527 6.450911182202102 NaN NaN NaN NaN 0.0 0.0 0.0 0.0 141.45842338973597 28.39724983001623 24.951899252406527 6.450911182202102 
108.00004734987083 0.0 44.840915234772396 0.0 15.860176181035518 0.005646507980382404 0.18459539730211047 0.005978340242487774 0.0483898126425593 130.89599379309024 28.66344775929214 25.127613937925805 6.4280450134682425 NaN NaN NaN NaN 0.0 0.0 0.0 0.0 130.89599379309024 28.66344775929214 25.127613937925805 6.4280450134682425 
110.00004734987083 0.0 44.34745825644972 0.0 15.863407176773993 0.005680684419380608 0.1726866473678977 0.005978340242487774 0.050509300426374554 121.31557179114218 28.90352176559201 25.264795192723618 6.418952744606817 NaN NaN NaN NaN 0.0 0.0 0.0 0.0 121.31557179114218 28.90352176559201 25.264795192723618 6.418952744606817 
112.00004734987083 0.0 41.03612030176188 0.0 15.485323290800164 0.0059783402424877724 0.06268106592036655 0.0059783402424877724 0.06268106592036655 67.22933161524645 30.239750156659483 24.783853278347863 6.375789455232088 NaN NaN NaN NaN 0.0 0.0 0.0 0.0 67.22933161524645 30.239750156659483 24.783853278347863 6.375789455232088 
114.00004734987083 0.0 40.61163318018538 0.0 15.427961962609553 0.0059783402424877724 0.06467245061363597 0.0059783402424877724 0.06467245061363597 60.72309475034971 30.34951421685522 25.97673771789113 6.460360663209532 NaN NaN NaN NaN 0.0 0.0 0.0 0.0 60.72309475034971 30.34951421685522 25.97673771789113 6.460360663209532 
116.00004734987083 0.0 40.05972636649822 0.0 15.414857527852643 0.0059783402424877724 0.06741806595202403 0.0059783402424877724 0.06741806595202403 54.961817303761 30.35144736404663 27.415785300190304 6.481758344590992 NaN NaN NaN NaN 0.0 0.0 0.0 0.0 54.961817303761 30.35144736404663 27.415785300190304 6.481758344590992 
118.00004734987083 0.0 39.701836642090804 0.0 15.514026182616172 0.0059783402424877724 0.06943402574212738 0.0059783402424877724 0.06943402574212738 49.52090613784495 30.333203433223847 27.824306035146485 6.484513185736645 NaN NaN NaN NaN 0.0 0.0 0.0 0.0 49.52090613784495 30.333203433223847 27.824306035146485 6.484513185736645 
120.00004734987083 0.0 39.23208917284842 0.0 15.5859537632045 0.005978340242487774 0.07086987388076932 0.005978340242487774 0.07086987388076932 44.8994629293045 30.385318754824247 27.372141240053374 6.469694098813785 NaN NaN NaN NaN 0.0 0.0 0.0 0.0 44.8994629293045 30.385318754824247 27.372141240053374 6.469694098813785 
122.00004734987083 0.0 35.845511755032966 0.0 16.002156240160044 0.005978340242487774 0.08235908253159782 0.005978340242487774 0.08235908253159782 19.845569700231746 30.64814959524768 26.875524438509128 6.399117244874417 NaN NaN NaN NaN 0.0 0.0 0.0 0.0 19.845569700231746 30.64814959524768 26.875524438509128 6.399117244874417 
124.00004734987083 0.0 35.69993607650912 0.0 16.10349002293383 0.0059783402424877724 0.08453652097592151 0.0059783402424877724 0.08453652097592151 17.09379892811997 30.612475927117593 26.650782208317068 6.384978139602583 NaN NaN NaN NaN 0.0 0.0 0.0 0.0 17.09379892811997 30.612475927117593 26.650782208317068 6.384978139602583 
126.00004734987083 0.0 35.156115599690814 0.0 16.086366102166302 0.0059783402424877724 0.08664342417535906 0.0059783402424877724 0.08664342417535906 15.015982783861825 30.420209656920086 26.503724193463537 6.346172853766465 NaN NaN NaN NaN 0.0 0.0 0.0 0.0 15.015982783861825 30.420209656920086 26.503724193463537 6.346172853766465 
128.00004734987084 0.0 35.09949506804113 0.0 16.099169961104515 0.0059783402424877724 0.08863327896220966 0.0059783402424877724 0.08863327896220966 13.376833019271965 30.327656885615674 26.346300134794173 6.313918645456024 NaN NaN NaN NaN 0.0 0.0 0.0 0.0 13.376833019271965 30.327656885615674 26.346300134794173 6.313918645456024 
130.00004734987084 0.0 34.976916317988334 0.0 16.126632012937254 0.0059783402424877724 0.0899079024277697 0.0059783402424877724 0.0899079024277697 12.35629784333414 30.246966974633004 25.795236487461022 6.2888946956741885 NaN NaN NaN NaN 0.0 0.0 0.0 0.0 12.35629784333414 30.246966974633004 25.795236487461022 6.2888946956741885 
132.00004734987084 0.0 33.95470767427611 0.0 16.417526185830297 0.0059783402424877724 0.10212098581026807 0.0059783402424877724 0.10212098581026807 8.477900390824292 29.85709249848773 23.976387464164993 6.256730536579193 NaN NaN NaN NaN 0.0 0.0 0.0 0.0 8.477900390824292 29.85709249848773 23.976387464164993 6.256730536579193 
134.00004734987084 0.0 33.996857292235646 0.0 16.513638263404616 0.0059783402424877724 0.10453360222276795 0.0059783402424877724 0.10453360222276795 8.434810975696191 29.964257334559726 23.136703787925306 6.297737276578346 NaN NaN NaN NaN 0.0 0.0 0.0 0.0 8.434810975696191 29.964257334559726 23.136703787925306 6.297737276578346 
136.00004734987084 0.0 33.678211806279954 0.0 16.556586128770114 0.0059783402424877724 0.10667474502468736 0.006040109031446759 0.09159190904327412 8.395195635139292 30.05934884668982 22.730326256053345 6.350127875772008 NaN NaN NaN NaN 0.0 0.0 0.0 0.0 8.395195635139292 30.05934884668982 22.730326256053345 6.350127875772008 
138.00004734987084 0.0 33.528824425310276 0.0 16.685314246250556 0.005978340242487771 0.10781905973784846 0.006089336045095809 0.08071586549404926 8.368794572103301 30.11512737504526 23.058247495337604 6.390470288938538 NaN NaN NaN NaN 0.0 0.0 0.0 0.0 8.368794572103301 30.11512737504526 23.058247495337604 6.390470288938538 
140.00004734987084 0.0 33.42587125269069 0.0 16.78992187434626 0.0059783402424877724 0.11028067350498513 0.006158371006788351 0.06632037356526439 8.332116034949667 30.102640581609304 23.239739490107063 6.423198015748518 NaN NaN NaN NaN 0.0 0.0 0.0 0.0 8.332116034949667 30.102640581609304 23.239739490107063 6.423198015748518 
142.00004734987084 0.0 32.970507444024214 0.0 17.301159856472182 0.0059783402424877724 0.12334856030071574 0.006386330786554867 0.023724550151959782 7.916352152463895 29.90043700122058 27.422218969831697 6.6615681962107995 NaN NaN NaN NaN 0.0 0.0 0.0 0.0 7.916352152463895 29.90043700122058 27.422218969831697 6.6615681962107995 
144.00004734987084 0.0 33.03545715526873 0.0 17.302467027374373 0.005978340242487771 0.12505522253340162 0.006386330786554867 0.02543121238464694 7.848220495578012 29.953257897785058 29.21887344106224 6.636429158356738 NaN NaN NaN NaN 0.0 0.0 0.0 0.0 7.848220495578012 29.953257897785058 29.21887344106224 6.636429158356738 
146.00004734987084 0.0 33.011859310175126 0.0 17.32941342073421 0.005978340242487771 0.12689010227541397 0.006386330786554867 0.02726609212665988 7.930999660252939 30.04808127073913 30.725110939026607 6.647866407639657 NaN NaN NaN NaN 0.0 0.0 0.0 0.0 7.930999660252939 30.04808127073913 30.725110939026607 6.647866407639657 
148.00004734987084 0.0 33.034125119120176 0.0 17.30446099713146 0.005978340242487771 0.1289233016060504 0.006391805470602238 0.025433335248291968 7.987031833700758 30.041412326948283 31.941259641320144 6.655268220527927 NaN NaN NaN NaN 0.0 0.0 0.0 0.0 7.987031833700758 30.041412326948283 31.941259641320144 6.655268220527927 
150.00004734987084 0.0 33.05720621806099 0.0 17.27162236681588 0.005978340242487771 0.1309745380740812 0.006397673103752718 0.023341133918931792 8.001176636273069 30.037409439340294 32.98549370901358 6.623938671044614 NaN NaN NaN NaN 0.0 0.0 0.0 0.0 8.001176636273069 30.037409439340294 32.98549370901358 6.623938671044614 
152.00004734987084 0.0 33.58931883480772 0.0 17.001071495070676 0.005978340242487771 0.14196377358032208 0.006421156004242156 0.017747884633485474 8.293253917666958 30.32895559987498 34.26138008958235 6.265520171722651 NaN NaN NaN NaN 0.0 0.0 0.0 0.0 8.293253917666958 30.32895559987498 34.26138008958235 6.265520171722651 
154.00004734987084 0.0 33.615325022989595 0.0 16.81187917838863 0.0059783402424877724 0.1452780218976113 0.006421156004242156 0.02106213295077455 8.4119943007417 30.297673360027154 31.805145815568615 6.057587412906929 NaN NaN NaN NaN 0.0 0.0 0.0 0.0 8.4119943007417 30.297673360027154 31.805145815568615 6.057587412906929 
156.00004734987084 0.0 33.63214819947401 0.0 16.667361348326832 0.0059783402424877724 0.1466072810737188 0.006421156004242156 0.02239139212688247 8.354453478925699 30.313646266549274 29.649229840179558 6.0143117897878815 NaN NaN NaN NaN 0.0 0.0 0.0 0.0 8.354453478925699 30.313646266549274 29.649229840179558 6.0143117897878815 
158.00004734987084 0.0 33.608614851499354 0.0 16.442652347914617 0.0059783402424877724 0.14921332778235638 0.006421156004242156 0.024997438835520414 8.279419786784032 30.252219939604167 28.2104335752324 5.945686999087499 NaN NaN NaN NaN 0.0 0.0 0.0 0.0 8.279419786784032 30.252219939604167 28.2104335752324 5.945686999087499 
160.00004734987084 0.0 33.564666122544864 0.0 16.255103365678444 0.006016144890093016 0.14166720505254676 0.006421156004242156 0.02668253641574735 8.176619092443882 30.1905606153389 26.923145802198395 5.91838671333779 NaN NaN NaN NaN 0.0 0.0 0.0 0.0 8.176619092443882 30.1905606153389 26.923145802198395 5.91838671333779 
162.00004734987084 0.0 33.22085067034517 0.0 15.04265687079368 0.006386330786554867 0.0632949370018901 0.006421156004242156 0.038703058203809156 8.038560905149803 30.190492097428542 23.85222023680114 6.330967603482683 NaN NaN NaN NaN 0.0 0.0 0.0 0.0 8.038560905149803 30.190492097428542 23.85222023680114 6.330967603482683 
164.00004734987084 0.0 32.974213888188835 0.0 14.927774489998859 0.006386330786554867 0.06447520797981278 0.006421156004242156 0.039883329181731854 8.06263676122203 30.27643072843532 23.979448476655584 6.387625449105752 NaN NaN NaN NaN 0.0 0.0 0.0 0.0 8.06263676122203 30.27643072843532 23.979448476655584 6.387625449105752 
166.00004734987084 0.0 32.80442194048229 0.0 15.04381614387788 0.006386330786554867 0.06752574085104678 0.006421156004242156 0.042933862052965545 8.150170509643218 30.16703808695015 24.397578488968833 6.425915751112486 NaN NaN NaN NaN 0.0 0.0 0.0 0.0 8.150170509643218 30.16703808695015 24.397578488968833 6.425915751112486 
168.00002067392163 0.0 32.725570170908526 0.0 15.137563344809712 0.006386330786554867 0.06871567031753151 0.006421156004242156 0.04412379151945032 8.170698163463882 30.155765526041435 25.04320785531387 6.4529324521992555 NaN NaN NaN NaN 0.0 0.0 0.0 0.0 8.170698163463882 30.155765526041435 25.04320785531387 6.4529324521992555 
170.00004734987084 0.0 32.65151728648753 0.0 15.133560267367479 0.006386330786554867 0.07116915091779458 0.006421156004242156 0.04657727211971485 8.160207418353158 30.17337054412299 25.525325446078117 6.457558022503372 NaN NaN NaN NaN 0.0 0.0 0.0 0.0 8.160207418353158 30.17337054412299 25.525325446078117 6.457558022503372 
172.00004734987084 0.0 32.31771346306625 0.0 15.256979077820795 0.006386330786554867 0.08267914063370313 0.006421156004242156 0.05808726183562136 8.10099222267033 30.27729125593502 26.146393053107907 6.266228840096164 NaN NaN NaN NaN 0.0 0.0 0.0 0.0 8.10099222267033 30.27729125593502 26.146393053107907 6.266228840096164 
174.00004734987084 0.0 32.092110887981526 0.0 15.393646706834105 0.006386330786554867 0.08536874208265825 0.006421156004242156 0.060776863284576994 8.177387763278498 30.43011644754556 26.58920113252864 6.2463584672920325 NaN NaN NaN NaN 0.0 0.0 0.0 0.0 8.177387763278498 30.43011644754556 26.58920113252864 6.2463584672920325 
176.00004734987084 0.0 32.006070225062786 0.0 15.499820071839133 0.0063863307865548655 0.08719763971788105 0.006421156004242154 0.06260576091980075 8.33784776519553 30.45873219060349 27.401660000371457 6.28498988140815 NaN NaN NaN NaN 0.0 0.0 0.0 0.0 8.33784776519553 30.45873219060349 27.401660000371457 6.28498988140815 
178.00004734987084 0.0 31.950465803855984 0.0 15.558954008952131 0.006389679450098537 0.0864207604364509 0.006421156004242156 0.06419354533526918 8.417151002582347 30.54356184883635 27.83051060929896 6.305567018972215 NaN NaN NaN NaN 0.0 0.0 0.0 0.0 8.417151002582347 30.54356184883635 27.83051060929896 6.305567018972215 
180.00004734987084 0.0 31.94813767139964 0.0 15.599691954363827 0.006396431491584946 0.08380468381659958 0.006421156004242156 0.06634543276273289 8.599069194725956 30.631195676403184 28.17868958572701 6.311323415347174 NaN NaN NaN NaN 0.0 0.0 0.0 0.0 8.599069194725956 30.631195676403184 28.17868958572701 6.311323415347174 
182.00004734987084 0.0 34.01663605941132 0.0 17.00718236143957 0.006421156004242155 0.07811486307304144 0.006421156004242155 0.07811486307304144 989.1493681465184 30.601553382101045 884.5337041508592 5.749587182283535 47.91678083375996 88.67861910854428 111.44112481027423 20.47572275477515 0.09583356166752072 0.17735723821708899 0.2228822496205469 0.0394118048692324 989.1493681465184 30.601553382101045 884.5337041508592 5.749587182283535 
184.00004734987084 0.0 35.0618644661791 0.0 17.44724333436494 0.006421156004242155 0.07978374227395311 0.006421156004242155 0.07978374227395311 956.5691999568063 29.734575527175103 702.4953192361362 4.7065154251784405 47.91678083375996 91.12300854172003 118.19130489450086 23.772763244740744 0.09583356166752072 0.17902611741800087 0.30011991770147345 0.06286905573128669 956.5691999568063 29.734575527175103 702.4953192361362 4.7065154251784405 
186.00004734987084 0.0 35.7940362564769 0.0 18.19146694958936 0.006421156004242155 0.08258024422628858 0.006421156004242155 0.08258024422628858 909.7451695473051 28.39942316600863 593.8249259363273 4.560582627198817 47.99960666911088 92.50553045454295 123.57169076459887 26.37139980465684 0.1027909318369966 0.17745694457698347 0.33574658490176534 0.07571566775678606 909.7451695473051 28.39942316600863 593.8249259363273 4.560582627198817 
188.00004734987084 0.0 36.5223781654638 0.0 19.088366436214617 0.006421156004242155 0.08412148323173428 0.006421156004242155 0.08412148323173428 867.6589172052701 27.183480072711777 505.93683119680816 4.7588020960314505 48.442316442156795 93.50976038144499 131.18044046534058 29.550652026804954 0.1076904964022219 0.17592375962628629 0.3438621846992265 0.07954627811475332 867.6589172052701 27.183480072711777 505.93683119680816 4.7588020960314505 
190.00004734987084 0.0 37.47177004107267 0.0 19.826251663265882 0.006421156004242156 0.08570593890396627 0.006421156004242156 0.08570593890396627 823.2583735377827 25.879993988732323 429.3550134673729 5.024321764949993 50.43065557959178 93.57945130521685 136.94539146064028 32.305196921076394 0.11102268537638606 0.17541730263226082 0.3493815960272759 0.082687732960503 823.2583735377827 25.879993988732323 429.3550134673729 5.024321764949993 
192.00004734987084 0.0 43.03167518509238 0.0 22.839785532422912 0.006421156004242155 0.09809304793455449 0.006421156004242155 0.09809304793455449 565.6271157767463 18.527643601565263 54.97126657376391 6.3709230448827014 57.429874162173824 92.78390435391601 162.87963019146312 44.337575128595404 0.12732406823939282 0.1775754696160375 0.37638307701608403 0.10269182885518173 565.6271157767463 18.527643601565263 54.97126657376391 6.3709230448827014 
194.00004734987084 0.0 43.756590247751134 0.0 23.291775367860843 0.006421156004242156 0.09942103257720994 0.006421156004242156 0.09942103257720994 540.665506821615 18.015441429361392 42.134056864994605 6.466832381134087 57.02976949324521 94.2418945838996 160.2450438394594 44.79384427897381 0.12732406823939277 0.17890345425869275 0.37638307701608403 0.104019813497838 540.665506821615 18.015441429361392 42.134056864994605 6.466832381134087 
196.00004734987084 0.0 44.719765614383206 0.0 23.638527782907747 0.006421156004242155 0.10102145239966724 0.006421156004242155 0.10102145239966724 519.5401837034309 17.579854927084263 38.192442453146036 6.503127245334158 56.489353144120344 96.01235041528348 162.37266221311717 46.493655400853825 0.1273240682393928 0.1805038740811508 0.37638307701608403 0.10562023332029422 519.5401837034309 17.579854927084263 38.192442453146036 6.503127245334158 
198.00004734987084 0.0 45.33061252531259 0.0 23.631695838715086 0.006421156004242155 0.1037076961472303 0.006421156004242155 0.1037076961472303 502.2789917608073 17.268349811385463 36.04581133461808 6.4975823207263055 56.449492134201385 97.48638191876842 163.61550706925107 48.04506808223071 0.12732406823939282 0.18319011782871522 0.37638307701608403 0.10830647706785844 502.2789917608073 17.268349811385463 36.04581133461808 6.4975823207263055 
200.00004734987084 0.0 45.66582789674437 0.0 23.46493103720702 0.006421156004242155 0.10615227824297488 0.006421156004242155 0.10615227824297488 488.8901099136208 17.2536589177318 34.897860532458424 6.458513606650666 56.813462576281566 98.6642227508722 165.16201664065656 49.706655567487104 0.12732406823939282 0.18563469992445727 0.37638307701608403 0.11075105916360206 488.8901099136208 17.2536589177318 34.897860532458424 6.458513606650666 
202.00004734987084 0.0 47.670376491514006 0.0 21.888766453943965 0.006421156004242153 0.1187171005465665 0.006421156004242153 0.1187171005465665 419.3324244306474 18.61872381365357 32.40164001987591 6.356854957963934 59.29240610604795 101.72149580157145 180.99767171714444 59.46712357104756 0.1273240682393928 0.19819952222805146 0.37638307701608403 0.1233158814671947 419.3324244306474 18.61872381365357 32.40164001987591 6.356854957963934 
204.00004734987084 0.0 48.00572788128992 0.0 21.361748767268484 0.006421156004242155 0.1206014556293075 0.006421156004242155 0.1206014556293075 410.519256736896 19.206300440604966 30.20956834375495 6.2401602830693745 59.1019720054008 102.90246528455972 179.9173307168694 60.22606637076776 0.12732406823939282 0.20008387731079436 0.37638307701608403 0.12520023654993495 410.519256736896 19.206300440604966 30.20956834375495 6.2401602830693745 
206.00004734987084 0.0 48.005466624626166 0.0 20.47823556710048 0.006421156004242155 0.12347693364826062 0.006421156004242155 0.12347693364826062 401.90221033169524 19.732368133878847 30.01003177442111 6.291050895581614 58.794846430513196 104.3837743909396 180.08770013206177 61.394559438307844 0.1273240682393928 0.2029593553297442 0.37638307701608403 0.12807571456888475 401.90221033169524 19.732368133878847 30.01003177442111 6.291050895581614 
208.00004734987084 0.0 48.141444939554056 0.0 19.818688561914815 0.006421156004242155 0.12483076816095205 0.006421156004242155 0.12483076816095205 392.6121225865818 20.2648819913479 30.640256954666352 6.329445998620369 59.04066610172187 105.40495302505519 182.21977384630762 63.049537081108895 0.12732406823939282 0.2043131898424331 0.37638307701608403 0.1294295490815762 392.6121225865818 20.2648819913479 30.640256954666352 6.329445998620369 
210.00004734987084 0.0 48.43858129236264 0.0 19.266960098576845 0.006421156004242156 0.12713248711423725 0.006421156004242156 0.12713248711423725 382.71543763675436 20.757929386072817 30.922198753508084 6.361942716666771 59.410059586759935 106.35073155583184 183.80969251027187 64.50589507435116 0.1273240682393928 0.20542463874435196 0.37638307701608403 0.13173126803486465 382.71543763675436 20.757929386072817 30.922198753508084 6.361942716666771 
212.00004734987084 0.0 50.18355612422754 0.0 16.21264717661719 0.006421156004242155 0.13878711489195078 0.006421156004242155 0.13878711489195078 319.30193860196886 23.829359534891335 30.561868428832106 6.063272627727319 62.11411115427393 109.87934692816077 188.19153850804105 71.48254194484808 0.0 0.0 0.37638307701608403 0.143385895812576 319.30193860196886 23.829359534891335 30.561868428832106 6.063272627727319 
214.00004734987084 0.0 50.15261753830396 0.0 16.256958588784567 0.006421156004242156 0.14043720398497297 0.006421156004242156 0.14043720398497297 306.6389303229534 24.37445309331132 30.13150342814277 5.958407995439931 62.426098407525394 110.6513055987036 188.19153850804105 72.4791700306189 0.0 0.0 0.37638307701608403 0.14503598490559988 306.6389303229534 24.37445309331132 30.13150342814277 5.958407995439931 
216.00004734987084 0.0 50.354608727786 0.0 16.319706578034914 0.006421156004242155 0.14185024361323414 0.006421156004242155 0.14185024361323414 293.0714753463586 24.884941785208937 30.59462250722462 5.951825963767734 62.62442150212078 111.40137244881987 188.19153850804105 73.46696451897111 0.0 0.0 0.37638307701608403 0.14644902453386105 293.0714753463586 24.884941785208937 30.59462250722462 5.951825963767734 
218.00004734987084 0.0 50.35310352591165 0.0 16.40789160332342 0.006421156004242155 0.14527986393693018 0.006421156004242155 0.14527986393693018 278.80084515994963 25.408312650425266 31.020413514510704 6.0007749651093 62.8484212283901 112.19299808688332 188.19153850804105 74.4783201689887 0.0 0.0 0.37638307701608414 0.1498786448575588 278.80084515994963 25.408312650425266 31.020413514510704 6.0007749651093 
220.00004734987084 0.0 50.27840351636536 0.0 16.486281777867053 0.006421156004242155 0.14595264351892917 0.006421156004242155 0.14595264351892917 264.87625615116576 25.891848809204763 30.991787022000334 6.1046871850093085 62.94002865601558 113.10322791436487 188.19153850804105 75.46883937612765 0.0 0.0 0.37638307701608414 0.1505514244395529 264.87625615116576 25.891848809204763 30.991787022000334 6.1046871850093085 
222.00004734987084 0.0 49.13145989219686 0.0 17.0165139522237 0.006421156004242155 0.1577558074685999 0.006421156004242155 0.1577558074685999 183.16900312364675 28.36373499630955 35.26403974247218 6.583902390580357 63.512790012720124 119.00905669427738 188.19153850804105 81.45618210213958 0.0 0.0 0.37638307701608403 0.16235458838922628 183.16900312364675 28.36373499630955 35.26403974247218 6.583902390580357 
224.00004734987084 0.0 48.818616455671254 0.0 16.852575813146178 0.006421156004242155 0.15966785864331234 0.006421156004242155 0.15966785864331234 171.55915442513887 28.630618484540346 36.71677783475166 6.540608411631058 63.48164569436397 120.00806607303966 188.19153850804105 82.46175807373774 0.0 0.0 0.37638307701608403 0.16426663956394164 171.55915442513887 28.630618484540346 36.71677783475166 6.540608411631058 
226.00004734987084 0.0 48.2804459648558 0.0 16.728587444843388 0.006421156004242155 0.1610565496633278 0.006421156004242155 0.1610565496633278 160.62927833428202 28.91361716429231 36.74669620731923 6.463782203489167 63.56893675566094 120.98137807451829 188.19153850804105 83.46374028103818 0.0 0.0 0.37638307701608403 0.1656553305839541 160.62927833428202 28.91361716429231 36.74669620731923 6.463782203489167 
228.00004734987084 0.0 47.78444796165151 0.0 16.702167207906673 0.006421156004242153 0.1640506437704027 0.006421156004242153 0.1640506437704027 149.8206244180271 29.14540072276472 36.75376162989796 6.405329099373838 63.575803211787786 122.05961394216358 188.19153850804105 84.46942042582664 0.0 0.0 0.37638307701608414 0.16864942469102912 149.8206244180271 29.14540072276472 36.75376162989796 6.405329099373838 
230.00004734987084 0.0 47.42718748924233 0.0 16.67629880184577 0.006421156004242153 0.16555620508841834 0.006421156004242153 0.16555620508841834 139.86028322301013 29.359776337132175 35.573809884598106 6.35047065344133 63.55458976553268 123.13705759831456 188.19153850804105 85.49103233908835 0.0 0.0 0.37638307701608403 0.1701549860090453 139.86028322301013 29.359776337132175 35.573809884598106 6.35047065344133 
232.00004734987084 0.0 45.19064436345381 0.0 16.61280017017313 0.006421156004242156 0.17870578769240533 0.006421156004242156 0.17870578769240533 83.71885609349037 30.682826066152384 28.14194837012154 6.038652472605451 63.62398245898803 128.95202439448937 188.19153850804105 91.48985252342473 0.0 0.0 0.37638307701608403 0.18330456861303174 83.71885609349037 30.682826066152384 28.14194837012154 6.038652472605451 
234.00004734987084 0.0 45.274632633210054 0.0 16.67334653003824 0.006421156004242155 0.1801325015468427 0.006421156004242155 0.1801325015468427 76.8740031906566 30.872822820744982 28.159292197597157 6.017711092903191 63.64661611987045 129.90331830007912 188.19153850804105 92.49157579663128 0.0 0.0 0.37638307701608403 0.18473128246747267 76.8740031906566 30.872822820744982 28.159292197597157 6.017711092903191 
236.00004734987084 0.0 44.93630751269518 0.0 16.631958576381138 0.006421156004242155 0.18264715255510414 0.006421156004242155 0.18264715255510414 69.83945381900149 30.980077769399752 27.398028334196713 6.166842391798219 63.65265813280311 130.8354196022879 188.19153850804105 93.50469288252513 0.0 0.0 0.37638307701608403 0.18724593347573 69.83945381900149 30.980077769399752 27.398028334196713 6.166842391798219 
238.00004734987084 0.0 44.52708305183985 0.0 16.629657922522906 0.006421156004242156 0.18378572997784876 0.006421156004242156 0.18378572997784876 63.75859037661878 31.029333034496435 26.943047117224335 6.269578674949244 63.65595670398957 131.70186505547792 188.19153850804105 94.48367988972171 0.0 0.0 0.37638307701608403 0.1883845108984751 63.75859037661878 31.029333034496435 26.943047117224335 6.269578674949244 
240.00004734987084 0.0 44.14374720561015 0.0 16.644528470348355 0.006421156004242155 0.18611729497337792 0.006421156004242155 0.18611729497337792 57.81441336168266 31.113917707111238 26.940640205114203 6.354996971762187 63.65705592416481 132.53277481997608 188.19153850804105 95.48943696830007 0.0 0.0 0.37638307701608403 0.19071607589400377 57.81441336168266 31.113917707111238 26.940640205114203 6.354996971762187 
242.00004734987084 0.0 41.01935280677958 0.0 16.930645381804993 0.006421156004242155 0.1983066570186808 0.006421156004242155 0.1983066570186808 25.326435571892617 31.484852010333533 28.530114547854783 6.718797695961065 63.66203411969582 138.9131608115096 188.19153850804105 101.47430687099568 0.0 0.0 0.37638307701608403 0.20290543793930638 25.326435571892617 31.484852010333533 28.530114547854783 6.718797695961065 
244.00004734987084 0.0 40.21380284022513 0.0 16.997010486963585 0.006421156004242155 0.1999049736548496 0.006421156004242155 0.1999049736548496 22.28297489103035 31.429392590788726 29.923102349266294 6.656271903191062 63.66203411969582 139.8642305837469 188.19153850804105 102.46262446298826 0.0 0.0 0.37638307701608403 0.20450375457547568 22.28297489103035 31.429392590788726 29.923102349266294 6.656271903191062 
246.00004734987084 0.0 39.365115535199365 0.0 16.894545231084418 0.006421156004242156 0.20254264006606468 0.006421156004242156 0.20254264006606468 19.545473190894068 31.46154304027244 30.480889419571824 6.6086662625955395 63.66203411969582 140.83489941529862 188.19153850804105 103.46260962228881 0.0 0.0 0.37638307701608403 0.20714142098669375 19.545473190894068 31.46154304027244 30.480889419571824 6.6086662625955395 
248.00004734987084 0.0 38.685805087356755 0.0 16.933555224050462 0.006421156004242156 0.20388078852935548 0.006421156004242156 0.20388078852935548 17.391898028340357 31.43638495951131 31.09434407202168 6.620283133986311 63.66203411969582 141.78290070177925 188.19153850804105 104.46248668560747 0.0 0.0 0.37638307701608403 0.20847956944998106 17.391898028340357 31.43638495951131 31.09434407202168 6.620283133986311 
250.00004734987084 0.0 38.00437813713969 0.0 16.96304200819578 0.006421156004242155 0.20646491961763744 0.006421156004242155 0.20646491961763744 15.822259284492738 31.33471597641106 31.299655603622444 6.606369399522584 63.66203411969582 142.7496907524969 188.19153850804105 105.4726916186666 0.0 0.0 0.37638307701608403 0.21106370053826334 15.822259284492738 31.33471597641106 31.299655603622444 6.606369399522584 
252.00004734987084 0.0 34.4663901597228 0.0 16.814005023428887 0.006421156004242155 0.2190163868686817 0.006421156004242155 0.2190163868686817 9.579173138639058 30.975022996790507 30.57433350668711 6.4664860515914775 63.66203411969582 148.94393565504845 188.19153850804105 111.48139085919254 0.0 0.0 0.37638307701608403 0.22361516778930732 9.579173138639058 30.975022996790507 30.57433350668711 6.4664860515914775 
254.00004734987084 0.0 34.290693032081165 0.0 16.644164295945636 0.006421156004242155 0.22104747835426694 0.006421156004242155 0.22104747835426694 9.476944276728604 30.904477378212402 29.75999159187434 6.488511927957736 63.66203411969582 149.91284973413534 188.19153850804105 112.47508736341422 0.0 0.0 0.37638307701608414 0.22564625927489013 9.476944276728604 30.904477378212402 29.75999159187434 6.488511927957736 
256.00004734987084 0.0 34.323051204909156 0.0 16.57079718229627 0.006421156004242155 0.2230014704843772 0.006421156004242155 0.2230014704843772 9.588243943549323 30.976375219963213 30.490894466410474 6.511710777655554 63.66203411969582 150.79168957537848 188.19153850804105 113.46265270903642 0.0 0.0 0.37638307701608414 0.22760025140500226 9.588243943549323 30.976375219963213 30.490894466410474 6.511710777655554 
258.00004734987084 0.0 34.249301193955645 0.0 16.5525326180786 0.006421156004242155 0.22488687880002164 0.006421156004242155 0.22488687880002164 9.596735539559448 31.028927262721833 30.64423378392967 6.511583876405499 63.66203411969582 151.47187855094924 188.19153850804105 114.47847739992795 0.0 0.0 0.37638307701608414 0.22948565972064666 9.596735539559448 31.028927262721833 30.64423378392967 6.511583876405499 
260.00004734987084 0.0 34.17490840645662 0.0 16.609477627915265 0.006421156004242155 0.226288313414496 0.006421156004242155 0.226288313414496 9.576027622127615 31.07595644234558 30.265341771464303 6.5050624552729515 63.66203411969582 152.14342597784636 188.19153850804105 115.4781828717413 0.0 0.0 0.37638307701608414 0.23088709433512097 9.576027622127615 31.07595644234558 30.265341771464303 6.5050624552729515 
262.00004734987084 0.0 33.77027044437633 0.0 16.82909313540211 0.006421156004242155 0.2377940450642738 0.006421156004242155 0.2377940450642738 9.557567216512824 31.099413513861098 28.92219406035713 6.301327967952455 63.66203411969582 158.86641787768588 188.19153850804105 121.4561990996232 0.0 0.0 0.37638307701608403 0.24239282598489906 9.557567216512824 31.099413513861098 28.92219406035713 6.301327967952455 
264.00004734987084 0.0 33.69781309560614 0.0 16.616688741129344 0.006421156004242155 0.2410088741471895 0.006421156004242155 0.2410088741471895 9.552788071765427 30.9562282666886 30.502944622304042 6.292620830275362 63.66203411969582 159.8109799026863 188.19153850804105 122.4694088596059 0.0 0.0 0.37638307701608403 0.24560765506781934 9.552788071765427 30.9562282666886 30.502944622304042 6.292620830275362 
266.00004734987084 0.0 33.72366593947264 0.0 16.48083423316798 0.006421156004242155 0.24214854759879686 0.006421156004242155 0.24214854759879686 9.66966498001081 30.77796510866042 30.519297137417194 6.220140219038513 63.66203411969582 160.55763720671513 188.19153850804105 123.47918615108591 0.0 0.0 0.37638307701608403 0.2467473285194285 9.66966498001081 30.77796510866042 30.519297137417194 6.220140219038513 
268.00004734987084 0.0 33.80771625579415 0.0 16.41924430875886 0.006421156004242155 0.2448730707273556 0.006421156004242155 0.2448730707273556 9.780697563008472 30.720478058139896 30.089300741322113 6.205938052011399 63.66203411969582 161.13380081350684 188.19153850804105 124.47709578275702 0.0 0.0 0.37638307701608403 0.24947185164798047 9.780697563008472 30.720478058139896 30.089300741322113 6.205938052011399 
270.00004734987084 0.0 33.849833250871406 0.0 16.32684472502773 0.006421156004242156 0.24625133658718668 0.006421156004242156 0.24625133658718668 9.846270983960414 30.75377822830067 30.020308046540332 6.219452544667426 63.66203411969582 161.6313193668991 188.19153850804105 125.46744075714757 0.0 0.0 0.37638307701608403 0.25085011750781183 9.846270983960414 30.75377822830067 30.020308046540332 6.219452544667426 
272.00004734987084 0.0 33.98633183057792 0.0 16.03852951179194 0.006421156004242155 0.2582103394064974 0.006421156004242155 0.2582103394064974 10.232956001013642 30.802035973192265 30.278772080720422 6.338841103183541 63.66203411969582 168.79081249678458 188.19153850804105 131.46206478600607 0.0 0.0 0.37638307701608403 0.2628091203271292 10.232956001013642 30.802035973192265 30.278772080720422 6.338841103183541 
274.00004734987084 0.0 33.98961164882828 0.0 16.032970308428045 0.006421156004242155 0.2595733290263291 0.006421156004242155 0.2595733290263291 10.184175215602917 30.9406596990528 30.26685890311881 6.25669415676633 63.66203411969582 169.61715256089659 188.19153850804105 132.46948487228516 0.0 0.0 0.37638307701608403 0.2641721099469542 10.184175215602917 30.9406596990528 30.26685890311881 6.25669415676633 
276.00004734987084 0.0 33.94798291853808 0.0 16.058128958869137 0.006421156004242153 0.26155535057768675 0.006421156004242153 0.26155535057768675 10.122753955793037 31.008417046829038 30.545976865856545 6.20318098178913 63.66203411969582 170.26845708911355 188.19153850804105 133.47443105219153 0.0 0.0 0.37638307701608403 0.26615413149831624 10.122753955793037 31.008417046829038 30.545976865856545 6.20318098178913 
278.00004734987084 0.0 33.881610778590954 0.0 16.026647045354323 0.006421156004242153 0.26479285646661294 0.0068812553331878456 0.16377729159474133 10.010169006865805 31.059573536085974 30.252245071744788 6.171549097636798 63.66203411969582 170.71033601608613 188.19153850804105 134.4673658514456 0.0 0.0 0.37638307701608403 0.26939163738723837 10.010169006865805 31.059573536085974 30.252245071744788 6.171549097636798 
280.00004734987084 0.0 33.83407858970981 0.0 16.03604144291255 0.006421156004242153 0.2663091219341678 0.006991240025737879 0.14114623680722596 9.87744381815149 31.024756113568237 29.9474302057594 6.14954021497357 63.66203411969582 170.94667851133187 188.19153850804105 135.46193032365048 0.0 0.0 0.37638307701608403 0.2709079028547935 9.87744381815149 31.024756113568237 29.9474302057594 6.14954021497357 
282.00004734987084 0.0 33.55693271935293 0.0 16.249721805257366 0.006421156004242155 0.27784792463075497 0.007572857781433811 0.024989904051677177 9.142895377231287 30.936274409365662 28.175614486983886 6.23965087821555 NaN NaN 188.19153850804105 141.46490790221097 0.0 0.0 0.37638307701608403 0.2824467055513833 9.142895377231287 30.936274409365662 28.175614486983886 6.23965087821555 
284.00004734987084 0.0 33.75187797698161 0.0 16.297936471569013 0.006421156004242155 0.2806230053374095 0.007572857781433813 0.02776498475832906 9.094505606398663 30.89583719509615 30.19282078408959 6.300564302362591 63.66203411969582 180.1181768030442 188.19153850804105 142.45741830381164 0.0 0.0 0.37638307701608403 0.28522178625803524 9.094505606398663 30.89583719509615 30.19282078408959 6.300564302362591 
286.00004734987084 0.0 33.86914823522927 0.0 16.3260056629308 0.006421156004242153 0.2824566972503508 0.007572857781433813 0.02959867667127282 9.03759360749906 30.9150167832173 30.49193755272033 6.296102168626689 63.66203411969582 180.1181768030442 188.19153850804105 143.4578460255214 0.0 0.0 0.37638307701608403 0.28705547817097704 9.03759360749906 30.9150167832173 30.49193755272033 6.296102168626689 
288.00004734987084 0.0 33.95026559471772 0.0 16.327953118286693 0.006421156004242153 0.28405827343356027 0.007572857781433815 0.031200252854481293 9.109188407046618 30.912855759850025 30.968141818942737 6.335447929016586 63.66203411969582 180.1181768030442 188.19153850804105 144.46839284050787 0.0 0.0 0.37638307701608414 0.28865705435418487 9.109188407046618 30.912855759850025 30.968141818942737 6.335447929016586 
290.00004734987084 0.0 34.04245901103238 0.0 16.33305692025033 0.006421156004242153 0.28535898235412444 0.007572857781433815 0.032500961775045314 9.214671223530724 30.949905229070712 32.658756303167216 6.355934344919499 63.66203411969582 180.1181768030442 188.19153850804105 145.46671756871677 0.0 0.0 0.37638307701608414 0.2899577632747504 9.214671223530724 30.949905229070712 32.658756303167216 6.355934344919499 
292.0000087614666 0.0 34.50362590634156 0.0 16.45180972543802 0.006421156004242156 0.29781893317421737 0.007572857781433813 0.04496091259513807 9.874216203153784 30.73622517136946 40.34559166536745 6.508685765349817 NaN NaN 188.19153850804105 151.4686918091008 0.0 0.0 0.37638307701608414 0.3024177140948437 9.874216203153784 30.73622517136946 40.34559166536745 6.508685765349817 
294.00004734987084 0.0 34.408579102760456 0.0 16.41544580935528 0.006421156004242156 0.29970898387374545 0.007572857781433815 0.04685096329466699 9.546922405701627 30.718678071086664 38.498046248952576 6.388251303616705 NaN NaN 188.19153850804105 152.47441564073765 0.0 0.0 0.37638307701608414 0.30430776479437166 9.546922405701627 30.718678071086664 38.498046248952576 6.388251303616705 
296.00004734987084 0.0 34.47257021220405 0.0 16.474173723132083 0.006421156004242156 0.30200214642884504 0.007572857781433817 0.04914412584976571 9.39088632129966 30.755521599280613 37.84822910517793 6.37756742202071 NaN NaN 188.19153850804105 153.4692912410288 0.0 0.0 0.37638307701608414 0.30660092734947303 9.39088632129966 30.755521599280613 37.84822910517793 6.37756742202071 
298.00004734987084 0.0 34.48142745532622 0.0 16.55278550525681 0.006421156004242156 0.30335746661167506 0.007572857781433817 0.05049944603260005 9.367566348203598 30.819714975471424 38.06794109184115 6.407882595056149 NaN NaN 188.19153850804105 154.46773380614252 0.0 0.0 0.37638307701608403 0.30795624753230766 9.367566348203598 30.819714975471424 38.06794109184115 6.407882595056149 
300.00004734987084 0.0 34.42137440099393 0.0 16.62232946069509 0.006421156004242156 0.30582121637128173 0.007572857781433815 0.05296319579219846 9.401955357661443 30.793938836236936 39.403652029517616 6.4120559791728455 NaN NaN 188.19153850804105 155.47586301482949 0.0 0.0 0.37638307701608403 0.31041999729190356 9.401955357661443 30.793938836236936 39.403652029517616 6.4120559791728455 
302.00004734987084 0.0 35.93196220931182 0.0 16.784534001097928 0.007572857781433813 0.06520519742114791 0.007572857781433813 0.06520519742114791 962.5506833995263 29.84585618924332 719.4811537720304 4.880252713896544 30.858969009735574 65.87651775255594 172.4480343306929 138.27682407484278 0.06171793801947166 0.13027774786365512 0.2628394999890575 0.04328889037868963 962.5506833995263 29.84585618924332 719.4811537720304 4.880252713896544 
304.00004734987084 0.0 36.96898231171821 0.0 17.127886496063805 0.007572857781433813 0.06746480056792478 0.007572857781433813 0.06746480056792478 907.7619839403181 28.283835623617936 593.5120933045437 4.278395015422897 31.221484874884357 65.64981251544168 163.90265261136446 122.83081664612216 0.06462426349618924 0.12138902136398694 0.2994682581223804 0.049238173730509906 907.7619839403181 28.283835623617936 593.5120933045437 4.278395015422897 
306.00004734987084 0.0 37.74834723894786 0.0 17.727078384706914 0.0075728577814338114 0.06916931868748996 0.0075728577814338114 0.06916931868748996 847.6428727922762 26.65259465852914 513.2281416243463 4.340492924878769 31.835344159207153 65.21649564297721 160.5554838362116 115.32358054689199 0.06369594624454701 0.1266544574952098 0.30809893635669616 0.051812075478134406 847.6428727922762 26.65259465852914 513.2281416243463 4.340492924878769 
308.00004734987084 0.0 38.52695107719971 0.0 18.17515042165404 0.007572857781433815 0.07147092271116931 0.007572857781433815 0.07147092271116931 795.5698044640728 25.255643353568477 440.1700955663296 4.62287431685199 31.858311895862492 66.84120970796646 159.1940476658883 111.22241226654754 0.06310594026592926 0.13121925646924665 0.3135842935971774 0.054666229330398525 795.5698044640728 25.255643353568477 440.1700955663296 4.62287431685199 
310.00004734987084 0.0 39.35051975543268 0.0 18.768411148695584 0.007572857781433815 0.0737656534554231 0.007572857781433815 0.0737656534554231 751.4884525861548 24.02516170921286 373.0118864957329 4.911739065354997 31.94978710070708 67.92361983260439 158.85943901249271 108.4959824870925 0.06279145539794585 0.13472031493047162 0.31650809760957765 0.057255480073082655 751.4884525861548 24.02516170921286 373.0118864957329 4.911739065354997 
312.00004734987084 0.0 43.02174867028822 0.0 21.790007365611928 0.007572857781433813 0.08539127598982557 0.007572857781433813 0.08539127598982557 526.6896606971103 17.862474018324058 50.494135093878164 6.236028316892137 31.584315388278284 72.52150924800361 156.29321521576114 91.02091671996006 0.061717938019471646 0.15046382643233203 0.3264887190578735 0.06988646842572499 526.6896606971103 17.862474018324058 50.494135093878164 6.236028316892137 
314.0000328652746 0.0 43.61676349981129 0.0 21.641528264687583 0.007572857781433815 0.08675999276893123 0.007572857781433815 0.08675999276893123 500.3073073842323 17.014959014733282 39.049987885023114 6.106835497872797 31.65562620372045 73.48306559182403 156.72671039455017 87.10921169097418 0.061717938019471646 0.15183254321143685 0.3264887190578735 0.07125518520483089 500.3073073842323 17.014959014733282 39.049987885023114 6.106835497872797 
316.00004734987084 0.0 43.86690600673041 0.0 21.444380996234205 0.007572857781433813 0.08944558630213044 0.007572857781433813 0.08944558630213044 483.3887845995854 16.81837307961364 34.91564056484465 6.072409095034485 31.52642348131833 75.2564499233563 156.33009633899505 83.26297133195123 0.06171793801947163 0.15451813674463594 0.3264887190578735 0.07394077873802914 483.3887845995854 16.81837307961364 34.91564056484465 6.072409095034485 
318.00004734987084 0.0 44.21895283604279 0.0 21.061644488198084 0.007572857781433815 0.0914948276688969 0.007572857781433815 0.0914948276688969 471.14493951409696 16.871045880074615 32.14621880548189 6.070147275133382 31.53695677487673 76.48253545072903 156.96377992597783 80.12729190961889 0.06171793801947163 0.15656737811140187 0.3264887190578734 0.07599002010479458 471.14493951409696 16.871045880074615 32.14621880548189 6.070147275133382 
320.00004734987084 0.0 44.57220282979338 0.0 20.711823118442744 0.007572857781433813 0.0938272807699044 0.007572857781433813 0.0938272807699044 460.81133961889225 16.997590869653404 30.351139208815695 6.064434854993415 31.434979411059093 78.13379103970304 157.21965032989428 76.97379594744878 0.06171793801947163 0.15889983121241097 0.3264887190578735 0.07832247320580302 460.81133961889225 16.997590869653404 30.351139208815695 6.064434854993415 
322.00004734987084 0.0 47.12799151697218 0.0 18.710582647320468 0.007572857781433813 0.1054909944455147 0.007572857781433813 0.1054909944455147 404.00942979385513 18.36042097472117 22.081499166802555 6.124227496464014 31.232491556825778 83.84916100288675 161.36095995358704 63.21963283551596 0.061717938019471646 0.1705635448880193 0.3264887190578735 0.08998618688141312 404.00942979385513 18.36042097472117 22.081499166802555 6.124227496464014 
324.00004734987084 0.0 47.19335335709332 0.0 18.234303508621405 0.007572857781433813 0.10768842884528813 0.007572857781433813 0.10768842884528813 395.4478134277327 18.705415342553007 22.099638265096928 6.031469084607245 31.27246834250725 84.76384576920049 160.9226723034538 61.33633551852822 0.06171793801947166 0.1727609792877949 0.3264887190578735 0.09218362128118553 395.4478134277327 18.705415342553007 22.099638265096928 6.031469084607245 
326.00004734987084 0.0 47.30888659120565 0.0 18.159560588382316 0.007572857781433815 0.10913866704422619 0.007572857781433815 0.10913866704422619 385.93671111804093 19.11514856099882 22.09220557065392 6.078226185665851 31.296482792560276 85.75006010556145 159.92317215683738 59.28074681147709 0.06171793801947166 0.1727609792877949 0.3264887190578735 0.0936338594801249 385.93671111804093 19.11514856099882 22.09220557065392 6.078226185665851 
328.00004734987084 0.0 47.30390020177157 0.0 18.04813061319906 0.007572857781433813 0.11146366305306264 0.007572857781433813 0.11146366305306264 376.08976793377855 19.571585475219752 22.618261827619055 6.089297468582694 31.303868342917404 86.72331570249862 159.3722808875694 57.52657258045223 0.06171793801947166 0.1727609792877949 0.3264887190578735 0.0959588554889637 376.08976793377855 19.571585475219752 22.618261827619055 6.089297468582694 
330.00004734987084 0.0 47.296733833733576 0.0 17.772557453424852 0.007572857781433813 0.11369487833484289 0.007572857781433813 0.11369487833484289 365.3540921710766 20.080705167366855 22.461982971323067 6.139181661259608 31.300244555602877 87.6516729156808 159.6864709497377 56.695973024808346 0.06171793801947166 0.1727609792877949 0.3264887190578735 0.0981900707707431 365.3540921710766 20.080705167366855 22.461982971323067 6.139181661259608 
332.00004734987084 0.0 48.428787775549765 0.0 15.98260024639476 0.0075728577814338114 0.12516904049745695 0.0075728577814338114 0.12516904049745695 297.6054452983912 23.143880546374675 22.198744198653635 6.256844117489244 31.14950076905194 94.12299376202449 162.9101374764831 54.94914943006624 0.0 0.0 0.3264887190578735 0.10966423293335752 297.6054452983912 23.143880546374675 22.198744198653635 6.256844117489244 
334.00004734987084 0.0 47.682894273235874 0.0 16.099903829164173 0.007572857781433813 0.12796402683973743 0.007572857781433813 0.12796402683973743 284.8110106167653 23.71477530276896 22.233958385842865 6.245288437202799 31.097670806186596 95.25912598337486 163.06955997656982 55.959813012039376 0.0 0.0 0.3264887190578735 0.1124592192756381 284.8110106167653 23.71477530276896 22.233958385842865 6.245288437202799 
336.00004734987084 0.0 47.30269708181199 0.0 16.02097006393645 0.0075728577814338114 0.1300999194384322 0.0075728577814338114 0.1300999194384322 271.1980004518139 24.223790801200156 22.408191582569184 6.253457300265415 31.09455088039262 96.23807719358534 163.11585168158408 56.9650577794738 0.0 0.0 0.3264887190578735 0.1145951118743305 271.1980004518139 24.223790801200156 22.408191582569184 6.253457300265415 
338.00004734987084 0.0 46.895247234777614 0.0 15.991551607166562 0.0075728577814338114 0.1320980741174906 0.0075728577814338114 0.1320980741174906 257.08755166154884 24.723298838177087 22.691464635438013 6.244969016030961 31.059837323518988 97.24101970482332 163.1563844141311 57.98264059956478 0.0 0.0 0.3264887190578734 0.11659326655339212 257.08755166154884 24.723298838177087 22.691464635438013 6.244969016030961 
340.00004734987084 0.0 46.358657443952104 0.0 15.9195491929323 0.007572857781433813 0.13401438257042433 0.007572857781433813 0.13401438257042433 243.56598643979532 25.16432585112409 22.889555273656725 6.26174683364782 31.06055904971918 98.14853455085405 163.17359798803184 58.96940255200054 0.0 0.0 0.3264887190578734 0.1185095750063259 243.56598643979532 25.16432585112409 22.889555273656725 6.26174683364782 
342.00004734987084 0.0 43.783071282242645 0.0 15.657715964676374 0.007572857781433813 0.14559203802722778 0.007572857781433813 0.14559203802722778 164.6172126929401 27.59270850261806 23.59594373861105 6.315019162362516 31.05741943445264 104.51268903154711 163.24435952893646 64.97802553248965 0.0 0.0 0.3264887190578735 0.1300872304631287 164.6172126929401 27.59270850261806 23.59594373861105 6.315019162362516 
344.00004734987084 0.0 42.98985942467648 0.0 15.819204904375496 0.007572857781433813 0.14827802520421715 0.007572857781433813 0.14827802520421715 153.37132154336678 27.893809456549494 24.269180044373353 6.2735058628742815 31.05897117624638 105.5497396750503 163.24435952893646 65.9981768663797 0.0 0.0 0.3264887190578735 0.13277321764011585 153.37132154336678 27.893809456549494 24.269180044373353 6.2735058628742815 
346.00004734987084 0.0 42.53995420939568 0.0 15.898357036716849 0.007572857781433813 0.14996998463827124 0.007572857781433813 0.14996998463827124 142.96747909316167 28.14547675903964 25.035024353680267 6.264515537659007 31.058233032251568 106.43268124729352 163.24435952893646 66.98087800927004 0.0 0.0 0.3264887190578735 0.13446517707416997 142.96747909316167 28.14547675903964 25.035024353680267 6.264515537659007 
348.00004734987084 0.0 41.831485941181256 0.0 15.986750251954817 0.007572857781433813 0.15139569264352878 0.007572857781433813 0.15139569264352878 132.7773602507436 28.428327671018568 24.72534756757149 6.263595494955712 31.114321458392364 107.17860065919264 163.24435952893646 67.99224276330327 0.0 0.0 0.3264887190578735 0.1358908850794295 132.7773602507436 28.428327671018568 24.72534756757149 6.263595494955712 
350.00004734987084 0.0 41.11087042912638 0.0 15.97623691790053 0.007572857781433813 0.1538258471985928 0.007572857781433813 0.1538258471985928 123.20306967288329 28.708699031367765 24.53837951184897 6.267717222777792 31.08126982192921 108.29164372484148 163.24435952893646 68.98879176351168 0.0 0.0 0.3264887190578735 0.13832103963449074 123.20306967288329 28.708699031367765 24.53837951184897 6.267717222777792 
352.00004734987084 0.0 36.552466392054065 0.0 15.862202309338159 0.007572857781433813 0.1651579348434043 0.007572857781433813 0.1651579348434043 70.19321424942846 30.228791452467732 26.064275231629285 6.095086400591152 31.02545498773865 114.62807406894098 163.24435952893646 74.97821060738312 0.0 0.0 0.3264887190578734 0.14965312727930233 70.19321424942846 30.228791452467732 26.064275231629285 6.095086400591152 
354.00004734987084 0.0 35.79538938814078 0.0 15.896749182998176 0.007572857781433815 0.16709710531259245 0.007572857781433815 0.16709710531259245 63.18581412806112 30.395281183315802 25.650677473369964 6.091811931091238 31.04285452384026 115.59809464452782 163.24435952893646 75.96760268367525 0.0 0.0 0.3264887190578734 0.15159229774849037 63.18581412806112 30.395281183315802 25.650677473369964 6.091811931091238 
356.00004734987084 0.0 35.47433163409309 0.0 15.893373349708583 0.007572857781433817 0.16932537449263382 0.007572857781433817 0.16932537449263382 56.69531279252458 30.48188581701217 24.89427422559045 6.047398736255168 31.031265418942247 116.69149872944288 163.24435952893646 76.98706277600385 0.0 0.0 0.3264887190578735 0.15382056692853183 56.69531279252458 30.48188581701217 24.89427422559045 6.047398736255168 
358.00004734987084 0.0 34.90136388393873 0.0 15.875508958994445 0.007572857781433815 0.1708497174766771 0.007572857781433815 0.1708497174766771 51.065150444038544 30.4740124962424 24.080458996288055 6.086203600926785 31.03291190723034 117.57361341081764 163.24435952893646 77.97921758537824 0.0 0.0 0.3264887190578734 0.15534490991257735 51.065150444038544 30.4740124962424 24.080458996288055 6.086203600926785 
360.00004734987084 0.0 34.4332262846802 0.0 15.84602868039354 0.007572857781433815 0.17341933376520455 0.007572857781433815 0.17341933376520455 45.58700522069232 30.448320841554665 23.815627082748442 6.136248668897405 31.021787825647007 118.54880027126241 163.24435952893646 78.98982961353447 0.0 0.0 0.3264887190578735 0.1579145262011019 45.58700522069232 30.448320841554665 23.815627082748442 6.136248668897405 
362.00004734987084 0.0 32.18787880578117 0.0 15.776984246868109 0.007572857781433813 0.1856512764278034 0.007572857781433813 0.1856512764278034 18.31161737750783 30.40294354083094 27.218217914278657 6.366477045835817 31.113945213519102 124.2526143826843 163.24435952893646 84.98373707504105 0.0 0.0 0.3264887190578735 0.17014646886370124 18.31161737750783 30.40294354083094 27.218217914278657 6.366477045835817 
364.00004734987084 0.0 31.800175114001377 0.0 15.982718147213797 0.007572857781433813 0.18693348752929775 0.007572857781433813 0.18693348752929775 15.853485232279638 30.42564117386597 27.388691034559354 6.288868618468833 31.11013699576356 125.33703828676477 163.24435952893646 85.99909244867615 0.0 0.0 0.3264887190578735 0.17142867996519767 15.853485232279638 30.42564117386597 27.388691034559354 6.288868618468833 
366.00004734987084 0.0 31.54546586958721 0.0 15.926191351321133 0.007572857781433813 0.18959255586548832 0.007572857781433813 0.18959255586548832 14.126723503341086 30.3672732545266 27.62622751058708 6.266082717154924 31.119464985273968 126.21801199979558 163.24435952893646 86.99884390470267 0.0 0.0 0.3264887190578734 0.17408774830138612 14.126723503341086 30.3672732545266 27.62622751058708 6.266082717154924 
368.00004734987084 0.0 31.522039546668715 0.0 15.87778290471213 0.007572857781433815 0.191309957820783 0.007572857781433815 0.191309957820783 12.682752779730212 30.27523352026158 27.57064368403037 6.26957929910471 31.13694971664315 127.19477228255654 163.24435952893646 87.99065105727155 0.0 0.0 0.3264887190578735 0.17580515025668247 12.682752779730212 30.27523352026158 27.57064368403037 6.26957929910471 
370.00004734987084 0.0 31.538414722055336 0.0 15.84669322744165 0.007572857781433813 0.19370608450130605 0.007572857781433813 0.19370608450130605 11.803214014668859 30.220751341029302 27.65755764424214 6.284074897661106 31.104802822464826 128.04313493836767 163.24435952893646 88.9841031412607 0.0 0.0 0.3264887190578735 0.1769915191351942 11.803214014668859 30.220751341029302 27.65755764424214 6.284074897661106 
372.00004734987084 0.0 31.66033064723752 0.0 15.686132956411205 0.007572857781433813 0.2063412269002958 0.007572857781433813 0.2063412269002958 7.993223026681642 29.7535461960121 24.62223210789407 5.970455816108137 31.186301224725675 134.02872799227728 163.24435952893646 94.97071486610479 0.0 0.0 0.0 0.0 7.993223026681642 29.7535461960121 24.62223210789407 5.970455816108137 
374.00004734987084 0.0 31.718183983637964 0.0 15.739635710115301 0.007572857781433813 0.20808122912301158 0.007572857781433813 0.20808122912301158 8.005215058433633 29.856019201303035 24.196579145793848 6.042108199506563 31.227118073885556 134.76100001121 163.24435952893646 95.8696259958632 0.0 0.0 0.0 0.0 8.005215058433633 29.856019201303035 24.196579145793848 6.042108199506563 
376.00004734987084 0.0 31.767380711060078 0.0 15.807122759298496 0.0075728577814338114 0.2092921728058283 0.0075728577814338114 0.2092921728058283 8.087927866080445 29.886459650934672 24.591522360926028 6.0895855388183096 31.260127215274135 135.36771219924285 163.24435952893646 96.68934907963471 0.0 0.0 0.0 0.0 8.087927866080445 29.886459650934672 24.591522360926028 6.0895855388183096 
378.00004734987084 0.0 31.771545471532146 0.0 15.88546087165272 0.007572857781433813 0.21218186885177343 0.007572857781433813 0.21218186885177343 8.114119182600612 29.842598725142267 24.767660320448886 6.12901573963657 31.22086863661841 136.12098342925998 163.24435952893646 97.41234587194369 0.0 0.0 0.0 0.0 8.114119182600612 29.842598725142267 24.767660320448886 6.12901573963657 
380.00004734987084 0.0 31.775538640660912 0.0 15.98941975255931 0.007572857781433813 0.21343787580427234 0.007572857781433813 0.21343787580427234 8.096445176776497 29.80298873139419 24.382114557505933 6.168802229664357 31.194474232663303 136.6892624600257 163.24435952893646 98.05150923355184 0.0 0.0 0.0 0.0 8.096445176776497 29.80298873139419 24.382114557505933 6.168802229664357 
382.00004734987084 0.0 31.807025001163836 0.0 16.438583205279755 0.0075728577814338114 0.2247082624218619 0.0075728577814338114 0.2247082624218619 8.276165875518693 29.722239669034206 23.27689791995878 6.433723736887703 30.944740946670905 144.82293990151433 163.24435952893646 104.91091132172842 0.0 0.0 0.0 0.0 8.276165875518693 29.722239669034206 23.27689791995878 6.433723736887703 
384.00004734987084 0.0 31.791929668606162 0.0 16.47554204429493 0.007572857781433815 0.2270037158636812 0.007572857781433815 0.2270037158636812 8.203638354901896 29.792002489027986 23.491053427745655 6.439191608218741 30.908040935554403 145.65975211607864 163.24435952893646 105.72722419813535 0.0 0.0 0.0 0.0 8.203638354901896 29.792002489027986 23.491053427745655 6.439191608218741 
386.00000575038507 0.0 31.837155617038004 0.0 16.510284426637504 0.007572857781433813 0.2293970451883875 0.007572857781433813 0.2293970451883875 8.173419107902726 29.931311499801897 23.76490167282401 6.4148148823347775 30.906782681046227 146.21008284615726 163.24435952893646 106.47429478599686 0.0 0.0 0.0 0.0 8.173419107902726 29.931311499801897 23.76490167282401 6.4148148823347775 
388.00004734987084 0.0 31.81428545023854 0.0 16.499842816435255 0.007572857781433813 0.23082117178816924 0.007572857781433813 0.23082117178816924 8.19836446344979 29.972882790334356 23.66250396019537 6.376971509776865 30.906782681046227 146.55085696025085 163.24435952893646 107.07452430034624 0.0 0.0 0.0 0.0 8.19836446344979 29.972882790334356 23.66250396019537 6.376971509776865 
390.00004734987084 0.0 31.807604257311077 0.0 16.492749924146093 0.0075728577814338114 0.23329250091673726 0.0075728577814338114 0.23329250091673726 8.261668605619125 30.063404782205744 23.884432399372493 6.366281994214168 30.906782681046227 146.56583292552358 163.24435952893646 107.57919451747931 0.0 0.0 0.0 0.0 8.261668605619125 30.063404782205744 23.884432399372493 6.366281994214168 
392.00004734987084 0.0 31.677444622879623 0.0 16.05096610926475 0.007572857781433815 0.24603979158193284 0.007572857781433815 0.24603979158193284 8.189104800289206 30.485334476798585 24.253926792258643 6.2683228814266 30.858969009735574 155.50827902060016 163.24435952893646 114.90546164075487 0.0 0.0 0.0 0.0 8.189104800289206 30.485334476798585 24.253926792258643 6.2683228814266 
394.00004734987084 0.0 31.704160765492897 0.0 15.998342888708265 0.007572857781433815 0.2477654753128133 0.007572857781433815 0.2477654753128133 8.169476304991838 30.263370623250346 24.05844123716496 6.280912252459066 30.858969009735574 155.50827902060016 163.24435952893646 115.65263927037024 0.0 0.0 0.0 0.0 8.169476304991838 30.263370623250346 24.05844123716496 6.280912252459066 
396.00004734987084 0.0 31.637890441932733 0.0 15.907291614050436 0.007572857781433813 0.25006157487098785 0.007572857781433813 0.25006157487098785 8.176172817416969 30.205861834991836 23.691305137382297 6.252110564382197 30.858969009735574 155.50827902060016 163.24435952893646 116.13667370658942 0.0 0.0 0.0 0.0 8.176172817416969 30.205861834991836 23.691305137382297 6.252110564382197 
398.00004734987084 0.0 31.65249014775389 0.0 15.981921620167821 0.007572857781433815 0.2517428213721782 0.007572857781433815 0.2517428213721782 8.171775607948181 30.09772311223803 23.673206775892243 6.222284224383009 30.858969009735574 155.50827902060016 163.24435952893646 116.45926645291252 0.0 0.0 0.0 0.0 8.171775607948181 30.09772311223803 23.673206775892243 6.222284224383009 
400.00004734987084 0.0 31.67665835106719 0.0 15.983546162554866 0.007572857781433813 0.2533120477646733 0.007572857781433813 0.2533120477646733 8.190565545409475 29.95399022358841 23.656906363057 6.187831318012775 30.858969009735574 155.50827902060016 163.24435952893646 116.60165028986219 0.0 0.0 0.0 0.0 8.190565545409475 29.95399022358841 23.656906363057 6.187831318012775 
402.00004734987084 0.0 31.708710271326023 0.0 16.098496817268924 0.0075728577814338114 0.26522896722131406 0.0075728577814338114 0.26522896722131406 8.388251130276558 29.18957694482245 25.407922187089852 6.216885365337344 NaN NaN 163.24435952893646 124.43469766067787 0.0 0.0 0.0 0.0 8.388251130276558 29.18957694482245 25.407922187089852 6.216885365337344 
404.0000170133631 0.0 31.67118554992343 0.0 16.06259744933404 0.0075728577814338114 0.2672297447686263 0.0075728577814338114 0.2672297447686263 8.27739433314029 29.015210884372433 26.282717316399197 6.254478173918867 NaN NaN 163.24435952893646 124.43469766067787 0.0 0.0 0.0 0.0 8.27739433314029 29.015210884372433 26.282717316399197 6.254478173918867 
406.00004734987084 0.0 31.63871888545246 0.0 15.998441793186975 0.0075728577814338114 0.2691437886281363 0.0075728577814338114 0.2691437886281363 8.113808650027169 28.955149304264374 25.96831712503545 6.246294055413873 NaN NaN 163.24435952893646 124.43469766067787 0.0 0.0 0.0 0.0 8.113808650027169 28.955149304264374 25.96831712503545 6.246294055413873 
408.00004734987084 0.0 31.62388308348938 0.0 16.003990413296275 0.00757285778143381 0.27140271856718107 0.00757285778143381 0.27140271856718107 8.13823023903559 29.026486259248387 25.616291394111062 6.231303786167345 NaN NaN 163.24435952893646 124.43469766067787 0.0 0.0 0.0 0.0 8.13823023903559 29.026486259248387 25.616291394111062 6.231303786167345 
410.00004734987084 0.0 31.638396376648156 0.0 16.102100803958336 0.0075728577814338114 0.272986495434327 0.0075728577814338114 0.272986495434327 8.131735983223559 29.011537824073 25.708632431437692 6.235382516128903 NaN NaN 163.24435952893646 124.43469766067787 0.0 0.0 0.0 0.0 8.131735983223559 29.011537824073 25.708632431437692 6.235382516128903 
412.00004734987084 0.0 31.5634856680151 0.0 16.89910082496091 0.0075728577814338114 0.28581350438913417 0.0075728577814338114 0.28581350438913417 8.108458282336292 29.03818621894462 26.94664574221221 6.301112272027342 NaN NaN NaN NaN 0.0 0.0 0.0 0.0 8.108458282336292 29.03818621894462 26.94664574221221 6.301112272027342 
414.00001433057554 0.0 31.685139106523323 0.0 16.90630310848624 0.007572857781433813 0.28706537358788836 0.007572857781433813 0.28706537358788836 8.343794452443632 29.145353111186562 28.11201133087959 6.2997240646014125 NaN NaN NaN NaN 0.0 0.0 0.0 0.0 8.343794452443632 29.145353111186562 28.11201133087959 6.2997240646014125 
416.00004734987084 0.0 31.678082187140184 0.0 16.900042920896816 0.0075728577814338114 0.28925444746673806 0.0075728577814338114 0.28925444746673806 8.482271063887946 29.166553559280167 27.545180639351226 6.2546798061494835 NaN NaN NaN NaN 0.0 0.0 0.0 0.0 8.482271063887946 29.166553559280167 27.545180639351226 6.2546798061494835 
418.00004734987084 0.0 31.69652900069257 0.0 16.786260306212966 0.0075728577814338114 0.29046784741214837 0.0075728577814338114 0.29046784741214837 8.431537683375334 29.21104121152137 26.89239648869594 6.234251065898278 NaN NaN NaN NaN 0.0 0.0 0.0 0.0 8.431537683375334 29.21104121152137 26.89239648869594 6.234251065898278 
420.00004734987084 0.0 31.736499321846566 0.0 16.715610814196353 0.0075728577814338114 0.2932411502027812 0.0075728577814338114 0.2932411502027812 8.391748290455979 29.240289243372878 26.132185160240347 6.216591099623147 NaN NaN NaN NaN 0.0 0.0 0.0 0.0 8.391748290455979 29.240289243372878 26.132185160240347 6.216591099623147 
422.00001452415177 0.0 34.465377685119215 0.0 18.641122959190632 0.007572857781433813 0.3061954950175942 0.006724873399562896 0.16409202248957988 1004.7985563059766 29.4157334989449 944.8580328799004 5.938876574907696 37.03471174371771 108.52617572525332 122.36314086310267 25.88173388394743 0.07406942348743473 0.21705235145050808 0.2447262817262064 0.05096096212185757 1004.7985563059766 29.4157334989449 944.8580328799004 5.938876574907696 
424.00004734987084 0.0 35.81759007790202 0.0 19.187333491157634 0.007572857781433815 0.3079627171777676 0.006724873399562896 0.1658592446497567 992.3656169223856 29.128217713000872 750.8447582178595 5.0223704256347546 37.03471174371771 110.63684085876434 122.50953143268792 29.33721795982459 0.07406942348743473 0.21881957361068036 0.24716198857886157 0.0872084262379775 992.3656169223856 29.128217713000872 750.8447582178595 5.0223704256347546 
426.00004734987084 0.0 36.76655893237809 0.0 19.9515071132007 0.007572857781433811 0.3106653373607944 0.006724873399562896 0.16856186483278082 952.6293317859673 27.991716432869158 626.8226348795014 4.775948796091434 37.03471174371771 112.11563208027094 122.59503835382108 31.62101649943791 0.07406942348743473 0.21881957361068036 0.24716198857886157 0.0872084262379775 952.6293317859673 27.991716432869158 626.8226348795014 4.775948796091434 
428.00004734987084 0.0 37.85781046641232 0.0 20.671009976038675 0.007572857781433811 0.3120346439920459 0.006724873399562896 0.16993117146403347 906.6415726585307 26.80809845516194 531.1676403846598 4.938100777474178 37.03471174371771 112.89999188287551 122.68150042556105 33.700620438624874 0.07406942348743473 0.21881957361068036 0.24716198857886157 0.0872084262379775 906.6415726585307 26.80809845516194 531.1676403846598 4.938100777474178 
430.00004734987084 0.0 38.809360320018726 0.0 21.344542658332212 0.007572857781433811 0.3138360810466795 0.006724873399562896 0.1717326085186637 865.3218973430965 25.76820225187647 451.2189675700381 5.148802024715991 37.03471174371771 114.23843632862047 122.73219283171566 35.397021824686455 0.07406942348743473 0.21881957361068036 0.24716198857886157 0.0872084262379775 865.3218973430965 25.76820225187647 451.2189675700381 5.148802024715991 
432.00004734987084 0.0 44.706538276049784 0.0 25.661732572513245 0.007572857781433815 0.32531963771094163 0.006724873399562896 0.1832161651829309 606.6443943084612 18.82327808345251 53.953666254573 6.305142526796671 37.03471174371771 118.11962439804695 122.83950549339772 41.86281309060297 0.0 0.0 0.0 0.0 606.6443943084612 18.82327808345251 53.953666254573 6.305142526796671 
434.00004734987084 0.0 45.89130206666137 0.0 25.606324380486328 0.007572857781433813 0.3268921619675931 0.006724873399562896 0.18478868943958138 572.9155498267379 17.77311133227718 39.69316754781281 6.323350066797505 37.03471174371771 119.18292481697476 122.8682010308973 43.322397099137504 0.0 0.0 0.0 0.0 572.9155498267379 17.77311133227718 39.69316754781281 6.323350066797505 
436.00004734987084 0.0 46.8899284947606 0.0 25.62788160266261 0.007572857781433813 0.33025571768459916 0.006724873399562896 0.18815224515658188 547.7172404421453 17.163169074450927 35.64046187876149 6.3895929752572505 37.03471174371771 120.07481314439175 122.83498222299761 43.95745292014581 0.0 0.0 0.0 0.0 547.7172404421453 17.163169074450927 35.64046187876149 6.3895929752572505 
438.00004734987084 0.0 47.58658012458646 0.0 25.403430360758875 0.007572857781433813 0.33172086342355894 0.006724873399562896 0.18961739089554397 528.9971103467128 17.003647150644245 34.57120147703955 6.448874272471398 37.03471174371771 121.60503462925756 122.83348197020192 44.88990961502389 0.0 0.0 0.0 0.0 528.9971103467128 17.003647150644245 34.57120147703955 6.448874272471398 
440.00004734987084 0.0 48.17649314407203 0.0 25.20191518476486 0.007572857781433811 0.33317801731465474 0.006724873399562896 0.19107454478663974 514.4337844094769 17.098787804139018 34.45302907555911 6.479234633170004 37.03471174371771 122.8295574473979 122.84649909592255 45.82433519173125 0.0 0.0 0.0 0.0 514.4337844094769 17.098787804139018 34.45302907555911 6.479234633170004 
442.00004734987084 0.0 50.19419879674971 0.0 23.88217132951159 0.007572857781433813 0.3449103837871867 0.006724873399562898 0.20280691125917538 438.66313062301026 18.548988702857542 34.14585278244569 6.498753342593574 37.03471174371771 128.2165447899454 122.62801236691581 48.84337834096586 0.0 0.0 0.0 0.0 438.66313062301026 18.548988702857542 34.14585278244569 6.498753342593574 
444.00004734987084 0.0 50.58272585124309 0.0 23.040377879393102 0.007572857781433815 0.3464077757561945 0.006724873399562898 0.20430430322818155 428.38875399231574 19.079876481839158 35.18789757687562 6.511009359915863 37.03471174371771 129.0861936871271 122.65898627191488 50.31787835354092 0.0 0.0 0.0 0.0 428.38875399231574 19.079876481839158 35.18789757687562 6.511009359915863 
446.00004734987084 0.0 51.27442562944794 0.0 22.39977439057885 0.007572857781433813 0.3496892634966483 0.006724873399562898 0.20758579096864005 417.6876627445448 19.626076817210702 35.53235836628178 6.439143640105329 37.03471174371771 130.07347025737198 122.6834738563386 51.510881596819324 0.0 0.0 0.0 0.0 417.6876627445448 19.626076817210702 35.53235836628178 6.439143640105329 
448.00004734987084 0.0 51.806875260596534 0.0 21.899349345439884 0.007572857781433813 0.3511489817745882 0.006724873399562896 0.20904550924656948 406.1268627294143 20.1249110836246 35.34538811413958 6.331959851497562 37.03471174371771 131.23172830714472 122.70525752498773 52.28321883664574 0.0 0.0 0.0 0.0 406.1268627294143 20.1249110836246 35.34538811413958 6.331959851497562 
450.00004734987084 0.0 52.06519077822778 0.0 21.46203770533098 0.007572857781433813 0.35253499247415443 0.006724873399562896 0.2104315199461429 394.7451000420735 20.54814613178795 34.0797497286347 6.317615326966117 37.03471174371771 131.8852149679145 122.70168941949782 52.561610732574664 0.0 0.0 0.0 0.0 394.7451000420735 20.54814613178795 34.0797497286347 6.317615326966117 
452.00004734987084 0.0 53.42844299531112 0.0 18.57077698048688 0.007572857781433813 0.3648540156353561 0.006724873399562898 0.22275054310734693 323.8463683975661 23.40523882658332 29.88985825397884 6.600023585922261 37.03471174371771 138.19341944008605 122.36314086310267 54.995055797253805 0.0 0.0 0.0 0.0 323.8463683975661 23.40523882658332 29.88985825397884 6.600023585922261 
454.00004734987084 0.0 53.382418688898596 0.0 17.987924847645424 0.007572857781433813 0.3663239634106667 0.006791556333776147 0.14744038836149947 310.73371948335006 23.8298821447761 31.19409241363898 6.525061612008346 37.03471174371771 139.10373040825712 122.36314086310267 55.57603284723245 0.0 0.0 0.0 0.0 310.73371948335006 23.8298821447761 31.19409241363898 6.525061612008346 
456.00004734987084 0.0 53.23541623600408 0.0 17.47796176760464 0.007572857781433813 0.3693412492231425 0.006841673084519467 0.09275221616589167 297.5888489772313 24.333326390699913 32.23995218029112 6.531382192938857 37.03471174371771 139.99739958365146 122.36314086310267 56.02290184617251 0.0 0.0 0.0 0.0 297.5888489772313 24.333326390699913 32.23995218029112 6.531382192938857 
458.00004734987084 0.0 52.9984088754385 0.0 17.259182245918115 0.007572857781433813 0.37082955787510047 0.006853395538485859 0.08074305011962289 283.5399904575897 24.867036084326227 32.253682971075236 6.513790391552019 37.03471174371771 140.7340612289833 122.36314086310267 56.16883055079372 0.0 0.0 0.0 0.0 283.5399904575897 24.867036084326227 32.253682971075236 6.513790391552019 
460.00004734987084 0.0 53.00744304544798 0.0 17.084053989726943 0.007572857781433815 0.37359535757367485 0.006867015246925488 0.06782683728167282 270.00785805526135 25.31301047610755 31.78865926747027 6.473289733380809 37.03471174371771 141.1672185313823 122.36314086310267 56.1742468229829 0.0 0.0 0.0 0.0 270.00785805526135 25.31301047610755 31.78865926747027 6.473289733380809 
462.00004734987084 0.0 51.31827489923246 0.0 16.377010086955437 0.007572857781433813 0.3866551514145568 0.006908082073333308 0.03360144220550144 189.24323660386506 27.747444350551053 33.01508578720145 6.549236665631718 37.03471174371771 147.5978820884481 NaN NaN 0.0 0.0 0.0 0.0 189.24323660386506 27.747444350551053 33.01508578720145 6.549236665631718 
464.00004734987084 0.0 51.26987190597451 0.0 16.514870374431126 0.007572857781433813 0.38842809284786284 0.006908082073333308 0.03537438363881416 176.72308843322972 28.047061938937677 33.052963178315835 6.5458414420383475 37.03471174371771 148.6756191450712 NaN NaN 0.0 0.0 0.0 0.0 176.72308843322972 28.047061938937677 33.052963178315835 6.5458414420383475 
466.00004734987084 0.0 50.84696271362527 0.0 16.59270538408752 0.007572857781433813 0.39080866188403307 0.006908082073333309 0.03775495267497585 164.97740924253432 28.302350326383408 32.12504352074911 6.46567628034442 37.03471174371771 149.7017245999381 NaN NaN 0.0 0.0 0.0 0.0 164.97740924253432 28.302350326383408 32.12504352074911 6.46567628034442 
468.00004734987084 0.0 50.76697459458271 0.0 16.67513081723787 0.007572857781433813 0.39185509052254885 0.006908082073333309 0.03880138131349234 154.1347507715088 28.521870982935503 30.652693584166283 6.422978042740716 37.03471174371771 150.86808897455964 NaN NaN 0.0 0.0 0.0 0.0 154.1347507715088 28.521870982935503 30.652693584166283 6.422978042740716 
470.00004734987084 0.0 50.64301479796207 0.0 16.72722680667725 0.007572857781433813 0.3945663608415768 0.006908082073333309 0.04151265163251882 143.9434084939972 28.728896999884633 29.586116895737163 6.3878841490762674 37.03471174371771 151.73866584564328 NaN NaN 0.0 0.0 0.0 0.0 143.9434084939972 28.728896999884633 29.586116895737163 6.3878841490762674 
472.00004734987084 0.0 49.47852659088949 0.0 16.97250300879603 0.007572857781433813 0.4062313559550652 0.006908082073333306 0.05317764674601467 84.84562534604012 30.251751907908975 28.519414695299826 6.342910457871596 37.03471174371771 158.20930706837353 NaN NaN 0.0 0.0 0.0 0.0 84.84562534604012 30.251751907908975 28.519414695299826 6.342910457871596 
474.00004734987084 0.0 49.16735712916522 0.0 16.96381000022211 0.007572857781433813 0.4085151272217711 0.006908082073333308 0.055461418012716444 77.09151942265814 30.452528904033166 28.787423955703336 6.352007695775338 37.03471174371771 159.59995314338883 NaN NaN 0.0 0.0 0.0 0.0 77.09151942265814 30.452528904033166 28.787423955703336 6.352007695775338 
476.00004734987084 0.0 48.72576464028227 0.0 16.89302868346232 0.007572857781433815 0.4098670894182495 0.006908082073333309 0.056813380209193416 70.09548165866184 30.657155180206928 29.338366825687434 6.355832289774128 37.03471174371771 160.41283293277627 NaN NaN 0.0 0.0 0.0 0.0 70.09548165866184 30.657155180206928 29.338366825687434 6.355832289774128 
478.00004734987084 0.0 48.19208169742813 0.0 16.831946472132127 0.007572857781433815 0.4110685875655894 0.006908082073333308 0.0580148783565319 63.28625927992032 30.72135725286718 29.79925422136835 6.367654200155845 37.03471174371771 161.33301180449655 NaN NaN 0.0 0.0 0.0 0.0 63.28625927992032 30.72135725286718 29.79925422136835 6.367654200155845 
480.00004734987084 0.0 47.47943680477852 0.0 16.721231956726196 0.007572857781433815 0.41374871399736757 0.006908082073333308 0.06069500478831355 57.37558978428175 30.749497024289067 30.386142596924707 6.324443055314358 37.03471174371771 161.84626678150477 NaN NaN 0.0 0.0 0.0 0.0 57.37558978428175 30.749497024289067 30.386142596924707 6.324443055314358 
482.00004734987084 0.0 43.56578397266608 0.0 16.09723811678252 0.007572857781433811 0.42545989215954133 0.006908082073333308 0.07240618295048316 24.937632928475875 30.93984578998835 32.44254328693465 6.185319947958289 37.03471174371771 168.05590427857814 NaN NaN 0.0 0.0 0.0 0.0 24.937632928475875 30.93984578998835 32.44254328693465 6.185319947958289 
484.00004734987084 0.0 42.69362883613031 0.0 16.09925949091688 0.007572857781433811 0.4270661449357463 0.006908082073333308 0.07401243572669786 21.478211557959337 31.014644227230328 33.259762917041414 6.277017415442059 37.03471174371771 168.90926416020568 NaN NaN 0.0 0.0 0.0 0.0 21.478211557959337 31.014644227230328 33.259762917041414 6.277017415442059 
486.00004734987084 0.0 41.88617026782711 0.0 15.969173242860986 0.007572857781433813 0.42960514234304814 0.006984279773561266 0.06618407591603859 18.59700989432183 31.0374522944828 33.9383298300749 6.348371582715297 37.03471174371771 169.85044298285933 NaN NaN 0.0 0.0 0.0 0.0 18.59700989432183 31.0374522944828 33.9383298300749 6.348371582715297 
488.00004734987084 0.0 41.416256305867854 0.0 15.8702098417105 0.007572857781433813 0.43042088954676916 0.007036400301243628 0.05990837380757896 16.363351847303395 30.997604401065058 32.9860747608102 6.375037182073305 37.03471174371771 170.37260906815112 NaN NaN 0.0 0.0 0.0 0.0 16.363351847303395 30.997604401065058 32.9860747608102 6.375037182073305 
490.00004734987084 0.0 41.101721369949374 0.0 15.807305421027712 0.007572857781433813 0.43335592645936044 0.007145201390809221 0.04804007993908448 14.823690468085507 30.937437709231546 32.42745029294953 6.38585373565026 37.03471174371771 170.5968080087134 NaN NaN 0.0 0.0 0.0 0.0 14.823690468085507 30.937437709231546 32.42745029294953 6.38585373565026 
492.00004734987084 0.0 39.120618052501214 0.0 15.946271258986178 0.007572857781433813 0.44587942840483646 0.007421846666636551 0.02292359552559469 9.07196268132566 30.521429849847046 30.499691009579713 6.332527034675366 37.03471174371771 177.99904648837287 NaN NaN 0.0 0.0 0.0 0.0 9.07196268132566 30.521429849847046 30.499691009579713 6.332527034675366 
494.00004734987084 0.0 38.75173107619415 0.0 15.735925935519617 0.007572857781433815 0.44767623031030923 0.007421846666636551 0.024720397431059752 9.030891423257586 30.582726253598764 31.536672210244333 6.354171958476852 37.03471174371771 177.99904648837287 NaN NaN 0.0 0.0 0.0 0.0 9.030891423257586 30.582726253598764 31.536672210244333 6.354171958476852 
496.00004734987084 0.0 38.39405418728866 0.0 15.738822323918987 0.007572857781433815 0.44925908365432615 0.007421846666636551 0.026303250775084955 9.017098927001019 30.673109705479543 32.10327189525796 6.398961341197553 37.03471174371771 177.99904648837287 NaN NaN 0.0 0.0 0.0 0.0 9.017098927001019 30.673109705479543 32.10327189525796 6.398961341197553 
498.00004734987084 0.0 37.558962988324794 0.0 15.726969439162986 0.007572857781433811 0.4519844049388732 0.007421846666636551 0.029028572059623364 9.014388570131857 30.797027404348267 32.23373938348635 6.41167242989711 37.03471174371771 177.99904648837287 NaN NaN 0.0 0.0 0.0 0.0 9.014388570131857 30.797027404348267 32.23373938348635 6.41167242989711 
500.00004734987084 0.0 36.57989071839171 0.0 15.790932357907186 0.007572857781433811 0.45355823984482707 0.007421846666636551 0.030602406965580364 9.07220693366238 30.874319513179984 32.04494781505337 6.38831009034179 37.03471174371771 177.99904648837287 NaN NaN 0.0 0.0 0.0 0.0 9.07220693366238 30.874319513179984 32.04494781505337 6.38831009034179 
#####################################################################
# End of data export. Simulation finished at: 2019-02-19T15:38+0000 #
#####################################################################
