#####################################################################
# Alchemist log file - simulation started at: 2019-09-22T12:01+0000 #
#####################################################################
# seed = 187.0, stage_width = 200
#
# The columns have the following meaning: 
# time rep-bcast[Sum] rep-ccast[Sum] share-bcast[Sum] share-ccast[Sum] rep-bcast-single[Sum] rep-ccast-single[Sum] share-bcast-single[Sum] share-ccast-single[Sum] 
0.0 NaN NaN NaN NaN NaN NaN NaN NaN 
1.0001328569180004 NaN NaN 0.44448386892088965 NaN NaN NaN 0.44448386892088965 NaN 
2.0001328569180004 NaN NaN 1.0492054038618064 0.5239468171595654 NaN NaN 1.0492054038618064 0.5239468171595654 
3.0001328569180012 NaN NaN 1.083096099044964 1.2686749242414816 NaN NaN 1.083096099044964 1.2686749242414816 
4.000132856918002 3.4726219054286274 2.8940890717435845 1.1547415773253396 2.8940890717435845 3.4726219054286274 2.8940890717435845 1.1547415773253396 NaN 
5.000132856918003 3.662741180383555 3.6836333137453607 0.5030546837977594 0.6554952772376228 3.662741180383555 3.6836333137453607 0.5030546837977594 0.6554952772376228 
6.000132856918004 3.1367043100971275 4.241796352849669 1.3264674555341651 0.6598298902474662 3.1367043100971275 4.846517887790586 1.3264674555341651 0.6598298902474662 
7.000132856918005 3.1306614096701875 5.258782498908387 0.16124644756446838 0.8534032645697778 3.1306614096701875 5.863504033849304 0.16124644756446838 0.8534032645697778 
8.000132856918006 3.302956283153156 3.196005566550781 1.1230855630492131 2.091015202017039 3.302956283153156 3.196005566550781 1.1230855630492131 2.914427973753445 
9.000132856918002 4.4098697882780495 3.758199867582392 0.9923871307268453 0.505340256445777 4.4098697882780495 3.758199867582392 0.9923871307268453 0.505340256445777 
10.000132856917999 4.13187691168249 2.2169082808934117 1.0335069343475638 1.1099947757685182 4.13187691168249 2.2169082808934117 1.0335069343475638 1.1099947757685182 
11.000132856917995 3.9924773029494505 2.805944696319621 0.6524834590068256 2.1519892029759458 3.9924773029494505 2.805944696319621 0.6524834590068256 0.38951096820060194 
12.000132856917991 4.729710993065953 3.0673280018867946 0.3477227219159005 NaN 4.729710993065953 3.0673280018867946 0.3477227219159005 1.3048497671114507 
13.000132856917988 3.333583665434217 4.189231619628602 0.80124560843886 NaN 3.333583665434217 4.189231619628602 0.80124560843886 2.4267533848532583 
14.0001094510097 3.83786148104992 4.189231619628602 1.305523424054563 NaN 3.83786148104992 4.189231619628602 1.305523424054563 2.4267533848532583 
15.00013285691798 5.074750526760148 3.627935135035777 1.4205088520229836 1.0175619438697634 5.074750526760148 3.627935135035777 1.4205088520229836 1.0175619438697634 
16.000130066239766 4.707322961468845 2.539391826205584 0.45134672791355257 2.035114010589881 4.707322961468845 2.539391826205584 0.45134672791355257 2.035114010589881 
17.000132856917975 5.1031543008471285 4.178533579889759 0.8397347762584921 0.5630781370118356 5.1031543008471285 4.178533579889759 0.8397347762584921 0.5630781370118356 
18.000132856917972 3.335414182907627 5.085625334609638 0.6787203625033342 0.22837139221654468 3.335414182907627 5.085625334609638 0.6787203625033342 0.22837139221654468 
19.00011187998915 3.275780959744324 6.351306416187665 0.7295474513402702 0.5361336302377566 3.275780959744324 6.351306416187665 0.7295474513402702 0.5361336302377566 
20.000132856917965 3.871954424017062 6.351306416187665 0.9828219239791736 0.5361336302377566 3.871954424017062 6.351306416187665 0.9828219239791736 0.5361336302377566 
21.00013285691796 4.0446009304119634 4.05354165462391 0.5541374127998893 1.853824311551925 4.0446009304119634 4.05354165462391 0.5541374127998893 0.3348687573349949 
22.000132856917958 4.124197302731542 4.5159848356225325 1.5408255398393464 3.002720742080893 4.124197302731542 4.5159848356225325 1.5408255398393464 3.002720742080893 
23.000132856917954 3.800613750315442 4.406333675682248 1.3340266384723058 1.0116838242909765 3.800613750315442 4.406333675682248 1.3340266384723058 NaN 
24.000113049015308 4.739942048307874 5.249669407923712 0.8697420028633829 0.912922027370513 4.739942048307874 5.249669407923712 0.8697420028633829 NaN 
25.000083352603376 4.550498999176053 5.6568317046125 0.7474916061154779 1.3200843240593017 4.550498999176053 4.969412204215818 0.7474916061154779 NaN 
26.000132856917944 4.264951918510597 4.637320954645176 1.6108409559789898 2.708535298443792 4.264951918510597 4.637320954645176 1.6108409559789898 NaN 
27.00013285691794 2.6257137128084445 3.8212517916050075 0.8301004417351656 0.890326511566716 2.6257137128084445 3.8212517916050075 0.8301004417351656 0.890326511566716 
28.000132856917936 3.1982902789399468 3.447376283380745 0.6971228113942409 2.0362666233090323 3.1982902789399468 3.447376283380745 0.6971228113942409 0.4488173003480753 
29.000132856917933 3.4781135517368362 3.0393170721406157 1.2194569468333043 0.5994789084523653 3.4781135517368362 3.0393170721406157 1.2194569468333043 0.5994789084523653 
30.00013285691793 4.409275406418374 3.7118487536348717 0.4750366711890024 1.2720105899466212 4.409275406418374 3.7118487536348717 0.4750366711890024 1.2720105899466212 
31.000132856917926 4.409275406418374 5.092339377121647 0.4750366711890024 0.9054539522977727 4.409275406418374 5.092339377121647 0.4750366711890024 0.9054539522977727 
32.00013285691792 4.242500096880974 4.7158709036951265 1.1864273430683596 2.1164348018322094 4.242500096880974 4.7158709036951265 1.1864273430683596 2.1164348018322094 
33.000132856917936 3.812903915743707 4.7158709036951265 0.5489007612282393 2.1164348018322094 3.812903915743707 4.7158709036951265 0.5489007612282393 2.1164348018322094 
34.00013285691795 4.193868535065764 5.08760001109281 0.37827911391957514 3.3405527499571868 4.193868535065764 5.08760001109281 0.37827911391957514 3.3405527499571868 
35.000132856917965 4.067835722810877 5.453374358808546 1.6327369251514625 4.522212504127008 4.067835722810877 5.453374358808546 1.6327369251514625 1.8568769410665595 
36.00013285691798 3.4956103150599844 5.188051640691395 0.4239934762007991 0.8752626051176833 3.4956103150599844 5.188051640691395 0.4239934762007991 0.8752626051176833 
37.00013285691799 3.4584475056092927 4.467199652223371 0.23991930797697592 NaN 3.4584475056092927 4.467199652223371 0.23991930797697592 1.5857912724808543 
38.00013285691801 3.093394481785751 3.2093753011026322 1.0565260383232555 NaN 3.093394481785751 3.2093753011026322 1.0565260383232555 2.5488746615676945 
39.00013285691802 3.5184174223730125 3.913198634008964 1.1843047263880635 1.2708813232048541 3.5184174223730125 3.913198634008964 1.1843047263880635 NaN 
40.000132856918036 4.220363725778412 4.8674730889527 0.5219270573521939 0.43234739759154195 4.220363725778412 4.8674730889527 0.5219270573521939 0.43234739759154195 
41.00013285691805 4.488074608698447 3.47041247556254 1.2063927922266018 3.47041247556254 4.488074608698447 3.47041247556254 1.2063927922266018 NaN 
42.000132856918064 5.388191760606631 3.47041247556254 0.8612532467208354 3.47041247556254 5.388191760606631 3.47041247556254 0.8612532467208354 NaN 
43.00013285691808 3.8231012568906664 3.735205133348181 1.6235701045329805 4.826067210499829 3.8231012568906664 3.735205133348181 1.6235701045329805 0.4944014882164538 
44.00013285691809 4.532468760081251 4.806549805090569 0.9772828727862759 0.8034293021466965 4.532468760081251 4.806549805090569 0.9772828727862759 0.8034293021466965 
45.00013285691811 4.072736031541595 3.8536126112913465 0.6971232134443 1.04267521037373 4.072736031541595 3.8536126112913465 0.6971232134443 1.7520427135643146 
46.00013285691812 3.4787398648285333 3.0756907052836056 0.4208693690801084 2.7899551261527336 3.4787398648285333 3.0756907052836056 0.4208693690801084 1.1431923044491654 
47.000132856918135 3.18240842086211 3.4957429282142343 0.4900947947945724 NaN 3.18240842086211 3.4957429282142343 0.4900947947945724 0.2849184329813923 
48.00013285691815 4.071946124807887 4.676115872576041 0.1992595543785427 0.6902781495672343 4.071946124807887 4.676115872576041 0.1992595543785427 0.6902781495672343 
49.000132856918164 4.606652769357716 3.436478975723574 0.4730505801898417 1.010269475777605 4.606652769357716 3.436478975723574 0.4730505801898417 1.010269475777605 
50.00013285691818 3.6817205588497757 3.509443354911788 0.4571956369193799 1.0473833344617987 3.6817205588497757 3.509443354911788 0.4571956369193799 1.0473833344617987 
51.00007440228649 4.338257199154931 4.205174133891731 1.1137322772245355 NaN 4.338257199154931 4.205174133891731 1.1137322772245355 NaN 
52.000132856918206 4.637592145328085 4.056368217063749 0.3819643738857934 NaN 4.637592145328085 4.056368217063749 0.3819643738857934 NaN 
53.00013285691822 3.5217342515993053 4.080126014589744 1.3102584577256025 NaN 3.5217342515993053 4.080126014589744 1.3102584577256025 NaN 
54.000132856918235 4.443470709142034 4.4491344352626925 0.35590864110194076 NaN 4.443470709142034 4.4491344352626925 0.35590864110194076 NaN 
55.000104396320026 4.443470709142034 4.457924660163755 0.35590864110194076 1.128186228246257 4.443470709142034 4.457924660163755 0.35590864110194076 1.128186228246257 
56.00013285691826 3.6526789409857017 3.3478655758170675 1.7765926668193117 0.5985597801159699 3.6526789409857017 3.3478655758170675 1.7765926668193117 0.5985597801159699 
57.00013285691828 4.355719354144661 4.2434486389522235 0.9257475192972322 0.5709927549178957 4.355719354144661 6.244565300885995 0.9257475192972322 0.5709927549178957 
58.00013285691829 4.15729151452269 3.9325082537588685 0.8865560044522525 2.5118242280414975 4.15729151452269 3.9325082537588685 0.8865560044522525 NaN 
59.000132856918306 4.7123412243022145 2.5225152336928858 0.42392432944140523 0.5099167645432132 4.7123412243022145 2.5225152336928858 0.42392432944140523 0.5099167645432132 
60.00013285691832 3.4225483831570784 3.3538595439167196 0.5754428412469323 0.25590146897690147 3.4225483831570784 3.3538595439167196 0.5754428412469323 0.25590146897690147 
61.000029203194295 4.299632614105683 4.645696019689154 0.224929349334424 0.580288865268777 4.299632614105683 4.645696019689154 0.224929349334424 0.580288865268777 
62.000078479799065 2.5625003817779444 4.424277344273548 1.2706639060055096 NaN 2.5625003817779444 5.8818261036436965 1.2706639060055096 1.8164189492233191 
63.0000558003654 3.290585238393966 5.118084289389785 0.7626186786669891 NaN 3.290585238393966 5.118084289389785 0.7626186786669891 2.5102258943395555 
64.00013285691837 3.290585238393966 6.261858016802947 0.7626186786669891 1.0749619938624093 3.290585238393966 7.719406776173095 0.7626186786669891 1.0749619938624093 
65.00013285691838 2.9499776556668493 2.775348738461986 1.112396983137451 NaN 2.9499776556668493 2.775348738461986 1.112396983137451 NaN 
66.0001328569184 3.5548029957216656 3.3261426355638264 0.7449204352087122 0.4106988019479445 3.5548029957216656 3.3261426355638264 0.7449204352087122 0.4106988019479445 
67.00004513612654 4.043032479191076 4.680830778965586 1.3761629666925188 0.5416532466472432 4.043032479191076 4.680830778965586 1.3761629666925188 0.5416532466472432 
68.00013285691843 2.6739486628105595 3.1104657197745667 0.7684666223069598 1.3236039511341033 2.6739486628105595 3.1104657197745667 0.7684666223069598 1.3236039511341033 
69.00013285691844 3.6271007232660395 3.879679011988344 0.9273338054394173 2.6559453132858835 3.6271007232660395 3.879679011988344 0.9273338054394173 2.0928172433478807 
70.00009127231225 4.6880706498741915 3.638588653483822 0.23644709963585342 0.8245228269722986 4.6880706498741915 3.638588653483822 0.23644709963585342 0.8245228269722986 
71.00013285691847 5.285063159767091 3.638588653483822 0.8334396095287531 0.8245228269722986 5.285063159767091 3.638588653483822 0.8334396095287531 0.8245228269722986 
72.00013285691848 2.8800756643863394 2.926269836559058 0.48709304336392734 1.17389218118862 2.8800756643863394 2.926269836559058 0.48709304336392734 1.17389218118862 
73.0001328569185 3.730664924695205 2.637977381600578 1.3376823036727927 NaN 3.730664924695205 2.637977381600578 1.3376823036727927 0.9769921570480307 
74.00013285691851 3.8884475706695127 3.3254157363143833 0.32658473471927607 NaN 3.8884475706695127 3.3254157363143833 0.32658473471927607 1.6644305117618359 
75.00013285691853 4.58656181515795 4.104966484963342 1.024698979207713 1.049958523822582 4.58656181515795 4.104966484963342 1.024698979207713 1.049958523822582 
76.00013285691854 2.9068062077624433 2.7529106097849763 0.4087248530734513 0.8967087847797899 2.9068062077624433 2.7529106097849763 0.4087248530734513 0.8967087847797899 
77.00013285691855 3.8344070653380413 2.7529106097849763 0.46499181422913693 0.8967087847797899 3.8344070653380413 2.7529106097849763 0.46499181422913693 0.8967087847797899 
78.00013285691857 4.399256435527164 3.232150895521201 0.3313471962891299 1.361879111595428 4.399256435527164 3.232150895521201 0.3313471962891299 1.361879111595428 
79.00013285691858 3.9172059248128193 4.099768634870088 1.2258399441166432 4.099768634870088 3.9172059248128193 4.099768634870088 1.2258399441166432 NaN 
80.0001328569186 4.599698128492577 4.919687763606092 0.8517737729566335 0.6506375594591276 4.599698128492577 4.919687763606092 0.8517737729566335 NaN 
81.00004456687606 NaN NaN 0.25264091140853395 NaN NaN NaN 0.25264091140853395 NaN 
82.00013285691863 NaN NaN 1.0187188492025427 NaN NaN NaN 1.0187188492025427 NaN 
83.00013285691864 NaN NaN 1.3068039616177174 0.47754632487054494 NaN 2.371923856765477 1.3068039616177174 0.47754632487054494 
84.00004218102028 3.100753023991956 NaN 0.4761882558179451 1.319081551085148 3.100753023991956 3.21345908298008 0.4761882558179451 NaN 
85.00010722828297 3.880042151352413 NaN 1.2541566386495475 1.3867586308048487 3.880042151352413 4.234870743388271 1.2541566386495475 NaN 
86.00013285691868 3.4684607597625075 NaN 0.176274674633504 0.5604971172427469 3.4684607597625075 4.262034901078366 0.176274674633504 0.5604971172427469 
87.0001328569187 3.4684607597625075 NaN 0.176274674633504 1.4173358164345018 3.4684607597625075 4.727345798045448 0.176274674633504 1.4173358164345018 
88.00007071286379 3.156956174749638 NaN 0.7701035881975287 1.8285088992834346 3.156956174749638 5.138518880894381 0.7701035881975287 1.8285088992834346 
89.00013285691873 3.156956174749638 NaN 0.7701035881975287 2.6683116411559666 3.156956174749638 3.4050834330322175 0.7701035881975287 NaN 
90.00013285691874 4.002969047339789 NaN 1.1583827315503186 NaN 4.002969047339789 4.332601063317213 1.1583827315503186 NaN 
91.00013285691875 3.0489956970191514 NaN 0.3207110343348063 NaN 3.0489956970191514 5.775825818256962 0.3207110343348063 NaN 
92.00012736100324 4.328262977602932 NaN 1.117717850505656 NaN 4.328262977602932 6.53866003726219 1.117717850505656 NaN 
93.00013285691878 2.8094141221328357 3.521252770584212 0.7173886802906821 1.1911752664041302 2.8094141221328357 3.521252770584212 0.7173886802906821 1.1911752664041302 
94.0001328569188 2.8094141221328357 3.9747721027387826 0.7173886802906821 0.43525879134445233 2.8094141221328357 3.9747721027387826 0.7173886802906821 0.43525879134445233 
95.00013285691881 3.741899320680332 5.201857910722012 0.2653321752098492 1.6623445993276817 3.741899320680332 5.201857910722012 0.2653321752098492 1.6623445993276817 
96.00002585785076 3.1640847072573735 4.028488901569631 0.7843514276390096 1.4043074313949546 3.1640847072573735 4.028488901569631 0.7843514276390096 1.4043074313949546 
97.00013285691884 3.545567754006285 4.513075648015516 0.7082541188407845 4.513075648015516 3.545567754006285 4.513075648015516 0.7082541188407845 4.513075648015516 
98.00013285691885 3.4150588122520276 3.5836807734090996 0.4094318645035031 NaN 3.4150588122520276 3.5836807734090996 0.4094318645035031 NaN 
99.00013285691887 3.2442211018211253 4.265045139208311 0.38348339400776865 NaN 3.2442211018211253 4.265045139208311 0.38348339400776865 NaN 
100.000082799597 3.2442211018211253 4.907448848886219 0.38348339400776865 NaN 3.2442211018211253 4.907448848886219 0.38348339400776865 NaN 
101.0001328569189 2.4526751649484027 6.50981272476993 0.8356175705814053 NaN 2.4526751649484027 6.50981272476993 0.8356175705814053 NaN 
102.00013285691891 2.4526751649484027 7.448127416562187 0.8356175705814053 NaN 2.4526751649484027 7.448127416562187 0.8356175705814053 NaN 
103.00013285691892 3.66306460446026 8.724749633778657 1.0129705476668676 0.796639890110086 3.66306460446026 8.724749633778657 1.0129705476668676 NaN 
104.00013285691894 4.059003598839709 9.467838271215513 1.5183250311637408 1.5397285275469415 4.059003598839709 9.467838271215513 1.5183250311637408 NaN 
105.00013285691895 3.4057587855514697 NaN 0.4477332391058866 2.3087852571430574 3.4057587855514697 NaN 0.4477332391058866 NaN 
106.00013285691897 4.115349327819857 5.5444749925461 0.7935935230099318 3.7440302662090943 4.115349327819857 5.5444749925461 0.7935935230099318 NaN 
107.00013285691898 3.3420404235918824 4.7272248765579405 0.394650047492874 0.5885445628559722 3.3420404235918824 4.7272248765579405 0.394650047492874 0.5885445628559722 
108.000132856919 3.732976054357607 5.286856908697644 0.5454797053466081 1.1481765949956753 3.732976054357607 5.286856908697644 0.5454797053466081 1.1481765949956753 
109.00008065363672 3.7352590150485696 4.442850645310202 0.7571873634939834 0.38626813977140273 3.7352590150485696 4.442850645310202 0.7571873634939834 0.38626813977140273 
110.00009157877828 3.4126561174678187 1.9181890205122585 0.7263739717138833 1.14684933022518 3.4126561174678187 1.9181890205122585 0.7263739717138833 1.14684933022518 
111.00013285691904 2.4977286676317334 2.823596179084319 0.468216415514803 0.9396143773119547 2.4977286676317334 2.823596179084319 0.468216415514803 0.9396143773119547 
112.00013285691905 2.5587050885935696 3.6721915579676363 0.9408958566283872 1.1517186536555926 2.5587050885935696 3.6721915579676363 0.9408958566283872 1.1517186536555926 
113.00013285691907 3.60400901950419 3.5090730661262626 1.0786667917617336 0.9161607587927989 3.60400901950419 3.5090730661262626 1.0786667917617336 0.9161607587927989 
114.00013285691908 3.60400901950419 4.385703660403109 1.0786667917617336 1.7927913530696458 3.60400901950419 4.385703660403109 1.0786667917617336 0.7474874221590255 
115.00002555009961 3.4462355364969426 5.145360922078098 0.7125483267989097 2.552448614744634 3.4462355364969426 5.145360922078098 0.7125483267989097 1.5071446838340137 
116.00013285691911 4.3346831397177255 3.9729158957900523 0.8413386683447044 0.579128612700714 4.3346831397177255 3.9729158957900523 0.8413386683447044 0.579128612700714 
117.00007386519307 4.365094454777918 3.9729158957900523 0.35881569813675185 0.579128612700714 4.365094454777918 3.9729158957900523 0.35881569813675185 0.579128612700714 
118.00013285691914 3.5696763861194114 5.111070691069486 1.3895518433990048 0.7793390971426817 3.5696763861194114 5.111070691069486 1.3895518433990048 1.7172834079801476 
119.00013285691915 3.9388935574058763 4.317243106081534 0.39724787782354554 0.33124061379957936 3.9388935574058763 4.317243106081534 0.39724787782354554 0.33124061379957936 
120.00013285691917 2.708033310216777 3.6612449375413547 0.9965212153361733 3.6612449375413547 2.708033310216777 3.6612449375413547 0.9965212153361733 NaN 
121.00013285691918 3.7784922127722353 3.349629582059336 0.8965863723735623 0.8929933199621303 3.7784922127722353 3.349629582059336 0.8965863723735623 0.8929933199621303 
122.0001328569192 4.130725057151068 4.456256638387686 0.5296984269721605 0.576928629356189 4.130725057151068 4.456256638387686 0.5296984269721605 0.576928629356189 
123.00013285691921 3.3779770428093343 3.6002452582600455 0.9031336208105643 0.849791682190002 3.3779770428093343 3.6002452582600455 0.9031336208105643 0.849791682190002 
124.00013285691922 2.17114519127378 3.033318970484828 0.45858621291614554 1.605460383775693 2.17114519127378 3.033318970484828 0.45858621291614554 1.605460383775693 
125.00013285691924 2.17114519127378 3.4013726039297723 0.45858621291614554 0.52370547288956 2.17114519127378 3.4013726039297723 0.45858621291614554 0.52370547288956 
126.00013285691925 2.6904105310675845 3.175241914972432 0.5063909475100843 1.7254333706413547 2.6904105310675845 3.175241914972432 0.5063909475100843 1.7254333706413547 
127.00013285691927 2.6904105310675845 3.8839723352245983 0.5063909475100843 0.8796390334123458 2.6904105310675845 3.8839723352245983 0.5063909475100843 3.111463351563785 
128.00002552554713 3.3353632045591155 4.538338424078731 1.068984292441769 1.5340051222664783 3.3353632045591155 4.538338424078731 1.068984292441769 NaN 
129.0001328569192 4.003682628226741 3.617671673169184 0.761558660698384 1.5566974275428436 4.003682628226741 3.617671673169184 0.761558660698384 1.5566974275428436 
130.00013285691915 2.6050900998828865 4.638692383679711 0.6688409799000965 1.5413450809408005 2.6050900998828865 4.638692383679711 0.6688409799000965 1.5413450809408005 
131.00009260183015 3.93662301214934 5.377289070671679 0.2407564946640548 1.0907764176023989 3.93662301214934 5.377289070671679 0.2407564946640548 1.0907764176023989 
132.00013285691904 3.93662301214934 3.737726576217767 0.2407564946640548 1.2170283136209434 3.93662301214934 3.737726576217767 0.2407564946640548 1.2170283136209434 
133.00013285691898 2.7487895130225013 4.122982354343435 0.8428668560771087 0.1698399924757723 2.7487895130225013 4.122982354343435 0.8428668560771087 0.1698399924757723 
134.00013285691892 2.9892464683162245 4.813050958801881 0.4561372774471124 0.8599085969342184 2.9892464683162245 4.813050958801881 0.4561372774471124 0.8599085969342184 
135.00013285691887 3.4506164248518303 3.887830915993362 0.7513243122300821 1.8564252565446395 3.4506164248518303 3.887830915993362 0.7513243122300821 1.8564252565446395 
136.0001328569188 3.8890063629387726 4.649838267837936 1.1897142503170244 0.6096445997923752 3.8890063629387726 4.649838267837936 1.1897142503170244 0.6096445997923752 
137.00013285691875 4.073270535680706 4.611300458962347 0.21075265466450332 1.5651609521006833 4.073270535680706 4.611300458962347 0.21075265466450332 2.0035508901876256 
138.0001328569187 4.366328496784149 3.787874576700972 0.6149366347560203 0.8608099229258244 4.366328496784149 3.787874576700972 0.6149366347560203 0.8608099229258244 
139.00013285691864 3.071622606612067 3.8610660622779847 1.185096324096861 2.225705102896228 3.071622606612067 3.8610660622779847 1.185096324096861 2.225705102896228 
140.00013285691858 3.9498485488662425 3.942764341534712 0.698427086380633 0.6998870732172122 3.9498485488662425 3.942764341534712 0.698427086380633 0.6998870732172122 
141.00013285691853 4.1333619440911775 5.635088328142473 0.6858051436339849 0.8751922887099681 4.1333619440911775 4.4381173068476585 0.6858051436339849 0.8751922887099681 
142.00013285691847 4.1333619440911775 2.975109429420769 0.6858051436339849 1.458090658305764 4.1333619440911775 2.975109429420769 0.6858051436339849 1.458090658305764 
143.0001328569184 5.105744852984486 2.847045085489441 0.33057998093877927 2.847045085489441 5.105744852984486 2.847045085489441 0.33057998093877927 2.847045085489441 
144.00013285691836 4.611044661027535 3.976627938557783 1.2007749689522313 0.7028031927717109 4.611044661027535 3.976627938557783 1.2007749689522313 0.7028031927717109 
145.0001328569183 3.9080293637906607 4.96999526041327 0.8065937139428456 1.6961705146271981 3.9080293637906607 4.96999526041327 0.8065937139428456 1.6961705146271981 
146.00013285691824 3.9080293637906607 5.714872926101833 0.8065937139428456 4.776246069342477 3.9080293637906607 5.714872926101833 0.8065937139428456 0.9316512736012044 
147.00013285691819 3.4186820062871845 5.5098835919414455 0.47342712259836617 0.12961995234545043 3.4186820062871845 6.448510448700802 0.47342712259836617 0.12961995234545043 
148.00013285691813 4.107552058921499 4.703167287686057 0.592648707574881 1.658101537116778 4.107552058921499 4.703167287686057 0.592648707574881 1.658101537116778 
149.00013285691807 3.4056249103943514 5.5314564633862915 0.39862813733549274 2.4863907128170126 3.4056249103943514 5.5314564633862915 0.39862813733549274 2.4863907128170126 
150.00013285691801 4.56286200446857 4.52400950984142 0.727576055709477 2.988340665986698 4.56286200446857 4.52400950984142 0.727576055709477 2.988340665986698 
151.00013285691796 2.8976570992757615 3.7817079395815085 0.607125633353462 NaN 2.8976570992757615 3.7817079395815085 0.607125633353462 1.1707882459988355 
152.0001328569179 3.982003661125674 4.227994661326164 1.2553501837171268 1.1778236905621213 3.982003661125674 4.227994661326164 1.2553501837171268 1.1778236905621213 
153.00013285691784 2.5449293380129347 5.073997755753339 0.22450984916730476 2.0238267849892964 2.5449293380129347 5.073997755753339 0.22450984916730476 2.0238267849892964 
154.0001328569178 3.442652106348987 5.829072386846121 0.8116996880062288 0.8410977114226057 3.442652106348987 5.829072386846121 0.8116996880062288 2.7789014160820784 
155.00013285691773 4.495808651944628 6.818615479711525 0.36224531577067864 1.8306408042880093 4.495808651944628 6.818615479711525 0.36224531577067864 3.768444508947482 
156.00013285691767 3.3776047870958052 5.904642580071652 0.31437739233200546 0.8878382316648015 3.3776047870958052 5.904642580071652 0.31437739233200546 0.8878382316648015 
157.00013285691762 3.3776047870958052 4.553277149655742 0.31437739233200546 0.7603956069680464 3.3776047870958052 4.553277149655742 0.31437739233200546 1.9626112309648533 
158.00013285691756 3.5746075028784503 4.884458263765026 1.576987668704561 1.7313633258365257 3.5746075028784503 4.884458263765026 1.576987668704561 2.9335789498333327 
159.0001328569175 3.5364945347272965 5.476447394758935 0.8987646855648563 1.0607421804578792 3.5364945347272965 5.476447394758935 0.8987646855648563 3.5255680808272416 
160.00013285691745 3.5364945347272965 5.069324388985706 0.8987646855648563 0.6449916225936079 3.5364945347272965 5.069324388985706 0.8987646855648563 0.6449916225936079 
161.0001328569174 4.704568171316055 6.260521985562946 0.5230820139951504 0.6681155825820895 4.704568171316055 6.260521985562946 0.5230820139951504 1.8361892191708478 
162.00013285691733 3.330570924959403 6.613012682007053 0.24312632377959176 1.0206062790261967 3.330570924959403 6.613012682007053 0.24312632377959176 NaN 
163.00013285691728 3.310348386691828 4.026490317714149 0.30302279767454365 0.660502466336311 3.310348386691828 4.026490317714149 0.30302279767454365 0.660502466336311 
164.00013285691722 2.837640012400527 4.431673777050719 0.24215545452065612 1.999867537656172 2.837640012400527 4.431673777050719 0.24215545452065612 1.999867537656172 
165.00006417418712 3.744800734297712 4.6179940361678575 0.707203099788785 1.1122384411852408 3.744800734297712 4.6179940361678575 0.707203099788785 1.1122384411852408 
166.0001328569171 3.577865439214179 4.333064464034436 0.24818734916638618 2.091041471857608 3.577865439214179 4.333064464034436 0.24818734916638618 2.091041471857608 
167.00013285691705 2.906054003081806 3.18266222221024 0.5728570767035421 0.5187636736490902 2.906054003081806 3.18266222221024 0.5728570767035421 0.5187636736490902 
168.00011206359665 2.397972943115775 3.015607893963022 0.3275491620907758 NaN 2.397972943115775 3.015607893963022 0.3275491620907758 NaN 
169.00013285691693 2.6515903908230882 3.0165350310608403 0.4673725503763819 0.270248081753806 2.6515903908230882 3.0165350310608403 0.4673725503763819 0.270248081753806 
170.00013285691688 3.2839549440774363 3.449761395063831 0.7973454841382193 0.3034345150522597 3.2839549440774363 3.449761395063831 0.7973454841382193 0.3034345150522597 
171.00013285691682 2.94462608562921 3.810696546831309 0.43444135834067765 1.5106825025596038 2.94462608562921 3.810696546831309 0.43444135834067765 1.5106825025596038 
172.00013285691676 3.0976756373459864 4.215672523720116 0.38467167375935674 1.9156584794484104 3.0976756373459864 4.215672523720116 0.38467167375935674 1.9156584794484104 
173.0001328569167 3.0976756373459864 3.9797497064719494 0.38467167375935674 0.611825987372157 3.0976756373459864 3.9797497064719494 0.38467167375935674 0.611825987372157 
174.00013285691665 3.4056816205257974 5.1203051860433675 0.3281886113945802 1.752381466943575 3.4056816205257974 5.1203051860433675 0.3281886113945802 1.752381466943575 
175.0001328569166 3.2770297141113645 3.3378697904913963 0.4451584337075758 2.447199606644432 3.2770297141113645 3.3378697904913963 0.4451584337075758 2.447199606644432 
176.00013285691654 4.253678842218136 4.184013785397866 0.5756635669078776 0.40098556119889395 4.253678842218136 4.184013785397866 0.5756635669078776 0.40098556119889395 
177.00013285691648 3.0223450767104794 3.8455424894588077 0.33243883147414977 0.44696949143539655 3.0223450767104794 3.8455424894588077 0.33243883147414977 0.44696949143539655 
178.00013285691642 3.4454262545666836 3.1798232734437306 0.6709298261216645 1.2974547701416839 3.4454262545666836 3.1798232734437306 0.6709298261216645 1.2974547701416839 
179.00013285691637 2.7857781161571324 3.8093512099586633 1.1558845145412988 0.8090833890995555 2.7857781161571324 3.8093512099586633 1.1558845145412988 0.8090833890995555 
180.0001328569163 2.7857781161571324 4.57279782490906 1.1558845145412988 1.572530004049952 2.7857781161571324 4.57279782490906 1.1558845145412988 1.572530004049952 
181.00013285691625 2.3882161216349687 3.5282694443177434 0.9952415701696395 2.4103701267606823 2.3882161216349687 3.5282694443177434 0.9952415701696395 2.4103701267606823 
182.0001328569162 3.1847784338147562 4.99539555788607 0.9539637596386967 0.5131623539296299 3.1847784338147562 4.99539555788607 0.9539637596386967 0.5131623539296299 
183.00013285691614 2.976017138281321 2.717103333627364 0.6710509020022641 0.7363277655156821 2.976017138281321 2.717103333627364 0.6710509020022641 0.7363277655156821 
184.00013285691608 2.123033478177348 3.61665010136619 0.26209327699993423 1.6358745332545084 2.123033478177348 3.61665010136619 0.26209327699993423 1.6358745332545084 
185.00013285691603 3.1660629099702646 4.430677750372638 0.4055759410540247 0.40845170795242325 3.1660629099702646 4.430677750372638 0.4055759410540247 0.40845170795242325 
186.00013285691597 3.7418010303011897 3.6078169920583036 0.6208479460379692 0.5370668637593781 3.7418010303011897 3.6078169920583036 0.6208479460379692 0.5370668637593781 
187.0001328569159 3.1365472351638743 3.6078169920583036 1.164604776360079 0.5370668637593781 3.1365472351638743 3.6078169920583036 1.164604776360079 0.5370668637593781 
188.00013285691585 2.7083131643375964 3.6946582641789973 1.550398354540249 0.5778933918889777 2.7083131643375964 3.6946582641789973 1.550398354540249 0.5778933918889777 
189.0001328569158 2.9740331345434186 4.325178473037084 0.49853667740796936 1.2084136007470647 2.9740331345434186 4.325178473037084 0.49853667740796936 1.2084136007470647 
190.00013285691574 3.7847131328825014 2.8924465282936183 0.2707881973215933 1.4302228808165012 3.7847131328825014 2.8924465282936183 0.2707881973215933 1.4302228808165012 
191.00013285691568 4.808724119271631 3.0880649943564435 0.7516728146179332 2.0116349250594965 4.808724119271631 3.0880649943564435 0.7516728146179332 2.0116349250594965 
192.00011601427238 3.7640606526620104 3.7530331926279814 0.5889208519230067 2.6766031233310343 3.7640606526620104 3.7530331926279814 0.5889208519230067 2.6766031233310343 
193.00013285691557 3.5089308945355526 4.53679773778768 0.5234143220129397 1.2712737625336388 3.5089308945355526 4.53679773778768 0.5234143220129397 1.2712737625336388 
194.0001328569155 3.5089308945355526 4.99954338016542 0.5234143220129397 1.734019404911379 3.5089308945355526 4.99954338016542 0.5234143220129397 1.734019404911379 
195.00013285691546 1.8736476610822876 4.0663877453647785 0.1621619580707545 0.4947897055390058 1.8736476610822876 4.0663877453647785 0.1621619580707545 0.4947897055390058 
196.0001328569154 2.896134452820462 4.030770068934089 1.1846487498089289 0.8858486453181627 2.896134452820462 4.030770068934089 1.1846487498089289 0.8858486453181627 
197.00013285691534 2.8008472647908036 5.035593595118144 1.0991053234485548 0.8681853797640429 2.8008472647908036 5.035593595118144 1.0991053234485548 0.8681853797640429 
198.0001328569153 2.8008472647908036 3.5696919289337927 1.0991053234485548 0.9277862965573149 2.8008472647908036 3.5696919289337927 1.0991053234485548 0.9277862965573149 
199.00013285691523 3.3929881325747147 4.2876730463138415 0.31808590917992774 0.39989520820012103 3.3929881325747147 4.2876730463138415 0.31808590917992774 0.39989520820012103 
200.00005928193752 3.3723770713746717 5.535882363976327 0.6275043339887532 0.6207049836737326 3.3723770713746717 3.8564439086283926 0.6275043339887532 1.6481045258626068 
201.00013285691512 NaN NaN 0.30818007542478654 NaN NaN NaN 0.30818007542478654 NaN 
202.00013285691506 NaN NaN 0.4598860976256276 NaN NaN NaN 0.4598860976256276 0.3019413122596859 
203.000132856915 2.1571470005144135 NaN 1.1323900444425021 NaN 2.1571470005144135 NaN 1.1323900444425021 1.5286845783129195 
204.00013285691495 3.5311556802823247 NaN 0.38966878654960624 0.29982258687778085 3.5311556802823247 2.833306818307932 0.38966878654960624 0.29982258687778085 
205.0001328569149 3.4918520666392396 NaN 1.3751221289784326 0.8120341520175884 3.4918520666392396 3.6203741884876877 1.3751221289784326 0.8120341520175884 
206.00013285691483 3.0115248692459886 NaN 0.9198352590712204 0.8120341520175884 3.0115248692459886 3.6203741884876877 0.9198352590712204 0.8120341520175884 
207.00013285691477 3.7219096818630817 NaN 0.3481924629108448 2.8129991948495956 3.7219096818630817 3.5024905682769827 0.3481924629108448 2.8129991948495956 
208.00013285691472 4.293138773926245 NaN 1.090470792527043 0.1641363488218417 4.293138773926245 3.082152993769654 1.090470792527043 0.1641363488218417 
209.00013285691466 4.09458115968755 NaN 0.8390089755066583 0.1641363488218417 4.09458115968755 3.082152993769654 0.8390089755066583 0.1641363488218417 
210.0001328569146 3.6120235486313277 3.61222737119445 1.6384789732279046 0.3483962854739673 3.6120235486313277 3.61222737119445 1.6384789732279046 0.3483962854739673 
211.00013285691455 3.884887299059244 3.61222737119445 0.6434048990084875 0.3483962854739673 3.884887299059244 3.61222737119445 0.6434048990084875 0.3483962854739673 
212.0001328569145 3.7667496588372273 3.480515614225965 0.45037039343310425 0.6860991076937637 3.7667496588372273 3.480515614225965 0.45037039343310425 0.6860991076937637 
213.00013285691443 3.680042348876384 3.1954040913970516 0.6774755077060775 1.4041329091933505 3.680042348876384 3.1954040913970516 0.6774755077060775 1.4041329091933505 
214.00013285691438 4.298200468071514 3.6138537631132976 1.295633626901207 2.622052578630843 4.298200468071514 3.6138537631132976 1.295633626901207 2.622052578630843 
215.0000511610752 4.730022732209278 2.541865284684036 0.40828304738988663 3.678334785810904 4.730022732209278 2.541865284684036 0.40828304738988663 NaN 
216.00013285691426 3.8512196329218966 3.164842047433666 1.5770177563043433 1.3768902612335125 3.8512196329218966 3.164842047433666 1.5770177563043433 NaN 
217.00003091601243 3.450444034663093 3.164842047433666 0.8260461489608417 1.3768902612335125 3.450444034663093 3.164842047433666 0.8260461489608417 NaN 
218.00013285691415 3.5728339331784014 2.823088343233991 0.558520172655733 1.4372960042183252 3.5728339331784014 2.823088343233991 0.558520172655733 1.4372960042183252 
219.0001328569141 3.092424675462354 4.147031664035779 0.32228327266008705 NaN 3.092424675462354 4.147031664035779 0.32228327266008705 1.9440952538414251 
220.00013285691404 3.7332663218016364 2.858926384679876 0.9631249189993696 0.5925478581783636 3.7332663218016364 2.858926384679876 0.9631249189993696 0.5925478581783636 
221.00003662838003 3.3823036343579815 3.671689142522183 0.33076642487543495 1.405310616020671 3.3823036343579815 3.671689142522183 0.33076642487543495 3.671689142522183 
222.00013285691392 3.124689752096856 4.425615684279904 0.6431693216583767 0.4231601168822863 3.124689752096856 4.425615684279904 0.6431693216583767 NaN 
223.00013285691386 3.3843043633912373 5.3131000113451705 0.9301307367259426 1.3106444439475524 3.3843043633912373 5.3131000113451705 0.9301307367259426 1.3106444439475524 
224.0001328569138 3.3748699805930187 4.128852208751084 0.6513283878626055 2.3927751678549782 3.3748699805930187 4.128852208751084 0.6513283878626055 1.3264457293143153 
225.00013285691375 3.447092383296365 4.6441521960496175 0.3213356986858571 0.5048132457752104 3.447092383296365 4.6441521960496175 0.3213356986858571 0.5048132457752104 
226.0001328569137 3.8600740320474642 2.1355872530814963 0.7943560422400253 1.3322588780374076 3.8600740320474642 2.1355872530814963 0.7943560422400253 1.3322588780374076 
227.00013285691364 3.753252895320742 2.5073281743935354 0.5945963330646009 0.9338192240422245 3.753252895320742 2.5073281743935354 0.5945963330646009 0.9338192240422245 
228.00013285691358 3.594825373618818 2.902016669752129 0.3714730051808317 2.1546566638618856 3.594825373618818 2.902016669752129 0.3714730051808317 2.1546566638618856 
229.00013285691352 3.6096779225675277 3.2686104574315777 1.2137711863917389 NaN 3.6096779225675277 3.2686104574315777 1.2137711863917389 NaN 
230.00008704210566 3.4018229509964044 3.8173043760138796 1.0670317176070512 1.0019824956863772 3.4018229509964044 3.8173043760138796 1.0670317176070512 1.0019824956863772 
231.000060011907 4.384115506723248 3.9707941825284934 0.9475243848254706 2.1307818893816943 4.384115506723248 3.9707941825284934 0.9475243848254706 2.1307818893816943 
232.00013285691335 3.4126192048322253 3.8162364171009813 0.3388635761201044 0.6350487491620811 3.4126192048322253 3.8162364171009813 0.3388635761201044 0.6350487491620811 
233.0001328569133 3.4126192048322253 3.1298474021969582 0.3388635761201044 0.7842599149717842 3.4126192048322253 3.1298474021969582 0.3388635761201044 0.7842599149717842 
234.00013285691324 2.827031691233344 3.968547709198731 0.8607518536330758 1.6229602219735568 2.827031691233344 3.968547709198731 0.8607518536330758 1.6229602219735568 
235.00013285691318 3.5665754437310397 3.8804240146285167 0.7615952991289987 NaN 3.5665754437310397 3.8804240146285167 0.7615952991289987 NaN 
236.00013285691313 2.9103325672278686 2.8800638840712054 0.7880807928533216 NaN 2.9103325672278686 2.8800638840712054 0.7880807928533216 NaN 
237.00013285691307 3.178891695075805 3.2992491844014467 0.8232367222907158 NaN 3.178891695075805 3.2992491844014467 0.8232367222907158 NaN 
238.00008358756307 3.999543730265799 3.975761819501969 0.6782429992330492 0.8189216710574669 3.999543730265799 3.975761819501969 0.6782429992330492 0.8189216710574669 
239.00013285691296 4.4441076611380765 3.975761819501969 0.44629429500480455 0.8189216710574669 4.4441076611380765 3.975761819501969 0.44629429500480455 0.8189216710574669 
240.0001328569129 3.371799028390001 5.36607017280474 0.33933228173904695 NaN 3.371799028390001 5.36607017280474 0.33933228173904695 NaN 
241.00013285691284 3.2156111238149663 3.184587013776394 0.7119925884730094 0.6790911088473308 3.2156111238149663 3.184587013776394 0.7119925884730094 0.6790911088473308 
242.00013285691278 3.7057781120787183 2.528322220921069 0.5194607341697974 NaN 3.7057781120787183 2.528322220921069 0.5194607341697974 1.042351732147921 
243.00006298654668 4.817991720361817 3.001055715398394 0.5600288643989302 1.0249182383614936 4.817991720361817 3.001055715398394 0.5600288643989302 1.0249182383614936 
244.00013285691267 3.2677367230307084 3.8204858606519565 1.0406589079324533 NaN 3.2677367230307084 3.8204858606519565 1.0406589079324533 NaN 
245.00013285691261 2.8373920465499793 3.770526212269232 1.545228406819092 NaN 2.8373920465499793 3.770526212269232 1.545228406819092 NaN 
246.00013285691256 3.6339907772357947 2.251206766578605 0.3421251027247365 0.9272071224384035 3.6339907772357947 2.251206766578605 0.3421251027247365 0.9272071224384035 
247.0001328569125 3.7223575317411814 2.9150797559962314 0.5860490130660594 1.59108011185603 3.7223575317411814 2.9150797559962314 0.5860490130660594 1.59108011185603 
248.00013285691244 2.827494694985859 3.4056557316632734 1.1271970167011602 1.0598825297103929 2.827494694985859 3.4056557316632734 1.1271970167011602 0.6216784713272716 
249.0001328569124 3.1158969406513393 2.893170331038249 1.2442964668403818 0.7028498786035868 3.1158969406513393 2.893170331038249 1.2442964668403818 0.7028498786035868 
250.00005808931033 3.6159738312641423 3.3751523889225155 0.38067839750115695 0.5708965017589378 3.6159738312641423 3.3751523889225155 0.38067839750115695 0.5708965017589378 
251.00013285691227 2.8378846349368416 2.2201651055284515 0.522614775724719 0.6265769374319916 2.8378846349368416 2.2201651055284515 0.522614775724719 0.6265769374319916 
252.00013285691222 2.315489970024913 2.9501029963811902 0.2147233576081078 0.515214533244631 2.315489970024913 2.9501029963811902 0.2147233576081078 0.515214533244631 
253.00013285691216 2.7008154003298444 3.4081825567624264 0.821685796320395 1.4733709842386702 2.7008154003298444 3.4081825567624264 0.821685796320395 1.4733709842386702 
254.0001328569121 3.9918081321028467 3.5016741200263937 1.154522077099358 1.3234734954212684 3.9918081321028467 3.5016741200263937 1.154522077099358 1.3234734954212684 
255.00013285691205 3.5193781942595592 3.49206563286765 0.6442810116651572 0.8641725715296218 3.5193781942595592 3.49206563286765 0.6442810116651572 0.8641725715296218 
256.000132856912 3.424452361815071 2.1561185594079006 0.44760126219205176 1.0621055623762174 3.424452361815071 2.1561185594079006 0.44760126219205176 1.0621055623762174 
257.00013285691193 3.3611330253306164 2.1561185594079006 0.4677436105416177 1.0621055623762174 3.3611330253306164 2.1561185594079006 0.4677436105416177 1.0621055623762174 
258.0001328569119 3.117989226951579 2.516495995848203 0.7889040273195747 2.516495995848203 3.117989226951579 2.516495995848203 0.7889040273195747 2.516495995848203 
259.0001328569118 3.66144776403695 3.172845410109005 1.3323625644049457 1.2673434538350534 3.66144776403695 3.172845410109005 1.3323625644049457 0.5024574453494779 
260.00013285691176 3.970402457775208 4.132946897745228 1.22465055163417 NaN 3.970402457775208 4.132946897745228 1.22465055163417 1.4625589329857007 
261.0001328569117 4.68651841785254 3.3563583848209646 0.9806650240752788 0.8643643793517413 4.68651841785254 3.3563583848209646 0.9806650240752788 NaN 
262.00013285691165 4.331265699856488 3.2159185667928796 0.9508892962015238 1.3161531468172711 4.331265699856488 3.2159185667928796 0.9508892962015238 0.21701543134133772 
263.0001328569116 3.726995915474504 4.255555185161484 1.430177744581954 0.4363947940396997 3.726995915474504 4.255555185161484 1.430177744581954 0.4363947940396997 
264.00013285691153 3.2771000931581966 3.130112197467099 0.29523631496550706 1.2107172263209236 3.2771000931581966 3.130112197467099 0.29523631496550706 1.2107172263209236 
265.00011836824854 4.304733770838936 4.029091007196314 0.423891182917032 0.6037424947637078 4.304733770838936 4.029091007196314 0.423891182917032 0.6037424947637078 
266.0001328569114 3.046596330543025 3.3911774262709287 1.3732950885325863 NaN 3.046596330543025 3.3911774262709287 1.3732950885325863 NaN 
267.00013285691136 3.3802052352384635 3.68090511861692 1.1997450352884584 1.0248499142872447 3.3802052352384635 3.68090511861692 1.1997450352884584 1.0248499142872447 
268.0001328569113 4.401914401792681 3.8549053037802423 0.2517727830469312 0.9336325063504773 4.401914401792681 3.8549053037802423 0.2517727830469312 0.9336325063504773 
269.00009475172425 4.214225190489117 2.9603795457101114 0.9630623814725823 2.0161443315766405 4.214225190489117 2.9603795457101114 0.9630623814725823 2.0161443315766405 
270.0001328569112 3.2918581036112187 2.967180370328549 0.4052924334364434 0.3553373539260747 3.2918581036112187 2.967180370328549 0.4052924334364434 0.3553373539260747 
271.00013285691114 3.828755251805603 3.0752375728808374 0.9421895816308279 0.351272910318869 3.828755251805603 3.0752375728808374 0.9421895816308279 0.351272910318869 
272.0001328569111 3.356688196350433 2.6495564848905246 1.1121896656488275 1.352029549333622 3.356688196350433 2.6495564848905246 1.1121896656488275 1.352029549333622 
273.000132856911 3.9299416670586993 2.7361319745268133 0.6846864973423408 0.7357722503647324 3.9299416670586993 2.7361319745268133 0.6846864973423408 0.7357722503647324 
274.00013285691097 4.253328231010869 3.4797442139333157 0.3682915836411098 0.9061310190629683 4.253328231010869 3.4797442139333157 0.3682915836411098 0.9061310190629683 
275.0001328569109 4.253328231010869 4.38487200558734 0.3682915836411098 1.8112588107169927 4.253328231010869 4.38487200558734 0.3682915836411098 1.8112588107169927 
276.00013285691085 5.568206341501536 5.511013287740525 0.778041902477753 3.510653563578444 5.568206341501536 5.511013287740525 0.778041902477753 3.510653563578444 
277.0001328569108 3.495628110083487 6.437662526233964 0.5377097977828385 4.437302802071883 3.495628110083487 6.437662526233964 0.5377097977828385 NaN 
278.00013285691074 3.586847648359935 7.283640817359753 0.6880788365875219 NaN 3.586847648359935 7.283640817359753 0.6880788365875219 NaN 
279.0001328569107 3.239199623986167 8.295257319297207 0.454955592429485 1.319884995280404 3.239199623986167 8.295257319297207 0.454955592429485 1.319884995280404 
280.0001328569106 3.156246267114227 6.597054968607267 1.2986514740509847 1.819022905242889 3.156246267114227 9.790742559190164 1.2986514740509847 1.819022905242889 
281.00013285691057 3.572714314363509 3.1569964102300787 1.065612572533098 NaN 3.572714314363509 3.1569964102300787 1.065612572533098 3.9734867913202834 
282.0001328569105 2.4200933737582773 1.7191932098859297 0.8466486160187401 0.1902668697961758 2.4200933737582773 1.7191932098859297 0.8466486160187401 0.1902668697961758 
283.00013285691045 3.246067561016332 1.7191932098859297 1.0510355190544942 0.1902668697961758 3.246067561016332 1.7191932098859297 1.0510355190544942 0.1902668697961758 
284.0001328569104 3.246067561016332 2.753996596645038 1.0510355190544942 1.2546911965462755 3.246067561016332 2.753996596645038 1.0510355190544942 1.2546911965462755 
285.00013285691034 3.838951718429712 3.7051789106718616 0.22627679137167434 0.45115315968411096 3.838951718429712 3.7051789106718616 0.22627679137167434 0.45115315968411096 
286.0001328569103 3.591460744953224 3.732454523079582 1.0157013037101024 0.7401514206686102 3.591460744953224 3.732454523079582 1.0157013037101024 0.7401514206686102 
287.0001328569102 3.0157753130426954 3.3637672389472755 1.0981647869755875 NaN 3.0157753130426954 3.3637672389472755 1.0981647869755875 NaN 
288.00013285691017 3.941298043227846 2.6431575973199983 1.1510724124423746 NaN 3.941298043227846 2.6431575973199983 1.1510724124423746 NaN 
289.0001328569101 2.5216608785287917 3.4037441388254592 0.6186547018774036 NaN 2.5216608785287917 3.4037441388254592 0.6186547018774036 NaN 
290.00013285691006 3.7128226868632623 4.404288363127819 1.0492299687064133 1.1424760639304168 3.7128226868632623 4.404288363127819 1.0492299687064133 1.1424760639304168 
291.00013285691 3.3155616293432786 2.7680050681059356 0.4268752207279931 1.0788698984034113 3.3155616293432786 2.7680050681059356 0.4268752207279931 1.0788698984034113 
292.00013285690994 3.394381434000138 3.8656363285704174 1.2662815668903136 0.6707560397364887 3.394381434000138 3.8656363285704174 1.2662815668903136 0.6707560397364887 
293.0001328569099 3.424932149123663 3.313856457198085 1.199745245851716 0.9687049919043602 3.424932149123663 3.313856457198085 1.199745245851716 0.9687049919043602 
294.00013285690983 4.402499514857823 3.1540779332733564 1.0399573132556839 1.2835766476851518 4.402499514857823 3.1540779332733564 1.0399573132556839 1.2835766476851518 
295.0001328569098 4.153871710629687 3.3514602386618435 0.5729185566283377 3.3514602386618435 4.153871710629687 3.3514602386618435 0.5729185566283377 3.3514602386618435 
296.0001328569097 4.482843724382235 4.1612694394630125 0.15292397849339068 1.273679295723639 4.482843724382235 4.1612694394630125 0.15292397849339068 1.273679295723639 
297.00013285690966 3.9155005659096105 4.1612694394630125 0.7229361183509582 1.273679295723639 3.9155005659096105 4.1612694394630125 0.7229361183509582 1.273679295723639 
298.0001328569096 3.388652948283436 2.6164762771485925 1.5420550959314596 0.5402501460387725 3.388652948283436 2.6164762771485925 1.5420550959314596 0.5402501460387725 
299.00013285690954 3.36132303267226 2.355819388296993 0.4692085899008589 0.5272416747768602 3.36132303267226 2.355819388296993 0.4692085899008589 0.5272416747768602 
300.0001328569095 2.83620648745773 3.2618690285978573 1.0885284491381526 1.4332913150777244 2.83620648745773 3.2618690285978573 1.0885284491381526 1.4332913150777244 
#####################################################################
# End of data export. Simulation finished at: 2019-09-22T12:29+0000 #
#####################################################################
