#####################################################################
# Alchemist log file - simulation started at: 2019-09-22T07:57+0000 #
#####################################################################
# seed = 172.0, stage_width = 100
#
# The columns have the following meaning: 
# time rep-bcast[Sum] rep-ccast[Sum] share-bcast[Sum] share-ccast[Sum] rep-bcast-single[Sum] rep-ccast-single[Sum] share-bcast-single[Sum] share-ccast-single[Sum] 
0.0 NaN NaN NaN NaN NaN NaN NaN NaN 
1.0001827489167816 NaN NaN NaN NaN NaN NaN NaN NaN 
2.0000840994664335 0.6859027585092448 NaN 0.6859027585092448 NaN 0.6859027585092448 NaN 0.6859027585092448 NaN 
3.000565696744295 1.7695050825583911 NaN 0.41167874117967207 2.0587085451853193 1.7695050825583911 NaN 0.41167874117967207 NaN 
4.000115592205902 1.7030884530145682 2.1081665367604066 0.26684549912363575 3.494951499076252 1.7030884530145682 2.1081665367604066 0.26684549912363575 1.0245642127112604 
5.000106049585101 1.7030884530145682 3.382728952330007 0.26684549912363575 1.0077169164459647 1.7030884530145682 3.382728952330007 0.26684549912363575 1.0077169164459647 
6.000561930811743 3.5110847723908876 3.3144232346723617 0.8002794029303546 5.784810521037353 3.5110847723908876 NaN 0.8002794029303546 NaN 
7.000067082586904 3.241057365292349 3.3144232346723617 0.9511983433312476 5.784810521037353 3.241057365292349 NaN 0.9511983433312476 NaN 
8.000614224566943 3.241057365292349 4.741377663975944 0.9511983433312476 0.47575608597233465 3.241057365292349 NaN 0.9511983433312476 0.47575608597233465 
9.000271564132277 2.5841146071978995 3.0240129268081803 1.1571601778943172 NaN 2.5841146071978995 3.0240129268081803 1.1571601778943172 NaN 
10.000614224566936 2.4675192978804112 4.158772508899381 1.0854780038369594 0.04928157825424151 2.4675192978804112 4.158772508899381 1.0854780038369594 0.04928157825424151 
11.000568666871054 2.0386106662954564 2.4450916506499105 0.9038510842042555 1.1347325306638165 2.0386106662954564 2.4450916506499105 0.9038510842042555 1.1347325306638165 
12.00061422456693 2.0386106662954564 2.4450916506499105 0.9038510842042555 1.1347325306638165 2.0386106662954564 2.4450916506499105 0.9038510842042555 1.1347325306638165 
13.000614224566926 3.5047383718385223 2.60870927870762 1.2845278373377464 1.6555766162491228 3.5047383718385223 2.60870927870762 1.2845278373377464 2.60870927870762 
14.000107311184314 2.7165150276122265 2.9003318955765387 1.2425382795684232 NaN 2.7165150276122265 2.9003318955765387 1.2425382795684232 NaN 
15.000421046426633 2.502442554026235 3.79310445349925 0.36491471677610754 NaN 2.502442554026235 3.79310445349925 0.36491471677610754 NaN 
16.000614224566917 2.502442554026235 4.864004555396557 0.36491471677610754 0.705985385121199 2.502442554026235 4.864004555396557 0.36491471677610754 0.705985385121199 
17.000039132341005 1.9549696301226156 2.968355430645147 0.884069528225309 NaN 1.9549696301226156 2.968355430645147 0.884069528225309 1.7084511561873352 
18.000160694221147 2.3528585726832585 3.7460816009660256 0.5726666312962436 NaN 2.3528585726832585 3.7460816009660256 0.5726666312962436 NaN 
19.000614224566906 2.3528585726832585 17.21102627408602 0.5726666312962436 0.7485311976422047 2.3528585726832585 NaN 0.5726666312962436 NaN 
20.000614224566903 2.905780783605941 17.21102627408602 0.8068567843466141 0.7485311976422047 2.905780783605941 NaN 0.8068567843466141 NaN 
21.000003511224925 3.0856910197395457 NaN 0.21217726067484932 NaN 3.0856910197395457 NaN 0.21217726067484932 NaN 
22.000251360700762 3.0856910197395457 2.107268148460438 0.21217726067484932 1.1496317420059547 3.0856910197395457 2.107268148460438 0.21217726067484932 1.1496317420059547 
23.000614224566892 3.680675067985341 3.2739931906189597 0.7665501351782886 0.40017490698023295 3.680675067985341 3.2739931906189597 0.7665501351782886 0.40017490698023295 
24.00061422456689 3.6215495549069594 3.2739931906189597 1.0930155100676338 0.40017490698023295 3.6215495549069594 3.2739931906189597 1.0930155100676338 0.40017490698023295 
25.000614224566885 3.6215495549069594 4.725243324060283 1.0930155100676338 0.35823462337368994 3.6215495549069594 4.725243324060283 1.0930155100676338 0.35823462337368994 
26.00061422456688 2.9546364938427594 2.667566905097967 0.6872444957250252 NaN 2.9546364938427594 2.667566905097967 0.6872444957250252 NaN 
27.000614224566878 2.6735703474450325 3.8386883089516886 0.6863070789149006 0.4838769081286962 2.6735703474450325 3.8386883089516886 0.6863070789149006 0.4838769081286962 
28.000013794933917 2.6735703474450325 NaN 0.6863070789149006 0.43699449921955136 2.6735703474450325 NaN 0.6863070789149006 1.6071784862631482 
29.000574086203187 3.004154488246712 NaN 0.7097315062585388 0.2442622414824882 3.004154488246712 NaN 0.7097315062585388 0.2442622414824882 
30.000614224566867 2.1869282538394152 NaN 1.2329345060983883 1.514029933191825 2.1869282538394152 NaN 1.2329345060983883 1.514029933191825 
31.000568524990683 2.1869282538394152 NaN 1.2329345060983883 NaN 2.1869282538394152 NaN 1.2329345060983883 NaN 
32.00037479461725 2.2065607135148397 NaN 0.11222477085694749 NaN 2.2065607135148397 NaN 0.11222477085694749 0.5613766174463564 
33.000614224566874 2.2065607135148397 1.7581233729313581 0.11222477085694749 1.0845219846280543 2.2065607135148397 1.7581233729313581 0.11222477085694749 1.0845219846280543 
34.00061422456689 1.7416442649657782 1.7581233729313581 0.5448975094807764 1.0845219846280543 1.7416442649657782 1.7581233729313581 0.5448975094807764 1.0845219846280543 
35.0006142245669 2.1653789798597884 3.8418516006454695 0.08165075214567707 0.5705390320701866 2.1653789798597884 3.8418516006454695 0.08165075214567707 0.5705390320701866 
36.00061422456692 2.1653789798597884 4.796227886167884 0.08165075214567707 NaN 2.1653789798597884 4.796227886167884 0.08165075214567707 NaN 
37.00061422456693 2.015252817976396 1.9679455485465098 0.2157330735497638 2.6201353327623735 2.015252817976396 1.9679455485465098 0.2157330735497638 0.8794869416200086 
38.00057297849462 2.4849378451924125 1.9679455485465098 0.43534154450022555 2.6201353327623735 2.4849378451924125 1.9679455485465098 0.43534154450022555 0.8794869416200086 
39.00061422456696 2.9649613086015165 3.229448888858684 0.6082379531195699 0.8261617958119487 2.9649613086015165 3.229448888858684 0.6082379531195699 NaN 
40.000614224566974 2.9649613086015165 4.018285904750478 0.6082379531195699 0.18059906277222382 2.9649613086015165 4.018285904750478 0.6082379531195699 0.18059906277222382 
41.00061422456699 1.9104168289807788 2.694441881495699 1.1215798130889851 1.2600421325641804 1.9104168289807788 2.694441881495699 1.1215798130889851 1.2600421325641804 
42.000318478455476 2.438224240031012 3.806377352608429 0.24684569912632526 1.0697987278157015 2.438224240031012 3.806377352608429 0.24684569912632526 1.0697987278157015 
43.000614224567016 2.4174838058511625 2.6595467120421006 1.3055483347384325 1.3429022851000738 2.4174838058511625 2.6595467120421006 1.3055483347384325 1.3429022851000738 
44.00061422456703 2.6697725301476893 3.3961574756387876 0.3434137823246033 NaN 2.6697725301476893 3.3961574756387876 0.3434137823246033 NaN 
45.000614224567045 2.6697725301476893 4.386983303175441 0.3434137823246033 0.6474120452120502 2.6697725301476893 4.386983303175441 0.3434137823246033 0.6474120452120502 
46.00061422456706 2.31389595786942 4.235220680149546 0.5864593667360793 0.5784224371800519 2.31389595786942 4.235220680149546 0.5864593667360793 0.5784224371800519 
47.00061422456707 2.0399428199109977 2.805430276424822 0.8750610159948664 NaN 2.0399428199109977 2.805430276424822 0.8750610159948664 NaN 
48.00054894451936 2.0399428199109977 2.6789509801470643 0.8750610159948664 NaN 2.0399428199109977 2.6789509801470643 0.8750610159948664 NaN 
49.000067771613026 2.270710941416489 2.6789509801470643 1.1633188257461171 NaN 2.270710941416489 2.6789509801470643 1.1633188257461171 NaN 
50.000599036518665 2.0478407667632794 4.001623494084043 0.7251682528263004 1.0290529569531301 2.0478407667632794 NaN 0.7251682528263004 0.15935368819086193 
51.00012961163 2.0478407667632794 2.246099123475041 0.7251682528263004 0.4918779136956104 2.0478407667632794 2.246099123475041 0.7251682528263004 0.4918779136956104 
52.00045174801349 2.4250279951653724 2.496570739043797 1.2079818286434616 NaN 2.4250279951653724 2.496570739043797 1.2079818286434616 NaN 
53.00054123700447 2.4250279951653724 3.4815020134584884 1.2079818286434616 NaN 2.4250279951653724 3.4815020134584884 1.2079818286434616 NaN 
54.00061422456717 2.8511787611615347 3.9018135439774824 0.746076602415819 0.5587568691203373 2.8511787611615347 NaN 0.746076602415819 0.5587568691203373 
55.00061422456719 3.1786973223117556 4.9877223088369576 0.888932576360908 0.19697618849856724 3.1786973223117556 NaN 0.888932576360908 0.19697618849856724 
56.0006142245672 2.878940372933627 4.9877223088369576 0.4881981365379957 0.19697618849856724 2.878940372933627 NaN 0.4881981365379957 0.19697618849856724 
57.000614224567215 2.8281943045696707 1.5812330582748828 0.35802866993387994 0.8960587332383199 2.8281943045696707 1.5812330582748828 0.35802866993387994 0.8960587332383199 
58.00047841905191 1.3029935899951255 2.394572783689739 0.48965386458026927 NaN 1.3029935899951255 2.394572783689739 0.48965386458026927 NaN 
59.000614224567244 1.3029935899951255 3.5724427365741818 0.48965386458026927 0.6882160883041735 1.3029935899951255 3.5724427365741818 0.48965386458026927 0.6882160883041735 
60.000379405773856 2.1259953130739717 2.8314029627496353 0.948125360189529 0.2500965941946873 2.1259953130739717 2.8314029627496353 0.948125360189529 0.2500965941946873 
61.00053482914404 3.3473514192203666 3.6973586199149793 0.9712595119517076 NaN 3.3473514192203666 3.6973586199149793 0.9712595119517076 NaN 
62.000614224567286 1.5793426900115648 4.516996385946904 0.7597049239796405 0.7143339112455607 1.5793426900115648 4.516996385946904 0.7597049239796405 0.7143339112455607 
63.0006142245673 1.5793426900115648 3.0452035311533976 0.7597049239796405 1.8238474250070027 1.5793426900115648 3.0452035311533976 0.7597049239796405 1.8238474250070027 
64.00061422456731 2.3652872920186923 NaN 1.2557737782572502 3.1880881364413014 2.3652872920186923 NaN 1.2557737782572502 0.10846693317704847 
65.00019755390552 2.3652872920186923 NaN 1.2557737782572502 3.1880881364413014 2.3652872920186923 NaN 1.2557737782572502 0.10846693317704847 
66.00005625699113 2.815336422478147 3.214289561833489 1.4510957110438483 NaN 2.815336422478147 3.214289561833489 1.4510957110438483 1.6087071937944373 
67.00002597820043 3.9483020846826307 4.182747946581735 0.11536272788269741 NaN 3.9483020846826307 4.182747946581735 0.11536272788269741 NaN 
68.00047750627226 2.383461711134032 3.753420647417151 0.23874825751131823 NaN 2.383461711134032 3.753420647417151 0.23874825751131823 NaN 
69.00061422456739 2.396332477780078 2.0903775386345558 0.19059221126282466 0.7907369401314668 2.396332477780078 2.0903775386345558 0.19059221126282466 0.7907369401314668 
70.0006142245674 2.446653811087998 2.057564089255891 0.150341464320789 NaN 2.446653811087998 2.057564089255891 0.150341464320789 1.0762349378615994 
71.00061422456741 2.446653811087998 2.9081199804650595 0.150341464320789 0.7002144268883796 2.446653811087998 2.9081199804650595 0.150341464320789 0.7002144268883796 
72.00061422456743 1.5375197944645436 2.7650963413049823 0.6869639032553749 NaN 1.5375197944645436 2.7650963413049823 0.6869639032553749 1.5385199391225939 
73.00031769509202 2.651352100669456 4.041469611206239 0.9624906972260732 NaN 2.651352100669456 4.041469611206239 0.9624906972260732 NaN 
74.00061422456746 2.847980416891019 5.46818973088935 0.7333016347555485 0.6934184849275624 2.847980416891019 5.46818973088935 0.7333016347555485 0.6934184849275624 
75.00061422456747 3.442740475923415 5.46818973088935 0.7396470863390476 0.6934184849275624 3.442740475923415 5.46818973088935 0.7396470863390476 0.6934184849275624 
76.00061422456749 2.025002807904002 NaN 0.7864786424942309 NaN 2.025002807904002 NaN 0.7864786424942309 1.9319426503373336 
77.00012629817826 2.025002807904002 2.8682639201844182 0.7864786424942309 NaN 2.025002807904002 2.8682639201844182 0.7864786424942309 NaN 
78.0001904791429 2.2673339001957515 NaN 1.331012630348667 NaN 2.2673339001957515 NaN 1.331012630348667 0.18966267089113842 
79.0004545668144 2.457730509319532 NaN 0.9370552080797268 NaN 2.457730509319532 NaN 0.9370552080797268 1.3909156817971393 
80.00015198970168 2.1841984224193283 NaN 0.9829454115133274 NaN 2.1841984224193283 NaN 0.9829454115133274 1.3909156817971393 
81.00061422456756 2.1841984224193283 NaN 0.9829454115133274 NaN 2.1841984224193283 NaN 0.9829454115133274 NaN 
82.00057937511174 NaN NaN 0.31222793672020543 NaN NaN NaN 0.31222793672020543 NaN 
83.00061422456758 NaN NaN 0.31222793672020543 NaN NaN NaN 0.31222793672020543 NaN 
84.00038242671388 1.730138859133504 NaN 1.730138859133504 NaN 1.730138859133504 NaN 1.730138859133504 0.04301023576319096 
85.00061422456761 2.936116255727441 NaN 1.1629671608307461 1.761340840486767 2.936116255727441 3.1792517629000656 1.1629671608307461 NaN 
86.00061422456763 4.172959806586846 NaN 0.6814801069665748 1.761340840486767 4.172959806586846 3.1792517629000656 0.6814801069665748 NaN 
87.00061422456764 3.698651804496393 NaN 0.44026275422355354 0.8585783385826886 3.698651804496393 3.3013992860360304 0.44026275422355354 0.8585783385826886 
88.00061422456766 3.698651804496393 3.2879241403035024 0.44026275422355354 NaN 3.698651804496393 3.2879241403035024 0.44026275422355354 NaN 
89.00061422456767 3.4340853382841487 3.2879241403035024 0.7015246418734762 NaN 3.4340853382841487 3.2879241403035024 0.7015246418734762 NaN 
90.00061422456768 3.1880615836829804 NaN 0.4588624308507434 0.8351722600973517 3.1880615836829804 NaN 0.4588624308507434 0.8351722600973517 
91.00050356079562 3.0714583096129218 3.5484676963560418 0.2752301098947356 0.8006688668966149 3.0714583096129218 3.5484676963560418 0.2752301098947356 0.8006688668966149 
92.00061422456771 2.5637972889777387 NaN 1.3042659912303805 1.1905180075558093 2.5637972889777387 NaN 1.3042659912303805 1.1905180075558093 
93.00037835723349 2.5637972889777387 NaN 1.3042659912303805 1.1905180075558093 2.5637972889777387 NaN 1.3042659912303805 1.1905180075558093 
94.0000424610057 2.708827453084055 2.617327472793704 1.2430793356335101 2.617327472793704 2.708827453084055 2.617327472793704 1.2430793356335101 0.18373012960438473 
95.00061422456776 4.081336622337588 3.977152962474406 1.1887790396491482 3.977152962474406 4.081336622337588 3.977152962474406 1.1887790396491482 NaN 
96.00023520749903 4.081336622337588 2.736557281176516 1.1887790396491482 NaN 4.081336622337588 2.736557281176516 1.1887790396491482 NaN 
97.0004435979696 2.7415920536251264 2.736557281176516 0.1887649020529949 NaN 2.7415920536251264 2.736557281176516 0.1887649020529949 NaN 
98.0006142245678 2.7108477308976973 NaN 1.5178460690062678 NaN 2.7108477308976973 NaN 1.5178460690062678 0.2354960874635026 
99.00014958631283 3.5868158203381597 2.8491718475367804 0.6404720019769599 0.644122591143045 3.5868158203381597 2.8491718475367804 0.6404720019769599 0.644122591143045 
100.00032490298678 3.3404023425405853 2.8491718475367804 0.30246559295081 0.644122591143045 3.3404023425405853 2.8491718475367804 0.30246559295081 0.644122591143045 
101.00001598107046 2.433591315274626 2.817950756880478 1.148996722154621 0.14886335414234964 2.433591315274626 2.817950756880478 1.148996722154621 0.14886335414234964 
102.0002672265117 2.3838680821380933 2.3516292270940227 1.0860080058411228 NaN 2.3838680821380933 2.3516292270940227 1.0860080058411228 NaN 
103.00058130391601 3.2983079264764683 2.8063935424118682 0.6442131064316357 NaN 3.2983079264764683 2.8063935424118682 0.6442131064316357 NaN 
104.00021105856997 3.143995569024497 3.833327664639029 0.4864653807549786 NaN 3.143995569024497 3.833327664639029 0.4864653807549786 NaN 
105.0002948353821 4.4535541056202135 3.833327664639029 0.7690897951235343 NaN 4.4535541056202135 3.833327664639029 0.7690897951235343 NaN 
106.00061422456791 4.4535541056202135 4.309996193014413 0.7690897951235343 0.9424500932353226 4.4535541056202135 4.309996193014413 0.7690897951235343 NaN 
107.00061422456793 3.188135733701742 4.309996193014413 0.4496617231157245 0.9424500932353226 3.188135733701742 4.309996193014413 0.4496617231157245 NaN 
108.00061422456794 3.1837196979593614 NaN 1.4721798096005045 0.8950162272938798 3.1837196979593614 NaN 1.4721798096005045 0.8950162272938798 
109.00061422456795 2.74340710128547 NaN 0.37621106439108587 0.8950162272938798 2.74340710128547 NaN 0.37621106439108587 0.8950162272938798 
110.00061422456797 2.765029364463345 NaN 0.6542274002996749 0.8438337830195195 2.765029364463345 NaN 0.6542274002996749 0.8438337830195195 
111.00061422456798 2.727934237847194 NaN 0.25524975015940754 0.598412239977506 2.727934237847194 NaN 0.25524975015940754 0.598412239977506 
112.000614224568 2.7248396915681923 3.566288797340974 1.4722000512910114 4.837516089025939 2.7248396915681923 3.566288797340974 1.4722000512910114 NaN 
113.00061422456801 2.7248396915681923 3.566288797340974 1.4722000512910114 4.837516089025939 2.7248396915681923 3.566288797340974 1.4722000512910114 NaN 
114.00061422456803 2.83778720481466 2.841253207510306 1.3679718307703865 1.624302906378702 2.83778720481466 2.841253207510306 1.3679718307703865 0.25871575285505344 
115.00061422456804 2.747578308510299 2.8194993721882327 1.120890724884859 2.8194993721882327 2.747578308510299 2.8194993721882327 1.120890724884859 2.8194993721882327 
116.00060496549831 2.4058025043287614 2.8194993721882327 1.2106060385192308 2.8194993721882327 2.4058025043287614 2.8194993721882327 1.2106060385192308 2.8194993721882327 
117.00061422456807 2.4058025043287614 3.128643740407597 1.2106060385192308 3.128643740407597 2.4058025043287614 3.128643740407597 1.2106060385192308 0.464125483223782 
118.00008059089734 2.7261121188263786 3.1020888332346743 1.0513805970833658 0.30167097348362404 2.7261121188263786 3.1020888332346743 1.0513805970833658 0.30167097348362404 
119.00004934957877 2.3408762553431046 3.1020888332346743 0.9878246847761147 0.30167097348362404 2.3408762553431046 3.1020888332346743 0.9878246847761147 0.30167097348362404 
120.00061422456811 2.3408762553431046 3.176320338665164 0.9878246847761147 0.37131860009827733 2.3408762553431046 3.176320338665164 0.9878246847761147 0.37131860009827733 
121.00061422456812 3.7307737932366223 3.2747357023927464 1.0185789377952403 NaN 3.7307737932366223 3.2747357023927464 1.0185789377952403 0.5953425062394899 
122.00045510719652 3.4747516388933093 4.326623522572945 0.501686909984187 0.5502009101960113 3.4747516388933093 4.326623522572945 0.501686909984187 0.5502009101960113 
123.0005325879943 3.2603857767584827 4.326623522572945 0.5945765125435543 0.5502009101960113 3.2603857767584827 4.326623522572945 0.5945765125435543 0.5502009101960113 
124.00061422456817 2.7881222254504223 3.11855502630209 0.2649097053878222 0.8767481873388476 2.7881222254504223 3.11855502630209 0.2649097053878222 0.8767481873388476 
125.00061422456818 3.0116268086066924 2.373635968728607 1.5403021087242905 1.231978076001937 3.0116268086066924 2.373635968728607 1.5403021087242905 1.231978076001937 
126.0006142245682 3.0116268086066924 2.373635968728607 1.5403021087242905 1.231978076001937 3.0116268086066924 2.373635968728607 1.5403021087242905 1.231978076001937 
127.00061422456821 2.8298164844393057 2.4863701544121994 0.07853662463928401 1.2109777510757311 2.8298164844393057 3.6280280471388693 0.07853662463928401 1.2109777510757311 
128.00002933271116 2.694677494605884 4.093184985964413 1.4402854161956213 2.817792582627945 2.694677494605884 4.093184985964413 1.4402854161956213 0.16652941535659238 
129.00003780331994 4.154792469058734 1.5278346499472804 1.2935855590962575 0.9363174789756101 4.154792469058734 1.5278346499472804 1.2935855590962575 0.06771967549443048 
130.0006142245681 4.154792469058734 1.5278346499472804 1.2935855590962575 0.9363174789756101 4.154792469058734 1.5278346499472804 1.2935855590962575 0.06771967549443048 
131.00011039111249 2.4360433270651782 3.1412778721798844 1.0747380924744903 2.549760701208214 2.4360433270651782 3.1412778721798844 1.0747380924744903 0.5387051297581138 
132.00038413387153 3.6568892111505846 2.974869999676372 0.6821407543272926 0.6115663476220448 3.6568892111505846 2.974869999676372 0.6821407543272926 0.6115663476220448 
133.00033258314363 3.700403246765518 2.974869999676372 0.7932529225835765 0.6115663476220448 3.700403246765518 2.974869999676372 0.7932529225835765 0.6115663476220448 
134.0002129352474 3.700403246765518 3.265680751070846 0.7932529225835765 0.6400155967798185 3.700403246765518 3.265680751070846 0.7932529225835765 0.6400155967798185 
135.0006142245678 3.460580669148783 3.265680751070846 0.7336050478360505 0.6400155967798185 3.460580669148783 3.265680751070846 0.7336050478360505 0.6400155967798185 
136.00061422456776 3.4383808710990706 2.4177607016899287 0.22736724682556542 1.0441400570740598 3.4383808710990706 NaN 0.22736724682556542 1.0441400570740598 
137.0001297137261 3.2425274107031896 3.9402043251939176 1.4647823057930793 1.2950763766784235 3.2425274107031896 NaN 1.4647823057930793 NaN 
138.00061422456764 2.58064044044923 4.559398990193415 0.43900215194574344 NaN 2.58064044044923 NaN 0.43900215194574344 0.676855982710407 
139.00061422456758 2.042542167931316 3.6248916072241 1.4233475029318186 2.3874765482565863 2.042542167931316 2.3874765482565863 1.4233475029318186 0.2872730626143607 
140.00061422456753 2.572240383189154 3.6248916072241 0.8616198176429748 2.3874765482565863 2.572240383189154 2.3874765482565863 0.8616198176429748 0.2872730626143607 
141.00006636704236 2.572240383189154 2.478437024757312 0.8616198176429748 3.5942951594134627 2.572240383189154 2.478437024757312 0.8616198176429748 NaN 
142.00015265701023 2.1009508737888325 3.948533717110138 0.8941322626319561 NaN 2.1009508737888325 3.948533717110138 0.8941322626319561 NaN 
143.00014198610512 3.3233030322707577 4.8045709656061035 0.6463877287610558 0.20964951973490997 3.3233030322707577 2.671332734362693 0.6463877287610558 0.20964951973490997 
144.00028854871553 1.2761954326823854 NaN 0.4626640354085225 1.023180917008773 1.2761954326823854 3.484864131636556 0.4626640354085225 1.023180917008773 
145.00061422456724 1.2761954326823854 3.626833607635376 0.4626640354085225 NaN 1.2761954326823854 3.626833607635376 0.4626640354085225 NaN 
146.0006142245672 2.62563953312403 NaN 1.2443390009793518 0.7612117776258742 2.62563953312403 NaN 1.2443390009793518 0.7612117776258742 
147.0005818550456 2.62563953312403 NaN 1.2443390009793518 NaN 2.62563953312403 NaN 1.2443390009793518 NaN 
148.00027973688861 1.440411744188367 NaN 0.5191975448031769 NaN 1.440411744188367 NaN 0.5191975448031769 NaN 
149.00061422456702 1.970895444063018 NaN 0.6008118597398493 0.8508860395199918 1.970895444063018 NaN 0.6008118597398493 0.8508860395199918 
150.00061422456696 1.970895444063018 1.1783427269486708 0.6008118597398493 0.6679580515462078 1.970895444063018 1.1783427269486708 0.6008118597398493 0.6679580515462078 
151.00007029987975 2.0123178715583094 1.1783427269486708 0.7435479602722523 0.6679580515462078 2.0123178715583094 1.1783427269486708 0.7435479602722523 0.6679580515462078 
152.00061422456685 3.454928084882738 2.8522205340765083 0.5122803664688433 0.9303298468555852 3.454928084882738 2.8522205340765083 0.5122803664688433 NaN 
153.0006142245668 2.9870740055430076 4.309729808934378 1.31319619841517 0.9452289083890264 2.9870740055430076 4.309729808934378 1.31319619841517 0.14431307644269964 
154.00061422456673 2.288762811791173 NaN 0.8312535369333034 NaN 2.288762811791173 NaN 0.8312535369333034 1.491419342367891 
155.00030905789467 3.153733590707361 NaN 0.34911804992430007 NaN 3.153733590707361 NaN 0.34911804992430007 1.491419342367891 
156.00038755358008 2.584461605144128 3.5040192969031523 1.2373553392189365 NaN 2.584461605144128 1.7275368515808225 1.2373553392189365 NaN 
157.00061422456656 2.156770840777 2.429297964371017 0.9450867181880653 0.621645173518317 2.156770840777 2.429297964371017 0.9450867181880653 0.621645173518317 
158.0006142245665 2.3087866371563734 2.8010054952852386 0.7420547454499911 0.5178900747588671 2.3087866371563734 2.8010054952852386 0.7420547454499911 0.5178900747588671 
159.0005840937902 3.457495161371469 2.8010054952852386 0.6308184494562283 0.5178900747588671 3.457495161371469 2.8010054952852386 0.6308184494562283 0.5178900747588671 
160.00035677054532 2.022902480865355 3.9516239990671522 0.8722839770834412 NaN 2.022902480865355 3.9516239990671522 0.8722839770834412 NaN 
161.00061422456633 2.022902480865355 3.1794948275406796 0.8722839770834412 NaN 2.022902480865355 3.1794948275406796 0.8722839770834412 NaN 
162.0001167717797 3.1698912688475502 3.1794948275406796 0.5082865160657377 NaN 3.1698912688475502 3.1794948275406796 0.5082865160657377 NaN 
163.00061422456622 3.4125912994618943 NaN 0.39772786082198763 NaN 3.4125912994618943 NaN 0.39772786082198763 NaN 
164.00033278789675 3.187201167285906 NaN 1.6833239776458981 NaN 3.187201167285906 NaN 1.6833239776458981 NaN 
165.00001297608617 3.187201167285906 NaN 1.6833239776458981 0.8221195571163094 3.187201167285906 NaN 1.6833239776458981 NaN 
166.00061422456605 1.538755134417869 NaN 0.6938358640240665 1.5450636359159375 1.538755134417869 NaN 0.6938358640240665 NaN 
167.00024121129493 2.154338354108006 3.8391124788533944 0.4229415491948316 1.037560940889108 2.154338354108006 3.8391124788533944 0.4229415491948316 1.037560940889108 
168.00061422456594 2.154338354108006 NaN 0.4229415491948316 4.147091882173299 2.154338354108006 NaN 0.4229415491948316 NaN 
169.00061422456588 1.897671644910929 NaN 0.30409612476711345 4.147091882173299 1.897671644910929 NaN 0.30409612476711345 NaN 
170.00061422456582 2.0017637304200377 NaN 0.727355217438685 5.421500395154652 2.0017637304200377 NaN 0.727355217438685 NaN 
171.0001716036723 2.0017637304200377 NaN 0.727355217438685 0.5997513451873147 2.0017637304200377 NaN 0.727355217438685 0.5997513451873147 
172.00041973935296 1.8461970071616634 1.7372295514440736 0.9258957612626375 NaN 1.8461970071616634 1.7372295514440736 0.9258957612626375 0.2115824449941215 
173.00036474391578 3.1581300708119784 3.048003424859502 1.1003506186561935 NaN 3.1581300708119784 3.048003424859502 1.1003506186561935 1.5223563184095497 
174.0001433413294 2.2308973543222237 NaN 0.9201234809067955 NaN 2.2308973543222237 4.3596512396949265 0.9201234809067955 NaN 
175.00034024488048 2.2308973543222237 NaN 0.9201234809067955 NaN 2.2308973543222237 4.3596512396949265 0.9201234809067955 NaN 
176.00061422456548 2.4438983159031693 NaN 1.1322505010677446 NaN 2.4438983159031693 NaN 1.1322505010677446 0.46941406260481244 
177.0000775741873 2.132420941864922 1.8379808861541846 0.5307563781923648 NaN 2.132420941864922 1.8379808861541846 0.5307563781923648 NaN 
178.00016006504364 3.4857733006764136 1.8379808861541846 0.5155419134544843 NaN 3.4857733006764136 1.8379808861541846 0.5155419134544843 NaN 
179.0006142245653 3.4857733006764136 3.230076977909988 0.5155419134544843 0.8765541783013191 3.4857733006764136 3.230076977909988 0.5155419134544843 0.8765541783013191 
180.00039754178505 3.5566992598529907 NaN 0.7960363445478151 NaN 3.5566992598529907 NaN 0.7960363445478151 NaN 
181.0006142245652 2.209233102188108 NaN 0.848309519956814 NaN 2.209233102188108 NaN 0.848309519956814 NaN 
182.00005054565588 3.224436744783901 3.6545915694985354 0.4463993535866848 NaN 3.224436744783901 3.6545915694985354 0.4463993535866848 0.5688042890091083 
183.00037100684173 1.4732957650209357 2.5025472999681995 0.343987412818052 NaN 1.4732957650209357 2.5025472999681995 0.343987412818052 NaN 
184.0001094653671 1.5306133732763385 2.5025472999681995 0.726178714520131 NaN 1.5306133732763385 2.5025472999681995 0.726178714520131 NaN 
185.00061422456497 2.2300085687642195 3.026088762250737 1.425573910008012 0.8125663903581994 2.2300085687642195 3.026088762250737 1.425573910008012 0.8125663903581994 
186.0006142245649 2.9357779756661557 3.026088762250737 1.3970328707878252 0.8125663903581994 2.9357779756661557 3.026088762250737 1.3970328707878252 0.8125663903581994 
187.00049655818924 2.9357779756661557 2.347214332748706 1.3970328707878252 NaN 2.9357779756661557 2.347214332748706 1.3970328707878252 NaN 
188.00025350161556 4.067031422622335 4.987471452647071 0.9936383753534983 NaN 4.067031422622335 4.987471452647071 0.9936383753534983 NaN 
189.00061422456474 3.6920877983299363 2.862645692752068 0.7038086964993511 NaN 3.6920877983299363 2.862645692752068 0.7038086964993511 NaN 
190.00061422456469 1.9744854896140396 2.862645692752068 0.7030860279047317 NaN 1.9744854896140396 2.862645692752068 0.7030860279047317 NaN 
191.0002019059222 3.49254834901285 3.4735903478447483 0.47895078525468193 1.0391120741441284 3.49254834901285 3.4735903478447483 0.47895078525468193 1.0391120741441284 
192.00026684251725 3.49254834901285 3.4735903478447483 0.47895078525468193 1.0391120741441284 3.49254834901285 3.4735903478447483 0.47895078525468193 1.0391120741441284 
193.00040532866896 4.158294300779346 2.569337249109651 0.8858710237649632 1.0512743897108408 4.158294300779346 2.569337249109651 0.8858710237649632 1.0512743897108408 
194.00055218309075 4.158294300779346 2.2135526696441445 0.8858710237649632 0.2764072561683406 4.158294300779346 2.2135526696441445 0.8858710237649632 0.2764072561683406 
195.00026991897613 2.6299180347980666 2.740388648880611 1.4676397548647628 NaN 2.6299180347980666 2.740388648880611 1.4676397548647628 0.14369123423503538 
196.00061422456434 2.4856233493939612 2.740388648880611 0.874292360294163 NaN 2.4856233493939612 2.740388648880611 0.874292360294163 0.14369123423503538 
197.00001202979107 3.7980753972236414 2.0285823304191695 0.3018533119397091 NaN 3.7980753972236414 2.0285823304191695 0.3018533119397091 NaN 
198.00015722996898 3.7980753972236414 3.673348971435928 0.3018533119397091 NaN 3.7980753972236414 3.673348971435928 0.3018533119397091 NaN 
199.00061422456417 2.30591643769435 3.673348971435928 0.45020170145861016 NaN 2.30591643769435 3.673348971435928 0.45020170145861016 NaN 
200.0003120105419 3.1992092141551325 NaN 0.18738697232936374 NaN 3.1992092141551325 NaN 0.18738697232936374 NaN 
201.00061422456406 3.1992092141551325 NaN 0.18738697232936374 NaN 3.1992092141551325 NaN 0.18738697232936374 NaN 
202.0002073549483 NaN NaN NaN NaN NaN NaN NaN 0.4074900733299103 
203.00007699119968 0.9222950647887274 NaN 0.9222950647887274 NaN 0.9222950647887274 1.5062851416846001 0.9222950647887274 1.5062851416846001 
204.0006142245639 2.0730573667854912 NaN 0.22234030731402754 NaN 2.0730573667854912 2.258207132801374 0.22234030731402754 NaN 
205.00061422456383 2.0124813779756607 NaN 1.260559386858887 NaN 2.0124813779756607 NaN 1.260559386858887 0.40089509881656227 
206.00058228640023 2.787965545029067 NaN 1.1265110593536178 NaN 2.787965545029067 NaN 1.1265110593536178 0.40089509881656227 
207.0002305321325 2.787965545029067 NaN 1.1265110593536178 NaN 2.787965545029067 NaN 1.1265110593536178 NaN 
208.00061422456366 2.4210013963593155 NaN 0.9124148764768449 0.5564562859998148 2.4210013963593155 NaN 0.9124148764768449 0.5564562859998148 
209.0006142245636 2.196798115986752 NaN 0.7279269535100923 0.5564562859998148 2.196798115986752 NaN 0.7279269535100923 0.5564562859998148 
210.0000267523238 2.196798115986752 3.4516367246500863 0.7279269535100923 NaN 2.196798115986752 3.4516367246500863 0.7279269535100923 NaN 
211.00033398411057 2.27557230888695 NaN 0.6748822072423764 0.6638992642541268 2.27557230888695 NaN 0.6748822072423764 0.6638992642541268 
212.00038908466507 1.935419737236515 NaN 0.5966382657400118 0.36389404186101615 1.935419737236515 NaN 0.5966382657400118 0.36389404186101615 
213.00061422456338 1.8944412805019795 NaN 0.9339089729009515 0.36389404186101615 1.8944412805019795 NaN 0.9339089729009515 0.36389404186101615 
214.00061422456332 1.8944412805019795 NaN 0.9339089729009515 0.4768202994714841 1.8944412805019795 NaN 0.9339089729009515 0.4768202994714841 
215.00061422456326 2.643013453764837 NaN 1.2322841813924015 NaN 2.643013453764837 NaN 1.2322841813924015 NaN 
216.00045253731298 3.9907887989636777 NaN 0.7770632565818119 NaN 3.9907887989636777 NaN 0.7770632565818119 NaN 
217.0003820028066 3.8003634683907705 NaN 0.39903641374723975 0.8212675280522888 3.8003634683907705 NaN 0.39903641374723975 0.8212675280522888 
218.00026135073492 2.8380160190864387 3.413200714811012 1.2396852344523381 0.8451214278126429 2.8380160190864387 NaN 1.2396852344523381 0.8451214278126429 
219.00051091268264 2.437885718340226 3.413200714811012 1.1937278767803434 0.8451214278126429 2.437885718340226 NaN 1.1937278767803434 0.8451214278126429 
220.00009405488848 2.437885718340226 3.5695276925383155 1.1937278767803434 NaN 2.437885718340226 3.5695276925383155 1.1937278767803434 NaN 
221.0000663051939 3.0758731798567567 NaN 0.0937854710257966 0.6441272455564331 3.0758731798567567 NaN 0.0937854710257966 0.6441272455564331 
222.0003088504194 2.701101602279067 NaN 0.18021394429945303 0.9491168010490014 2.701101602279067 NaN 0.18021394429945303 0.9491168010490014 
223.00002440445655 2.701101602279067 2.147707651184362 0.18021394429945303 2.147707651184362 2.701101602279067 2.147707651184362 0.18021394429945303 2.147707651184362 
224.0002845897667 2.884847640405269 2.147707651184362 0.6433545181951104 2.147707651184362 2.884847640405269 2.147707651184362 0.6433545181951104 2.147707651184362 
225.0006142245627 2.9739989122620045 3.3933567296085414 0.5297589837024645 NaN 2.9739989122620045 3.3933567296085414 0.5297589837024645 NaN 
226.000071219147 2.9739989122620045 3.669344338594385 0.5297589837024645 NaN 2.9739989122620045 3.669344338594385 0.5297589837024645 NaN 
227.0000019636538 3.194763988922233 3.669344338594385 0.5437965561637554 NaN 3.194763988922233 3.669344338594385 0.5437965561637554 NaN 
228.00061422456253 3.331577151063641 NaN 0.11383434188019237 1.8938439505385531 3.331577151063641 NaN 0.11383434188019237 1.8938439505385531 
229.00061422456247 3.331577151063641 NaN 0.11383434188019237 1.8938439505385531 3.331577151063641 NaN 0.11383434188019237 1.8938439505385531 
230.0002286670495 1.7078293862407747 4.567268329649664 1.0826133343876165 NaN 1.7078293862407747 4.567268329649664 1.0826133343876165 NaN 
231.00061422456236 2.454994813660676 4.618362250545488 1.2009263613451537 NaN 2.454994813660676 4.618362250545488 1.2009263613451537 0.2695234863462588 
232.0000414837631 2.6028033042834693 4.618362250545488 1.1323534565920568 NaN 2.6028033042834693 4.618362250545488 1.1323534565920568 0.2695234863462588 
233.00061422456224 2.6028033042834693 3.1279557246500076 1.1323534565920568 NaN 2.6028033042834693 3.1279557246500076 1.1323534565920568 0.35369730243863273 
234.00005391008432 3.758487707563347 3.527429484068932 0.8019871008412451 NaN 3.758487707563347 3.527429484068932 0.8019871008412451 NaN 
235.00013823140128 3.6621356004558265 3.01129144327669 0.4042296027331531 0.4815092994129202 3.6621356004558265 3.01129144327669 0.4042296027331531 0.4815092994129202 
236.00013416544348 3.6621356004558265 2.6097600213592784 0.4042296027331531 NaN 3.6621356004558265 2.6097600213592784 0.4042296027331531 NaN 
237.000614224562 2.6172105247045465 NaN 0.4587747613456088 0.8120375186906301 2.6172105247045465 NaN 0.4587747613456088 0.8120375186906301 
238.00061422456196 2.6067166433055036 NaN 0.5817513819067983 0.8120375186906301 2.6067166433055036 NaN 0.5817513819067983 0.8120375186906301 
239.00026909782866 3.0709155065535754 NaN 0.5105348511358443 0.7078169934746938 3.0709155065535754 NaN 0.5105348511358443 NaN 
240.00061422456184 3.0709155065535754 NaN 0.5105348511358443 0.42796264176428167 3.0709155065535754 NaN 0.5105348511358443 0.42796264176428167 
241.00054059665393 1.8456068555431102 NaN 0.9071093626429843 NaN 1.8456068555431102 NaN 0.9071093626429843 NaN 
242.00007246684518 3.037704501441084 3.2308644002548874 0.6532249331385458 NaN 3.037704501441084 3.2308644002548874 0.6532249331385458 NaN 
243.00061422456167 3.037704501441084 3.2308644002548874 0.6532249331385458 NaN 3.037704501441084 3.2308644002548874 0.6532249331385458 NaN 
244.00061422456162 2.435966210533678 NaN 1.0790465274454846 0.007917899520180072 2.435966210533678 NaN 1.0790465274454846 0.007917899520180072 
245.0000153674528 2.3039129064118526 NaN 1.216948479446188 NaN 2.3039129064118526 NaN 1.216948479446188 NaN 
246.0006142245615 2.3867488516019364 NaN 0.7325559265782147 NaN 2.3867488516019364 NaN 0.7325559265782147 NaN 
247.00061422456145 2.1297113667961014 1.8202339658337507 0.7467218465398844 NaN 2.1297113667961014 1.8202339658337507 0.7467218465398844 NaN 
248.0002933895139 3.1854053568478946 3.287422701337391 0.3352271010880372 NaN 3.1854053568478946 3.287422701337391 0.3352271010880372 NaN 
249.00061422456133 3.1854053568478946 1.6643117132018688 0.3352271010880372 0.6086177231500756 3.1854053568478946 1.6643117132018688 0.3352271010880372 0.6086177231500756 
250.00061422456128 3.4286392434187007 3.0584322371792325 1.0176056836769476 NaN 3.4286392434187007 3.0584322371792325 1.0176056836769476 NaN 
251.00036983192524 2.413253368988279 3.0584322371792325 1.0191328450109154 NaN 2.413253368988279 3.0584322371792325 1.0191328450109154 NaN 
252.00006435767824 3.2548081507166273 NaN 1.8606876267392636 NaN 3.2548081507166273 NaN 1.8606876267392636 NaN 
253.00014895328124 3.2548081507166273 NaN 1.8606876267392636 NaN 3.2548081507166273 NaN 1.8606876267392636 NaN 
254.00017552941276 1.7917425466930865 NaN 0.19245256636577324 1.3351497472649498 1.7917425466930865 NaN 0.19245256636577324 NaN 
255.000614224561 3.0173899675905886 3.5205012873153123 0.07430322894126107 2.678946505586964 3.0173899675905886 3.5205012873153123 0.07430322894126107 NaN 
256.0004598010172 2.687466709898075 2.594202178093269 1.3436699515760608 1.368554757195767 2.687466709898075 2.594202178093269 1.3436699515760608 NaN 
257.0006142245609 2.687466709898075 NaN 1.3436699515760608 4.837487469643662 2.687466709898075 3.309885156012939 1.3436699515760608 0.8148710124806371 
258.0006142245608 1.2102220847338288 3.120435105125523 0.4945391068141589 5.873684839653748 1.2102220847338288 3.120435105125523 0.4945391068141589 NaN 
259.00043437913877 2.193296149415147 1.7928974353657168 0.44141580148539106 0.8098233706843985 2.193296149415147 1.7928974353657168 0.44141580148539106 0.8098233706843985 
260.0006142245607 2.620343119438701 2.5499867265534135 0.3329065772588251 NaN 2.620343119438701 2.5499867265534135 0.3329065772588251 NaN 
261.00019957848065 1.9645274498249705 2.5499867265534135 1.2074381586372738 NaN 1.9645274498249705 2.5499867265534135 1.2074381586372738 NaN 
262.0006142245606 1.9645274498249705 4.121409646409745 1.2074381586372738 NaN 1.9645274498249705 4.121409646409745 1.2074381586372738 0.3639847612190579 
263.00035416590964 2.5662679332048697 NaN 0.15175848492913246 NaN 2.5662679332048697 NaN 0.15175848492913246 1.2070712896384634 
264.0000861795422 2.5880612199337065 NaN 0.475316374217698 NaN 2.5880612199337065 NaN 0.475316374217698 NaN 
265.0006142245604 2.75742828017286 NaN 1.487769962876257 1.1618809704083901 2.75742828017286 NaN 1.487769962876257 0.14942738174983106 
266.00061422456037 2.75742828017286 NaN 1.487769962876257 1.1618809704083901 2.75742828017286 NaN 1.487769962876257 0.14942738174983106 
267.00021437812046 2.878254468433056 2.295122546210621 0.10781554800473714 NaN 2.878254468433056 2.295122546210621 0.10781554800473714 NaN 
268.000290434679 2.5276650762144186 3.757626997536704 1.3944235004121879 1.354688903321346 2.5276650762144186 3.757626997536704 1.3944235004121879 0.06808095091389532 
269.0006142245602 1.3681193478111595 2.250024672611744 0.4727835785207617 NaN 1.3681193478111595 2.250024672611744 0.4727835785207617 0.9634167202042931 
270.0006134626309 2.2438140469141103 3.4552054670138546 0.14329748322160185 0.732397215881349 2.2438140469141103 3.4552054670138546 0.14329748322160185 0.732397215881349 
271.0006142245601 2.2438140469141103 1.9220559475033383 0.14329748322160185 NaN 2.2438140469141103 1.9220559475033383 0.14329748322160185 NaN 
272.00061422456 1.9377040001176056 2.7764801940564325 0.7480452684956163 0.10637897805747798 1.9377040001176056 2.7764801940564325 0.7480452684956163 0.10637897805747798 
273.00061422455997 1.7332206877505882 2.7764801940564325 0.878796441197494 0.10637897805747798 1.7332206877505882 2.7764801940564325 0.878796441197494 0.10637897805747798 
274.00039793400106 2.9899083189603743 3.4849355936734128 0.551333973687349 0.7053536575224371 2.9899083189603743 3.4849355936734128 0.551333973687349 0.7053536575224371 
275.00061422455985 2.9899083189603743 2.959909286948175 0.551333973687349 0.718046236483417 2.9899083189603743 2.959909286948175 0.551333973687349 0.718046236483417 
276.00006445143305 3.5139274404310186 NaN 0.6603971315403214 0.5646252329476624 3.5139274404310186 NaN 0.6603971315403214 0.5646252329476624 
277.00061422455974 2.0703925052522436 NaN 0.8453701407642598 0.5646252329476624 2.0703925052522436 NaN 0.8453701407642598 0.5646252329476624 
278.0006142245597 3.3579499289899104 NaN 0.39935832158090534 NaN 3.3579499289899104 NaN 0.39935832158090534 NaN 
279.00027155774006 3.3579499289899104 NaN 0.39935832158090534 0.9289569723857767 3.3579499289899104 NaN 0.39935832158090534 0.9289569723857767 
280.00018419455847 2.0336387002085416 NaN 0.7053234062418596 0.9289569723857767 2.0336387002085416 NaN 0.7053234062418596 0.9289569723857767 
281.0000856900865 3.28753932780279 NaN 0.6544186530915113 NaN 3.28753932780279 NaN 0.6544186530915113 NaN 
282.00045704181684 1.7418551063617542 NaN 1.0555910821364023 NaN 1.7418551063617542 NaN 1.0555910821364023 NaN 
283.00011543634014 1.7418551063617542 NaN 1.0555910821364023 NaN 1.7418551063617542 NaN 1.0555910821364023 NaN 
284.00043426057476 2.284528239516362 2.5873517653028557 0.988063532954925 NaN 2.284528239516362 2.5873517653028557 0.988063532954925 NaN 
285.00030105141695 2.4258211288719167 NaN 1.1667794412643389 NaN 2.4258211288719167 2.5236767485206997 1.1667794412643389 NaN 
286.00061422455923 2.4258211288719167 NaN 1.1667794412643389 NaN 2.4258211288719167 NaN 1.1667794412643389 NaN 
287.0006142245592 1.8517427966264677 NaN 0.8676178194061208 0.10976659851314707 1.8517427966264677 NaN 0.8676178194061208 0.10976659851314707 
288.0006142245591 1.998563126949989 NaN 1.0211787090307212 0.16890488775220547 1.998563126949989 NaN 1.0211787090307212 0.16890488775220547 
289.00061422455906 2.4667171714775122 2.3065180995987475 0.26996567039191177 4.015242891448963 2.4667171714775122 2.3065180995987475 0.26996567039191177 1.1755727920548793 
290.000614224559 2.4667171714775122 3.2592899833982187 0.26996567039191177 0.6828062134075594 2.4667171714775122 3.2592899833982187 0.26996567039191177 0.6828062134075594 
291.00002455959395 2.721692991120676 NaN 0.7622532030185312 0.3378916585461411 2.721692991120676 NaN 0.7622532030185312 0.3378916585461411 
292.0006142245589 2.417484380933388 NaN 0.30948056742766994 1.3457506104871868 2.417484380933388 NaN 0.30948056742766994 1.3457506104871868 
293.00061422455883 2.417484380933388 NaN 0.30948056742766994 0.705481137923357 2.417484380933388 NaN 0.30948056742766994 0.705481137923357 
294.00044848265674 1.874395008888314 3.386640935162802 0.859433303537287 NaN 1.874395008888314 3.386640935162802 0.859433303537287 0.16649531578730148 
295.0006142245587 2.3917007589572563 3.386640935162802 1.3657721396326679 NaN 2.3917007589572563 3.386640935162802 1.3657721396326679 0.16649531578730148 
296.00061422455866 2.3917007589572563 NaN 1.3657721396326679 NaN 2.3917007589572563 NaN 1.3657721396326679 NaN 
297.0006142245586 3.014819741206111 NaN 1.5443374267406966 NaN 3.014819741206111 NaN 1.5443374267406966 NaN 
298.0000606054055 3.014819741206111 NaN 1.5443374267406966 NaN 3.014819741206111 NaN 1.5443374267406966 NaN 
299.00003238579717 1.637416345134568 NaN 0.47558597091745014 NaN 1.637416345134568 NaN 0.47558597091745014 NaN 
300.0000045309362 3.0502820155579116 NaN 0.6921426925298988 NaN 3.0502820155579116 NaN 0.6921426925298988 NaN 
#####################################################################
# End of data export. Simulation finished at: 2019-09-22T08:24+0000 #
#####################################################################
