#####################################################################
# Alchemist log file - simulation started at: 2019-09-24T00:24+0000 #
#####################################################################
# seed = 25.0, stage_width = 100
#
# The columns have the following meaning: 
# time rep-bcast[Sum] rep-ccast[Sum] share-bcast[Sum] share-ccast[Sum] rep-bcast-single[Sum] rep-ccast-single[Sum] share-bcast-single[Sum] share-ccast-single[Sum] 
0.0 NaN NaN NaN NaN NaN NaN NaN NaN 
1.0000592984438004 NaN NaN 0.3573762572309176 NaN NaN NaN 0.3573762572309176 NaN 
2.0000592984438 1.2402347373264069 NaN 0.38713587410763206 0.27418806873487545 1.2402347373264069 1.1570465488303647 0.38713587410763206 0.27418806873487545 
3.000059298443801 2.0579059537517446 NaN 0.5434831476904622 0.10792961546429769 2.0579059537517446 1.8084593119851247 0.5434831476904622 0.10792961546429769 
4.0000592984438015 1.9047334143691477 NaN 0.5919967083718802 0.9891997971875033 1.9047334143691477 2.68972949370833 0.5919967083718802 0.9891997971875033 
5.000059298443802 2.1100720328010514 NaN 0.46789041013608124 1.7501112381292678 2.1100720328010514 2.5677824545546057 0.46789041013608124 1.7501112381292678 
6.000059298443803 2.502354549408038 NaN 0.4644163347590613 3.02713801183648 2.502354549408038 3.02713801183648 0.4644163347590613 NaN 
7.000059298443804 3.174452146880793 NaN 0.24451103498160798 0.4275865624911468 3.174452146880793 4.736812125512026 0.24451103498160798 NaN 
8.000059298443805 2.1383148949521766 NaN 1.2463119977019685 1.085002704560405 2.1383148949521766 1.7571003020331597 1.2463119977019685 1.085002704560405 
9.000059298443801 2.735977348782077 NaN 0.5144607119898561 0.7102245430096703 2.735977348782077 2.3841231032027856 0.5144607119898561 0.7102245430096703 
10.000059298443798 1.5513107816043927 NaN 0.39805247085222106 0.22330974733578302 1.5513107816043927 1.863482853761842 0.39805247085222106 0.22330974733578302 
11.000059298443794 2.279740873457296 NaN 0.36479722939838233 0.3636328624545211 2.279740873457296 2.0275057332386837 0.36479722939838233 0.3636328624545211 
12.00005929844379 1.7479432278177 NaN 0.7298105891520397 0.6533354092672781 1.7479432278177 2.0031277193081856 0.7298105891520397 0.6533354092672781 
13.000059298443787 2.7580157511836063 NaN 0.3945494175700528 NaN 2.7580157511836063 2.7270991960680746 0.3945494175700528 NaN 
14.000059298443784 2.7580157511836063 NaN 0.3945494175700528 NaN 2.7580157511836063 5.140332205574143 0.3945494175700528 NaN 
15.00005929844378 1.7163513382376916 NaN 0.9669911995157854 0.03456340107414668 1.7163513382376916 NaN 0.9669911995157854 0.03456340107414668 
16.000059298443777 2.101032839712989 NaN 0.24035749225311775 0.8936841479440858 2.101032839712989 3.225558591977631 0.24035749225311775 0.8936841479440858 
17.000059298443773 2.2168302961435735 NaN 0.3309768350144182 NaN 2.2168302961435735 NaN 0.3309768350144182 NaN 
18.00005929844377 2.550572157146105 3.110370527627568 0.3338857774626227 NaN 2.550572157146105 3.110370527627568 0.3338857774626227 NaN 
19.000059298443766 2.5193196070402024 3.0538594257633616 0.2518354032829393 NaN 2.5193196070402024 3.0538594257633616 0.2518354032829393 NaN 
20.000059298443762 2.367655166455876 NaN 0.18692689245271055 0.8513623323872288 2.367655166455876 NaN 0.18692689245271055 0.8513623323872288 
21.00005929844376 2.855197004708547 3.0758060489891683 0.6744687307053816 0.5544948217432442 2.855197004708547 3.0758060489891683 0.6744687307053816 0.5544948217432442 
22.000059298443755 1.9463804996270753 4.28689342030987 0.7174169471784495 NaN 1.9463804996270753 4.28689342030987 0.7174169471784495 NaN 
23.00005929844375 2.918779792231291 5.228255170302834 0.47872886846196394 0.46263288153100035 2.918779792231291 5.228255170302834 0.47872886846196394 NaN 
24.000059298443748 2.682480807311542 NaN 0.5300316859978764 0.5984301710247983 2.682480807311542 NaN 0.5300316859978764 NaN 
25.000059298443745 2.4026623776593325 NaN 0.3328387706436935 0.540475146593181 2.4026623776593325 NaN 0.3328387706436935 0.540475146593181 
26.00005929844374 1.7161462914681138 3.5460466372721875 0.8428323742312394 0.23880560725039857 1.7161462914681138 3.5460466372721875 0.8428323742312394 0.23880560725039857 
27.000059298443738 1.8193907338025461 3.5460466372721875 0.7377527523209082 0.23880560725039857 1.8193907338025461 3.5460466372721875 0.7377527523209082 0.23880560725039857 
28.000059298443734 2.952275746122993 4.707031113266741 0.7096532886468019 0.4232317236736449 2.952275746122993 4.707031113266741 0.7096532886468019 0.4232317236736449 
29.00005929844373 1.8427835243382482 2.345820074057521 0.8967535335256791 0.23637670216576723 1.8427835243382482 2.345820074057521 0.8967535335256791 0.23637670216576723 
30.000059298443727 2.351120866763715 2.099338353162807 0.1874879054755212 0.4578707750458939 2.351120866763715 2.099338353162807 0.1874879054755212 0.4578707750458939 
31.000059298443723 2.564692802480568 2.051460899395927 0.7017311514835285 0.38352163044103804 2.564692802480568 2.051460899395927 0.7017311514835285 0.38352163044103804 
32.00005929844372 2.2239391751799644 2.312323940744932 0.4933277127339828 0.2758726710404886 2.2239391751799644 2.312323940744932 0.4933277127339828 0.2758726710404886 
33.00005929844374 1.8599116741146027 3.403430191592882 1.0907112903401313 1.366978921888439 1.8599116741146027 3.403430191592882 1.0907112903401313 1.366978921888439 
34.00005929844375 2.0588932975678986 2.3760554283636495 0.9677870467199483 1.0094714669830296 2.0588932975678986 2.3760554283636495 0.9677870467199483 1.0094714669830296 
35.000059298443766 2.1208341335055607 NaN 0.294166059176419 0.8588810276091934 2.1208341335055607 NaN 0.294166059176419 0.8588810276091934 
36.00005929844378 2.1208341335055607 NaN 0.294166059176419 0.8588810276091934 2.1208341335055607 NaN 0.294166059176419 0.8588810276091934 
37.000059298443794 3.0285635343338413 2.3541479807391283 0.7466666383453529 0.5063794198002185 3.0285635343338413 2.3541479807391283 0.7466666383453529 0.5063794198002185 
38.00005929844381 3.1942305827795394 2.3541479807391283 0.9392368912005438 0.5063794198002185 3.1942305827795394 2.3541479807391283 0.9392368912005438 0.5063794198002185 
39.00005929844382 2.5789388993563946 3.4779777223508574 0.6644207943002272 0.18459285041118534 2.5789388993563946 3.4779777223508574 0.6644207943002272 0.18459285041118534 
40.00005929844384 2.916274566020384 2.357479009063418 0.6028172820560513 0.5252067480523763 2.916274566020384 2.357479009063418 0.6028172820560513 0.5252067480523763 
41.00005929844385 2.360570343419994 2.3539266761042867 1.1709428010673903 0.3768890012844466 2.360570343419994 2.3539266761042867 1.1709428010673903 0.3768890012844466 
42.000059298443865 2.4319171533460633 2.6246410779158467 0.33248282348259295 NaN 2.4319171533460633 2.6246410779158467 0.33248282348259295 NaN 
43.00005929844388 1.5774066038531913 2.5055843676911422 0.5684392839694681 NaN 1.5774066038531913 2.5055843676911422 0.5684392839694681 NaN 
44.000059298443894 1.5774066038531913 3.520126087497772 0.5684392839694681 NaN 1.5774066038531913 3.520126087497772 0.5684392839694681 NaN 
45.00005929844391 1.679084922030782 5.015616026205464 0.6645432022241522 NaN 1.679084922030782 5.015616026205464 0.6645432022241522 NaN 
46.00005929844392 1.872013609323318 3.005785277421147 0.37652367061562586 0.6876692322606672 1.872013609323318 3.005785277421147 0.37652367061562586 0.6876692322606672 
47.00005929844394 1.9776209622701657 2.618347159341049 0.19022053941265682 0.5429229823408122 1.9776209622701657 2.618347159341049 0.19022053941265682 0.5429229823408122 
48.00005929844395 1.8255368654091413 2.362820613782297 0.15038548388751138 NaN 1.8255368654091413 2.362820613782297 0.15038548388751138 NaN 
49.000059298443965 2.3512610835358743 1.9015765850185673 0.25946395910465014 0.9894677790032986 2.3512610835358743 1.9015765850185673 0.25946395910465014 0.9894677790032986 
50.00005929844398 2.1489880903684266 3.0567749233872448 1.0091348274776166 0.14606351089106084 2.1489880903684266 3.0567749233872448 1.0091348274776166 0.14606351089106084 
51.00005929844399 2.1489880903684266 1.551715992748285 1.0091348274776166 0.8020451243753186 2.1489880903684266 1.551715992748285 1.0091348274776166 0.8020451243753186 
52.00005929844401 2.401875933812825 2.606997917224909 0.5906959819598896 0.46458594251673446 2.401875933812825 2.606997917224909 0.5906959819598896 2.606997917224909 
53.00005929844402 1.690278626076271 3.23191443123126 0.6349967015996469 0.7395906807796706 1.690278626076271 3.23191443123126 0.6349967015996469 0.7395906807796706 
54.00002311031835 2.936670000854022 2.7423748538764414 0.5068006939980805 0.39640083498230894 2.936670000854022 2.7423748538764414 0.5068006939980805 0.39640083498230894 
55.00005929844405 1.9695672561091229 5.1514429206779795 0.6245011385712402 0.39182582189508963 1.9695672561091229 5.1514429206779795 0.6245011385712402 0.39182582189508963 
56.000059298444064 1.5313874228747153 2.2341864030785885 0.5150604624083854 0.3063981452215643 1.5313874228747153 2.2341864030785885 0.5150604624083854 0.3063981452215643 
57.00005929844408 1.8750795164591807 1.7763182325751856 1.053620908829231 0.07265834520148928 1.8750795164591807 1.7763182325751856 1.053620908829231 0.07265834520148928 
58.00005929844409 2.2640760552360106 1.7763182325751856 1.1377968012052904 0.07265834520148928 2.2640760552360106 1.7763182325751856 1.1377968012052904 0.07265834520148928 
59.00005929844411 2.10744952120983 1.9573637640358825 0.22274410237543663 NaN 2.10744952120983 1.9573637640358825 0.22274410237543663 0.7469086176291029 
60.00005929844412 1.741297112347361 1.5009864342326864 0.34962504972639863 0.5313337142281469 1.741297112347361 1.5009864342326864 0.34962504972639863 0.5313337142281469 
61.000059298444135 2.0570568878907665 2.6319696885547756 0.1719958169650937 NaN 2.0570568878907665 2.6319696885547756 0.1719958169650937 2.6319696885547756 
62.00005929844415 2.377578861515559 1.7477135197365996 0.28024029205256085 0.7943594981758153 2.377578861515559 1.7477135197365996 0.28024029205256085 0.7943594981758153 
63.000059298444164 2.377578861515559 1.6920581490977185 0.28024029205256085 0.6174583588693423 2.377578861515559 1.6920581490977185 0.28024029205256085 0.6174583588693423 
64.00005929844417 2.569034696790716 2.9248834476746453 0.7049807307279039 0.5278445678490229 2.569034696790716 2.9248834476746453 0.7049807307279039 0.5278445678490229 
65.00005929844419 2.572171831870925 NaN 0.44164788237209507 NaN 2.572171831870925 NaN 0.44164788237209507 NaN 
66.0000592984442 2.890912168373447 NaN 0.5529815999840224 0.5020113893138216 2.890912168373447 NaN 0.5529815999840224 0.5020113893138216 
67.00005929844421 3.2482212131471186 NaN 0.43250474032039676 NaN 3.2482212131471186 NaN 0.43250474032039676 NaN 
68.00005929844423 2.077721864586607 1.936099526026993 1.422103650870227 1.005654981778875 2.077721864586607 1.936099526026993 1.422103650870227 1.005654981778875 
69.00005929844424 2.3897661704105957 1.936099526026993 0.951606448311324 1.005654981778875 2.3897661704105957 1.936099526026993 0.951606448311324 1.005654981778875 
70.00005929844426 2.3897661704105957 2.7441466053594894 0.951606448311324 NaN 2.3897661704105957 2.7441466053594894 0.951606448311324 NaN 
71.00005929844427 2.345481844085839 3.038612264632377 0.6069902205052244 0.6770743493174933 2.345481844085839 3.038612264632377 0.6069902205052244 0.6770743493174933 
72.00005929844428 2.984010521622068 3.0432782708532926 1.0013975195208502 NaN 2.984010521622068 3.0432782708532926 1.0013975195208502 NaN 
73.0000592984443 2.984010521622068 3.0432782708532926 1.0013975195208502 NaN 2.984010521622068 3.0432782708532926 1.0013975195208502 NaN 
74.00005929844431 2.285652760668981 2.5968592566656383 0.138630338893023 NaN 2.285652760668981 2.5968592566656383 0.138630338893023 NaN 
75.00005929844433 2.6594344767677995 2.5968592566656383 0.7311131117188978 NaN 2.6594344767677995 2.5968592566656383 0.7311131117188978 NaN 
76.00005929844434 2.5553284330834316 3.8386644924441384 0.5598957282707033 0.5106921240596023 2.5553284330834316 3.8386644924441384 0.5598957282707033 0.5106921240596023 
77.00005929844436 2.8299005714569176 2.964602368406929 0.48029533319119366 NaN 2.8299005714569176 2.964602368406929 0.48029533319119366 NaN 
78.00005929844437 2.6737820383076354 NaN 0.5373780531786707 0.5483086494505471 2.6737820383076354 NaN 0.5373780531786707 0.5483086494505471 
79.00005929844438 2.5676973569027126 3.128517502498184 0.43701120792050574 1.0146311924612519 2.5676973569027126 3.128517502498184 0.43701120792050574 1.0146311924612519 
80.0000592984444 3.030862443566704 4.12910666398227 0.4502492152850408 0.5503399461990455 3.030862443566704 4.12910666398227 0.4502492152850408 0.5503399461990455 
81.00005929844441 NaN NaN 0.3017047671532822 NaN NaN NaN 0.3017047671532822 NaN 
82.00005929844443 NaN NaN 0.42395432258480525 NaN NaN NaN 0.42395432258480525 NaN 
83.00005929844444 2.503024905214076 NaN 0.4791996336210218 NaN 2.503024905214076 NaN 0.4791996336210218 NaN 
84.00005929844446 2.503024905214076 NaN 0.4791996336210218 0.4769407772442378 2.503024905214076 2.6782609153050316 0.4791996336210218 0.4769407772442378 
85.00005929844447 1.521621558601268 NaN 0.5707969415850016 0.38815853002303413 1.521621558601268 3.629085532321298 0.5707969415850016 0.38815853002303413 
86.00005929844448 2.3646222025220283 NaN 0.6698478216452486 0.17315282227551165 2.3646222025220283 NaN 0.6698478216452486 0.17315282227551165 
87.0000592984445 1.8035960466696253 NaN 0.5537625310870453 0.5799856939373313 1.8035960466696253 2.3819418094661273 0.5537625310870453 1.4229863378580916 
88.00005929844451 2.6239306173935546 NaN 0.10763220362814252 2.6894512360409237 2.6239306173935546 2.6894512360409237 0.10763220362814252 0.7127023670957868 
89.00005929844453 2.5471597032678517 1.8731619271170814 0.12023524506372496 1.052827356393152 2.5471597032678517 1.8731619271170814 0.12023524506372496 1.052827356393152 
90.00005929844454 2.5471597032678517 2.644117722071883 0.12023524506372496 0.6507205498910764 2.5471597032678517 2.644117722071883 0.12023524506372496 0.6507205498910764 
91.00005929844455 2.6614470577962805 2.8864754852218795 0.7300317028201846 0.33266063105374144 2.6614470577962805 2.8864754852218795 0.7300317028201846 0.33266063105374144 
92.00005929844457 1.7444990352480971 3.72708281911963 0.6818067013741711 0.15880063252357957 1.7444990352480971 3.72708281911963 0.6818067013741711 0.15880063252357957 
93.00005929844458 2.2504709098464275 3.608507637428687 0.3553761561827429 0.5128742766310666 2.2504709098464275 3.608507637428687 0.3553761561827429 0.5128742766310666 
94.0000592984446 2.344859416311948 1.9383799810956077 0.5652800677399199 0.3697157726233513 2.344859416311948 1.9383799810956077 0.5652800677399199 0.3697157726233513 
95.00005929844461 2.0498988889602003 2.0140086988841546 0.5487644667071123 0.21076242570707393 2.0498988889602003 2.0140086988841546 0.5487644667071123 0.21076242570707393 
96.00005929844463 2.0498988889602003 1.9835749398759788 0.5487644667071123 NaN 2.0498988889602003 1.9835749398759788 0.5487644667071123 NaN 
97.00005929844464 1.8297257106417817 3.0538070075922263 0.04228953830445903 NaN 1.8297257106417817 3.0538070075922263 0.04228953830445903 NaN 
98.00005871205427 0.9543494330237792 3.3042011265554407 0.7039553140605648 0.20810458065875537 0.9543494330237792 3.3042011265554407 0.7039553140605648 0.20810458065875537 
99.00005929844467 1.765585893067012 1.7218934596619988 0.6521075475018421 NaN 1.765585893067012 1.7218934596619988 0.6521075475018421 NaN 
100.00005929844468 1.6636309494185468 1.7178942036136817 0.10486565834625594 NaN 1.6636309494185468 1.7178942036136817 0.10486565834625594 NaN 
101.0000592984447 2.051409120765726 1.8814274484741134 0.1685787771910583 0.8699040465574086 2.051409120765726 1.8814274484741134 0.1685787771910583 0.8699040465574086 
102.00005929844471 1.8101203737903404 2.4519665408519415 0.2648115765088477 0.4019603151867699 1.8101203737903404 2.4519665408519415 0.2648115765088477 0.4019603151867699 
103.00005929844473 1.9364453165787552 1.4177182147926715 0.35014832459502543 NaN 1.9364453165787552 1.4177182147926715 0.35014832459502543 NaN 
104.00005929844474 2.828194014365465 2.517060109104719 0.5929063632119949 0.7116665740378778 2.828194014365465 2.517060109104719 0.5929063632119949 0.7116665740378778 
105.00005929844475 1.477959358971546 1.9761167107718904 0.3712240751521989 0.5138289206073523 1.477959358971546 1.9761167107718904 0.3712240751521989 0.5138289206073523 
106.00004215380264 1.6389335779128515 2.6388844427776235 0.41601459654786765 0.2915436568535341 1.6389335779128515 2.6388844427776235 0.41601459654786765 0.2915436568535341 
107.00005929844478 2.0073472441060716 2.9781730075633277 0.3452559076540638 0.45699684284990383 2.0073472441060716 2.9781730075633277 0.3452559076540638 0.45699684284990383 
108.0000592984448 2.515713063096058 2.9781730075633277 0.7141367081458156 0.45699684284990383 2.515713063096058 2.9781730075633277 0.7141367081458156 0.45699684284990383 
109.00005929844481 2.582992657970834 2.6846766630209373 0.481625002848304 0.584978196472747 2.582992657970834 2.6846766630209373 0.481625002848304 0.584978196472747 
110.00005929844482 2.7517701459464234 2.7655167304975947 0.44325025829873255 0.5277799801808243 2.7517701459464234 2.7655167304975947 0.44325025829873255 0.5277799801808243 
111.00005929844484 2.7330585672906267 3.780698828122155 0.7084714866369382 0.14790235637001103 2.7330585672906267 3.780698828122155 0.7084714866369382 0.14790235637001103 
112.00005929844485 2.7330585672906267 1.8907962950853374 0.7084714866369382 1.4667668121295208 2.7330585672906267 1.8907962950853374 0.7084714866369382 1.4667668121295208 
113.00005929844487 2.8324548156578118 2.2421695935637302 0.4984082622737418 0.2769945191604677 2.8324548156578118 2.2421695935637302 0.4984082622737418 0.2769945191604677 
114.0000103410769 2.320246982181928 3.0097329936348842 1.5448442007477183 0.9529503106507349 2.320246982181928 3.0097329936348842 1.5448442007477183 0.9529503106507349 
115.0000592984449 2.5831595903389513 2.3544313611778307 0.1838195658266386 0.26968003311262123 2.5831595903389513 2.3544313611778307 0.1838195658266386 0.26968003311262123 
116.00005929844491 1.4803606665312827 1.6150840942782025 1.026861067592023 2.4889413625985526 1.4803606665312827 1.6150840942782025 1.026861067592023 2.4889413625985526 
117.00005929844492 2.384188387232996 1.148886721135952 0.8481973352851782 0.24505900043423878 2.384188387232996 1.148886721135952 0.8481973352851782 0.24505900043423878 
118.00005929844494 2.97823379040355 2.4036261647618034 0.8024860016755753 1.4997984440600902 2.97823379040355 2.4036261647618034 0.8024860016755753 1.4997984440600902 
119.00005929844495 2.8372947191307674 2.4036261647618034 0.489298939785499 1.4997984440600902 2.8372947191307674 2.4036261647618034 0.489298939785499 1.4997984440600902 
120.00005929844497 2.5345336524724047 1.594274929820699 0.13777272097613036 2.641819931930513 2.5345336524724047 1.594274929820699 0.13777272097613036 0.6527225480849239 
121.00005929844498 3.1056213373924777 2.7858642059816106 0.7720105733611433 NaN 3.1056213373924777 2.7858642059816106 0.7720105733611433 NaN 
122.000059298445 3.1056213373924777 2.1530998949470472 0.7720105733611433 0.3272727664011228 3.1056213373924777 2.1530998949470472 0.7720105733611433 0.3272727664011228 
123.00005929844501 2.0794137445117826 2.308180159801907 0.9801304047495165 0.17658589915956213 2.0794137445117826 2.308180159801907 0.9801304047495165 0.17658589915956213 
124.00005929844502 3.257268657004218 3.3851303441676777 1.0012690133328732 0.07568117103289751 3.257268657004218 3.3851303441676777 1.0012690133328732 0.07568117103289751 
125.00005929844504 3.1092766560411462 4.286505969051277 0.8756101677662969 0.9770567959164964 3.1092766560411462 4.286505969051277 0.8756101677662969 0.9770567959164964 
126.00005929844505 1.9713759722910424 1.7611358576817224 0.2859212856422175 NaN 1.9713759722910424 1.7611358576817224 0.2859212856422175 NaN 
127.00005929844507 2.865134908300476 4.214108902380417 1.179680221651651 0.09543791055460815 2.865134908300476 4.214108902380417 1.179680221651651 0.09543791055460815 
128.00005929844508 1.2972770729539178 1.9651564736530531 0.9982931613955088 NaN 1.2972770729539178 1.9651564736530531 0.9982931613955088 NaN 
129.00005929844502 2.1363838117807887 2.3943728748465958 0.8614402731333684 0.46153506406960787 2.1363838117807887 2.3943728748465958 0.8614402731333684 NaN 
130.00005929844497 2.811982019385937 2.114587566203113 0.5130470550939492 0.30089870821268505 2.811982019385937 2.114587566203113 0.5130470550939492 0.30089870821268505 
131.0000592984449 1.9346290228214968 2.4720786306018 1.1206832595148626 0.07591454371069517 1.9346290228214968 2.4720786306018 1.1206832595148626 0.07591454371069517 
132.00005929844485 1.9346290228214968 2.5627755119546123 1.1206832595148626 1.1411935442270646 1.9346290228214968 2.5627755119546123 1.1206832595148626 1.1411935442270646 
133.0000592984448 2.6411371931686176 3.3201437757430767 0.3792603894266904 NaN 2.6411371931686176 3.3201437757430767 0.3792603894266904 NaN 
134.00005929844474 2.3559191113756413 NaN 0.5332718470708073 0.2563097841115223 2.3559191113756413 NaN 0.5332718470708073 0.2563097841115223 
135.00005929844468 2.5400092000743086 NaN 0.15761917518597102 0.26206295079225583 2.5400092000743086 NaN 0.15761917518597102 0.26206295079225583 
136.00005929844463 1.837571656349951 NaN 0.5824494004541805 0.4713595614358894 1.837571656349951 NaN 0.5824494004541805 0.4713595614358894 
137.00005929844457 2.0018123708858013 1.9766272207968143 0.5283212830175046 0.132434025096984 2.0018123708858013 1.9766272207968143 0.5283212830175046 0.132434025096984 
138.0000592984445 1.7516371627266096 2.1344674010351525 0.08852932312734652 1.1347865565817585 1.7516371627266096 2.1344674010351525 0.08852932312734652 NaN 
139.00005929844446 2.284108577393539 3.1245252780176713 0.29169816892624567 0.9015285538551723 2.284108577393539 3.1245252780176713 0.29169816892624567 0.9015285538551723 
140.0000592984444 2.32426148195745 2.8703148739687947 0.5887331645704137 0.4537722714782717 2.32426148195745 2.8703148739687947 0.5887331645704137 0.4537722714782717 
141.00005929844434 1.7700069574023587 2.7378802726523475 1.0245365169978413 0.5021481138222441 1.7700069574023587 2.7378802726523475 1.0245365169978413 0.5021481138222441 
142.00005929844428 2.0378655569097077 2.433376660730886 0.9469842785170499 0.955067872254773 2.0378655569097077 2.433376660730886 0.9469842785170499 0.955067872254773 
143.00005929844423 2.401092736785415 2.688743113903314 0.5585141332383046 0.22130561572308238 2.401092736785415 2.688743113903314 0.5585141332383046 0.22130561572308238 
144.00005929844417 2.3083646774691147 1.7501595487830741 0.5746894358205736 0.5055061677969945 2.3083646774691147 1.7501595487830741 0.5746894358205736 0.5055061677969945 
145.0000592984441 1.9154057268623887 2.3480230601167875 0.8352101232448206 0.2113117175313164 1.9154057268623887 2.3480230601167875 0.8352101232448206 0.2113117175313164 
146.00005929844406 1.972831729352663 2.3480230601167875 0.926309888576526 0.2113117175313164 1.972831729352663 2.3480230601167875 0.926309888576526 0.2113117175313164 
147.000059298444 1.972831729352663 3.0974857491765135 0.926309888576526 0.6191478520268561 1.972831729352663 3.0974857491765135 0.926309888576526 0.6191478520268561 
148.00005929844394 3.90981179485712 2.7194129076218303 0.35518876399046917 0.4139659433055556 3.90981179485712 2.7194129076218303 0.35518876399046917 0.4139659433055556 
149.0000592984439 2.0687292595881672 2.922907967231964 1.1060858101010353 0.9859279017275071 2.0687292595881672 2.922907967231964 1.1060858101010353 0.9859279017275071 
150.00005929844383 3.4214421395093098 2.922907967231964 1.1176820243042016 0.9859279017275071 3.4214421395093098 2.922907967231964 1.1176820243042016 0.9859279017275071 
151.00005929844377 3.4048281846720556 2.3786772177599858 0.6150375158243548 0.07993484318896549 3.4048281846720556 2.3786772177599858 0.6150375158243548 0.07993484318896549 
152.00005772045034 3.0193800784024347 2.3786772177599858 0.8757337162593899 0.07993484318896549 3.0193800784024347 2.3786772177599858 0.8757337162593899 0.07993484318896549 
153.00005929844366 3.0193800784024347 3.6432360527118988 0.8757337162593899 0.3888251186925231 3.0193800784024347 3.6432360527118988 0.8757337162593899 0.3888251186925231 
154.00003647582915 2.3174265910045335 2.739168737071708 0.053145422873939197 0.34180730287820893 2.3174265910045335 2.739168737071708 0.053145422873939197 0.34180730287820893 
155.00005929844355 1.1354883318322209 2.856465422968938 0.7405356060800727 0.33242963926551283 1.1354883318322209 2.856465422968938 0.7405356060800727 0.33242963926551283 
156.0000592984435 1.7887177435225112 2.3597354940408195 0.7157524981769257 0.22921044764009935 1.7887177435225112 2.3597354940408195 0.7157524981769257 0.22921044764009935 
157.00005929844343 1.8970419713662352 2.388454156348672 0.9520790255492102 0.15898254571692405 1.8970419713662352 2.388454156348672 0.9520790255492102 0.15898254571692405 
158.00005929844338 2.1665973385754 3.3288798160948545 0.11511010756308337 1.0994082054631065 2.1665973385754 3.3288798160948545 0.11511010756308337 1.0994082054631065 
159.00005929844332 1.95630432514659 1.8014311136036554 0.3138557572598586 0.5869128005774655 1.95630432514659 1.8014311136036554 0.3138557572598586 0.5869128005774655 
160.00005929844326 2.224168115717788 2.9852978711809044 0.33827844999999 NaN 2.224168115717788 2.9852978711809044 0.33827844999999 NaN 
161.0000592984432 2.3547095272065803 2.5532496209445696 0.3883727068394762 NaN 2.3547095272065803 2.5532496209445696 0.3883727068394762 NaN 
162.00003379988786 2.3582348784064777 1.4707237271539384 0.5492327012525493 NaN 2.3582348784064777 1.4707237271539384 0.5492327012525493 NaN 
163.0000592984431 2.2166186442156004 3.7426407181153536 0.12645898920749232 0.5143948393914854 2.2166186442156004 3.7426407181153536 0.12645898920749232 0.5143948393914854 
164.00005929844303 2.3839742869585336 2.636392744376451 0.38574095010667975 0.8081468070003268 2.3839742869585336 2.636392744376451 0.38574095010667975 0.8081468070003268 
165.00005929844298 2.195179302617305 2.2748292329273454 0.43474490908144503 0.8674754916306142 2.195179302617305 2.2748292329273454 0.43474490908144503 0.8674754916306142 
166.00005929844292 1.7726341390632854 1.8027605355534035 0.837349095140496 NaN 1.7726341390632854 1.8027605355534035 0.837349095140496 NaN 
167.00005929844286 2.606527787094251 2.897523912637041 0.576479366087824 0.25741428194314153 2.606527787094251 2.897523912637041 0.576479366087824 0.25741428194314153 
168.0000592984428 2.6520337152172715 4.061668525138231 0.3931257256324443 0.5876652464133656 2.6520337152172715 4.061668525138231 0.3931257256324443 0.5876652464133656 
169.00005929844275 2.6520337152172715 2.404086108841483 0.3931257256324443 0.5894014887647074 2.6520337152172715 2.404086108841483 0.3931257256324443 0.5894014887647074 
170.0000592984427 2.78240042807775 2.4102240932732 0.6357286011794088 0.2043030312832741 2.78240042807775 2.4102240932732 0.6357286011794088 0.2043030312832741 
171.00005929844264 2.8218956568471185 3.518179385744361 0.9993368099872839 NaN 2.8218956568471185 3.518179385744361 0.9993368099872839 NaN 
172.00005929844258 2.0153586230433973 2.3771347587048126 0.9074033305722367 0.15747310437814122 2.0153586230433973 2.3771347587048126 0.9074033305722367 0.15747310437814122 
173.00005929844252 1.88452400905868 2.2181417481641006 0.819647574108302 0.22499925662154396 1.88452400905868 2.2181417481641006 0.819647574108302 1.2021199351079872 
174.00005929844247 2.138203191574803 2.6137393590667273 1.093556360844957 NaN 2.138203191574803 2.6137393590667273 1.093556360844957 NaN 
175.0000592984424 2.843216387533488 2.6137393590667273 0.3869501328449019 NaN 2.843216387533488 2.6137393590667273 0.3869501328449019 NaN 
176.00005929844235 3.059883698795119 2.323489381944313 0.439920005482179 0.3571620439941512 3.059883698795119 2.323489381944313 0.439920005482179 0.3571620439941512 
177.0000592984423 1.9099576300048113 3.0035791805783276 0.4327857818944665 1.0372518426281658 1.9099576300048113 3.0035791805783276 0.4327857818944665 NaN 
178.00005929844224 1.7572094674407026 3.87189308428367 0.20880576510134574 0.43552812181087575 1.7572094674407026 3.87189308428367 0.20880576510134574 0.43552812181087575 
179.00005929844218 1.9182766585188062 NaN 0.3102178946022889 0.5309390951098294 1.9182766585188062 NaN 0.3102178946022889 0.5309390951098294 
180.00005929844212 1.9618840567677864 1.9931740228961985 1.2221391965566113 NaN 1.9618840567677864 1.9931740228961985 1.2221391965566113 NaN 
181.00005929844207 2.2617157739877314 3.275386426893192 0.7994808462013623 NaN 2.2617157739877314 3.275386426893192 0.7994808462013623 NaN 
182.000059298442 3.076653787464153 1.5405327525346024 0.3322064556807902 0.725594739058181 3.076653787464153 1.5405327525346024 0.3322064556807902 0.725594739058181 
183.00005929844195 1.8527941321769106 1.812964749006312 0.5225609409662297 0.9980267355298906 1.8527941321769106 1.812964749006312 0.5225609409662297 0.9980267355298906 
184.0000592984419 1.8476228669336763 2.908778479503212 0.4793771399650666 1.0600419510759878 1.8476228669336763 2.908778479503212 0.4793771399650666 1.0600419510759878 
185.00005929844184 1.8476228669336763 2.4552377268944383 0.4793771399650666 0.915818635853384 1.8476228669336763 2.4552377268944383 0.4793771399650666 0.915818635853384 
186.00005929844178 1.7151586786546886 2.4552377268944383 1.1433424355249997 0.915818635853384 1.7151586786546886 2.4552377268944383 1.1433424355249997 0.915818635853384 
187.00005929844173 2.1946524937935123 3.3810246810234617 0.2102601349894826 1.0218128879689914 2.1946524937935123 3.3810246810234617 0.2102601349894826 1.0218128879689914 
188.00005929844167 2.1946524937935123 1.3377807607309933 0.2102601349894826 NaN 2.1946524937935123 1.3377807607309933 0.2102601349894826 NaN 
189.0000592984416 2.7209372326557 2.5920860785395803 0.39808483426546104 0.43635792581449095 2.7209372326557 2.5920860785395803 0.39808483426546104 0.43635792581449095 
190.00005929844156 2.3330577573659355 3.9984864960652544 0.4249312298513246 1.0901791355205148 2.3330577573659355 3.9984864960652544 0.4249312298513246 1.0901791355205148 
191.0000592984415 1.87991411841233 2.7979758954160445 0.13565675295001256 0.48170385118922354 1.87991411841233 2.7979758954160445 0.13565675295001256 0.48170385118922354 
192.00005929844144 2.799079128480514 2.5117722638675275 0.43746115887896053 1.0299429797206585 2.799079128480514 2.5117722638675275 0.43746115887896053 1.0299429797206585 
193.00005929844139 1.704200273992143 2.6727542077020985 0.31431159633424954 1.871592528847117 1.704200273992143 2.6727542077020985 0.31431159633424954 1.871592528847117 
194.00005929844133 2.1248773339432887 2.091050063326122 0.14460524026964094 0.8243109482129398 2.1248773339432887 2.091050063326122 0.14460524026964094 0.8243109482129398 
195.00005929844127 2.2876027794013396 1.3630587430304502 0.2698016205064846 0.35868374844594086 2.2876027794013396 1.3630587430304502 0.2698016205064846 0.35868374844594086 
196.00005929844122 1.9619811728704235 2.397365946669254 0.4543171895703324 1.3929909520847445 1.9619811728704235 2.397365946669254 0.4543171895703324 1.3929909520847445 
197.00005929844116 2.1215676738593743 2.22862601584319 0.25162540646212506 0.58729565032084 2.1215676738593743 2.22862601584319 0.25162540646212506 0.58729565032084 
198.0000592984411 1.7611185292033724 2.354872106312172 0.9254834654449269 1.526542678806095 1.7611185292033724 2.354872106312172 0.9254834654449269 1.526542678806095 
199.00005929844104 2.543296742677512 4.23887340260228 0.17942856263212548 2.59754303707993 2.543296742677512 4.23887340260228 0.17942856263212548 2.59754303707993 
200.000059298441 1.4743527762649649 1.5324519067909534 0.40335241799112964 0.8265137809598002 1.4743527762649649 1.5324519067909534 0.40335241799112964 NaN 
201.00005508467962 NaN NaN 0.444901652745898 NaN NaN NaN 0.444901652745898 NaN 
202.00005929844087 NaN NaN 0.3056612698979677 NaN NaN NaN 0.3056612698979677 NaN 
203.00005929844082 1.7119952669068539 NaN 0.560112817325745 0.8462211796831411 1.7119952669068539 NaN 0.560112817325745 0.8462211796831411 
204.00005929844076 1.4776772153305444 NaN 0.6684191907907575 0.26348034482288085 1.4776772153305444 NaN 0.6684191907907575 0.26348034482288085 
205.0000592984407 2.1170449106278113 NaN 0.37588735047438604 0.5128823739565291 2.1170449106278113 1.152250069253796 0.37588735047438604 0.5128823739565291 
206.00005929844065 1.5112806776152752 NaN 0.62251095318436 1.0721885123360835 1.5112806776152752 1.7115562076333504 0.62251095318436 1.0721885123360835 
207.0000592984406 2.5768075944394013 NaN 1.1287317316289318 NaN 2.5768075944394013 2.8588561722937698 1.1287317316289318 NaN 
208.00005929844053 2.3336464721369623 NaN 0.1935230860930801 NaN 2.3336464721369623 3.2123118983799657 0.1935230860930801 NaN 
209.00005929844048 3.127371261815483 NaN 0.987247875771601 0.20718176399128652 3.127371261815483 5.04610923344012 0.987247875771601 NaN 
210.00005929844042 3.136714272557356 2.107899282030843 0.9494612114110055 NaN 3.136714272557356 2.107899282030843 0.9494612114110055 NaN 
211.00005560311388 1.8816484979659833 3.0130859131612056 0.7746557696049479 NaN 1.8816484979659833 3.0130859131612056 0.7746557696049479 NaN 
212.0000592984403 2.0649076399161856 3.0130859131612056 1.159721008785823 NaN 2.0649076399161856 3.0130859131612056 1.159721008785823 NaN 
213.00005929844025 2.91088621710324 3.2090607395669792 0.6718643242466271 0.14064300551370934 2.91088621710324 3.2090607395669792 0.6718643242466271 NaN 
214.0000592984402 2.8059058490919426 4.175531575233407 0.6595632576053561 0.3069075780610717 2.8059058490919426 4.175531575233407 0.6595632576053561 0.3069075780610717 
215.00005929844014 2.272938601283869 2.996154691688048 0.4939604358571046 1.3499698513819283 2.272938601283869 2.996154691688048 0.4939604358571046 1.3499698513819283 
216.00005929844008 2.501336621640263 3.5920033844447516 0.4918035126529787 1.945818544138632 2.501336621640263 3.5920033844447516 0.4918035126529787 1.945818544138632 
217.00005929844002 1.5167397080692524 1.960704993152774 0.10513655238023034 2.7615730070709503 1.5167397080692524 1.960704993152774 0.10513655238023034 2.7615730070709503 
218.00005929843996 2.0733194981570477 NaN 0.2521553986169067 0.9002730842275923 2.0733194981570477 NaN 0.2521553986169067 0.9002730842275923 
219.0000592984399 2.353877029533379 NaN 0.050111892390049206 2.1986285847630995 2.353877029533379 NaN 0.050111892390049206 NaN 
220.00005929843985 3.014409630485801 NaN 0.7106444933424712 0.669436927183682 3.014409630485801 NaN 0.7106444933424712 0.669436927183682 
221.0000592984398 1.9005881995930451 1.9210278385415052 1.181039380019314 NaN 1.9005881995930451 1.9210278385415052 1.181039380019314 NaN 
222.00005929843974 2.3141373928993687 2.773088175528926 0.21048614455412462 NaN 2.3141373928993687 2.773088175528926 0.21048614455412462 NaN 
223.00005929843968 2.3743445967867274 3.3802360738509094 0.2546037605249012 0.47892735088584004 2.3743445967867274 3.3802360738509094 0.2546037605249012 0.47892735088584004 
224.00005929843962 2.3152113623348782 3.3802360738509094 1.047530863060473 0.47892735088584004 2.3152113623348782 3.3802360738509094 1.047530863060473 0.47892735088584004 
225.00005929843957 3.435191149916733 2.3774291559022913 0.847275849460317 0.2727039381215377 3.435191149916733 2.3774291559022913 0.847275849460317 0.2727039381215377 
226.0000592984395 3.435191149916733 1.732615555352936 0.847275849460317 0.6126357677710814 3.435191149916733 1.732615555352936 0.847275849460317 NaN 
227.00005929843945 3.362179835593736 2.6902975149059216 0.5820334171803268 0.8311363539424121 3.362179835593736 2.6902975149059216 0.5820334171803268 NaN 
228.0000592984394 2.984032617375476 2.772104502359298 1.5241210001440777 0.6353477344441387 2.984032617375476 2.772104502359298 1.5241210001440777 0.6353477344441387 
229.00005929843934 2.6680271494933265 1.6422740304402055 0.5085584149051101 0.49836788109095664 2.6680271494933265 1.6422740304402055 0.5085584149051101 0.49836788109095664 
230.00005929843928 2.442574197122184 2.338564310324017 0.6893489376606396 0.31610144036460497 2.442574197122184 2.338564310324017 0.6893489376606396 0.31610144036460497 
231.00005929843923 1.5559634975224128 1.327665925458433 0.8596732176386013 0.15189126745522685 1.5559634975224128 1.327665925458433 0.8596732176386013 0.15189126745522685 
232.00005929843917 2.179082638462944 1.9260734587038257 0.2599505219822902 2.235233556845259 2.179082638462944 1.9260734587038257 0.2599505219822902 2.235233556845259 
233.0000592984391 2.2219498335451533 3.0517216137963032 0.18873404706585006 0.8656976331101873 2.2219498335451533 3.0517216137963032 0.18873404706585006 0.8656976331101873 
234.00005929843906 2.196742925738505 3.4557030636496506 1.0710947706460274 0.19950123906909312 2.196742925738505 4.322317623511424 1.0710947706460274 0.19950123906909312 
235.000059298439 2.2181158837062753 2.277687337796692 0.9475198739911548 0.24830550115626693 2.2181158837062753 2.277687337796692 0.9475198739911548 0.24830550115626693 
236.00005929843894 3.4162086808906054 3.1337461763394003 0.9497872960280631 2.251385452759223 3.4162086808906054 3.1337461763394003 0.9497872960280631 2.251385452759223 
237.00005929843888 3.0897522307091663 2.891677784287367 0.3975756854908923 2.891677784287367 3.0897522307091663 2.891677784287367 0.3975756854908923 2.891677784287367 
238.00005929843883 1.781761217564224 NaN 0.17425621989067963 0.45846316128273656 1.781761217564224 NaN 0.17425621989067963 0.45846316128273656 
239.00005929843877 2.290303326516721 1.1575619476107306 0.6827983288431767 1.1575619476107306 2.290303326516721 1.1575619476107306 0.6827983288431767 1.1575619476107306 
240.0000513097172 1.8434729821940152 2.1004565451752057 0.511654814692605 0.43123978287187015 1.8434729821940152 2.1004565451752057 0.511654814692605 0.43123978287187015 
241.00005929843866 2.192168137751821 2.6453962839323424 0.550174753859352 0.9761795216290068 2.192168137751821 2.6453962839323424 0.550174753859352 0.9761795216290068 
242.0000592984386 1.478855280178692 1.8663914383704991 0.5886433634371997 0.884976901639277 1.478855280178692 1.8663914383704991 0.5886433634371997 0.884976901639277 
243.00005929843854 1.5203865536909404 2.965534900588949 0.4212430914724905 0.5105000987812502 1.5203865536909404 2.965534900588949 0.4212430914724905 0.5105000987812502 
244.0000592984385 1.8122119081931487 3.8397960345451168 0.937950774236981 NaN 1.8122119081931487 3.8397960345451168 0.937950774236981 NaN 
245.00005929843843 1.8122119081931487 2.671604174200894 0.937950774236981 0.3488921672264951 1.8122119081931487 2.671604174200894 0.937950774236981 0.3488921672264951 
246.00005929843837 2.7349078991592535 2.694662427842104 0.49326351380082656 0.1313199982587605 2.7349078991592535 2.694662427842104 0.49326351380082656 NaN 
247.00005929843832 2.305246799164024 1.7023657337776115 0.3061514283538429 NaN 2.305246799164024 1.7023657337776115 0.3061514283538429 NaN 
248.00005929843826 1.4083528057048227 1.7023657337776115 0.8816009971012022 NaN 1.4083528057048227 1.7023657337776115 0.8816009971012022 NaN 
249.0000592984382 2.383188270601039 3.4884117939547536 0.665326240784168 NaN 2.383188270601039 3.4884117939547536 0.665326240784168 NaN 
250.00005929843815 2.979248880151573 3.9735976179373154 0.08343348393228212 1.0393789342218724 2.979248880151573 3.9735976179373154 0.08343348393228212 NaN 
251.0000592984381 2.2086144405008667 3.0762795790934376 0.036779924483369086 NaN 2.2086144405008667 3.0762795790934376 0.036779924483369086 NaN 
252.00005929843803 2.037101266325351 2.1568299143000047 0.975036086350002 NaN 2.037101266325351 2.1568299143000047 0.975036086350002 NaN 
253.00005929843798 2.6405205095134647 2.1568299143000047 0.4002571112811779 NaN 2.6405205095134647 2.1568299143000047 0.4002571112811779 NaN 
254.00005929843792 2.9167431092898823 3.640033888305709 0.25534091702724027 1.0829468627245262 2.9167431092898823 3.640033888305709 0.25534091702724027 1.0829468627245262 
255.00005929843786 2.7873920137469668 1.2220392632340804 0.22791000608739864 1.2220392632340804 2.7873920137469668 1.2220392632340804 0.22791000608739864 1.2220392632340804 
256.0000592984378 2.3012140061954938 2.010489932003594 1.2249359725416298 0.9616428092895717 2.3012140061954938 2.010489932003594 1.2249359725416298 0.9616428092895717 
257.00005929843775 3.1608493546587795 3.24082665155683 0.8950185056279452 NaN 3.1608493546587795 3.24082665155683 0.8950185056279452 NaN 
258.0000592984377 2.7959374060247626 3.5418959456708023 0.07497857698058397 NaN 2.7959374060247626 3.5418959456708023 0.07497857698058397 NaN 
259.00005929843763 1.677794072596157 1.8712344373018368 0.1418778492196111 1.1598683522819897 1.677794072596157 1.8712344373018368 0.1418778492196111 1.1598683522819897 
260.0000592984376 2.150033902067662 2.2896477318686266 0.9151869728050883 0.9879015303670258 2.150033902067662 2.2896477318686266 0.9151869728050883 0.9879015303670258 
261.0000592984375 2.847325660274919 1.9343238118864292 0.4826993514257083 0.46372293009369514 2.847325660274919 1.9343238118864292 0.4826993514257083 0.46372293009369514 
262.00005929843746 1.607741212999315 1.9046570885358847 0.6613189314799115 0.08232346875502117 1.607741212999315 1.9046570885358847 0.6613189314799115 0.08232346875502117 
263.0000592984374 2.3418448001790466 NaN 0.6872508890138533 0.09623932437784788 2.3418448001790466 NaN 0.6872508890138533 0.09623932437784788 
264.00005929843735 2.3418448001790466 1.3082588538023856 0.6872508890138533 0.5247686404106844 2.3418448001790466 1.3082588538023856 0.6872508890138533 0.5247686404106844 
265.0000592984373 1.8332173733487593 2.447477586388061 0.6211978439242216 0.5180208886614537 1.8332173733487593 2.447477586388061 0.6211978439242216 0.5180208886614537 
266.00005929843724 2.4864983365029616 2.751146561873554 0.26012041504009176 NaN 2.4864983365029616 2.751146561873554 0.26012041504009176 NaN 
267.0000592984372 1.510940808293583 1.7053110113790808 1.100611230316531 0.010731994209152163 1.510940808293583 1.7053110113790808 1.100611230316531 0.8512228094855914 
268.0000592984371 2.3383726981455766 1.975343278697892 0.8166998956428415 1.1348524634214527 2.3383726981455766 1.975343278697892 0.8166998956428415 1.1348524634214527 
269.00005929843707 2.804074604579398 2.9281139884052436 0.5686109108414144 NaN 2.804074604579398 2.9281139884052436 0.5686109108414144 NaN 
270.0000045742748 3.214740520710336 2.7132036840153546 0.5122688309041337 NaN 3.214740520710336 2.7132036840153546 0.5122688309041337 NaN 
271.00005929843695 3.214740520710336 3.3422571678945587 0.5122688309041337 0.9442165428270641 3.214740520710336 3.3422571678945587 0.5122688309041337 0.9442165428270641 
272.0000592984369 2.3091969893279725 4.177531738457844 0.8527116155967747 0.6165226100977179 2.3091969893279725 4.177531738457844 0.8527116155967747 0.6165226100977179 
273.00005929843684 1.969493597371752 1.3216287900645511 0.4291128468416332 NaN 1.969493597371752 1.3216287900645511 0.4291128468416332 NaN 
274.0000592984368 2.641207963987199 2.264968997262372 0.1574870062592595 0.5142273603561875 2.641207963987199 2.264968997262372 0.1574870062592595 0.5142273603561875 
275.0000592984367 1.3167318043812202 1.4763206166287546 0.35463854810865314 0.8046062500133075 1.3167318043812202 1.4763206166287546 0.35463854810865314 0.8046062500133075 
276.00005929843667 2.0969885742707675 2.81598356702483 1.1348953179982004 NaN 2.0969885742707675 2.81598356702483 1.1348953179982004 NaN 
277.0000592984366 2.4078557002400203 1.9252158314132544 0.12800132071811277 NaN 2.4078557002400203 1.9252158314132544 0.12800132071811277 NaN 
278.00005929843655 3.1187526967212875 3.1252830913201706 0.83889831719938 NaN 3.1187526967212875 3.1252830913201706 0.83889831719938 NaN 
279.0000592984365 1.0040823801979286 2.1299733583027773 0.5601657482871474 NaN 1.0040823801979286 2.1299733583027773 0.5601657482871474 NaN 
280.00005929843644 1.8157645675320282 3.156308297191572 0.31394051650727306 NaN 1.8157645675320282 3.156308297191572 0.31394051650727306 NaN 
281.0000592984364 2.8597853025622157 4.1103542943554885 1.3579612515374606 0.6224196845152505 2.8597853025622157 4.1103542943554885 1.3579612515374606 NaN 
282.0000592984363 2.6143699314644095 NaN 0.6339889954116984 1.3172159697534198 2.6143699314644095 NaN 0.6339889954116984 NaN 
283.00005929843627 1.9069251831705287 NaN 1.2121288979323595 1.3172159697534198 1.9069251831705287 NaN 1.2121288979323595 NaN 
284.0000010879859 2.6996129873371046 NaN 0.5766380858822799 NaN 2.6996129873371046 NaN 0.5766380858822799 0.21604971828429598 
285.00005929843616 2.957471467954065 NaN 0.3792932675952443 NaN 2.957471467954065 NaN 0.3792932675952443 NaN 
286.0000592984361 2.5543787380050844 2.3445568683416127 0.4258715879477677 0.5992142983199074 2.5543787380050844 2.3445568683416127 0.4258715879477677 0.5992142983199074 
287.00005929843604 2.337611691912514 3.3212641561598275 0.4352495694176355 1.343523504037023 2.337611691912514 NaN 0.4352495694176355 1.343523504037023 
288.000059298436 2.5336720247817652 2.374625469806631 0.7642769327969745 0.2668250329726334 2.5336720247817652 2.374625469806631 0.7642769327969745 0.2668250329726334 
289.00005929843593 2.01487304740391 3.0637636888832844 0.2946328625576484 0.9559632520492869 2.01487304740391 3.0637636888832844 0.2946328625576484 0.9559632520492869 
290.0000023285211 2.01487304740391 4.111020484982532 0.2946328625576484 NaN 2.01487304740391 4.111020484982532 0.2946328625576484 NaN 
291.0000592984358 2.2261131582279745 4.990241047779477 0.4897181430520732 NaN 2.2261131582279745 4.990241047779477 0.4897181430520732 NaN 
292.00005929843576 2.42358189981087 5.902095975231816 0.4971045409146768 0.41475038653766205 2.42358189981087 5.902095975231816 0.4971045409146768 0.41475038653766205 
293.0000592984357 2.3458278186591883 2.3226193119820095 0.5547523284099043 NaN 2.3458278186591883 2.3226193119820095 0.5547523284099043 NaN 
294.00005929843564 2.46516919074287 2.6108782912171478 0.5320522985057323 0.6428136413889547 2.46516919074287 2.6108782912171478 0.5320522985057323 0.6428136413889547 
295.0000592984356 2.1561864051845987 2.6789238223348093 0.9813204652899117 0.6483570590611976 2.1561864051845987 2.6789238223348093 0.9813204652899117 0.6483570590611976 
296.00004902187857 2.844435683286008 1.6700431629028003 0.6320214973260931 NaN 2.844435683286008 1.6700431629028003 0.6320214973260931 NaN 
297.0000592984355 1.9910965858096574 1.5360280634588435 0.9694104819680547 0.17695297497527918 1.9910965858096574 1.5360280634588435 0.9694104819680547 0.17695297497527918 
298.0000592984354 1.7604814831698263 1.673654200669489 0.6141180262264925 0.3825600098800237 1.7604814831698263 1.673654200669489 0.6141180262264925 0.3825600098800237 
299.00005929843536 3.00426624541268 1.802821545030156 0.23203421841446925 NaN 3.00426624541268 1.802821545030156 0.23203421841446925 NaN 
300.0000592984353 1.542872167840244 3.188688478180609 0.24554338893142358 0.47218529925856956 1.542872167840244 3.188688478180609 0.24554338893142358 0.47218529925856956 
#####################################################################
# End of data export. Simulation finished at: 2019-09-24T00:53+0000 #
#####################################################################
