#####################################################################
# Alchemist log file - simulation started at: 2019-09-17T15:43+0000 #
#####################################################################
# seed = 5.0, stage_width = 2000
#
# The columns have the following meaning: 
# time rep-bcast[Sum] rep-ccast[Sum] share-bcast[Sum] share-ccast[Sum] 
0.0 NaN NaN NaN NaN 
1.0000161682863336 NaN NaN NaN NaN 
2.0000161682863333 NaN NaN NaN NaN 
3.000016168286334 NaN NaN NaN NaN 
4.000016168286335 NaN NaN NaN NaN 
5.0000161682863355 NaN NaN 3.9561031925024714 NaN 
6.000016168286336 NaN NaN 3.9561031925024714 NaN 
7.000016168286337 NaN NaN 2.88645890848267 NaN 
8.000016168286338 NaN NaN 4.105924811041218 NaN 
9.000016168286335 NaN NaN 4.14560175182112 3.586011017502493 
10.000016168286331 NaN NaN 3.4874802462526215 4.49383777868975 
11.000016168286328 NaN NaN 4.584056605212682 4.350789686181258 
12.000016168286324 NaN NaN 4.584056605212682 4.171511046846032 
13.00001616828632 NaN NaN 4.084074952716913 4.171511046846032 
14.000016168286317 NaN NaN 3.1286804393525056 4.123964431300063 
15.000016168286313 NaN NaN 3.1286804393525056 3.8018354547471542 
16.00001616828631 NaN NaN 3.5652851288121887 3.8018354547471542 
17.000016168286308 NaN NaN 3.4248096117740072 4.099227907307428 
18.000016168286304 NaN NaN 3.1224134382095876 5.413433060964353 
19.0000161682863 NaN NaN 4.210866152872018 3.8081506116539003 
20.000016168286297 NaN NaN 3.490663035457871 3.8081506116539003 
21.000016168286294 NaN NaN 3.3070903565559107 3.969040939462065 
22.00001616828629 NaN NaN 4.016208865248728 3.937112708659132 
23.000016168286287 NaN NaN 4.0131576981562205 3.937112708659132 
24.000016168286283 NaN NaN 4.0131576981562205 4.273075431792673 
25.00001616828628 NaN NaN 3.641592838073443 4.264101109790001 
26.000016168286276 25.060258725292066 NaN 3.847953605797038 3.8936263408543823 
27.000016168286272 25.060258725292066 NaN 3.847953605797038 4.008362802492769 
28.00001616828627 26.667462577539283 NaN 3.1872813622621052 4.008362802492769 
29.000016168286265 27.90340034465274 NaN 2.9539429148634007 4.4142789782039955 
30.000016168286262 27.84176579250807 NaN 3.0192295256084485 4.062203999438779 
31.00001616828626 27.84176579250807 NaN 3.0192295256084485 4.062203999438779 
32.00001616828626 27.94521141170834 NaN 2.743917603394536 3.7464643676163583 
33.00001616828627 29.310294846366833 NaN 2.8662134619941178 4.285544360614523 
34.00001616828629 28.707090476060863 NaN 3.7450143493672563 4.285544360614523 
35.0000161682863 30.05287876379669 NaN 3.799338416678289 2.889411656895895 
36.000016168286315 27.36951529891506 NaN 2.7226848036527613 4.278884895451597 
37.00001616828633 28.223067404069184 NaN 3.5762369088068837 4.278884895451597 
38.00001616828634 29.67928352028821 NaN 3.70839332133081 4.638539876316699 
39.00001616828636 28.292895488186346 NaN 3.306047775690338 3.952027736890578 
40.00001616828637 28.292895488186346 NaN 3.306047775690338 3.952027736890578 
41.000016168286386 27.259702773529128 NaN 3.0624394916458897 4.898403083961668 
42.0000161682864 28.44931635332044 NaN 2.7139760357543565 3.9725279118457593 
43.000016168286415 26.4066804643004 NaN 3.966804435605198 3.9725279118457593 
44.00001616828643 26.4066804643004 NaN 3.966804435605198 4.769333147276562 
45.00001616828644 27.72687542310768 NaN 3.64225990025529 4.769333147276562 
46.00001616828646 26.362895335104238 NaN 3.498222631676775 3.6280184241585616 
47.00001616828647 27.383762026052278 NaN 4.519089322624815 3.7934012596905333 
48.00000559397492 27.00957196694727 NaN 3.8555167288567986 3.1857334415538645 
49.0000161682865 25.186598353002037 NaN 3.31603135165561 4.350798943693967 
50.000016168286514 26.476093007577422 NaN 2.4747876301775733 3.4379243297650603 
51.00001616828653 27.70525467942034 NaN 2.538883799880388 3.4379243297650603 
52.00001616828654 27.70525467942034 27.23971402338477 2.538883799880388 3.8717348945109435 
53.00001616828656 26.811977540534894 28.869499446222875 3.9583435334932844 3.2220820518223903 
54.00001616828657 28.349540154609787 28.869499446222875 4.14805828987032 3.2220820518223903 
55.000016168286585 28.349540154609787 29.953909946100495 4.14805828987032 4.3064925517000106 
56.0000161682866 29.929326862126725 28.572002475267322 2.5438886752252543 6.126651487938183 
57.00001616828661 26.42239380085797 28.572002475267322 3.2099609088980046 6.126651487938183 
58.00001616828663 27.393402898023087 30.087021085090203 3.0965595061855 3.455486078230358 
59.00001616828664 27.375325883457116 26.27134525848846 4.3699467120443245 3.3812371532973557 
60.000016168286656 28.614177923767706 27.405935458666228 3.788639816116742 3.8497551198023743 
61.00001616828667 29.789689350460463 25.42720083240303 3.4491326329866183 3.822964718569125 
62.000016168286685 29.789689350460463 25.42720083240303 3.4491326329866183 3.822964718569125 
63.0000161682867 28.074047859420943 26.793768832989834 3.327030823169885 5.1895327191559275 
64.0000161682867 27.73114667074902 28.109179020548794 3.2390126728758943 6.504942906714888 
65.00001616828672 27.551419664335477 28.109179020548794 3.8398053860540813 6.504942906714888 
66.00001616828673 27.551419664335477 29.839958501168255 3.8398053860540813 4.547971714472176 
67.00001616828675 28.88724944279965 28.70263615856537 3.809067163931452 4.336981620475235 
68.00001616828676 27.100076780861883 27.70396979849692 3.889300844274757 5.806573084801165 
69.00001616828678 26.623084158768037 27.70396979849692 4.79620127143815 5.806573084801165 
70.00001616828679 28.163980132487907 28.148479492611578 3.4338718857682977 4.849112899713305 
71.00000095237284 28.163980132487907 28.148479492611578 3.4338718857682977 4.849112899713305 
72.00001616828682 29.30317576660883 27.162415760235184 4.573067519889221 3.704598879628591 
73.00001616828683 27.240471549066697 28.570293481717492 4.354133754519651 4.205576173947506 
74.00001616828685 28.63653397900626 29.68098251015501 2.529113284271517 3.7753692286651557 
75.00001616828686 26.96792584543602 29.68098251015501 2.991243526754701 3.7753692286651557 
76.00001616828688 27.332303180066475 27.835642178553044 3.1128086420429497 5.311111703267969 
77.00001616828689 27.332303180066475 26.86108096533338 3.1128086420429497 6.615988755574961 
78.0000161682869 28.63723828884781 26.86108096533338 3.3070547223867663 6.615988755574961 
79.00001616828692 27.128721476523104 25.90465089800788 4.700556667083816 4.0601340882052455 
80.00001616828693 26.44462575934955 27.32125870503493 2.8056268458385603 5.476741895232294 
81.00001616828695 NaN NaN NaN NaN 
82.00001616828696 NaN NaN NaN NaN 
83.00001616828698 NaN NaN NaN NaN 
84.00001616828699 NaN NaN NaN NaN 
85.000016168287 NaN NaN 3.662394326327231 NaN 
86.00001616828702 NaN NaN 2.77832587699379 NaN 
87.00001616828703 NaN NaN 2.77832587699379 NaN 
88.00001616828705 NaN NaN 2.7435386489847247 NaN 
89.00001616828706 NaN NaN 3.9457389456633223 NaN 
90.00001616828708 NaN NaN 3.919321069959665 NaN 
91.00001616828709 NaN NaN 3.6007979913442227 NaN 
92.0000161682871 NaN NaN 3.6007979913442227 NaN 
93.00001616828712 NaN NaN 4.075753026585858 NaN 
94.00001616828713 NaN NaN 4.075753026585858 NaN 
95.00001616828715 NaN NaN 3.7953452627738784 NaN 
96.00001616828716 NaN NaN 4.063720451153756 NaN 
97.00001616828717 NaN NaN 4.063720451153756 NaN 
98.00001616828719 NaN NaN 3.1602358105989907 3.3821393050532578 
99.0000161682872 NaN NaN 4.3340900409073555 4.420720490609071 
100.00001616828722 NaN NaN 3.422685462585207 4.420720490609071 
101.00001616828723 NaN NaN 3.422685462585207 4.379491411677151 
102.00001616828725 NaN NaN 3.7510717455712523 2.8858413288869116 
103.00001616828726 NaN NaN 3.7510717455712523 3.8842421499892055 
104.00001616828727 NaN NaN 3.029792392882271 3.2813891274225853 
105.00001616828729 NaN NaN 2.803094982656262 4.838722898258624 
106.0000161682873 NaN NaN 2.803094982656262 4.838722898258624 
107.00001616828732 NaN NaN 3.1596215375134875 4.681881288483666 
108.00001616828733 26.337296159094805 NaN 2.5804297787064314 4.500536960254593 
109.00001616828735 27.815790425913647 NaN 4.0589240455252735 3.5166400865944354 
110.00001616828736 27.815790425913647 NaN 4.0589240455252735 4.694506901893163 
111.00001616828737 29.351340619155224 NaN 4.012649465006888 4.694506901893163 
112.00001616828739 27.173160230190035 NaN 3.2433015253819804 4.421803998596147 
113.0000161682874 27.173160230190035 NaN 3.2433015253819804 4.258904717987178 
114.00001616828742 24.93559168193451 NaN 3.848378909537516 4.258904717987178 
115.00001616828743 26.421173803555774 NaN 3.9095737636211965 3.9506344940025286 
116.00001616828744 26.421173803555774 NaN 3.9095737636211965 4.1778794276430204 
117.00001616828746 26.942063792129517 NaN 3.313856849245724 3.480799134212532 
118.00001616828747 26.815324235418146 NaN 3.241602674526675 3.480799134212532 
119.00001616828749 26.815324235418146 NaN 3.241602674526675 3.896697528901427 
120.0000161682875 26.290107079306793 NaN 3.2391576689224877 3.6923039514080784 
121.00001616828752 26.478807481944955 NaN 3.433695362748921 3.6923039514080784 
122.00001616828753 28.115830271783366 NaN 3.169237636277174 3.90380745434355 
123.00001616828754 28.115830271783366 NaN 3.169237636277174 5.093012587885497 
124.00001616828756 25.715244249604154 NaN 3.540126425142944 5.093012587885497 
125.00001616828757 24.88516983779911 NaN 3.558699242021177 4.573514604205954 
126.00000111246047 24.88516983779911 NaN 3.558699242021177 4.573514604205954 
127.0000161682876 26.40334711008866 NaN 3.8876713807687793 4.292181079224903 
128.0000161682876 27.1959709969248 NaN 3.1616258634532386 4.01689550525343 
129.0000151816833 25.845824098579214 NaN 4.01079683217705 4.07898175739345 
130.0000161682875 25.845824098579214 NaN 4.01079683217705 4.07898175739345 
131.00001616828743 26.213984238943283 NaN 3.3329727443806547 3.8803668241046267 
132.00001616828737 26.213984238943283 NaN 3.3329727443806547 3.890424341441374 
133.00001616828732 27.591839946568996 NaN 3.2636400855147656 3.689943500558769 
134.00001616828726 25.573033797976137 NaN 3.688710267483657 3.689943500558769 
135.0000161682872 25.573033797976137 NaN 3.688710267483657 5.265563552338676 
136.00001616828715 26.83434386166161 NaN 2.6193487029221387 3.3261792980396194 
137.0000161682871 28.167201110575093 NaN 3.952205951835623 4.076874676125868 
138.00001616828703 25.977404490207235 NaN 3.4255843874279606 5.412345401855504 
139.00001616828698 27.321253425164613 NaN 3.4054679578585763 4.669984969169292 
140.00001616828692 27.321253425164613 NaN 3.4054679578585763 5.723525673321035 
141.00001616828686 25.948997772477114 NaN 3.825391882551628 4.4239301300249 
142.0000161682868 25.99346409829876 NaN 4.173898372461736 4.4239301300249 
143.00000975066996 25.99346409829876 NaN 4.173898372461736 4.6131471617262605 
144.0000161682867 25.274613612400927 NaN 3.6452989064941903 4.1982583088803835 
145.00001616828663 24.819282795832265 NaN 3.7887024498360518 4.2437932617357035 
146.00001616828658 24.819282795832265 NaN 3.7887024498360518 4.1029532884819275 
147.00001616828652 24.734262255498336 NaN 2.9030356057903646 3.3980464924083833 
148.00001616828646 25.10985884219933 NaN 3.251683070398684 3.2050827391825862 
149.0000161682864 25.10985884219933 NaN 3.251683070398684 3.2050827391825862 
150.00001616828635 26.51693529153168 NaN 2.2933157469510093 3.348379661178427 
151.0000161682863 28.225414856190767 NaN 4.0017953116100955 4.672801042217884 
152.00001616828624 28.225414856190767 NaN 4.0017953116100955 4.672801042217884 
153.00001616828618 27.36711179539276 NaN 4.2964501917777795 4.421665610485633 
154.00001616828612 28.90024579830606 NaN 3.080357134516362 2.6975088548861663 
155.00001616828607 28.90024579830606 NaN 3.080357134516362 2.6975088548861663 
156.000016168286 28.22693335677006 NaN 3.696696403466177 4.264555922576079 
157.00001616828595 28.22693335677006 NaN 3.696696403466177 3.738872561299985 
158.0000161682859 27.10927692461493 NaN 2.3873443507214915 4.011186285790359 
159.00001616828584 27.631352526589836 NaN 3.712101356869283 3.16987269849227 
160.00001616828578 27.631352526589836 NaN 3.712101356869283 3.16987269849227 
161.00001616828573 26.073017249512787 NaN 2.984358775496645 4.4580574961197215 
162.00001616828567 27.40488320459272 NaN 2.681119534849614 2.8177666998889492 
163.0000161682856 26.566237587477985 NaN 2.6689498627204387 4.030468809042361 
164.00001616828555 26.566237587477985 NaN 2.6689498627204387 3.512971541532977 
165.0000161682855 27.84219921223007 NaN 3.944911487472524 3.512971541532977 
166.00001616828544 26.76256264102193 NaN 2.6567551378697942 4.015394308376415 
167.00001616828538 27.89335460959967 NaN 3.7875471064475335 4.088375432461703 
168.00001616828533 27.89335460959967 NaN 3.7875471064475335 4.088375432461703 
169.00001616828527 25.17256514486283 NaN 2.7199792631594164 4.440540773011151 
170.0000160484772 26.484064579346438 NaN 4.031478697643024 4.440540773011151 
171.00001616828516 26.484064579346438 NaN 4.031478697643024 4.782115982696411 
172.0000161682851 27.852643174135608 NaN 4.05106104284863 4.774229469881817 
173.00001616828504 25.852381659072506 NaN 4.004270590898642 6.066129195238261 
174.000016168285 27.08958216534117 NaN 3.6417896446771465 6.066129195238261 
175.00001616828493 27.08958216534117 NaN 3.6417896446771465 4.370952832741722 
176.00001616828487 25.90934249610143 NaN 4.008461758228407 4.250035056298856 
177.00001616828482 27.542063866159168 NaN 4.3492834029297 3.756429534223116 
178.00001616828476 27.542063866159168 NaN 4.3492834029297 3.5227013473797797 
179.00001337639944 28.247024966978216 NaN 3.7201833845520014 3.585026695820801 
180.00001616828465 28.247024966978216 NaN 3.7201833845520014 3.585026695820801 
181.0000161682846 28.353184835307474 NaN 4.052278550116142 3.133393667310372 
182.00001616828453 25.750311239980476 NaN 4.418362039756175 3.2458899855313064 
183.00001616828447 25.750311239980476 NaN 4.418362039756175 3.3789079879560973 
184.00001616828442 25.61517910097311 NaN 3.355686368849746 3.2578233220833965 
185.00001616828436 26.973439259862744 NaN 3.5016505845899815 4.453955431434565 
186.00000162354874 26.973439259862744 NaN 3.5016505845899815 4.453955431434565 
187.00001616828425 27.10372908343598 NaN 3.6580315189708017 6.303007940510639 
188.0000161682842 27.214246151737285 NaN 3.7579918939323136 3.091771645834797 
189.00001616828413 28.54734383699204 NaN 3.8949574698359015 2.8010140989606214 
190.00001616828408 28.54734383699204 NaN 3.8949574698359015 2.8010140989606214 
191.00001616828402 27.550097493964444 NaN 2.408025948464399 4.311161362245031 
192.00001616828396 28.036230411357337 NaN 2.9937123502633938 4.241912177617792 
193.0000161682839 28.036230411357337 NaN 2.9937123502633938 4.241912177617792 
194.00001616828385 27.87976821304153 NaN 3.1613916105865485 4.253692086241784 
195.0000161682838 27.85666399733836 NaN 3.1578309631654236 4.054206207557172 
196.00001616828374 27.85666399733836 NaN 3.1578309631654236 3.7319845159485396 
197.00001096873967 25.857029097438243 NaN 3.041126887178251 4.765749493423044 
198.00001616828362 27.37057233151316 NaN 3.2051397505577484 4.320514711242424 
199.00001616828357 27.37057233151316 NaN 3.2051397505577484 4.320514711242424 
200.0000161682835 25.215746668964414 NaN 3.6842519939666545 5.702674893313002 
201.00001616828345 25.215746668964414 NaN 3.6842519939666545 NaN 
202.0000161682834 NaN 128.7112101105054 NaN NaN 
203.00001616828334 NaN 130.54762104648344 NaN NaN 
204.00001616828328 NaN 130.54762104648344 NaN NaN 
205.00001616828322 NaN 131.80289491532147 3.9193492888198875 NaN 
206.00001616828317 NaN 133.30743702530802 3.0559157713514082 NaN 
207.0000161682831 NaN 133.30743702530802 2.8257866078066343 NaN 
208.00001616828305 NaN 134.90716890626254 2.8257866078066343 NaN 
209.000016168283 NaN 136.19567217361902 3.8811922052719012 NaN 
210.00001616828294 NaN 136.19567217361902 3.7277012657411603 NaN 
211.00001616828288 NaN 137.7455949803398 3.444823505885438 NaN 
212.00001616828283 NaN 139.1037356142941 3.923436202901712 NaN 
213.00001616828277 NaN 140.41349612537797 3.704164846800012 NaN 
214.0000161682827 NaN 140.41349612537797 3.182753787406 NaN 
215.00001616828266 NaN 141.8040192291806 2.875957022295694 NaN 
216.0000161682826 NaN 142.95419348277412 2.789292185030888 NaN 
217.00001616828254 NaN 144.31954034785832 3.717964233779014 3.391191580112519 
218.00001616828249 NaN 144.31954034785832 3.6903258897030184 3.391191580112519 
219.00001616828243 NaN 145.72022796642977 3.538590246225283 3.740535329839986 
220.00001616828237 NaN 147.0039759088104 3.538590246225283 5.0242832722206 
221.00001616828231 NaN 147.0039759088104 3.5946723468267976 5.0242832722206 
222.00001616828226 NaN 148.7137318696822 3.4950049948770925 4.582271510525203 
223.0000161682822 NaN 150.26053105994976 3.527453605621673 3.767747330950357 
224.00001616828214 NaN 150.26053105994976 3.527453605621673 3.767747330950357 
225.0000161682821 NaN 151.89629850972773 3.0768387524238108 3.982085815042609 
226.00001616828203 NaN 153.30563994423133 4.324529564608213 5.391427249546211 
227.00001616828197 NaN 154.47001878491457 3.4135895705680923 3.9385892704825096 
228.00001616828192 NaN 154.47001878491457 4.45925810356664 3.9385892704825096 
229.00001616828186 NaN 155.93573384400088 4.101309869846432 4.145163221894876 
230.0000161682818 25.354033466178265 157.61491119555498 3.8512884372684084 3.9407905650371333 
231.00001616828175 26.56854435634085 157.61491119555498 3.901420486747753 3.9407905650371333 
232.0000161682817 27.63491629798517 159.5489454502721 3.5020773693057663 4.829156286755705 
233.00001616828163 27.63491629798517 160.5322643323982 3.5020773693057663 3.37533595089846 
234.00001616828158 25.87947244428767 160.5322643323982 4.8509075065493334 3.37533595089846 
235.00001616828152 25.623544076115735 161.65214587562858 4.20430505417977 4.495217494128838 
236.00001616828146 26.993943283781505 163.135184753951 2.6573511250023216 4.76374548228867 
237.0000161682814 27.78557100117351 164.22090968457465 3.4489788423943253 5.849470412912325 
238.00001616828135 26.473657077296707 165.5891029289278 2.4422079376398074 3.7698866791930357 
239.0000161682813 26.473657077296707 165.5891029289278 2.4422079376398074 3.7698866791930357 
240.00001616828123 27.818191005489638 166.90095097227768 3.786741865832738 5.081734722542933 
241.00001616828118 26.57540750533275 168.18582938460432 4.158517049938695 4.204586209811794 
242.00001616828112 25.25775305926649 169.4286797073699 3.9881904781970263 3.851287015779093 
243.00001616828106 26.32809847589121 170.2667241666961 3.7466878514718474 3.3447975469123605 
244.000016168281 26.32809847589121 171.5623868634974 3.7466878514718474 3.182960128984064 
245.00001616828095 27.976365510977928 171.5623868634974 2.8672261514663546 3.182960128984064 
246.0000161682809 29.067333217050134 173.18030878126527 3.1201493982123623 3.6030153741404547 
247.00001616828084 27.53933461760596 173.18030878126527 2.98092366291894 3.6030153741404547 
248.00001616828078 28.63631745255799 174.6872843258175 4.07790649787097 4.03964550206797 
249.00001616828072 28.63631745255799 176.42580696785132 4.07790649787097 4.129901109015066 
250.00001616828067 26.60402969053635 176.42580696785132 3.6842519692208384 4.129901109015066 
251.0000161682806 27.71586590243956 178.04774304353285 3.289112636571815 3.5044325171164985 
252.00001616828055 27.23199109332961 179.44945572481976 4.441005277239839 3.809162363451378 
253.0000161682805 28.223770447293845 179.44945572481976 3.6942619891702577 3.809162363451378 
254.00001616828044 26.579833433562754 180.7330076827391 3.0021091749444793 3.8684469322529935 
255.00001616828038 27.488161846950135 182.50266546451422 2.50872490704495 4.526268502124907 
256.00001616828035 28.349404513837356 182.50266546451422 3.369967573932172 4.526268502124907 
257.0000161682803 29.444886753938363 184.31359277632257 4.465449814033178 4.193523819300992 
258.00001616828024 27.517647844508247 185.2409812887644 4.399551357324128 4.191129070287076 
259.0000161682802 24.88389913411362 185.2409812887644 4.033379545227973 4.191129070287076 
260.0000161682801 24.88389913411362 186.86484608061593 4.033379545227973 2.9499405417629987 
261.00001616828007 26.022659730403973 187.81118724471688 2.4338243172681473 3.8962817058639416 
262.00001616828 27.33671872266757 189.33941633460356 3.747883309531744 2.8033713248613594 
263.00001616827996 26.195451358759954 189.33941633460356 3.55151496271867 2.8033713248613594 
264.0000161682799 27.348457636278226 191.17157645114682 3.758180076136 4.635531441404623 
265.00001616827984 27.348457636278226 191.17157645114682 3.758180076136 4.635531441404623 
266.0000161682798 28.582322053726045 192.66060266481375 3.46381540369714 3.671738066517605 
267.0000161682797 29.610137839768697 194.0164178991819 4.491631189739792 5.0275533008857565 
268.00001616827967 27.139155531809422 195.14871943652574 4.153408465266921 4.732358393191134 
269.00001188651794 27.752542326005994 190.1381975591036 3.2777690457965605 4.6549028009224 
270.00001616827956 26.471388644370677 191.45006261826254 2.7216949118848675 3.7050876565908766 
271.0000161682795 27.769110880394408 191.45006261826254 2.887115610564763 3.7050876565908766 
272.00001616827944 29.062362419369833 193.14742512318847 3.10481646429065 3.295125975249846 
273.0000161682794 29.062362419369833 194.36752567935187 3.10481646429065 3.7154854309567895 
274.00001616827933 28.20548021428573 194.36752567935187 3.8496538146167723 3.7154854309567895 
275.0000161682793 28.20548021428573 195.79875023686654 3.8496538146167723 3.8489877524477265 
276.0000161682792 24.09842493609571 197.45248118669375 3.0942824188919076 4.209467163299507 
277.00001616827916 24.09842493609571 197.45248118669375 3.0942824188919076 4.209467163299507 
278.0000161682791 25.379142683878825 198.9226923894847 2.9437756091603546 3.622975956605387 
279.00001616827905 26.261642820567232 200.18094503478616 3.8262757458487613 3.5465759859793593 
280.000016168279 26.08472865290321 201.0025403890073 3.2791825862768746 2.2600145429804 
281.00001616827893 26.996665320179886 202.48640165717975 4.191119253553552 2.8613756744644547 
282.0000161682789 28.226049578989603 202.48640165717975 3.950292309572319 2.8613756744644547 
283.0000161682788 29.3051443224266 203.7075938720292 2.949539053486717 4.082567889313907 
284.00001616827876 29.3051443224266 205.49087288876834 2.949539053486717 3.8472724485210392 
285.0000161682787 27.38961745016212 205.49087288876834 4.614597274805703 3.8472724485210392 
286.00001616827865 28.715287078493702 207.21581569917717 3.2352134201153717 4.342831000120157 
287.0000161682786 27.206906524473993 207.21581569917717 4.278086170389031 4.342831000120157 
288.00001616827853 27.361868166866714 208.80647209740673 3.596109960143565 4.854392654912715 
289.0000161682785 27.361868166866714 210.26683644004734 3.596109960143565 4.649698776234345 
290.0000161682784 28.86599446247027 211.15884502156715 3.3752934453382863 3.1731649791489076 
291.00001616827836 30.228956444398648 211.92924074716925 3.14759902903711 2.842257898257344 
292.0000161682783 28.045594367198987 211.92924074716925 2.864261815626776 2.842257898257344 
293.00001616827825 26.518564563916698 213.5803923907953 3.2900648788597664 4.493409541883409 
294.0000161682782 26.518564563916698 25.8932470772466 3.2900648788597664 3.178088304544815 
295.00001616827814 27.197257736326605 25.8932470772466 4.330663863011409 3.178088304544815 
296.0000161682781 26.071062870238734 26.037188514415163 3.9407330977059587 4.735157636366409 
297.000016168278 26.071062870238734 27.099525802648543 3.9407330977059587 3.3026561506167127 
298.00001616827797 25.596146160620833 28.84299321704873 2.0543425209990573 3.235128855263156 
299.0000161682779 26.69980071913318 28.84299321704873 3.1579970795114036 3.235128855263156 
300.00001616827785 28.098807404229376 26.202247112416217 3.4946664763742206 4.700101240241793 
#####################################################################
# End of data export. Simulation finished at: 2019-09-17T16:02+0000 #
#####################################################################
