#####################################################################
# Alchemist log file - simulation started at: 2019-09-24T19:31+0000 #
#####################################################################
# seed = 77.0, stage_width = 1000
#
# The columns have the following meaning: 
# time rep-bcast[Sum] rep-ccast[Sum] share-bcast[Sum] share-ccast[Sum] rep-bcast-single[Sum] rep-ccast-single[Sum] share-bcast-single[Sum] share-ccast-single[Sum] 
0.0 NaN NaN NaN NaN NaN NaN NaN NaN 
1.0001100215530223 NaN NaN NaN NaN NaN NaN NaN NaN 
2.0001100215530223 NaN NaN NaN NaN NaN NaN NaN NaN 
3.0001100215530223 NaN NaN 1.9854489805922748 NaN NaN NaN 1.9854489805922748 NaN 
4.000028001505072 NaN NaN 1.453319173949291 NaN NaN NaN 1.453319173949291 1.7810592894601927 
5.000110021553022 NaN NaN 1.6180926783863745 NaN NaN NaN 1.6180926783863745 2.993028004695957 
6.000110021553022 NaN NaN 1.6200446458040876 NaN NaN NaN 1.6200446458040876 2.993028004695957 
7.000110021553022 NaN NaN 2.4997233759507393 1.563696145962063 NaN NaN 2.4997233759507393 1.563696145962063 
8.000110021553022 NaN NaN 3.059033896428871 1.5403033791778942 NaN NaN 3.059033896428871 1.5403033791778942 
9.000110021553022 NaN NaN 2.249353584941037 2.740615468209283 NaN NaN 2.249353584941037 2.740615468209283 
10.000110021553022 NaN NaN 2.4431680998359466 2.740615468209283 NaN NaN 2.4431680998359466 2.740615468209283 
11.000110021553022 NaN NaN 1.5211728381996714 2.084678365308692 NaN NaN 1.5211728381996714 2.084678365308692 
12.000110021553022 NaN NaN 2.5523397182921066 1.5200181362939453 NaN 10.985543086445766 2.5523397182921066 1.5200181362939453 
13.000110021553022 12.897790722492367 NaN 2.6330481600387383 1.579625908687957 12.897790722492367 12.076317738932214 2.6330481600387383 1.579625908687957 
14.000110021553022 13.66157580527938 NaN 2.0002117857609196 2.1536383442888383 13.66157580527938 12.650330174533096 2.0002117857609196 2.1536383442888383 
15.000110021553022 14.361243425440218 NaN 1.609104753435311 2.1536383442888383 14.361243425440218 12.650330174533096 1.609104753435311 2.1536383442888383 
16.00011002155302 15.051662903000736 NaN 2.430277931924591 2.0897373480325356 15.051662903000736 13.72104314420939 2.430277931924591 2.0897373480325356 
17.00011002155302 14.183130924309095 NaN 2.8903063272531906 2.1454853409546164 14.183130924309095 13.02008308189566 2.8903063272531906 2.1454853409546164 
18.00011002155302 14.157720118674066 NaN 2.21773626392487 1.6790762759086846 14.157720118674066 12.27588456532337 2.21773626392487 1.6790762759086846 
19.00011002155302 13.740241275553426 NaN 1.493025440170065 1.5093500855864832 13.740241275553426 13.094965274591964 1.493025440170065 1.5093500855864832 
20.00011002155302 12.966745444770375 NaN 1.7494334820991426 1.5093500855864832 12.966745444770375 13.094965274591964 1.7494334820991426 1.5093500855864832 
21.00011002155302 13.368132781929905 NaN 2.0733793178871025 2.0367207128023104 13.368132781929905 11.856410722222272 2.0733793178871025 2.0367207128023104 
22.00011002155302 14.400184341112727 NaN 1.7835703777389718 2.0743728439163966 14.400184341112727 12.886263043517125 1.7835703777389718 2.0743728439163966 
23.00011002155302 14.091120518598867 NaN 1.644966322961647 1.796567339125268 14.091120518598867 13.090377565462585 1.644966322961647 1.796567339125268 
24.000058922202857 13.347343054224512 NaN 1.4003182032831774 1.8027895969966394 13.347343054224512 14.616865016755117 1.4003182032831774 1.8027895969966394 
25.00011002155302 13.822012548007125 NaN 1.8749876970657908 1.8027895969966394 13.822012548007125 14.616865016755117 1.8749876970657908 1.8027895969966394 
26.00011002155302 12.800331259346423 NaN 1.8142150666638344 2.197936380207814 12.800331259346423 15.787840095899146 1.8142150666638344 2.197936380207814 
27.00011002155302 13.479162901534211 11.038065392985281 2.4930467088516224 2.49731481923547 13.479162901534211 11.038065392985281 2.4930467088516224 2.49731481923547 
28.000028944019437 14.463532354115552 11.358402063368374 1.6802830258077286 2.022389566876022 14.463532354115552 11.358402063368374 1.6802830258077286 2.022389566876022 
29.00011002155302 13.729546647116187 11.972204762360782 2.60767428172748 2.6361922658684307 13.729546647116187 11.972204762360782 2.60767428172748 2.6361922658684307 
30.000020920676256 13.134933865399884 13.542565423672844 1.4530004345749568 1.9693393968104829 13.134933865399884 13.542565423672844 1.4530004345749568 1.9693393968104829 
31.00011002155302 14.35799386055086 13.542565423672844 2.6760604297259327 1.9693393968104829 14.35799386055086 13.542565423672844 2.6760604297259327 1.9693393968104829 
32.00011002155302 15.100222398926572 13.840185683246602 1.8479283067895835 3.255766555975036 15.100222398926572 13.840185683246602 1.8479283067895835 3.255766555975036 
33.00011002155302 13.588196459782981 12.090427937968535 1.2573608621228622 1.6409053852925375 13.588196459782981 12.090427937968535 1.2573608621228622 1.6409053852925375 
34.00011002155302 14.229366522220776 12.090427937968535 1.8985309245606565 1.6409053852925375 14.229366522220776 12.090427937968535 1.8985309245606565 1.6409053852925375 
35.00011002155302 13.806583781107935 13.884663790434033 2.367283009531768 3.4351412377580353 13.806583781107935 13.51187012678037 2.367283009531768 3.4351412377580353 
36.00011002155302 13.661213769072972 11.94341661291567 1.5731173177642077 4.690779602648117 13.661213769072972 11.94341661291567 1.5731173177642077 4.690779602648117 
37.00011002155302 13.661213769072972 11.94341661291567 1.5731173177642077 4.690779602648117 13.661213769072972 11.94341661291567 1.5731173177642077 4.690779602648117 
38.00000315878306 12.540183305871253 11.573627138230172 1.8939110201089662 1.7981974759078767 12.540183305871253 11.573627138230172 1.8939110201089662 1.253115887113566 
39.00011002155302 13.8365348616231 12.23186368043406 1.6196677358731222 2.5901840715052415 13.8365348616231 12.23186368043406 1.6196677358731222 2.5901840715052415 
40.00011002155302 13.032715003731859 12.76898992851735 2.016018370063968 3.1273103195885312 13.032715003731859 12.76898992851735 2.016018370063968 3.1273103195885312 
41.00011002155302 14.165856765936915 13.879719290274672 1.274965699794059 2.0958072335232742 14.165856765936915 13.879719290274672 1.274965699794059 2.0958072335232742 
42.00011002155302 13.487544576576042 15.277082481208367 2.0621125727469263 3.49317042445697 13.487544576576042 15.277082481208367 2.0621125727469263 3.49317042445697 
43.00011002155302 12.500639747059825 13.07106061798341 2.1486417417778583 2.4374660479276002 12.500639747059825 13.07106061798341 2.1486417417778583 2.4374660479276002 
44.00011002155302 13.715231797234278 13.07106061798341 1.965870601018615 2.4374660479276002 13.715231797234278 13.07106061798341 1.965870601018615 2.4374660479276002 
45.00011002155302 13.831082759966353 12.892930245128966 2.1638095278846023 1.7747698703611974 13.831082759966353 12.892930245128966 2.1638095278846023 1.7747698703611974 
46.00011002155302 14.457800079784345 14.108918243021826 1.4688176215278759 2.063034754916387 14.457800079784345 14.108918243021826 1.4688176215278759 2.063034754916387 
47.00011002155302 15.602453349019168 15.041890291983929 1.3974828928698386 1.772308679642606 15.602453349019168 15.507339226481456 1.3974828928698386 1.772308679642606 
48.00011002155302 15.226916184336766 12.954370796484753 2.482123722729291 2.9507490405920223 15.226916184336766 12.954370796484753 2.482123722729291 2.9507490405920223 
49.00004215464375 13.139117374373264 12.954370796484753 2.045778146661739 2.9507490405920223 13.139117374373264 12.954370796484753 2.045778146661739 2.9507490405920223 
50.00011002155302 13.661472265298706 14.051701441784637 1.3896926766377646 2.0282092270536864 13.661472265298706 14.051701441784637 1.3896926766377646 4.503068257795533 
51.00003017858854 14.39052784402763 12.763528290496545 2.1187482553666896 3.4273501123824843 14.39052784402763 12.763528290496545 2.1187482553666896 5.902209143124331 
52.00011002155302 12.70483059628856 12.763528290496545 1.7883948148034747 3.4273501123824843 12.70483059628856 12.763528290496545 1.7883948148034747 5.902209143124331 
53.00011002155302 13.720063139083031 13.254670465511744 1.9416127203524383 2.054405197344927 13.720063139083031 13.254670465511744 1.9416127203524383 2.054405197344927 
54.00011002155302 13.643535900368647 14.336998643747393 1.7541214932160685 2.3111182331311255 13.643535900368647 14.336998643747393 1.7541214932160685 2.3111182331311255 
55.00011002155302 13.303637060599549 12.411117733965384 1.3329070319541714 1.630240929912361 13.303637060599549 12.411117733965384 1.3329070319541714 1.630240929912361 
56.00011002155302 11.581892860166924 12.203744421594692 1.2657297650679098 1.3912864725209317 11.581892860166924 12.203744421594692 1.2657297650679098 1.3912864725209317 
57.00011002155302 12.698826492678826 13.331766598519081 2.3826633975798117 1.9940001389381479 12.698826492678826 13.331766598519081 2.3826633975798117 1.9940001389381479 
58.00011002155302 13.29357019635544 13.331766598519081 1.650003594947492 1.9940001389381479 13.29357019635544 13.331766598519081 1.650003594947492 1.9940001389381479 
59.00011002155302 13.376372920871212 13.850002811493027 1.8207721404317354 2.3857303356073203 13.376372920871212 13.850002811493027 1.8207721404317354 2.3857303356073203 
60.00011002155302 13.147837533589978 13.691119855243457 1.794623319168224 3.2812138979983914 13.147837533589978 13.691119855243457 1.794623319168224 3.2812138979983914 
61.00011002155302 14.039998239702769 13.045720713094468 1.4944697442839256 1.7703191267821268 14.039998239702769 13.045720713094468 1.4944697442839256 1.7703191267821268 
62.00011002155302 13.645953671886765 12.369750264531973 2.2788655374173388 2.3396061401140855 13.645953671886765 12.369750264531973 2.2788655374173388 2.3396061401140855 
63.00011002155302 14.19835502445001 13.6516056527094 1.6285243212057168 2.179740450593812 14.19835502445001 13.6516056527094 1.6285243212057168 2.179740450593812 
64.00011002155301 15.237436361090232 13.6516056527094 1.4779934199204945 2.179740450593812 15.237436361090232 13.6516056527094 1.4779934199204945 2.179740450593812 
65.00011002155301 13.953163153957327 14.75227361760124 1.8633249271424717 1.9436112697889953 13.953163153957327 14.75227361760124 1.8633249271424717 1.9436112697889953 
66.00011002155301 14.255521646934177 13.046532156745876 1.0650154552274813 1.9997112730289572 14.255521646934177 13.046532156745876 1.0650154552274813 3.03879260966918 
67.00011002155301 13.326544535834081 11.86740717084551 1.741229166853003 3.6147101068475607 13.326544535834081 11.86740717084551 1.741229166853003 3.6147101068475607 
68.00011002155301 13.996574849669962 11.86740717084551 2.4112594806888836 3.6147101068475607 13.996574849669962 11.86740717084551 2.4112594806888836 3.6147101068475607 
69.00011002155301 14.226244673237069 13.378296010194589 1.8974119580963844 2.2278466256702956 14.226244673237069 13.378296010194589 1.8974119580963844 2.2278466256702956 
70.00011002155301 12.44490839333237 13.500578179173473 2.571501361425007 1.6412145822304183 12.44490839333237 13.500578179173473 2.571501361425007 1.6412145822304183 
71.00011002155301 12.367038893297263 14.884297701927224 2.1787774394827295 2.0306865169336135 12.367038893297263 14.884297701927224 2.1787774394827295 2.0306865169336135 
72.00011002155301 13.491385464721134 14.341645174470301 2.3765376211549807 2.4187181991610345 13.491385464721134 14.341645174470301 2.3765376211549807 2.4187181991610345 
73.00011002155301 14.177317361555893 14.341645174470301 1.6787499952359894 2.4187181991610345 14.177317361555893 14.341645174470301 1.6787499952359894 2.4187181991610345 
74.00011002155301 13.376516574301782 13.832725982080682 2.1039812490222403 1.5864034649428618 13.376516574301782 13.832725982080682 2.1039812490222403 1.5864034649428618 
75.00011002155301 13.287925613750751 14.688401735261024 1.794805771784155 2.9916395897081145 13.287925613750751 14.688401735261024 1.794805771784155 2.9916395897081145 
76.00011002155301 13.580752046463026 13.830517555098659 2.0876322044964297 2.082525302002594 13.580752046463026 12.791436218458436 2.0876322044964297 2.082525302002594 
77.00011002155301 14.81988629225939 13.830517555098659 1.9215303255275415 2.082525302002594 14.81988629225939 12.791436218458436 1.9215303255275415 2.082525302002594 
78.00011002155301 13.387223216760418 14.084632373106395 2.8713906030978364 1.2250350081929327 13.387223216760418 14.084632373106395 2.8713906030978364 1.2250350081929327 
79.00011002155301 13.433372920925379 13.658440966175945 2.6416479754959 2.4660304966618867 13.433372920925379 13.658440966175945 2.6416479754959 1.9837349892364529 
80.00010430752995 14.190770324214384 12.848967440254953 2.1058492241369464 2.298154730227722 14.190770324214384 12.848967440254953 2.1058492241369464 2.298154730227722 
81.00011002155301 NaN 12.848967440254953 NaN 2.298154730227722 NaN 12.848967440254953 NaN 2.298154730227722 
82.00011002155301 NaN NaN NaN NaN NaN NaN NaN NaN 
83.00011002155301 NaN NaN 1.0973476342240929 NaN NaN NaN 1.0973476342240929 NaN 
84.00004938500985 NaN NaN 1.0973476342240929 NaN NaN NaN 1.0973476342240929 2.306123886031216 
85.00004842258633 NaN NaN 1.5317055848586705 NaN NaN NaN 1.5317055848586705 3.583761205450017 
86.00011002155301 NaN NaN 1.5900717609819282 NaN NaN NaN 1.5900717609819282 1.8839926937417033 
87.00011002155301 NaN NaN 2.3494833913858173 NaN NaN NaN 2.3494833913858173 2.6904702564052343 
88.00005252234843 NaN NaN 2.066295764488615 NaN NaN NaN 2.066295764488615 3.922313863913658 
89.00011002155301 NaN NaN 2.066295764488615 NaN NaN NaN 2.066295764488615 4.528142543077308 
90.00001859838082 NaN NaN 1.6561832875050158 NaN NaN NaN 1.6561832875050158 3.042433515604557 
91.00011002155301 NaN NaN 2.209956814761881 2.1865353319119265 NaN NaN 2.209956814761881 2.1865353319119265 
92.00011002155301 NaN NaN 2.209956814761881 2.145656570249173 NaN NaN 2.209956814761881 2.145656570249173 
93.00011002155301 12.190589513072325 NaN 2.1556599070161155 2.6930890009101063 12.190589513072325 NaN 2.1556599070161155 2.6930890009101063 
94.00011002155301 13.722710817777468 NaN 2.1004512801956565 1.3582677060519757 13.722710817777468 NaN 2.1004512801956565 1.3582677060519757 
95.00011002155301 13.722710817777468 NaN 2.1004512801956565 2.4527090952399675 13.722710817777468 NaN 2.1004512801956565 2.4527090952399675 
96.00011002155301 15.198530134666484 NaN 2.1691969110486298 1.6112730916402 15.198530134666484 NaN 2.1691969110486298 1.6112730916402 
97.00011002155301 12.464668712186864 NaN 1.1439315891220332 1.0877104923546455 12.464668712186864 12.388134811107165 1.1439315891220332 1.0877104923546455 
98.00011002155301 12.946352525076705 NaN 1.4394664257437597 2.2631433062412043 12.946352525076705 13.563567624993723 1.4394664257437597 2.2631433062412043 
99.00011002155301 12.946352525076705 NaN 1.4394664257437597 1.8288048465598195 12.946352525076705 13.21493137584821 1.4394664257437597 1.8288048465598195 
100.00011002155301 11.915174691516455 NaN 1.7875429149068793 2.721340391841423 11.915174691516455 12.83652571264247 1.7875429149068793 2.721340391841423 
101.00011002155301 12.69425746518614 NaN 1.7215787843847323 3.105883116247753 12.69425746518614 14.468859991273987 1.7215787843847323 3.105883116247753 
102.00011002155301 13.20176127369092 NaN 1.8229250631374185 1.5540052269750646 13.20176127369092 15.219574178720663 1.8229250631374185 1.5540052269750646 
103.00011002155301 12.402018547530048 NaN 1.6053579845736152 2.7808576887915706 12.402018547530048 13.332553850943185 1.6053579845736152 2.7808576887915706 
104.00011002155301 12.66633140869908 NaN 1.3541794138283194 1.3144159393014831 12.66633140869908 13.115158919134586 1.3541794138283194 1.3144159393014831 
105.00011002155301 12.66633140869908 NaN 1.3541794138283194 2.1497973628779903 12.66633140869908 12.396156003391923 1.3541794138283194 2.1497973628779903 
106.00011002155301 12.7808560894659 NaN 0.9140567982586276 2.66606889732212 12.7808560894659 12.912427537836052 0.9140567982586276 2.66606889732212 
107.00011002155301 13.958815417732424 NaN 1.5417618695109212 1.69381797779414 13.958815417732424 12.921655217725316 1.5417618695109212 1.69381797779414 
108.00011002155301 12.966705306501026 NaN 2.5069868639049417 1.6117496121162418 12.966705306501026 14.017546180313943 2.5069868639049417 1.6117496121162418 
109.00011002155301 13.763587443718365 NaN 1.7625200165278727 1.6117496121162418 13.763587443718365 14.017546180313943 1.7625200165278727 1.6117496121162418 
110.00011002155301 12.081745232532398 NaN 1.8031616753486759 2.128368088805715 12.081745232532398 14.53984186895255 1.8031616753486759 2.128368088805715 
111.00011002155301 12.081745232532398 NaN 1.8031616753486759 2.490531015769207 12.081745232532398 14.902004795916042 1.8031616753486759 2.490531015769207 
112.00011002155301 10.996315244694173 NaN 1.7673389285774164 3.798570777806802 10.996315244694173 13.682867639855232 1.7673389285774164 3.798570777806802 
113.00011002155301 10.89892955954953 NaN 2.3806989854263207 5.050744389723192 10.89892955954953 13.411531948721944 2.3806989854263207 5.050744389723192 
114.00011002155301 10.89892955954953 NaN 2.3806989854263207 5.676204509418355 10.89892955954953 14.036992068417106 2.3806989854263207 5.676204509418355 
115.00011002155301 11.699650891258173 NaN 1.2708398798370837 1.799770897316236 11.699650891258173 14.25270568384083 1.2708398798370837 6.671000898511764 
116.00011002155301 12.998245103639974 NaN 1.9439739725237217 2.699630574476515 12.998245103639974 14.15868353696682 1.9439739725237217 7.570860575672043 
117.00011002155301 12.502513138257896 NaN 1.0730127406602747 2.5385095879109656 12.502513138257896 12.88398106534082 1.0730127406602747 2.5385095879109656 
118.00011002155301 12.435345780198489 NaN 1.5833213526997412 2.121722162022621 12.435345780198489 12.401356501069372 1.5833213526997412 2.121722162022621 
119.00011002155301 12.435345780198489 NaN 1.5833213526997412 1.830692061309449 12.435345780198489 13.134021234746442 1.5833213526997412 1.830692061309449 
120.00011002155301 12.545435687645195 NaN 1.8378971643699629 2.7551985214982295 12.545435687645195 14.058527694935222 1.8378971643699629 2.7551985214982295 
121.00011002155301 12.733358327050752 NaN 1.8245437271849454 2.911704905803603 12.733358327050752 15.499519679201825 1.8245437271849454 4.196190505764832 
122.00011002155301 11.330369656666008 NaN 2.0596659076411754 2.204340539770257 11.330369656666008 12.98725621088758 2.0596659076411754 2.204340539770257 
123.00011002155301 12.316584259726653 NaN 1.604888526435218 1.7510490601361965 12.316584259726653 14.412904668390581 1.604888526435218 1.7510490601361965 
124.00011002155301 12.576609481964184 NaN 1.4993339996194663 2.5350106233617993 12.576609481964184 15.196866231616184 1.4993339996194663 2.5350106233617993 
125.00011002155301 12.576609481964184 NaN 1.4993339996194663 2.589534804067 12.576609481964184 16.23760501538203 1.4993339996194663 2.589534804067 
126.00011002155301 12.211598006981149 NaN 1.2685940278708188 1.8940318564098675 12.211598006981149 14.209456452165384 1.2685940278708188 1.8940318564098675 
127.00011002155301 13.57721325800712 NaN 1.5934704951309442 1.2737509738382755 13.57721325800712 14.989683611544919 1.5934704951309442 2.674259015789403 
128.000110021553 12.459861847396809 NaN 2.274856211905771 2.4607549914357776 12.459861847396809 12.102918906198042 2.274856211905771 2.4607549914357776 
129.000110021553 13.639483549500667 NaN 1.4872467370325921 2.388167015595215 13.639483549500667 13.39594618138345 1.4872467370325921 2.388167015595215 
130.000110021553 13.639483549500667 NaN 1.4872467370325921 2.007420917713816 13.639483549500667 14.417964858840591 1.4872467370325921 2.007420917713816 
131.00009945730267 13.200310233808096 11.20288689065923 0.9943327152479071 2.751962275925038 13.200310233808096 11.20288689065923 0.9943327152479071 2.751962275925038 
132.000110021553 13.019074220758668 11.20288689065923 1.4554962576177672 2.751962275925038 13.019074220758668 11.20288689065923 1.4554962576177672 2.751962275925038 
133.000110021553 14.006053171341918 12.827128663554532 1.697933849989795 2.5347947997665017 14.006053171341918 12.827128663554532 1.697933849989795 2.5347947997665017 
134.000110021553 11.812233587889239 13.836119078790091 2.8136872370002664 1.6546096346331183 11.812233587889239 13.836119078790091 2.8136872370002664 1.6546096346331183 
135.000110021553 11.385729910742455 13.497512838895048 1.9381809578011655 1.3598786483726144 11.385729910742455 13.497512838895048 1.9381809578011655 2.475632035383086 
136.000110021553 11.385729910742455 14.282019101629587 1.9381809578011655 2.144384911107153 11.385729910742455 14.282019101629587 1.9381809578011655 3.2601382981176243 
137.000110021553 12.762043638625073 15.777037447517799 1.3696554994556323 2.1713564668071115 12.762043638625073 15.777037447517799 1.3696554994556323 2.1713564668071115 
138.000110021553 13.293607136017457 14.184251242638197 1.13081045357103 2.9816668712090006 13.293607136017457 14.184251242638197 1.13081045357103 2.9816668712090006 
139.00003819644274 13.293607136017457 15.042095821491557 1.13081045357103 3.8395114500623606 13.293607136017457 15.042095821491557 1.13081045357103 3.8395114500623606 
140.000110021553 12.069460105705673 15.929290925581682 1.3848649326512827 4.726706554152486 12.069460105705673 15.929290925581682 1.3848649326512827 4.726706554152486 
141.000110021553 13.15916474452456 16.92732786235578 1.9783319564199076 2.818380901432249 13.15916474452456 14.161204569378683 1.9783319564199076 2.818380901432249 
142.000110021553 14.250605550846018 18.081873150281666 2.1825776586512404 2.512756974992186 14.250605550846018 15.315749857304567 2.1825776586512404 2.512756974992186 
143.000110021553 12.9423236983192 15.015690633871955 1.2817851369239293 2.1641509242761288 12.9423236983192 15.015690633871955 1.2817851369239293 2.1641509242761288 
144.000110021553 12.9423236983192 14.850472623602656 1.2817851369239293 2.08711380978923 12.9423236983192 14.850472623602656 1.2817851369239293 2.08711380978923 
145.000110021553 14.262603921793783 13.355510304429231 2.357039757541571 1.8686828637277983 14.262603921793783 13.355510304429231 2.357039757541571 1.8686828637277983 
146.000110021553 13.526360883640649 14.375648957646064 1.7225265467068027 2.888821516944631 13.526360883640649 14.375648957646064 1.7225265467068027 2.888821516944631 
147.000110021553 13.477683004802572 14.985905315059455 1.7547708703541502 2.178797650883439 13.477683004802572 14.985905315059455 1.7547708703541502 2.178797650883439 
148.00000780941812 12.824147848091911 16.095553213703766 1.3008535189987924 1.8058495166220325 12.824147848091911 13.992820876110045 1.3008535189987924 1.8058495166220325 
149.000110021553 12.978764943540142 14.113757676740988 1.8853565380832151 2.574255629739582 12.978764943540142 14.113757676740988 1.8853565380832151 2.574255629739582 
150.000110021553 12.883394617622997 13.158395570249866 1.4538389876864528 1.5492861261653559 12.883394617622997 13.158395570249866 1.4538389876864528 1.5492861261653559 
151.000110021553 12.898223068519457 14.053102397006626 1.0301210882024066 2.443992952922116 12.898223068519457 14.053102397006626 1.0301210882024066 2.443992952922116 
152.000110021553 12.898223068519457 14.071094347434155 1.0301210882024066 2.3185101833821875 12.898223068519457 14.071094347434155 1.0301210882024066 2.3185101833821875 
153.000110021553 13.478018332435937 15.127929691664889 1.5730541042154869 3.3753455276129216 13.478018332435937 15.127929691664889 1.5730541042154869 3.3753455276129216 
154.000110021553 14.020228404577722 14.700864936322375 1.7694780218017172 1.749866957684361 14.020228404577722 14.700864936322375 1.7694780218017172 1.749866957684361 
155.00001243158673 13.276066933167897 15.427348574333934 1.9231711220043621 2.4763505956959193 13.276066933167897 15.427348574333934 1.9231711220043621 2.4763505956959193 
156.000110021553 13.276066933167897 12.990060563714138 1.9231711220043621 2.159173917903388 13.276066933167897 12.990060563714138 1.9231711220043621 2.159173917903388 
157.000110021553 14.37795279822808 13.61385377090943 1.4633611988863322 1.3745463718085205 14.37795279822808 13.61385377090943 1.4633611988863322 1.3745463718085205 
158.000110021553 12.261065688298942 14.834192232382122 1.5360334343341435 2.5948848332812133 12.261065688298942 14.834192232382122 1.5360334343341435 2.5948848332812133 
159.000110021553 12.261065688298942 14.539157329864281 1.5360334343341435 3.6201301542379554 12.261065688298942 14.539157329864281 1.5360334343341435 3.6201301542379554 
160.000110021553 13.684467808624333 12.459500090984136 1.7390970931868424 2.1095442790973777 13.684467808624333 12.459500090984136 1.7390970931868424 2.1095442790973777 
161.000110021553 12.664793523154998 13.378869040562819 1.511874256539528 3.0289132286760605 12.664793523154998 13.378869040562819 1.511874256539528 3.0289132286760605 
162.000110021553 12.302667506966316 14.21953393777099 1.5586767273789803 2.44617600555884 12.302667506966316 14.21953393777099 1.5586767273789803 2.44617600555884 
163.0000020946623 12.302667506966316 14.21953393777099 1.5586767273789803 2.44617600555884 12.302667506966316 14.21953393777099 1.5586767273789803 2.44617600555884 
164.000110021553 13.713469889694892 14.023674768283882 2.24411150736924 1.948464997190797 13.713469889694892 14.023674768283882 2.24411150736924 1.948464997190797 
165.000110021553 11.920637059546891 15.071423821242348 1.2723078188759303 2.9962140501492627 11.920637059546891 15.071423821242348 1.2723078188759303 2.9962140501492627 
166.000110021553 11.920637059546891 15.775854238718011 1.2723078188759303 3.700644467624926 11.920637059546891 15.775854238718011 1.2723078188759303 3.700644467624926 
167.00010752099277 13.34285546196466 16.76339996805538 1.646777168335234 1.4674173808955686 13.34285546196466 16.76339996805538 1.646777168335234 1.4674173808955686 
168.000110021553 13.573351318140624 13.93021636955487 2.205947066058968 2.722221987578962 13.573351318140624 13.93021636955487 2.205947066058968 2.722221987578962 
169.000110021553 12.12662075005639 13.930051233196906 1.447571152866061 1.4446588868939898 12.12662075005639 13.930051233196906 1.447571152866061 1.4446588868939898 
170.000110021553 13.4822415558248 14.632917553559764 1.6434716430226786 1.1317504316948543 13.4822415558248 14.632917553559764 1.6434716430226786 1.1317504316948543 
171.000110021553 13.430691923781552 15.591464997489851 2.0955255238658594 2.090297875624941 13.430691923781552 15.591464997489851 2.0955255238658594 2.090297875624941 
172.000110021553 13.430691923781552 14.090717123868814 2.0955255238658594 2.1445090023781574 13.430691923781552 14.090717123868814 2.0955255238658594 2.1445090023781574 
173.000110021553 13.515715949624308 13.309384648264711 2.5029285503024994 1.6177898176700012 13.515715949624308 13.309384648264711 2.5029285503024994 1.6177898176700012 
174.000110021553 14.14391900070143 14.291882446796137 1.3452933911449065 1.4900182694019293 14.14391900070143 14.291882446796137 1.3452933911449065 1.4900182694019293 
175.000110021553 10.592317393742292 15.591897656189843 1.5859557790815018 1.5792892615015148 10.592317393742292 15.591897656189843 1.5859557790815018 1.5792892615015148 
176.000110021553 10.592317393742292 16.53238116269935 1.5859557790815018 2.5197727680110233 10.592317393742292 16.53238116269935 1.5859557790815018 2.5197727680110233 
177.000110021553 11.573081752113325 12.765942433009627 2.5222322416174165 3.443621551249379 11.573081752113325 12.765942433009627 2.5222322416174165 3.443621551249379 
178.000110021553 12.807970670328132 13.084624592519134 2.4571059504385175 1.736101606323274 12.807970670328132 13.084624592519134 2.4571059504385175 4.537607900048499 
179.000110021553 11.553285033575634 14.221608836041952 1.8166691301687194 2.873085849846092 11.553285033575634 14.221608836041952 1.8166691301687194 5.674592143571317 
180.000110021553 11.553285033575634 13.381604707202854 1.8166691301687194 2.220411205209956 11.553285033575634 13.381604707202854 1.8166691301687194 6.256806417149988 
181.000110021553 12.993419166396649 12.933067142519576 2.162816914190614 1.8115784862480098 12.993419166396649 12.933067142519576 2.162816914190614 1.8115784862480098 
182.000110021553 14.160581330672755 13.508212664628218 1.6107805613652317 1.96236465109763 14.160581330672755 13.508212664628218 1.6107805613652317 1.96236465109763 
183.000110021553 12.956893912027425 13.059752253692437 1.4418144601115728 1.7023628816541532 12.956893912027425 13.059752253692437 1.4418144601115728 1.7023628816541532 
184.000110021553 13.291270262353692 13.059752253692437 1.873355473350415 1.7023628816541532 13.291270262353692 13.059752253692437 1.873355473350415 1.7023628816541532 
185.000110021553 13.291270262353692 12.735975250755473 1.873355473350415 2.2820098890305474 13.291270262353692 12.735975250755473 1.873355473350415 2.2820098890305474 
186.00010368746774 13.221263811797087 13.465420385949784 1.1322969479616063 1.7185312299685052 13.221263811797087 13.465420385949784 1.1322969479616063 1.7185312299685052 
187.00001482967315 11.869386902176217 14.737663372968171 1.923445130216379 2.9907742169868925 11.869386902176217 14.737663372968171 1.923445130216379 2.9907742169868925 
188.000110021553 12.93641946884469 15.786846569875962 1.4545244724716895 1.12742618890411 12.93641946884469 14.576102352581842 1.4545244724716895 1.12742618890411 
189.00003475628785 12.93641946884469 16.693877209543786 1.4545244724716895 2.0344568285719333 12.93641946884469 15.483132992249665 1.4545244724716895 2.0344568285719333 
190.000110021553 11.551482789008787 11.403583211924655 2.5621715333832356 2.1481651629965484 11.551482789008787 11.403583211924655 2.5621715333832356 2.1481651629965484 
191.000110021553 12.901143251578702 11.917760528695965 1.9556181593775364 2.662342479767858 12.901143251578702 11.917760528695965 1.9556181593775364 2.662342479767858 
192.000110021553 12.901143251578702 12.661790474516181 1.9556181593775364 1.8329904668769927 12.901143251578702 12.661790474516181 1.9556181593775364 1.8329904668769927 
193.000110021553 13.372175960535401 14.027033388354312 1.868716893992655 1.8485729181452086 13.372175960535401 14.027033388354312 1.868716893992655 1.8485729181452086 
194.000110021553 11.949382126343522 14.91026538255494 1.1285781477684225 2.7318049123458366 11.949382126343522 14.91026538255494 1.1285781477684225 1.1237879598663199 
195.000110021553 12.646704394866902 13.75375055091638 1.8259004162918018 1.205435311890767 12.646704394866902 13.75375055091638 1.8259004162918018 1.205435311890767 
196.000110021553 13.357761795820181 12.907159967432932 1.8499951971838868 1.7344788943229048 13.357761795820181 12.907159967432932 1.8499951971838868 1.7344788943229048 
197.000110021553 12.001533715744586 14.167506409619506 1.376383637342201 2.2975030679860993 12.001533715744586 14.167506409619506 1.376383637342201 2.2975030679860993 
198.00001772568768 12.001533715744586 15.406469629730367 1.376383637342201 2.6291395130042474 12.001533715744586 15.406469629730367 1.376383637342201 2.6291395130042474 
199.000110021553 11.782933600480902 13.608333160764147 1.4333903043051066 1.957538832210389 11.782933600480902 13.608333160764147 1.4333903043051066 1.957538832210389 
200.000110021553 13.534822661109445 12.946058154961293 1.946316144822788 1.5506164602836066 13.534822661109445 12.946058154961293 1.946316144822788 1.5506164602836066 
201.000110021553 13.534822661109445 NaN 1.946316144822788 NaN 13.534822661109445 NaN 1.946316144822788 NaN 
202.000110021553 NaN NaN NaN NaN NaN NaN NaN NaN 
203.000110021553 NaN NaN NaN NaN NaN NaN NaN NaN 
204.000110021553 NaN NaN 2.1873903714117944 NaN NaN NaN 2.1873903714117944 NaN 
205.000110021553 NaN NaN 1.946174926539868 NaN NaN NaN 1.946174926539868 NaN 
206.000110021553 NaN NaN 2.184918356431524 NaN NaN NaN 2.184918356431524 NaN 
207.0000863612752 NaN NaN 1.1609480742777407 NaN NaN NaN 1.1609480742777407 2.033156418320061 
208.000110021553 NaN NaN 0.8744768345248701 NaN NaN NaN 0.8744768345248701 1.5632641648211347 
209.000110021553 NaN NaN 1.8708086741695809 NaN NaN NaN 1.8708086741695809 1.5632641648211347 
210.000110021553 NaN NaN 2.0851271086142162 NaN NaN NaN 2.0851271086142162 1.8823095091786683 
211.000110021553 NaN NaN 2.547417202674012 1.8595754883768052 NaN NaN 2.547417202674012 1.8595754883768052 
212.000110021553 NaN NaN 1.441757892384743 3.1772478283613736 NaN NaN 1.441757892384743 3.1772478283613736 
213.000110021553 NaN NaN 2.0475110938434113 2.5326320334703496 NaN NaN 2.0475110938434113 1.5681230729675804 
214.0000691572056 NaN NaN 1.8222970337944275 2.5326320334703496 NaN NaN 1.8222970337944275 1.5681230729675804 
215.000110021553 13.488358024016321 NaN 1.7718193216753377 2.380358731960598 13.488358024016321 NaN 1.7718193216753377 2.380358731960598 
216.000110021553 14.347096736992484 NaN 2.6305580346515 2.380358731960598 14.347096736992484 NaN 2.6305580346515 2.380358731960598 
217.000110021553 13.97578085805685 NaN 1.838195524846526 2.8663432691239734 13.97578085805685 NaN 1.838195524846526 1.5902077496338336 
218.000110021553 12.600087947955615 NaN 1.4337994014032063 2.7084451466128883 12.600087947955615 NaN 1.4337994014032063 2.7084451466128883 
219.0000274550185 12.967752869771004 NaN 1.801464323218596 2.1013295875436313 12.967752869771004 NaN 1.801464323218596 2.1013295875436313 
220.00001904741222 14.504622469141822 NaN 2.2200965256103586 3.2935538375263604 14.504622469141822 NaN 2.2200965256103586 3.2935538375263604 
221.000110021553 13.080330177048069 NaN 2.2771715743033383 3.2935538375263604 13.080330177048069 NaN 2.2771715743033383 3.2935538375263604 
222.000110021553 13.576395789679594 NaN 2.773237186934864 2.2367281908532277 13.576395789679594 NaN 2.773237186934864 2.2367281908532277 
223.000110021553 14.508006262948669 NaN 2.5126234102212095 2.403600598097512 14.508006262948669 NaN 2.5126234102212095 2.403600598097512 
224.000110021553 13.605879973838256 NaN 2.68378631524601 2.403600598097512 13.605879973838256 NaN 2.68378631524601 2.403600598097512 
225.000110021553 14.381013503967864 NaN 1.912136646940354 2.533644019824578 14.381013503967864 NaN 1.912136646940354 2.533644019824578 
226.00002861772444 14.008812645714812 NaN 1.6522088407457716 2.2965556152937268 14.008812645714812 NaN 1.6522088407457716 2.2965556152937268 
227.000110021553 13.958071374679974 NaN 2.9280808013201636 2.012574904738159 13.958071374679974 NaN 2.9280808013201636 2.012574904738159 
228.00006414244717 14.74595891782073 NaN 2.2553299196156615 1.7328948650068696 14.74595891782073 NaN 2.2553299196156615 1.7328948650068696 
229.00006956975258 15.344394371197552 NaN 1.5950915340853271 1.7328948650068696 15.344394371197552 NaN 1.5950915340853271 1.7328948650068696 
230.000110021553 15.08802488323002 NaN 1.8559329179724955 2.4830629428819293 15.08802488323002 NaN 1.8559329179724955 1.6951753997411743 
231.000110021553 12.061426310468676 NaN 1.3434013595071406 1.539374674153862 12.061426310468676 NaN 1.3434013595071406 1.539374674153862 
232.000110021553 12.925887865047457 NaN 1.075622039933421 2.831472255201305 12.925887865047457 NaN 1.075622039933421 1.9938636353216168 
233.000110021553 12.925887865047457 NaN 1.075622039933421 2.831472255201305 12.925887865047457 NaN 1.075622039933421 1.9938636353216168 
234.000110021553 14.681332831830645 NaN 1.5389694256691655 3.2441765453887115 14.681332831830645 NaN 1.5389694256691655 3.2441765453887115 
235.000110021553 14.896055771428848 NaN 2.9459166152500984 1.2370842440718093 14.896055771428848 NaN 2.9459166152500984 1.2370842440718093 
236.000110021553 14.269029806643033 NaN 2.4310522108125383 2.9400856426054816 14.269029806643033 NaN 2.4310522108125383 1.658607845541951 
237.000110021553 15.19607626166274 NaN 2.1941776151907675 2.9400856426054816 15.19607626166274 NaN 2.1941776151907675 1.658607845541951 
238.000110021553 12.458857034041472 NaN 1.9667779002424481 1.7522951373881597 12.458857034041472 NaN 1.9667779002424481 1.7522951373881597 
239.000110021553 13.420097264617056 NaN 1.611593231792483 1.7522951373881597 13.420097264617056 NaN 1.611593231792483 1.7522951373881597 
240.000110021553 13.761033280065021 NaN 1.9525292472404487 2.659807870651491 13.761033280065021 NaN 1.9525292472404487 2.659807870651491 
241.000110021553 13.663432994307072 NaN 3.113602800389657 1.7293359461978355 13.663432994307072 NaN 3.113602800389657 1.7293359461978355 
242.00005099661954 14.913541863210185 NaN 2.5291524810097314 2.288671627157214 14.913541863210185 NaN 2.5291524810097314 2.288671627157214 
243.000110021553 13.480188253614045 NaN 2.28126036215599 2.6230828470811502 13.480188253614045 NaN 2.28126036215599 2.6230828470811502 
244.000110021553 12.920745735832043 NaN 1.953787022119144 1.6023659810566926 12.920745735832043 NaN 1.953787022119144 1.6023659810566926 
245.000110021553 14.224180399769836 NaN 2.1360081528399633 1.6023659810566926 14.224180399769836 NaN 2.1360081528399633 1.6023659810566926 
246.000110021553 13.83853146157756 NaN 1.762195968386493 2.5284396698552882 13.83853146157756 NaN 1.762195968386493 2.5284396698552882 
247.000110021553 13.817157825877928 NaN 1.4831812676756329 1.6929292812380652 13.817157825877928 NaN 1.4831812676756329 1.6929292812380652 
248.000110021553 14.245190202150184 NaN 1.9112136439478888 1.6929292812380652 14.245190202150184 NaN 1.9112136439478888 1.6929292812380652 
249.000110021553 14.73931742454343 NaN 2.5285392852915436 2.324797976820122 14.73931742454343 NaN 2.5285392852915436 2.324797976820122 
250.000110021553 13.761631304302341 NaN 1.7155372251469032 1.9194507051435323 13.761631304302341 NaN 1.7155372251469032 1.9194507051435323 
251.000110021553 15.01855589275857 NaN 1.7208374346400035 2.1769058980598857 15.01855589275857 13.308378390558318 1.7208374346400035 2.1769058980598857 
252.000110021553 16.028903952435797 NaN 2.7311854943172307 2.8506504013665506 16.028903952435797 13.92018852713386 2.7311854943172307 2.8506504013665506 
253.000110021553 13.755186213479504 NaN 2.2297876257894984 2.8506504013665506 13.755186213479504 13.92018852713386 2.2297876257894984 2.8506504013665506 
254.000110021553 13.216508770635784 NaN 1.9868964202753432 1.7713378804959632 13.216508770635784 12.182379893963969 1.9868964202753432 1.7713378804959632 
255.000110021553 14.29903991754233 NaN 1.8597939052867787 1.7713378804959632 14.29903991754233 12.182379893963969 1.8597939052867787 1.7713378804959632 
256.00011002155304 15.271385990199093 NaN 2.0662236049326737 2.578739463479991 15.271385990199093 12.546295325096224 2.0662236049326737 2.578739463479991 
257.00011002155304 15.14408276879206 NaN 2.8391920799329853 2.578739463479991 15.14408276879206 12.546295325096224 2.8391920799329853 2.578739463479991 
258.00011002155304 13.655027654212063 NaN 2.129218023892804 2.1566629775866204 13.655027654212063 12.844624820160703 2.129218023892804 2.1566629775866204 
259.00011002155304 13.023138767995846 NaN 1.3771359048781733 2.286398946592442 13.023138767995846 13.744738080381381 1.3771359048781733 1.8578769976462581 
260.00011002155304 14.369883505837748 NaN 2.7238806427200757 2.036059883468681 14.369883505837748 12.699952294926788 2.7238806427200757 2.036059883468681 
261.00011002155304 12.923709857503951 NaN 2.410218396797859 3.129149312448419 12.923709857503951 13.793041723906526 2.410218396797859 3.129149312448419 
262.00011002155304 13.47119976209936 NaN 1.867106169625231 1.6278598210356563 13.47119976209936 14.370917784565279 1.867106169625231 1.6278598210356563 
263.00011002155304 14.37262009427107 NaN 2.7685265017969414 2.7842712589145435 14.37262009427107 14.27071552924852 2.7685265017969414 2.7842712589145435 
264.00011002155304 13.898795778173138 NaN 1.4473286987513916 2.7842712589145435 13.898795778173138 14.27071552924852 1.4473286987513916 2.7842712589145435 
265.00011002155304 14.825807641456691 NaN 2.374340562034945 2.835906669335486 14.825807641456691 13.754520140939604 2.374340562034945 2.835906669335486 
266.000055092665 12.660578040892744 NaN 1.4039776195738796 3.238560309696709 12.660578040892744 13.566095901336894 1.4039776195738796 3.238560309696709 
267.0000827259046 13.825459680467361 NaN 2.568859259148496 3.238560309696709 13.825459680467361 13.566095901336894 2.568859259148496 3.238560309696709 
268.00011002155304 13.951032026698357 NaN 2.1562740058574263 2.9446018739921556 13.951032026698357 13.194265125915763 2.1562740058574263 2.9446018739921556 
269.00011002155304 14.387650541895454 NaN 2.592892521054523 2.010404217793507 14.387650541895454 14.36348216049305 2.592892521054523 2.010404217793507 
270.00011002155304 12.826230275069804 NaN 1.701942239069922 1.562622886116003 12.826230275069804 13.102984781827558 1.701942239069922 1.562622886116003 
271.00011002155304 13.844620288441604 NaN 1.5815058854897757 2.4222815979487677 13.844620288441604 13.962643493660323 1.5815058854897757 2.4222815979487677 
272.00000861772804 13.844620288441604 NaN 1.5815058854897757 1.5083361278380494 13.844620288441604 13.833495586891786 1.5815058854897757 2.3403565052942668 
273.00011002155304 13.100490039979661 NaN 1.3030543365565563 1.5083361278380494 13.100490039979661 13.833495586891786 1.3030543365565563 2.3403565052942668 
274.00011002155304 12.988478731688758 NaN 2.2841324572453914 2.3667569637600536 12.988478731688758 13.487496609481582 2.2841324572453914 2.3667569637600536 
275.00011002155304 13.464168767744468 NaN 2.759822493301101 3.640797686840415 13.464168767744468 13.628671010767448 2.759822493301101 3.640797686840415 
276.00011002155304 12.563065606417126 NaN 2.144228357489851 1.788365698676614 12.563065606417126 14.478517725775589 2.144228357489851 1.788365698676614 
277.00011002155304 13.612839262589773 NaN 1.9199612905821368 1.788365698676614 13.612839262589773 14.478517725775589 1.9199612905821368 1.788365698676614 
278.00011002155304 14.531317484596855 NaN 1.4411028929856684 3.3182632016213915 14.531317484596855 14.32919483368346 1.4411028929856684 2.0570464881388375 
279.00011002155304 14.077920538353055 NaN 2.4353094819129524 4.5166211965936895 14.077920538353055 12.966888934783299 2.4353094819129524 3.2554044831111355 
280.00011002155304 14.888311912927236 NaN 1.7158033535423556 5.591032001070971 14.888311912927236 14.04129973926058 1.7158033535423556 4.329815287588417 
281.00011002155304 12.463183707751853 NaN 1.9764616509490907 5.591032001070971 12.463183707751853 14.04129973926058 1.9764616509490907 4.329815287588417 
282.00011002155304 13.409500180984935 NaN 1.8483673197048915 1.7178826639065505 13.409500180984935 13.52706526861897 1.8483673197048915 1.7178826639065505 
283.00011002155304 13.12990372389254 NaN 1.4429052385405612 1.7178826639065505 13.12990372389254 13.52706526861897 1.4429052385405612 1.7178826639065505 
284.00011002155304 13.57154811956201 NaN 2.030145933694712 2.499266522138612 13.57154811956201 13.260507990820543 2.030145933694712 2.499266522138612 
285.00011002155304 14.503947444445885 NaN 1.539982293340131 1.1691036460031228 14.503947444445885 13.498166886905665 1.539982293340131 1.1691036460031228 
286.00011002155304 15.5390071811741 NaN 1.3189931206114238 2.3267091211707793 15.5390071811741 11.88169379036168 1.3189931206114238 2.3267091211707793 
287.00011002155304 13.430718454277041 NaN 2.2993085311314303 1.0555576989729047 13.430718454277041 13.098639134778352 2.2993085311314303 1.0555576989729047 
288.00011002155304 14.280067558670282 NaN 1.9910521603570146 1.0555576989729047 14.280067558670282 13.098639134778352 1.9910521603570146 1.0555576989729047 
289.00011002155304 14.183404310417927 NaN 1.9514842907683487 1.577378055593158 14.183404310417927 14.600774901918612 1.9514842907683487 1.577378055593158 
290.000087902695 14.029335420195821 NaN 1.6926162530095326 1.9575115684065167 14.029335420195821 13.437007220275405 1.6926162530095326 1.9575115684065167 
291.00011002155304 15.04085364815495 NaN 1.4746518637620625 2.164528269230516 15.04085364815495 13.509493067059225 1.4746518637620625 1.5033200263869162 
292.00011002155304 13.75347406906451 NaN 1.717169787616399 2.164528269230516 13.75347406906451 13.509493067059225 1.717169787616399 1.5033200263869162 
293.00011002155304 12.788964542862061 NaN 1.6410348852115249 1.237483589858698 12.788964542862061 13.843027756100696 1.6410348852115249 1.237483589858698 
294.00011002155304 12.513334548242312 NaN 2.630096881615657 2.343680338118986 12.513334548242312 12.922334761262107 2.630096881615657 1.5456425776136484 
295.00011002155304 13.169870591459244 NaN 1.3242393870972933 2.159692788949201 13.169870591459244 14.046606485339453 1.3242393870972933 2.159692788949201 
296.00003651089116 13.169870591459244 NaN 1.3242393870972933 2.417770969726746 13.169870591459244 11.647162234819746 1.3242393870972933 2.417770969726746 
297.00011002155304 13.58324391037371 NaN 2.0359039471728693 1.9407602408733737 13.58324391037371 12.148085573754031 2.0359039471728693 1.9407602408733737 
298.00011002155304 13.273695543747635 NaN 1.7352643128220393 1.9407602408733737 13.273695543747635 12.148085573754031 1.7352643128220393 1.9407602408733737 
299.00011002155304 13.936767204170906 NaN 1.5047482465336657 2.041842096956941 13.936767204170906 13.172225922595771 1.5047482465336657 2.041842096956941 
300.00011002155304 13.889864917435261 NaN 2.615451434965678 2.652909595758956 13.889864917435261 12.680796065544314 2.615451434965678 1.0433373925048386 
#####################################################################
# End of data export. Simulation finished at: 2019-09-24T20:03+0000 #
#####################################################################
