#####################################################################
# Alchemist log file - simulation started at: 2019-09-18T04:05+0000 #
#####################################################################
# seed = 72.0, stage_width = 2000
#
# The columns have the following meaning: 
# time rep-bcast[Sum] rep-ccast[Sum] share-bcast[Sum] share-ccast[Sum] 
0.0 NaN NaN NaN NaN 
1.0000473498708253 NaN NaN NaN NaN 
2.000047349870825 NaN NaN NaN NaN 
3.000047349870825 NaN NaN NaN NaN 
4.000047349870825 NaN NaN 3.0710278051180184 NaN 
5.000047349870825 NaN NaN 3.0710278051180184 NaN 
6.000047349870825 NaN NaN 2.531108404858892 NaN 
7.000047349870825 NaN NaN 3.073088001423333 NaN 
8.000047349870826 NaN NaN 2.8157333598471146 3.660749446429598 
9.000047349870826 NaN NaN 2.715406761024475 2.715047162258048 
10.000025902433224 NaN NaN 3.767463277099198 2.715047162258048 
11.000047349870826 NaN NaN 3.767463277099198 4.093075823009997 
12.000047349870826 NaN NaN 3.567586023109129 4.093075823009997 
13.000047349870826 NaN NaN 3.4139862907421215 4.711796268932126 
14.000047349870826 NaN NaN 2.54818228675518 3.933848216860321 
15.000047349870826 NaN NaN 3.5635146384036513 2.8295314117274337 
16.000047349870826 NaN NaN 2.9231272444850873 3.9337685260136723 
17.000047349870826 NaN NaN 3.775830743257856 3.9337685260136723 
18.000047349870826 NaN NaN 2.55097825716895 3.001942797054742 
19.000047349870826 NaN NaN 2.4731968884226525 3.3254578287272523 
20.000047349870826 NaN NaN 2.832582153206129 3.3254578287272523 
21.000047349870826 NaN NaN 3.789700453181336 4.022205016933377 
22.000047349870826 NaN NaN 3.127253640378136 5.645412090375128 
23.000047349870826 NaN NaN 2.5665884293689203 5.645412090375128 
24.000047349870826 NaN NaN 3.423857292205618 5.022172959326539 
25.000047349870826 NaN NaN 2.770503257659943 5.022172959326539 
26.000047349870826 NaN NaN 3.650714206521016 4.227144095388116 
27.000047349870826 24.48874286001581 NaN 4.554880207342194 3.893817921398 
28.000047349870826 25.493260701701196 NaN 3.8507150117173623 3.893817921398 
29.000047349870826 26.546689675021494 NaN 3.2449584081984106 4.458935006996196 
30.000047349870826 26.229517047944512 NaN 3.011720576307635 3.869957001132029 
31.000047349870826 24.478974924120507 NaN 3.923382973848753 3.3731182516070284 
32.000047349870826 25.572135000651436 NaN 3.5941571019447878 3.3531826451063864 
33.000047349870826 25.572135000651436 NaN 3.5941571019447878 3.3531826451063864 
34.000047349870826 27.016462441969608 NaN 3.777398561369978 3.869864544508264 
35.000047349870826 28.049812544021457 NaN 3.3989035704402646 4.125183099833727 
36.000047349870826 24.910154122750498 NaN 3.7297110854178577 4.125183099833727 
37.000047349870826 24.184219507923775 NaN 3.0441922761497224 4.49351684954361 
38.000047349870826 24.94513759158465 NaN 2.6381294069440173 3.476293146812772 
39.000047349870826 25.930639846557174 NaN 3.6236316619165407 3.4498867424093262 
40.000047349870826 27.30572777527595 NaN 3.537225764394506 3.4498867424093262 
41.000047349870826 25.601740846004176 NaN 2.903103903391319 2.926452852094897 
42.000047349870826 25.169955572350087 NaN 3.575555744023468 3.34375560816099 
43.000047349870826 26.35262450944926 NaN 3.420330203728838 4.634484850115314 
44.000047349870826 27.408612984695797 NaN 3.1715785642102574 3.440947464947101 
45.000047349870826 27.247245754292805 NaN 4.147922209826255 3.440947464947101 
46.000047349870826 28.445090504347597 NaN 2.652232706888107 4.726792421308183 
47.000047349870826 29.065550964153275 NaN 3.2726931666937844 4.233598303010012 
48.000047349870826 27.00626481967078 NaN 3.231293360002965 4.233598303010012 
49.000047349870826 27.85131411520307 NaN 4.076342655535257 3.7104622688121935 
50.000047349870826 24.790217696414416 NaN 3.3585503085435846 3.3090666804357056 
51.000047349870826 24.790217696414416 NaN 3.3585503085435846 3.3090666804357056 
52.000047349870826 24.923427515118227 24.725994921933122 3.4518947037583843 3.0527680875139964 
53.000047349870826 26.32571515712811 26.2548473663364 3.437272724284284 4.581620531917274 
54.000047349870826 25.701555638971797 26.2548473663364 4.235499154562866 4.581620531917274 
55.000047349870826 26.864340231437637 23.68569923574988 3.843050327922384 6.218174445162482 
56.000047349870826 26.273244912600887 24.84210043464502 2.9841885465753393 3.8420558933755444 
57.000047349870826 27.313658258641674 26.12815204977069 2.388047979370917 2.927593436212753 
58.000047349870826 24.479961016567614 27.11636893240381 3.7524639277848806 3.915810318845871 
59.000047349870826 25.19539744580168 27.11636893240381 3.3114991581238087 3.915810318845871 
60.000047349870826 25.981418803359865 25.13870160170047 4.0975205156819925 3.676205352521407 
61.00003271355302 25.53737740279741 23.85922728422556 3.534408452860447 3.7878744922216327 
62.000047349870826 26.347183463366633 25.19615837403122 3.3559976307965513 3.760389633613329 
63.00001510044503 27.409572141562876 25.19615837403122 2.825216019795185 3.760389633613329 
64.00004734987083 25.772790762525233 26.00367967383439 2.9582998218965244 4.6133925878433075 
65.00004734987083 27.0013389696258 27.428526507742433 2.8499169391914307 3.7194724513198167 
66.00004734987083 27.744559320080548 27.428526507742433 3.5931372896461795 3.7194724513198167 
67.00004734987083 29.232209202292232 28.70243899203473 3.512347788393818 3.9309962574158703 
68.00000133010197 26.370724606887727 26.21467888596608 3.2714559622788073 4.017443867464316 
69.00004734987083 24.85853167137506 27.672401131540198 2.783962307614729 3.5033975554831187 
70.00004734987083 25.875717715106717 27.672401131540198 3.8011483513463844 3.5033975554831187 
71.00004734987083 25.295582133021675 24.020089305046746 3.135243827731628 3.3967421146001584 
72.00004734987083 23.428311668878358 24.905623010441893 2.681373864112061 3.0983208122022745 
73.00004734987083 24.36741000006443 26.366737066030176 3.6204721952981345 3.773016038162339 
74.00004734987083 25.846930285564845 25.742979901305105 2.8334643340746766 3.943604841733645 
75.00004734987083 25.846930285564845 25.742979901305105 2.8334643340746766 3.943604841733645 
76.00004734987083 26.983405655656163 27.37962863518355 2.5088256485777123 4.87454420133605 
77.00004734987083 28.10715237139491 25.44249365880237 2.444797517013498 3.047458076995909 
78.00004734987083 28.110147948367135 25.44249365880237 3.8647027154697042 3.047458076995909 
79.00004734987083 26.163554794569286 25.574159022914806 3.3655466913030097 3.444935713026908 
80.00004734987083 26.956958762715622 26.615945751185116 2.5635658851484493 3.3629757255584707 
81.00004734987083 NaN 26.615945751185116 NaN 3.3629757255584707 
82.00004734987083 NaN NaN NaN NaN 
83.00004734987083 NaN NaN NaN NaN 
84.00004734987083 NaN NaN NaN NaN 
85.00004734987083 NaN NaN 2.6946446397262775 NaN 
86.00004734987083 NaN NaN 3.7998626378595475 NaN 
87.00004734987083 NaN NaN 3.298136510793867 NaN 
88.00003335752187 NaN NaN 3.333582021120378 NaN 
89.00004734987083 NaN NaN 3.5607872851680185 NaN 
90.00004734987083 NaN NaN 3.5607872851680185 NaN 
91.00004734987083 NaN NaN 3.311989188525743 NaN 
92.00004734987083 NaN NaN 3.430152045435463 NaN 
93.00003405498339 NaN NaN 3.8626490924596197 NaN 
94.00004734987083 NaN NaN 3.8626490924596197 NaN 
95.00004734987083 NaN NaN 3.0394315830734655 NaN 
96.00004734987083 NaN NaN 3.334252193837443 NaN 
97.00004734987083 NaN NaN 3.334252193837443 NaN 
98.00004734987083 NaN NaN 2.7607299518882087 NaN 
99.00004734987083 NaN NaN 2.9234685637506175 4.455789838045504 
100.00004734987083 NaN NaN 3.423170873197506 2.3802203428005413 
101.00004734987083 NaN NaN 3.423170873197506 3.612614679082654 
102.00004734987083 NaN NaN 3.9621453424806248 4.100602629568115 
103.00004734987083 NaN NaN 3.0620354269325105 5.175324141436562 
104.00004734987083 NaN NaN 2.751856458535812 3.6902782553064526 
105.00004734987083 NaN NaN 2.751856458535812 4.870273134052127 
106.00004734987083 NaN NaN 2.8261639075040534 3.3505617459848196 
107.00004734987083 NaN NaN 3.4685009557840942 3.3505617459848196 
108.00004734987083 NaN NaN 3.4685009557840942 4.790204013272643 
109.00004734987083 26.978349849974634 NaN 2.4088395313484625 3.3971681220912444 
110.00004734987083 23.240709290398556 NaN 2.5488472253439483 4.741975685364267 
111.00004734987083 23.240709290398556 NaN 2.5488472253439483 3.7916526627621465 
112.00004734987083 24.382915782860238 NaN 3.054307884822748 3.5335462253492693 
113.00004734987083 25.72248668953638 NaN 3.04907122822587 3.5335462253492693 
114.00004734987083 25.72248668953638 NaN 3.04907122822587 3.904693329733945 
115.00004734987083 27.09950136116582 NaN 3.5834309251700915 3.2553338727962995 
116.00004734987083 28.483744237167826 NaN 2.6223513983107978 3.7978850794038266 
117.00004734987083 25.69887493422904 NaN 3.166685137861478 4.6926421993812255 
118.00004734987083 26.389969300215327 NaN 3.857779503847766 4.363879697829972 
119.00004734987083 26.389969300215327 NaN 3.857779503847766 2.383551522534802 
120.00004734987083 23.798158838704808 NaN 3.71743281042167 3.4911393558432167 
121.00004734987083 25.39362097148711 NaN 3.407329418101682 3.1367885017739496 
122.00004734987083 25.39362097148711 NaN 3.407329418101682 3.5584032640427097 
123.00004734987083 25.923708103051183 NaN 3.09129219898567 3.1390902563524463 
124.00004734987083 27.264879822761543 NaN 3.4879218069824276 4.117037789968279 
125.00004734987083 23.758704564302647 NaN 2.751934991838212 2.7215597519035697 
126.00004734987083 23.758704564302647 NaN 2.751934991838212 3.5448006676426047 
127.00004734987083 25.26518904658377 NaN 3.280471940503503 4.557768047392102 
128.00004734987084 25.362825140693943 NaN 3.377770261931147 2.771563123608175 
129.00004734987084 25.362825140693943 NaN 3.377770261931147 3.4195214899509665 
130.00004734987084 26.00114214491994 NaN 3.64608250273011 3.0123902185604408 
131.00004734987084 27.090349544436336 NaN 2.7854443174012573 4.243530128084089 
132.00004734987084 27.1517953904591 NaN 3.3789266758269036 4.233880053353161 
133.00004734987084 27.1517953904591 NaN 3.3789266758269036 3.4430482253173125 
134.00004734987084 28.63656343535463 NaN 3.764341509831837 4.428075818450907 
135.00004734987084 26.216806374138997 NaN 2.8434332096871913 5.2682401781582655 
136.00004734987084 26.216806374138997 NaN 2.8434332096871913 4.218904050436379 
137.00004734987084 26.48574590684005 NaN 3.4590541804638235 4.218904050436379 
138.00004734987084 24.522730259539713 NaN 3.698988317576408 3.8222671579772225 
139.00004734987084 25.480530951641157 NaN 3.8166246499704926 4.1056530260320585 
140.00004734987084 25.0154836828287 NaN 2.7589910489582223 3.5817036482215485 
141.00004734987084 25.0154836828287 NaN 2.7589910489582223 3.5817036482215485 
142.00004734987084 26.388234882484326 NaN 2.9508581205795963 3.9295018205213523 
143.00004734987084 24.602617522009368 NaN 2.729048265339884 2.7571958552360627 
144.00004734987084 24.602617522009368 NaN 2.729048265339884 3.9802343419853514 
145.00004734987084 26.06706569463954 NaN 2.620736535424072 4.70884196377466 
146.00004734987084 26.377323459410604 NaN 2.941277858700346 3.05363092233938 
147.00004734987084 26.377323459410604 NaN 2.941277858700346 3.884041741440825 
148.00004734987084 26.02924647890464 NaN 2.698806009624434 3.2945806522288024 
149.00004734987084 26.589479875192367 NaN 3.1032596001791717 3.0593043726757685 
150.00004734987084 25.004160270000597 NaN 2.5629537073299105 4.435303468356551 
151.00004734987084 25.004160270000597 NaN 2.5629537073299105 4.435303468356551 
152.00004734987084 25.289394848046214 NaN 3.671429201114563 3.894180179603154 
153.00004734987084 26.88061204561265 NaN 2.70407798447377 3.3888937337212326 
154.00004734987084 25.450279986290724 NaN 2.703498905630596 3.8722661221399335 
155.00004734987084 25.450279986290724 NaN 2.703498905630596 4.9751681901425115 
156.00004734987084 27.007698626598284 NaN 3.2007814994738624 3.191353101940649 
157.00004734987084 26.708978090945436 NaN 3.0023270108209203 3.853836772193006 
158.00004734987084 26.921259456555106 NaN 3.796371051755898 4.040298739579839 
159.00004734987084 26.921259456555106 NaN 3.796371051755898 4.040298739579839 
160.00004734987084 25.23426853955621 NaN 2.5739780429315715 3.650225462049292 
161.00004734987084 25.23426853955621 NaN 2.5739780429315715 3.209548933296105 
162.00004734987084 26.309568095645375 NaN 3.135508099475146 3.9320914953541433 
163.00004734987084 27.562989542655117 NaN 3.26483501663742 3.5637314609419946 
164.00003798805756 28.448216261430872 NaN 3.30617822724588 4.669128276060434 
165.00004734987084 22.947994623673793 NaN 2.8689950594410334 4.669128276060434 
166.00004734987084 24.19823127839871 NaN 3.5872737143788527 3.3726711278117705 
167.00004734987084 24.19823127839871 NaN 3.5872737143788527 4.2615232534265886 
168.00004294995944 25.72479549228808 NaN 3.4498888147691957 2.867818380704051 
169.00004734987084 27.238781584920304 NaN 3.0914466928438173 2.7114598699686496 
170.00004734987084 28.075467776380833 NaN 3.0392807586895287 3.6952978846023825 
171.00004734987084 29.441268679447717 NaN 3.6254556750698725 3.019907222325827 
172.00004734987084 29.441268679447717 NaN 3.6254556750698725 3.7879654867157058 
173.00004734987084 26.672950230086087 NaN 2.989340352218278 4.840945960858505 
174.00004734987084 26.56478930550307 NaN 2.967345514152157 3.4401104300399368 
175.00004734987084 26.56478930550307 NaN 2.967345514152157 3.1736589317559663 
176.00004734987084 25.764942565706946 NaN 3.6730867144204637 4.308356402838967 
177.00004734987084 25.764942565706946 NaN 3.6730867144204637 3.902343804004971 
178.00004734987084 24.986425260561845 NaN 3.0735702683918475 3.456329637657319 
179.00004734987084 25.092053054673812 NaN 3.0435877553115063 4.230934395901983 
180.00004734987084 25.092053054673812 NaN 3.0435877553115063 3.3196648586495314 
181.00004734987084 25.24584029997058 NaN 3.9140660658715376 3.738792070938672 
182.00004734987084 25.389116130054646 NaN 3.821996687515906 3.6436762225923474 
183.00004734987084 26.124222143949737 NaN 3.5975294762600356 4.389158064869804 
184.00004734987084 27.386260898049557 NaN 2.990771306042234 5.151062256032219 
185.00004734987084 27.386260898049557 NaN 2.990771306042234 3.991864352146024 
186.00004734987084 25.2383608931043 NaN 3.155184088708353 3.831241064441002 
187.00004734987084 26.825753636804848 NaN 2.4883221553575368 3.546146084932701 
188.00004734987084 26.825753636804848 NaN 2.4883221553575368 3.5063039213281684 
189.00004734987084 25.23042309884869 NaN 2.8031611889582564 4.366871982775194 
190.00004734987084 25.23042309884869 NaN 2.8031611889582564 4.11941607559416 
191.00004734987084 25.090326995143926 NaN 4.535493299811094 3.6243461122816996 
192.00004734987084 25.090326995143926 NaN 4.535493299811094 3.3658758749622564 
193.00004734987084 26.582452463239235 NaN 3.0182981308226715 4.4530022309772335 
194.00004734987084 26.23566373983772 NaN 3.247664739334425 4.576942027767643 
195.00004734987084 26.23566373983772 NaN 3.247664739334425 3.7162207515611385 
196.00004734987084 22.961520502269508 NaN 3.572321598026747 3.3041669996720486 
197.00004734987084 23.387322143418345 NaN 2.8206285457038973 2.973591178237683 
198.00004734987084 24.600698927478447 NaN 3.162394495117667 3.60570847960895 
199.00004734987084 25.835209506054525 NaN 3.316833357487525 3.5049471614596825 
200.00004734987084 26.62392070236743 NaN 3.114430986334952 3.1152497788424114 
201.00004734987084 NaN 132.13484645607076 NaN NaN 
202.00004734987084 NaN 133.11290540730943 NaN NaN 
203.00004734987084 NaN 133.11290540730943 NaN NaN 
204.00004734987084 NaN 134.5901898313429 2.2529348896273973 NaN 
205.00004734987084 NaN 135.79369814315783 2.452651465101269 NaN 
206.00004734987084 NaN 135.79369814315783 2.5824716617209447 NaN 
207.00003706406696 NaN 137.21583875191965 2.5824716617209447 NaN 
208.00004734987084 NaN 138.364717055148 2.489022347092515 NaN 
209.00004734987084 NaN 139.56370775032752 3.462473642868133 NaN 
210.00004734987084 NaN 141.06642387666528 2.6864872949250582 NaN 
211.00004734987084 NaN 142.0312400889503 2.6864872949250582 NaN 
212.00004734987084 NaN 142.9322533793224 2.9747757223459246 NaN 
213.00004734987084 NaN 142.9322533793224 4.088682277543427 NaN 
214.00004734987084 NaN 144.35083588174405 3.6505087103981566 NaN 
215.00004734987084 NaN 145.85574490195097 3.7698285382690244 NaN 
216.00004734987084 NaN 145.85574490195097 2.7352667719792123 NaN 
217.00004734987084 NaN 148.20300655045037 2.7352667719792123 3.4860739633869287 
218.00004734987084 NaN 148.20300655045037 4.1811006924846765 3.4860739633869287 
219.00004734987084 NaN 149.44179147043621 3.3902321824273542 3.6407228432168495 
220.00004734987084 NaN 150.7127428477467 2.871693318028889 3.626640194023423 
221.00004734987084 NaN 151.96828305403466 3.18412166769329 3.4363464798059056 
222.00004734987084 NaN 151.96828305403466 3.1736199950093464 3.4363464798059056 
223.00004734987084 NaN 153.60713343402176 3.026107868658272 4.361156349643409 
224.00004734987084 NaN 154.272651702058 2.5603403538373755 2.8855234839143407 
225.00004734987084 NaN 155.71555029413287 3.3806474464669236 3.1001388286873066 
226.00004734987084 NaN 156.3501684595043 4.510311896601507 3.7347569940587277 
227.00004734987084 25.50111116915906 157.8639745103074 3.363305923171822 4.125123793902446 
228.00004734987084 25.60856778991203 159.01320724412273 2.371304737717196 3.6642767436211727 
229.00004734987084 26.946466103854505 159.93645870368994 3.709203051659671 3.4578637530538003 
230.00004734987084 27.996173296759764 161.06092782129667 3.24510419376179 3.42497019606688 
231.00004734987084 27.996173296759764 161.06092782129667 3.24510419376179 3.42497019606688 
232.00004734987084 23.88493584560041 162.6845881269099 2.313194197058465 3.9631149296884303 
233.00004734987084 24.958403804525318 163.75731348271358 3.386662155983373 2.648234778644394 
234.00004734987084 25.43620554303294 163.75731348271358 3.9389854720637913 2.648234778644394 
235.00004734987084 26.256627801159567 165.3571874450716 3.135747424577204 4.248108741002369 
236.0000447017084 24.821972421315962 166.87119212549862 3.09589902755269 3.548071265825314 
237.00004734987084 25.784883736201095 168.02306989828588 4.058810342437823 3.0231566049254184 
238.00004734987084 26.855817414180535 169.06496302038994 3.529870058059288 3.2446274689028485 
239.00004734987084 26.582439831698252 169.06496302038994 4.157505765949054 3.2446274689028485 
240.00004734987084 27.915123351899155 170.36500499672036 2.8243068329356333 3.5117924864540555 
241.00004734987084 29.220117576647226 171.9022043422312 3.087407935579648 3.0151468391003107 
242.00004734987084 25.655183802989768 173.02990491960122 2.781605652341227 4.142847416470346 
243.00004734987084 26.238936377432765 173.02990491960122 3.365358226784224 4.142847416470346 
244.00004734987084 25.680420687510434 174.68559587663555 3.220007815715462 5.798538373504698 
245.00004734987084 25.680420687510434 176.09636824109452 3.220007815715462 3.943997285124908 
246.00004734987084 26.411691046316122 176.86689151964134 4.0945289744616105 3.720280870579785 
247.00004734987084 27.451128188226477 176.86689151964134 3.4782751593376133 3.720280870579785 
248.00004734987084 27.949982553004872 178.62947884694069 3.977129524116009 3.507266688994065 
249.00004734987084 24.19653030980379 180.1035713345767 3.045189084295288 3.6871265995684723 
250.00004734987084 25.21157754434813 181.10075198567012 4.060236318839628 2.936880949696956 
251.00004734987084 26.389525103943384 181.10075198567012 3.4755965511355384 2.936880949696956 
252.00004734987084 26.389525103943384 182.53349971261616 3.4755965511355384 4.3696286766430035 
253.00004734987084 25.430270542419976 184.0368296802764 3.190673718150663 4.124749076339782 
254.00004734987084 26.454168439103483 185.11410919871292 3.217390963740769 4.1869813602319255 
255.00004734987084 25.786347894271955 186.09201128233985 3.1893068853457294 3.986935884263602 
256.00004734987084 26.66913228565042 187.1614626649141 4.072091276724194 3.867217612186721 
257.00004734987084 26.777034310509805 187.1614626649141 2.723852933093582 3.867217612186721 
258.00004734987084 23.78619340239598 188.6945219872714 3.0513695651277146 4.3763790378605165 
259.00004734987084 23.78619340239598 188.6945219872714 3.0513695651277146 4.3763790378605165 
260.00004734987084 24.93205617112133 190.345897008927 3.127780951278794 3.7403060195866544 
261.00004734987084 26.090508661117525 191.8270282376489 2.753174118917684 3.9890661058424257 
262.00004734987084 24.925057838047053 191.8270282376489 4.253605749061535 3.9890661058424257 
263.00004734987084 25.843373423788194 193.38323834819982 3.520546313147065 5.545276216393347 
264.00004734987084 25.456024518552738 194.6541331109745 4.175090530015666 3.206437004785414 
265.00004734987084 26.34631654785312 194.6541331109745 3.5842513305941566 3.206437004785414 
266.00004734987084 25.234230753514993 196.25033251282406 2.4823019847716523 3.3022047764911235 
267.00004734987084 25.234230753514993 197.36010930713502 2.4823019847716523 3.493665985060943 
268.00004734987084 25.551531522333647 188.3637338897999 3.927303330960342 4.460276878372554 
269.00004734987084 26.342799103147826 190.12064731978938 3.1223715099249603 4.672354062193051 
270.00004734987084 24.179929488559964 190.12064731978938 4.0259652168304 4.672354062193051 
271.00004734987084 25.20629772847215 191.56591648427445 2.975945769120017 4.392467699175029 
272.00000718277596 26.353826052907124 191.56591648427445 4.123474093554989 4.392467699175029 
273.00004734987084 27.236902485936668 193.4653259362106 3.249637096595052 4.055608224108312 
274.0000184393099 28.420691714690832 194.78894972412485 2.988157160864148 4.475638305117116 
275.00004734987084 27.104817165712632 194.78894972412485 4.205393217732137 4.475638305117116 
276.00004734987084 25.382433905649293 196.3855171361978 3.054873644462077 5.045837477277871 
277.00004734987084 25.670345819340696 197.47188957337403 4.775533285099527 6.1322099144541085 
278.00004734987084 23.88470801392495 199.12129533103882 4.246881177866271 3.3499856290322327 
279.00004734987084 24.926437227940568 199.12129533103882 3.692042979808946 3.3499856290322327 
280.00004734987084 24.926437227940568 200.26560573353692 3.692042979808946 3.745406152864234 
281.00004734987084 25.499084896211144 201.52131245220932 4.156220294530215 3.9315083428599564 
282.00004734987084 26.688496548712322 202.7324968113495 3.696226189366598 3.696665909358387 
283.00004734987084 27.461808614316027 204.0619012995101 4.469538254970303 5.026070397518993 
284.00004734987084 26.14096300253385 204.97021559182878 3.35118622694921 5.934384689837657 
285.00004734987084 26.87826601597908 204.97021559182878 2.877304881254247 5.934384689837657 
286.00004734987084 26.045716420620465 206.3067928605749 3.6961303075512433 7.270961958583769 
287.00004734987084 27.15003486842437 207.7536073271263 3.471044267194543 4.162773741117178 
288.00004734987084 28.713442592365652 208.8130442541824 2.789560430071049 3.9405455750238616 
289.00004734987084 28.713442592365652 210.09734826995617 2.789560430071049 3.668721151055422 
290.00004734987084 24.127944375717504 211.13306181081362 4.108497717319949 3.6001162441089605 
291.00004734987084 25.350358207120223 212.01812021581685 3.8840970821712517 2.921766925170914 
292.0000375311679 26.504338034121474 212.01812021581685 3.9786399821164196 2.921766925170914 
293.00004734987084 27.534867623585455 213.40444893618525 3.724865555806616 4.308095645539311 
294.00004734987084 26.37091979683146 26.161899492407827 2.716533470814511 4.365059045801104 
295.00004734987084 27.523093720709994 27.48069706196179 3.868707394693047 3.675310123548911 
296.00004734987084 27.06032480417457 27.48069706196179 2.400622500268014 3.675310123548911 
297.00004734987084 23.189812826734 26.444084868014897 3.198412927162906 3.049110840303456 
298.00004734987084 23.189812826734 26.444084868014897 3.198412927162906 3.049110840303456 
299.00004734987084 24.504827484223654 26.03057686454605 3.1946300150985962 4.666207594299124 
300.00004734987084 25.726794629448534 23.315318170959756 2.7319798266385646 3.7241501563451607 
#####################################################################
# End of data export. Simulation finished at: 2019-09-18T04:24+0000 #
#####################################################################
