#####################################################################
# Alchemist log file - simulation started at: 2019-09-23T21:56+0000 #
#####################################################################
# seed = 15.0, stage_width = 1000
#
# The columns have the following meaning: 
# time rep-bcast[Sum] rep-ccast[Sum] share-bcast[Sum] share-ccast[Sum] rep-bcast-single[Sum] rep-ccast-single[Sum] share-bcast-single[Sum] share-ccast-single[Sum] 
0.0 NaN NaN NaN NaN NaN NaN NaN NaN 
1.0001667152403872 NaN NaN NaN NaN NaN NaN NaN NaN 
2.000166715240387 NaN NaN 1.4302731638119877 NaN NaN NaN 1.4302731638119877 NaN 
3.0000871535735487 NaN NaN 1.285791689241989 NaN NaN NaN 1.285791689241989 NaN 
4.000166715240387 NaN NaN 1.537107514332679 NaN NaN NaN 1.537107514332679 2.649890230625663 
5.000166715240387 NaN NaN 1.8417608807810106 NaN NaN NaN 1.8417608807810106 3.6277592415522935 
6.000166715240387 NaN NaN 1.4790208087942478 1.2865972136941757 NaN NaN 1.4790208087942478 1.2865972136941757 
7.000166715240387 NaN NaN 1.7823569125334977 1.4885396490937906 NaN NaN 1.7823569125334977 1.4885396490937906 
8.000166715240386 NaN NaN 1.7823569125334977 1.7518220145719798 NaN NaN 1.7823569125334977 1.7518220145719798 
9.000026743110185 NaN NaN 1.6848399632189128 1.2137000459831544 NaN NaN 1.6848399632189128 1.2137000459831544 
10.000166715240386 NaN NaN 2.052495152281745 1.5261699127626631 NaN NaN 2.052495152281745 1.5261699127626631 
11.000166715240386 NaN NaN 2.6935401420540845 2.4982797505126513 NaN NaN 2.6935401420540845 2.4982797505126513 
12.000072874837658 NaN NaN 2.2806340101882228 2.522911366698631 NaN NaN 2.2806340101882228 2.522911366698631 
13.000166715240386 NaN NaN 2.2806340101882228 3.4526903351071763 NaN NaN 2.2806340101882228 3.4526903351071763 
14.000051153514374 13.303573587631002 NaN 1.484741782613776 1.7407228767404206 13.303573587631002 NaN 1.484741782613776 1.7407228767404206 
15.000166715240386 13.355955465120207 NaN 1.956838477960888 3.066322420096114 13.355955465120207 NaN 1.956838477960888 3.066322420096114 
16.000166715240386 13.355955465120207 NaN 1.956838477960888 3.066322420096114 13.355955465120207 NaN 1.956838477960888 3.066322420096114 
17.000166715240386 13.872355108211766 NaN 2.4901746853966262 3.1999152499084893 13.872355108211766 15.073215673727503 2.4901746853966262 1.7980395861528322 
18.000166715240386 14.250905300709313 NaN 2.362638464568599 3.812855236077656 14.250905300709313 15.68615565989667 2.362638464568599 2.410979572321999 
19.000166715240386 14.274169306326632 NaN 1.783262931457763 2.481255853866717 14.274169306326632 14.816503447745804 1.783262931457763 2.481255853866717 
20.000166715240386 13.185030541800352 NaN 2.4336156997104865 2.4603952643040934 13.185030541800352 14.254410745292528 2.4336156997104865 2.4603952643040934 
21.000054705655035 13.605666880379415 NaN 2.2802808826239094 2.4603952643040934 13.605666880379415 14.254410745292528 2.2802808826239094 2.4603952643040934 
22.000166715240386 13.605666880379415 NaN 2.2802808826239094 2.821519658761403 13.605666880379415 14.287009465484433 2.2802808826239094 2.821519658761403 
23.000166715240386 12.596017030288104 NaN 2.426026871131075 1.7632007212507972 12.596017030288104 15.791030925392837 2.426026871131075 1.7632007212507972 
24.000166715240386 12.773117409741854 NaN 2.2129796773335535 2.9110190117475447 12.773117409741854 16.938849215889583 2.2129796773335535 1.5880702902753363 
25.000166715240386 12.683812745770558 NaN 1.8903516631207218 2.4181334678187625 12.683812745770558 16.54032041086953 1.8903516631207218 2.4181334678187625 
26.000166715240386 13.509594655568213 NaN 1.5683152824216293 2.0058816510608963 13.509594655568213 17.2772788113154 1.5683152824216293 2.0058816510608963 
27.000166715240386 13.820624428566328 NaN 1.2421024458389915 2.0058816510608963 13.820624428566328 17.2772788113154 1.2421024458389915 2.0058816510608963 
28.000166715240386 14.132267402100092 NaN 2.4025153904759975 1.6938278530794904 14.132267402100092 15.165596445876337 2.4025153904759975 1.6938278530794904 
29.000166715240386 15.119998061505589 NaN 1.695124492369672 3.042969973291207 15.119998061505589 16.514738566088056 1.695124492369672 1.802161231884547 
30.000079655977558 15.119998061505589 NaN 1.695124492369672 2.2177655451171816 15.119998061505589 18.090755823957693 1.695124492369672 2.2177655451171816 
31.000166715240386 13.47285341059943 14.563430036718398 0.9562876955399489 1.9336066606094349 13.47285341059943 14.563430036718398 0.9562876955399489 1.9336066606094349 
32.00016671524038 14.82596945819897 15.699161042656723 1.382044603992174 1.8103742244434393 14.82596945819897 15.699161042656723 1.382044603992174 1.8103742244434393 
33.00010043381658 15.136735821619347 13.404996734558068 2.305750953581718 1.6255829622387523 15.136735821619347 13.404996734558068 2.305750953581718 1.6255829622387523 
34.00016671524038 14.0138467959326 13.404996734558068 1.9731443401076376 1.6255829622387523 14.0138467959326 13.404996734558068 1.9731443401076376 1.6255829622387523 
35.00016671524038 14.0138467959326 14.46148515667651 1.9731443401076376 1.7583650347676496 14.0138467959326 14.46148515667651 1.9731443401076376 1.7583650347676496 
36.00016671524038 12.463470575438595 12.915619470296694 1.0642337830100033 2.834495712857162 12.463470575438595 12.915619470296694 1.0642337830100033 2.834495712857162 
37.00016671524038 13.889600313555423 14.22875834699843 1.4142328430373183 2.6409384221969034 13.889600313555423 14.22875834699843 1.4142328430373183 2.6409384221969034 
38.00016671524038 13.340374306691405 15.456238400072554 1.5297494275117387 2.5525158248553694 13.340374306691405 15.456238400072554 1.5297494275117387 2.5525158248553694 
39.00016671524038 13.340374306691405 16.639151930660685 1.5297494275117387 2.3092996173266727 13.340374306691405 16.639151930660685 1.5297494275117387 2.3092996173266727 
40.00016671524038 13.677848399201483 16.639151930660685 2.6041819204676884 2.3092996173266727 13.677848399201483 16.639151930660685 2.6041819204676884 2.3092996173266727 
41.00016671524038 13.256947168166576 13.582753995886037 2.6509221938704783 2.221440535479495 13.256947168166576 13.582753995886037 2.6509221938704783 2.221440535479495 
42.00016671524038 11.982089095475576 14.749723610650456 0.9502032941207759 2.313977657287964 11.982089095475576 14.749723610650456 0.9502032941207759 2.313977657287964 
43.00016671524038 11.982089095475576 14.89128642735044 0.9502032941207759 3.6159534186249545 11.982089095475576 14.89128642735044 0.9502032941207759 3.6159534186249545 
44.00016671524038 11.488633868766257 15.86668774395336 1.9563915287060638 4.591354735227874 11.488633868766257 15.86668774395336 1.9563915287060638 4.591354735227874 
45.000035652833304 12.638776387910866 13.122474935310393 1.8045582865136822 1.176582889700235 12.638776387910866 13.122474935310393 1.8045582865136822 1.176582889700235 
46.00016671524038 13.918276036231198 13.753586418383676 2.1086566182310946 1.8076943727735184 13.918276036231198 13.753586418383676 2.1086566182310946 1.8076943727735184 
47.00016671524038 13.918276036231198 14.962102442927346 2.1086566182310946 1.8660678781725792 13.918276036231198 14.962102442927346 2.1086566182310946 1.8660678781725792 
48.00016671524038 12.96747960780079 14.002797993917696 1.8959645737743074 3.3371659461144674 12.96747960780079 14.002797993917696 1.8959645737743074 2.0576662977941353 
49.00016671524038 13.309934988078517 15.046476489484988 2.106034607597877 3.1013447933614273 13.309934988078517 15.046476489484988 2.106034607597877 3.1013447933614273 
50.00016671524038 14.838199927009967 15.046476489484988 2.163201478587439 3.1013447933614273 14.838199927009967 15.046476489484988 2.163201478587439 3.1013447933614273 
51.00002624570688 14.838199927009967 15.161434015364797 2.163201478587439 4.532204969656895 14.838199927009967 15.161434015364797 2.163201478587439 4.532204969656895 
52.00016671524038 14.643553504566917 16.231009162045083 2.2380154372788326 1.3809123399556071 14.643553504566917 16.231009162045083 2.2380154372788326 1.3809123399556071 
53.00016671524038 13.688317099381962 17.621516287105948 2.262312439460665 1.6529270107577858 13.688317099381962 17.621516287105948 2.262312439460665 1.6529270107577858 
54.00011090722221 12.776350735669489 18.763983112234207 2.4488776036198345 1.3402366574087452 12.776350735669489 18.763983112234207 2.4488776036198345 1.3402366574087452 
55.00016671524038 12.776350735669489 12.806433880408335 2.4488776036198345 2.2364267496990777 12.776350735669489 12.806433880408335 2.4488776036198345 2.2364267496990777 
56.00016671524038 12.550901591848671 12.806433880408335 1.3320895904883514 2.2364267496990777 12.550901591848671 12.806433880408335 1.3320895904883514 2.2364267496990777 
57.00009400228932 13.769046491631336 13.671741792790371 1.6540443979806838 3.191441905368414 13.769046491631336 13.671741792790371 1.6540443979806838 1.7752559683107734 
58.00016671524038 13.282676776092806 13.514762825130646 1.682980143294742 1.550274620012992 13.282676776092806 13.514762825130646 1.682980143294742 1.550274620012992 
59.000139429068014 13.8188581525011 14.282095201201393 1.9548107324842476 2.3176069960837395 13.8188581525011 14.282095201201393 1.9548107324842476 2.3176069960837395 
60.00016671524038 13.8188581525011 15.431624140346464 1.9548107324842476 2.122506993698032 13.8188581525011 15.431624140346464 1.9548107324842476 2.122506993698032 
61.00016671524038 13.745481793260936 15.125529285777517 2.0967868463028694 1.9286189279678396 13.745481793260936 15.125529285777517 2.0967868463028694 1.9286189279678396 
62.00016671524038 13.49331397762478 15.970851635443424 2.548384722537854 1.6388016123302407 13.49331397762478 15.970851635443424 2.548384722537854 1.6388016123302407 
63.00016671524038 13.337134058566129 14.553479434178328 1.3129495661500385 2.9140322485152694 13.337134058566129 14.553479434178328 1.3129495661500385 2.9140322485152694 
64.00016671524038 12.201413509209452 14.553479434178328 1.8323419901032096 2.9140322485152694 12.201413509209452 14.553479434178328 1.8323419901032096 2.9140322485152694 
65.00016671524038 13.405357947512421 13.425858334554619 1.7610557922211498 2.3267397132673224 13.405357947512421 13.425858334554619 1.7610557922211498 2.3267397132673224 
66.00016671524038 13.405357947512421 14.596047261663884 1.7610557922211498 2.1322138667575103 13.405357947512421 14.596047261663884 1.7610557922211498 2.1322138667575103 
67.00016671524038 13.584831136846098 14.18426208462376 1.8118998130492656 3.1755858681946876 13.584831136846098 14.18426208462376 1.8118998130492656 3.1755858681946876 
68.00016671524038 12.49495718811422 15.318060309936264 1.5904938546267147 1.5354593408096804 12.49495718811422 15.318060309936264 1.5904938546267147 1.5354593408096804 
69.00015215349187 12.749719597984253 15.318060309936264 2.1175774592762906 1.5354593408096804 12.749719597984253 15.318060309936264 2.1175774592762906 1.5354593408096804 
70.00016671524038 12.749719597984253 16.514654989343136 2.1175774592762906 1.7832710515298373 12.749719597984253 16.514654989343136 2.1175774592762906 1.7832710515298373 
71.00016671524038 12.24887228513903 14.824664794452616 2.3715577428955186 2.7656071045364143 12.24887228513903 14.824664794452616 2.3715577428955186 2.7656071045364143 
72.00016671524038 13.110398376867323 14.743928509324242 2.036489155216941 3.903015719190705 13.110398376867323 14.743928509324242 2.036489155216941 3.903015719190705 
73.00016671524038 12.684306764472318 13.188784907688415 1.4075141903768866 1.90155980354875 12.684306764472318 13.188784907688415 1.4075141903768866 1.90155980354875 
74.00016671524038 13.698269505736924 14.898717942103758 1.4646987322649636 2.749966746235799 13.698269505736924 14.898717942103758 1.4646987322649636 2.749966746235799 
75.00009060012053 13.947778957535412 14.898717942103758 1.7940750873032556 2.749966746235799 13.947778957535412 14.898717942103758 1.7940750873032556 2.749966746235799 
76.00016671524038 14.28880440748511 13.728119378411066 2.1640277430150974 3.933438100152344 14.28880440748511 13.728119378411066 2.1640277430150974 3.933438100152344 
77.00016671524038 14.28880440748511 15.056833324366892 2.1640277430150974 5.26215204610817 14.28880440748511 15.056833324366892 2.1640277430150974 5.26215204610817 
78.00016671524038 14.217576852431073 16.2943225487234 2.1845594702295443 6.499641270464679 14.217576852431073 16.2943225487234 2.1845594702295443 6.499641270464679 
79.00016671524038 13.068678412307122 15.051302206540981 1.1587830804689503 7.508834278409978 13.068678412307122 15.051302206540981 1.1587830804689503 7.508834278409978 
80.00000164651368 13.068678412307122 13.551907100216113 1.1587830804689503 1.124939573848991 13.068678412307122 13.551907100216113 1.1587830804689503 1.124939573848991 
81.00016671524038 NaN NaN NaN NaN NaN NaN NaN NaN 
82.00004619656094 NaN NaN 1.3000629507951516 NaN NaN NaN 1.3000629507951516 NaN 
83.00016671524038 NaN NaN 2.2029875659653584 NaN NaN NaN 2.2029875659653584 NaN 
84.00016671524038 NaN NaN 1.711383356335432 NaN NaN NaN 1.711383356335432 NaN 
85.00016671524038 NaN NaN 2.698853953064912 NaN NaN NaN 2.698853953064912 1.849168795605408 
86.00016671524038 NaN NaN 2.1076289022562946 NaN NaN NaN 2.1076289022562946 3.1406781055352724 
87.00016671524038 NaN NaN 1.807576992929171 NaN NaN NaN 1.807576992929171 2.3043150260030814 
88.00016671524038 NaN NaN 1.6708711045364595 NaN NaN NaN 1.6708711045364595 2.3043150260030814 
89.00016671524038 NaN NaN 1.4727600653616975 NaN NaN NaN 1.4727600653616975 2.109292758546971 
90.00001529316661 NaN NaN 1.422273557148472 1.3208876751730543 NaN NaN 1.422273557148472 1.3208876751730543 
91.00016671524038 NaN NaN 1.316955218593293 2.4486908649446235 NaN NaN 1.316955218593293 2.4486908649446235 
92.00016671524038 NaN NaN 2.223887515124119 2.2704195888674974 NaN NaN 2.223887515124119 2.2704195888674974 
93.00016671524038 NaN NaN 2.223887515124119 2.2704195888674974 NaN NaN 2.223887515124119 2.2704195888674974 
94.00016671524038 NaN NaN 2.46648051887982 2.3565831671030537 NaN NaN 2.46648051887982 1.4496508705722277 
95.00016671524038 13.946209658843216 NaN 2.2844903997803385 2.4361365105278026 13.946209658843216 12.638591909691513 2.2844903997803385 2.4361365105278026 
96.00016671524038 12.937607601731202 NaN 1.6568359221433866 2.3701624475359893 12.937607601731202 13.040089425056763 1.6568359221433866 2.3701624475359893 
97.00016671524038 12.937607601731202 NaN 1.6568359221433866 2.4582015199312366 12.937607601731202 14.201423612809094 1.6568359221433866 2.4582015199312366 
98.00016671524038 14.297741577673435 NaN 1.7125477675501628 2.4582015199312366 14.297741577673435 14.201423612809094 1.7125477675501628 2.4582015199312366 
99.00016671524038 13.898950074052777 NaN 1.546695256849091 3.934837760215359 13.898950074052777 13.11553533590343 1.546695256849091 3.934837760215359 
100.00016671524038 12.697120715930808 NaN 2.777692631456347 2.291127709069144 12.697120715930808 13.387019113141491 2.777692631456347 2.291127709069144 
101.00016671524038 12.364737689336437 NaN 1.0870113347419164 1.3072487984982928 12.364737689336437 13.474815832692002 1.0870113347419164 1.3072487984982928 
102.00016671524038 13.569645957781404 NaN 2.2919196031868836 2.063863526287321 13.569645957781404 14.23143056048103 2.2919196031868836 2.063863526287321 
103.00016671524038 14.475083448077157 NaN 1.9547569523949733 1.8405932867620294 14.475083448077157 14.216613929483685 1.9547569523949733 1.8405932867620294 
104.00016671524038 14.475083448077157 NaN 1.9547569523949733 1.9758265452892232 14.475083448077157 12.9189125626895 1.9547569523949733 1.9758265452892232 
105.00016671524038 13.496177018296052 NaN 1.7282539537569903 1.9758265452892232 13.496177018296052 12.9189125626895 1.7282539537569903 1.9758265452892232 
106.00016671524038 13.455018832779785 NaN 1.6022394757251277 2.6573892318157277 13.455018832779785 14.505912739511757 1.6022394757251277 2.6573892318157277 
107.00016671524038 13.478019334452995 NaN 1.3286897620442915 2.308125054900458 13.478019334452995 14.70821774784396 1.3286897620442915 2.308125054900458 
108.00016671524038 13.619890680577129 NaN 2.457046748124 2.471821818767836 13.619890680577129 16.086041560651637 2.457046748124 2.471821818767836 
109.00016671524038 14.539955255902598 NaN 2.26787401858644 2.471821818767836 14.539955255902598 16.086041560651637 2.26787401858644 2.471821818767836 
110.00016671524038 15.435669828832005 NaN 1.7857647787081703 1.3499121176083122 15.435669828832005 13.312966876042054 1.7857647787081703 2.478269103688021 
111.00016671524038 15.47354772519013 NaN 1.808167057540146 2.782721091061063 15.47354772519013 12.390160196501313 1.808167057540146 2.782721091061063 
112.00007306280028 15.47354772519013 NaN 1.808167057540146 2.782721091061063 15.47354772519013 12.390160196501313 1.808167057540146 2.782721091061063 
113.00004608817018 14.706076993906294 NaN 2.245857780840012 2.641833683480556 14.706076993906294 14.065051937175681 2.245857780840012 2.641833683480556 
114.00016671524038 15.424736181020535 NaN 1.2896252272798847 1.608869501360715 15.424736181020535 14.197783951273848 1.2896252272798847 1.608869501360715 
115.00016671524038 13.24085213726758 NaN 1.1069317122810531 1.713540772246489 13.24085213726758 13.966901382828013 1.1069317122810531 1.713540772246489 
116.00016671524038 13.34116063835603 NaN 2.135629965996756 2.0595108957940056 13.34116063835603 13.826622425044803 2.135629965996756 2.0595108957940056 
117.00016671524038 14.465266347385551 NaN 2.3389582513195677 2.0595108957940056 14.465266347385551 13.826622425044803 2.3389582513195677 2.0595108957940056 
118.00009177888089 14.465266347385551 NaN 2.3389582513195677 2.3696395703298094 14.465266347385551 14.412349482991445 2.3389582513195677 1.3409413166141064 
119.00016671524038 14.269920645694697 NaN 2.4191247659391166 2.00569394588166 14.269920645694697 12.2151288274285 2.4191247659391166 2.00569394588166 
120.00016671524038 13.70961072417758 NaN 1.9546504730018626 2.00569394588166 13.70961072417758 12.2151288274285 1.9546504730018626 2.00569394588166 
121.00016671524038 13.683438719425581 NaN 1.2488574348158181 2.3629070848481746 13.683438719425581 13.717137791676322 1.2488574348158181 2.3629070848481746 
122.00016671524038 15.08179609638242 NaN 2.647214811772656 1.3214359970224479 15.08179609638242 13.657065273187058 2.647214811772656 1.3214359970224479 
123.00016671524038 13.246897327275747 NaN 2.0080286392874456 1.3214359970224479 13.246897327275747 13.657065273187058 2.0080286392874456 1.3214359970224479 
124.00016671524038 14.58000982232879 NaN 2.2728566667500445 2.9651306718137107 14.58000982232879 13.484980799723445 2.2728566667500445 2.9651306718137107 
125.00016671524038 14.186876273862126 NaN 3.3125320917361307 1.7454585647399625 14.186876273862126 14.526488861369145 3.3125320917361307 1.7454585647399625 
126.00016671524038 14.856633056243297 NaN 2.338594199326039 1.7680710100017052 14.856633056243297 13.485520230858668 2.338594199326039 1.7680710100017052 
127.00012628880579 14.468774741366587 NaN 2.584119563477998 3.19900128985833 14.468774741366587 14.100344357894357 2.584119563477998 1.489569082491073 
128.00016671524037 14.468774741366587 NaN 2.584119563477998 3.19900128985833 14.468774741366587 14.100344357894357 2.584119563477998 1.489569082491073 
129.00016671524037 12.42339898555845 NaN 1.101224710572339 1.6929059724312907 12.42339898555845 13.691019612811402 1.101224710572339 1.6929059724312907 
130.00016671524037 13.612652850025952 14.01367417142049 2.2904785750398418 1.740498417490329 13.612652850025952 14.01367417142049 2.2904785750398418 1.740498417490329 
131.00001843813055 13.49966961545249 14.957399682668893 2.178289572970897 2.6842239287387315 13.49966961545249 14.957399682668893 2.178289572970897 2.6842239287387315 
132.00016671524037 14.291561643110498 12.70380955297938 1.6188287883041141 2.5369717241976844 14.291561643110498 12.70380955297938 1.6188287883041141 2.5369717241976844 
133.00002713330213 14.276970654887961 13.470599775693984 1.5507208138754152 1.9255806332433565 14.276970654887961 13.470599775693984 1.5507208138754152 1.9255806332433565 
134.00016671524037 13.17890917448888 14.811836681149174 1.8113164510525337 2.4749255110405386 13.17890917448888 14.811836681149174 1.8113164510525337 1.5993079742208351 
135.00016671524037 14.243018111517799 14.811836681149174 2.1086351653668487 2.4749255110405386 14.243018111517799 14.811836681149174 2.1086351653668487 1.5993079742208351 
136.00016671524037 14.47559337684136 14.97829059630891 2.0682579928256644 1.5462298923880269 14.47559337684136 14.97829059630891 2.0682579928256644 1.5462298923880269 
137.00016671524037 14.47559337684136 14.64137764226875 2.0682579928256644 2.607674315304706 14.47559337684136 13.77855485050614 2.0682579928256644 2.607674315304706 
138.00016671524037 14.183639683878823 12.773243183205992 2.1704797593836247 1.6101818981007625 14.183639683878823 12.773243183205992 2.1704797593836247 1.6101818981007625 
139.00016671524037 13.938530250768608 11.81034729755656 1.9054339650024303 2.604076220630162 13.938530250768608 11.81034729755656 1.9054339650024303 2.604076220630162 
140.00016671524037 13.887049751144659 13.126589801476271 3.2096784056932677 1.7721791141856613 13.887049751144659 13.126589801476271 3.2096784056932677 1.7721791141856613 
141.00016671524037 13.533364057363869 13.126589801476271 1.9255524165007216 1.7721791141856613 13.533364057363869 13.126589801476271 1.9255524165007216 1.7721791141856613 
142.00016671524037 13.400511411138979 13.137977513078454 1.9668275820939982 1.783082752362759 13.400511411138979 13.137977513078454 1.9668275820939982 1.783082752362759 
143.00016671524037 13.135368180194064 14.29815834469963 1.7378890846059392 1.8660189979080997 13.135368180194064 14.29815834469963 1.7378890846059392 1.8660189979080997 
144.00016671524037 13.135368180194064 15.493868290018725 1.7378890846059392 1.7042112737142077 13.135368180194064 15.493868290018725 1.7378890846059392 1.7042112737142077 
145.00016671524037 12.236929360975012 15.493868290018725 1.6649966049405691 1.7042112737142077 12.236929360975012 15.493868290018725 1.6649966049405691 1.7042112737142077 
146.00016671524037 13.33026824652967 14.432966079681307 1.5626255451761324 2.1245346601333495 13.33026824652967 14.432966079681307 1.5626255451761324 2.1245346601333495 
147.00016373531267 13.77067657392709 15.459401005515673 2.7698240952881577 2.0636812340119093 13.77067657392709 15.459401005515673 2.7698240952881577 2.0636812340119093 
148.00016671524037 14.678912033542446 16.49903427250021 1.1450916612701292 2.009975615441789 14.678912033542446 16.49903427250021 1.1450916612701292 2.009975615441789 
149.00016671524037 13.066842226026381 14.826483285651847 2.1237779744800207 1.1920974804473303 13.066842226026381 14.826483285651847 2.1237779744800207 2.1003329400626853 
150.00016671524037 14.400516950677087 16.215400876317858 2.4178194321461888 1.6023287579034502 14.400516950677087 16.215400876317858 2.4178194321461888 1.6023287579034502 
151.00004328356826 15.69188057890517 16.215400876317858 2.4116271856413505 1.6023287579034502 15.69188057890517 16.215400876317858 2.4116271856413505 1.6023287579034502 
152.00016671524037 14.151504643417951 13.785529561520036 1.9112543351437807 1.555492370226574 14.151504643417951 13.785529561520036 1.9112543351437807 2.88916709487728 
153.00016671524037 15.366279455312224 15.057528618482138 1.839190810064224 2.8274914271886757 15.366279455312224 15.057528618482138 1.839190810064224 2.8274914271886757 
154.00016671524037 15.366279455312224 14.293148241278999 1.839190810064224 1.983845750815334 15.366279455312224 14.293148241278999 1.839190810064224 1.983845750815334 
155.00016671524037 14.367843770697277 14.293148241278999 1.8788928949362855 1.983845750815334 14.367843770697277 14.293148241278999 1.8788928949362855 1.983845750815334 
156.00016671524037 14.360814591846662 13.24166464576237 1.850749102930422 2.152349598993254 14.360814591846662 13.24166464576237 1.850749102930422 2.152349598993254 
157.00016671524037 15.368733470337759 14.800571717467818 1.4753893213493257 2.399555528864539 15.368733470337759 14.800571717467818 1.4753893213493257 2.399555528864539 
158.00016671524037 14.209707778849236 14.800571717467818 2.6722544068010734 2.399555528864539 14.209707778849236 14.800571717467818 2.6722544068010734 2.399555528864539 
159.00016671524037 13.767835867785948 13.98927480018861 2.178008391831355 2.4536376449036936 13.767835867785948 13.98927480018861 2.178008391831355 3.7617565449210133 
160.00016671524037 14.805649405422201 13.217606926538338 1.8536209134111346 2.9745883284290073 14.805649405422201 13.217606926538338 1.8536209134111346 2.9745883284290073 
161.00016671524037 14.458442472685988 14.126935161760429 2.5328489065092867 1.6223904214636207 14.458442472685988 14.126935161760429 2.5328489065092867 1.6223904214636207 
162.00016671524037 14.873337446980912 12.39915200687878 1.5491793505502471 1.398162233323518 14.873337446980912 12.39915200687878 1.5491793505502471 1.398162233323518 
163.00000956228064 14.873337446980912 12.812508263476786 1.5491793505502471 1.811518489921525 14.873337446980912 12.812508263476786 1.5491793505502471 1.811518489921525 
164.00016671524037 14.02194743854048 13.892949421866575 1.4780932083164373 1.437431407031852 14.02194743854048 13.892949421866575 1.4780932083164373 1.437431407031852 
165.00016671524037 13.394397413953868 15.064522920458927 2.1373815207036557 1.3761070898188166 13.394397413953868 15.064522920458927 2.1373815207036557 1.3761070898188166 
166.0001547338181 12.822758661004684 15.064522920458927 1.7573006663267847 1.3761070898188166 12.822758661004684 15.064522920458927 1.7573006663267847 1.3761070898188166 
167.00016671524037 14.5668994447702 14.354987092899847 2.329867951499949 2.2442939895031486 14.5668994447702 14.354987092899847 2.329867951499949 1.5850056771159302 
168.00016671524037 14.5668994447702 14.648882962630893 2.329867951499949 1.5750996890678834 14.5668994447702 14.648882962630893 2.329867951499949 1.5750996890678834 
169.00016671524037 13.421989471198373 16.04854956723392 2.4341267891860525 2.0488418755658415 13.421989471198373 16.04854956723392 2.4341267891860525 2.0488418755658415 
170.00007152267582 13.264871746832 14.3430512347162 2.32724545489981 1.3885322063760555 13.264871746832 14.3430512347162 2.32724545489981 1.3885322063760555 
171.00016671524037 14.066991199127955 14.3430512347162 1.7296983025927375 1.3885322063760555 14.066991199127955 14.3430512347162 1.7296983025927375 1.3885322063760555 
172.00016671524037 12.18382431688687 13.529518377793949 1.8232802890907749 1.3779939660575735 12.18382431688687 13.529518377793949 1.8232802890907749 1.3779939660575735 
173.00016671524037 12.18382431688687 13.129337132870916 1.8232802890907749 2.2781678632105695 12.18382431688687 13.129337132870916 1.8232802890907749 1.2702641673787696 
174.00016671524037 13.482105086607703 13.129337132870916 1.730309951791014 2.2781678632105695 13.482105086607703 13.129337132870916 1.730309951791014 1.2702641673787696 
175.00016671524037 13.88735370776476 13.696054723399527 1.3425934587212112 2.5162097510055332 13.88735370776476 13.696054723399527 1.3425934587212112 2.5162097510055332 
176.00016671524037 15.242794198291591 11.95632755491198 1.4520883656212789 2.767813511035115 15.242794198291591 11.95632755491198 1.4520883656212789 1.4532366546559672 
177.00016671524037 15.046736134269679 11.95632755491198 2.74884364419367 2.767813511035115 15.046736134269679 11.95632755491198 2.74884364419367 1.4532366546559672 
178.00001043840524 15.046736134269679 13.514732913758962 2.74884364419367 3.01164201350295 15.046736134269679 13.514732913758962 2.74884364419367 1.6562015229761187 
179.00016671524037 14.910273887453485 13.53731142289081 2.556294282614857 4.393869139034933 14.910273887453485 13.53731142289081 2.556294282614857 3.038428648508102 
180.00016671524037 16.08806904612925 13.53731142289081 2.175684082443638 4.393869139034933 16.08806904612925 13.53731142289081 2.175684082443638 3.038428648508102 
181.00016671524037 14.706804132401288 14.106192233550871 2.054138082613491 1.7714353780846182 14.706804132401288 14.106192233550871 2.054138082613491 1.7714353780846182 
182.00016671524037 15.766047325831693 14.727839453152797 1.7262840997233866 2.1412118571158487 15.766047325831693 14.727839453152797 1.7262840997233866 0.8805307314140123 
183.00016671524037 12.866724394330049 14.278924032584513 2.649620163783851 2.006246689369277 12.866724394330049 14.278924032584513 2.649620163783851 2.006246689369277 
184.00016671524037 12.866724394330049 14.278924032584513 2.649620163783851 2.006246689369277 12.866724394330049 14.278924032584513 2.649620163783851 2.006246689369277 
185.00009480920193 14.517195774880406 13.40648361670452 1.6268039486719488 1.3551358156334459 14.517195774880406 13.40648361670452 1.6268039486719488 1.3551358156334459 
186.00016671524037 15.534308600466318 13.934415819732095 1.3124483905028228 2.890971714492821 15.534308600466318 13.934415819732095 1.3124483905028228 1.2405003339424638 
187.00016671524037 13.86586091752369 15.232848756765833 2.73754516402974 1.52182044539029 13.86586091752369 15.232848756765833 2.73754516402974 1.52182044539029 
188.00016671524037 14.733088963477513 15.232848756765833 2.0689373111241878 1.52182044539029 14.733088963477513 15.232848756765833 2.0689373111241878 1.52182044539029 
189.00016671524037 14.278111210734806 15.323583961898748 1.561472204974507 1.4857396467171213 14.278111210734806 15.323583961898748 1.561472204974507 1.4857396467171213 
190.00010829130167 15.40329256178262 14.207719121455682 1.2976375811685728 2.172664107226211 15.40329256178262 14.207719121455682 1.2976375811685728 2.172664107226211 
191.00016671524037 16.049088713092175 14.207719121455682 1.9434337324781268 2.172664107226211 16.049088713092175 14.207719121455682 1.9434337324781268 2.172664107226211 
192.00010741119172 14.36489395911184 14.592282252821718 1.813376360632276 3.0630146862805816 14.36489395911184 14.592282252821718 1.813376360632276 1.9378333352327672 
193.00016671524037 14.663438004896676 14.592282252821718 2.111920406417113 3.0630146862805816 14.663438004896676 14.592282252821718 2.111920406417113 1.9378333352327672 
194.00016671524037 14.425008984777776 13.569336265098144 1.5744001018917686 2.059664948019787 14.425008984777776 13.569336265098144 1.5744001018917686 1.380126388429943 
195.00016671524037 15.817271231264925 13.901390150909123 2.966662348378918 2.674317354157921 15.817271231264925 13.901390150909123 2.966662348378918 1.530519248744838 
196.00016671524037 12.86026885608291 13.901390150909123 2.5578604060558803 2.674317354157921 12.86026885608291 13.901390150909123 2.5578604060558803 1.530519248744838 
197.00016671524037 12.86026885608291 15.24533457606185 2.5578604060558803 1.4822014274104163 12.86026885608291 15.24533457606185 2.5578604060558803 1.4822014274104163 
198.00016671524037 14.260887600595083 12.880716911138506 2.365744139055238 1.6472520037275444 14.260887600595083 12.880716911138506 2.365744139055238 1.6472520037275444 
199.00016671524037 14.037988102365233 14.498845078809893 2.1303685994276975 3.265380171398931 14.037988102365233 14.498845078809893 2.1303685994276975 1.8647614268867585 
200.00016671524037 15.17865177276866 14.498845078809893 2.0025992967132424 3.265380171398931 15.17865177276866 14.498845078809893 2.0025992967132424 1.8647614268867585 
201.00016671524037 NaN NaN NaN NaN NaN NaN NaN NaN 
202.00016671524037 NaN NaN NaN NaN NaN NaN NaN NaN 
203.00016671524037 NaN NaN 2.370538120390279 NaN NaN NaN 2.370538120390279 NaN 
204.00016671524037 NaN NaN 2.370538120390279 NaN NaN NaN 2.370538120390279 NaN 
205.00016671524037 NaN NaN 1.5720267198859403 NaN NaN NaN 1.5720267198859403 NaN 
206.00016671524037 NaN NaN 2.912634140937797 NaN NaN NaN 2.912634140937797 NaN 
207.00016671524037 NaN NaN 2.0723500004552022 NaN NaN NaN 2.0723500004552022 NaN 
208.00016671524037 NaN NaN 1.7484541757512204 NaN NaN NaN 1.7484541757512204 NaN 
209.00016671524037 NaN NaN 1.5058565336203458 NaN NaN NaN 1.5058565336203458 4.007436409227154 
210.00016671524037 NaN NaN 1.5058565336203458 NaN NaN NaN 1.5058565336203458 5.298456376703456 
211.00016671524037 NaN NaN 1.951977371825933 NaN NaN NaN 1.951977371825933 5.854992084849698 
212.00016671524037 NaN NaN 1.720987351123938 3.48404415274328 NaN NaN 1.720987351123938 3.48404415274328 
213.00016671524037 11.816882627321007 NaN 2.340905901854512 2.4384762167159693 11.816882627321007 NaN 2.340905901854512 2.4384762167159693 
214.00016671524037 13.232552144994713 NaN 2.425680453605878 3.4030447465850386 13.232552144994713 NaN 2.425680453605878 3.4030447465850386 
215.0001304335803 13.232552144994713 NaN 2.425680453605878 2.5423373340786384 13.232552144994713 NaN 2.425680453605878 2.5423373340786384 
216.00016671524037 13.20286700554314 NaN 2.268381758019075 2.0009738929461776 13.20286700554314 NaN 2.268381758019075 2.0009738929461776 
217.00012618447892 13.20286700554314 NaN 2.268381758019075 2.803685535924501 13.20286700554314 NaN 2.268381758019075 2.803685535924501 
218.00016671524037 13.442678968929044 NaN 2.143553770496368 2.803685535924501 13.442678968929044 NaN 2.143553770496368 2.803685535924501 
219.00016671524037 13.650835708649083 NaN 1.77596323361999 2.2277858600849356 13.650835708649083 NaN 1.77596323361999 2.2277858600849356 
220.00016671524037 12.60635195821041 NaN 1.757236734501106 2.42472499370308 12.60635195821041 NaN 1.757236734501106 3.6756737993250965 
221.00016671524037 13.492235896555542 NaN 2.643120672846237 2.50882930783888 13.492235896555542 NaN 2.643120672846237 2.50882930783888 
222.00016671524037 14.692463531908999 NaN 2.395460368959533 1.1817147264522134 14.692463531908999 NaN 2.395460368959533 1.1817147264522134 
223.00016671524037 14.692463531908999 NaN 2.395460368959533 1.1817147264522134 14.692463531908999 NaN 2.395460368959533 1.1817147264522134 
224.00016671524037 14.096132614401512 NaN 1.7111274460643813 2.660533768343896 14.096132614401512 NaN 1.7111274460643813 1.4603061329904392 
225.00016671524037 13.383773805007621 NaN 1.4073802688473904 2.660533768343896 13.383773805007621 NaN 1.4073802688473904 1.4603061329904392 
226.00016671524037 13.369247205315105 NaN 0.8778811596543505 3.1872815894879807 13.369247205315105 NaN 0.8778811596543505 1.4946670523248429 
227.00016671524037 13.369247205315105 NaN 0.8778811596543505 2.844823545970712 13.369247205315105 NaN 0.8778811596543505 1.6697516812960203 
228.00016671524037 14.710166941229431 NaN 2.218800895568677 1.794471761628813 14.710166941229431 NaN 2.218800895568677 1.794471761628813 
229.00016671524037 12.98000598835344 NaN 2.3531348486018544 2.937845883854436 12.98000598835344 NaN 2.3531348486018544 2.937845883854436 
230.00016671524037 14.156992007269366 NaN 2.207924439880486 2.937845883854436 14.156992007269366 NaN 2.207924439880486 2.937845883854436 
231.00016671524037 14.156992007269366 NaN 2.207924439880486 2.1162505846803015 14.156992007269366 NaN 2.207924439880486 2.1162505846803015 
232.00016671524037 13.402222177054568 NaN 1.1036666926528085 2.1162505846803015 13.402222177054568 NaN 1.1036666926528085 2.1162505846803015 
233.00016671524037 14.591172487091598 NaN 1.7410006624758978 3.524939026902956 14.591172487091598 NaN 1.7410006624758978 3.524939026902956 
234.00016671524037 15.905280588992241 NaN 1.6464203221538867 4.429829013156336 15.905280588992241 NaN 1.6464203221538867 4.429829013156336 
235.00016671524037 15.905280588992241 NaN 1.6464203221538867 5.255421577398266 15.905280588992241 NaN 1.6464203221538867 5.255421577398266 
236.00014182967598 14.219464101542115 NaN 1.8971332844695326 2.774487691221907 14.219464101542115 NaN 1.8971332844695326 1.4603795893212634 
237.00016671524037 15.480041923677561 NaN 2.332118542363048 2.793932275988851 15.480041923677561 NaN 2.332118542363048 2.793932275988851 
238.00016671524037 14.132839692604364 NaN 2.0708339554809925 2.5489614531892073 14.132839692604364 NaN 2.0708339554809925 2.5489614531892073 
239.00016671524037 14.132839692604364 NaN 2.0708339554809925 3.6586698019476103 14.132839692604364 NaN 2.0708339554809925 3.6586698019476103 
240.00016671524037 14.058823051300607 NaN 2.390240084007189 2.4095908209967263 14.058823051300607 NaN 2.390240084007189 2.4095908209967263 
241.0000241275573 13.756388026204945 NaN 2.5273294267880146 2.4095908209967263 13.756388026204945 NaN 2.5273294267880146 2.4095908209967263 
242.00016671524037 13.627148205241298 NaN 1.4840460694209128 2.387318813209788 13.627148205241298 NaN 1.4840460694209128 1.3395973446595804 
243.00016671524037 15.114491799540417 NaN 1.340702856313186 2.3854036844888356 15.114491799540417 NaN 1.340702856313186 2.3854036844888356 
244.00016671524037 15.114491799540417 NaN 1.340702856313186 3.3970136614905755 15.114491799540417 NaN 1.340702856313186 3.3970136614905755 
245.00007673177322 14.299896221629695 NaN 1.06426362700239 4.412538124972883 14.299896221629695 15.815791302575974 1.06426362700239 4.412538124972883 
246.00016671524037 14.299896221629695 NaN 1.06426362700239 5.7343838278784744 14.299896221629695 14.469336068362395 1.06426362700239 5.7343838278784744 
247.00016671524037 12.888037497815475 NaN 1.502075208395837 5.7343838278784744 12.888037497815475 14.469336068362395 1.502075208395837 5.7343838278784744 
248.00016671524037 14.076467097974671 NaN 2.6905048085550334 1.7185556742861934 14.076467097974671 15.179170938101805 2.6905048085550334 1.7185556742861934 
249.00016671524037 14.686782314942889 NaN 1.6383839067489987 2.3424068616895113 14.686782314942889 14.48891402360448 1.6383839067489987 2.3424068616895113 
250.00012950495906 14.686782314942889 NaN 1.6383839067489987 3.0851866521146576 14.686782314942889 15.231693814029626 1.6383839067489987 3.0851866521146576 
251.00016671524037 12.346828350497134 NaN 1.5624787286508877 2.1675454718835 12.346828350497134 15.782787066598786 1.5624787286508877 2.1675454718835 
252.00016671524037 14.006256469215714 NaN 1.5971885723994035 1.7901125686874764 14.006256469215714 14.310291776140588 1.5971885723994035 1.7901125686874764 
253.00016671524037 14.006256469215714 NaN 1.5971885723994035 2.849643089465843 14.006256469215714 15.369822296918954 1.5971885723994035 2.849643089465843 
254.0000323846571 14.583019526546764 NaN 1.5557869561205564 2.141262727230668 14.583019526546764 16.32087005340236 1.5557869561205564 2.141262727230668 
255.00016671524037 13.177391202313999 NaN 1.8478465337986165 2.9729654408209 13.177391202313999 17.15257276699259 1.8478465337986165 2.9729654408209 
256.00016671524037 13.177391202313999 NaN 1.8478465337986165 2.2654120222389054 13.177391202313999 15.430810470756057 1.8478465337986165 2.2654120222389054 
257.00012939838837 13.558742041743699 NaN 1.492253242983935 3.604836041689083 13.558742041743699 16.770234490206235 1.492253242983935 3.604836041689083 
258.00016671524037 12.765049980931764 NaN 1.7467776351485895 3.604836041689083 12.765049980931764 16.770234490206235 1.7467776351485895 3.604836041689083 
259.00016671524037 14.162342421274474 NaN 1.804646056041122 4.889264987448797 14.162342421274474 18.05466343596595 1.804646056041122 4.889264987448797 
260.00016671524037 14.162342421274474 NaN 1.804646056041122 2.306701938509093 14.162342421274474 19.48429004441374 1.804646056041122 2.306701938509093 
261.00016671524037 14.371249956209653 NaN 2.0509703481221777 3.5135559099336433 14.371249956209653 20.69114401583829 2.0509703481221777 3.5135559099336433 
262.00016671524037 12.451320241295718 NaN 1.9668301823653564 3.5135559099336433 12.451320241295718 20.69114401583829 1.9668301823653564 3.5135559099336433 
263.00016671524037 13.777153837427704 NaN 2.085809807072792 4.942564581208387 13.777153837427704 13.58120197237497 2.085809807072792 4.942564581208387 
264.00016671524037 13.777153837427704 NaN 2.085809807072792 1.7327340863612335 13.777153837427704 14.644903598402266 2.085809807072792 1.7327340863612335 
265.00016671524037 13.525810940101849 NaN 2.1121544396103786 2.760295606499767 13.525810940101849 15.6724651185408 2.1121544396103786 2.760295606499767 
266.00016671524037 12.020991643364965 NaN 1.429765579744469 4.132134269011715 12.020991643364965 17.044303781052747 1.429765579744469 4.132134269011715 
267.00016671524037 12.781428015463376 NaN 2.19020195184288 2.3230651264929065 12.781428015463376 18.016421538478255 2.19020195184288 2.3230651264929065 
268.00016671524037 13.848373054250288 NaN 1.8853083281178442 2.3230651264929065 13.848373054250288 18.016421538478255 1.8853083281178442 2.3230651264929065 
269.00016671524037 13.848373054250288 NaN 1.8853083281178442 3.9084607582803983 13.848373054250288 13.623779338030232 1.8853083281178442 3.9084607582803983 
270.00016671524037 13.740403148382427 NaN 2.615841365922165 1.8716014468448066 13.740403148382427 13.396018544520928 2.615841365922165 1.8716014468448066 
271.00001532686383 13.740403148382427 NaN 2.615841365922165 1.3818702360624115 13.740403148382427 13.375495749296249 2.615841365922165 1.3818702360624115 
272.00016671524037 12.790649570363883 NaN 1.5051487355763697 1.3818702360624115 12.790649570363883 13.375495749296249 1.5051487355763697 1.3818702360624115 
273.00016671524037 12.651705129795687 NaN 1.5829113190085309 2.8908411734298056 12.651705129795687 14.884466686663643 1.5829113190085309 2.8908411734298056 
274.00016671524037 13.391630871172936 NaN 2.3228370603857798 2.2002571058055764 13.391630871172936 12.939936328047281 2.3228370603857798 2.2002571058055764 
275.00016671524037 14.678380262997337 NaN 2.1006155148427865 1.7701851997887843 14.678380262997337 13.800546589910084 2.1006155148427865 1.7701851997887843 
276.00016671524037 12.958244528669809 NaN 2.032827103647435 2.3167920211998307 12.958244528669809 13.74159271000741 2.032827103647435 2.3167920211998307 
277.00003149636177 13.376960726267214 NaN 1.3681021026210374 2.242044434807667 13.376960726267214 14.953594515439647 1.3681021026210374 2.242044434807667 
278.00009243519986 13.376960726267214 NaN 1.3681021026210374 2.2668762079664475 13.376960726267214 15.894153196970194 1.3681021026210374 2.2668762079664475 
279.00016671524037 12.70163325686002 NaN 1.8801730104320882 2.0238503828418857 12.70163325686002 12.183047637127686 1.8801730104320882 2.0238503828418857 
280.00016671524037 13.218718283265503 NaN 2.4288171127325313 2.646104996132067 13.218718283265503 12.805302250417867 2.4288171127325313 2.646104996132067 
281.00016671524037 11.416463927725601 NaN 2.171962776229634 1.9789101262721829 11.416463927725601 13.862180093801271 2.171962776229634 1.9789101262721829 
282.00016671524037 11.416463927725601 NaN 2.171962776229634 3.1113132061915962 11.416463927725601 14.994583173720684 2.171962776229634 3.1113132061915962 
283.00016671524037 12.536683382283627 NaN 1.6130497741140744 4.0185758397459495 12.536683382283627 15.901845807275038 1.6130497741140744 4.0185758397459495 
284.00016671524037 13.903467088102957 NaN 1.847430400013991 4.800953412508306 13.903467088102957 13.914627546020654 1.847430400013991 4.800953412508306 
285.00016671524037 12.50329655714512 NaN 2.2618877573166287 2.323082792653736 12.50329655714512 15.02871682655234 2.2618877573166287 2.323082792653736 
286.00016671524037 12.50329655714512 NaN 2.2618877573166287 1.7291597620809966 12.50329655714512 12.836795946727989 2.2618877573166287 1.7291597620809966 
287.00016671524037 13.196889467198275 NaN 1.2696684583962679 3.284144176653399 13.196889467198275 14.391780361300391 1.2696684583962679 3.284144176653399 
288.00016671524037 13.196889467198275 NaN 1.2696684583962679 4.18021514685563 13.196889467198275 13.261176198300973 1.2696684583962679 4.18021514685563 
289.00016671524037 12.727014507884917 NaN 1.3919519091616053 2.296542706789751 12.727014507884917 14.376331978712358 1.3919519091616053 2.296542706789751 
290.00016671524037 13.15420914683051 NaN 2.1350773833372045 2.296542706789751 13.15420914683051 14.376331978712358 2.1350773833372045 2.296542706789751 
291.00013332602435 13.15420914683051 NaN 2.1350773833372045 2.0764322168974445 13.15420914683051 14.917762445786025 2.1350773833372045 2.0764322168974445 
292.00016671524037 14.542998524823417 NaN 2.408710980918727 3.0000038417030055 14.542998524823417 15.841334070591586 2.408710980918727 3.0000038417030055 
293.00016671524037 13.315293924793082 NaN 1.9037996854736434 2.264172708279716 13.315293924793082 16.744699381546127 1.9037996854736434 2.264172708279716 
294.00016671524037 12.830373621116394 NaN 2.1744402136649796 1.3596917209616208 12.830373621116394 12.503022869525068 2.1744402136649796 1.3596917209616208 
295.00016671524037 13.69401611001797 NaN 2.134717391612014 2.3200235096309143 13.69401611001797 13.463354658194362 2.134717391612014 2.3200235096309143 
296.00016671524037 15.117805455456278 NaN 2.1219522663751604 1.8451928790437364 15.117805455456278 15.046378669505657 2.1219522663751604 1.8451928790437364 
297.00016671524037 13.607607187099347 NaN 2.47346549558506 1.8451928790437364 13.607607187099347 15.046378669505657 2.47346549558506 1.8451928790437364 
298.00016671524037 13.607607187099347 NaN 2.47346549558506 1.6017169055959926 13.607607187099347 15.106472586938196 2.47346549558506 1.6017169055959926 
299.00016671524037 10.574714868026092 16.632895202860027 2.195554505753421 1.8162945036386304 10.574714868026092 16.632895202860027 2.195554505753421 1.8162945036386304 
300.00016671524037 11.841482660633801 17.846593669800598 2.2820089263705654 1.7248799490995452 11.841482660633801 17.846593669800598 2.2820089263705654 1.7248799490995452 
#####################################################################
# End of data export. Simulation finished at: 2019-09-23T22:25+0000 #
#####################################################################
