#####################################################################
# Alchemist log file - simulation started at: 2019-02-19T16:22+0000 #
#####################################################################
# seed = 86.0
#
# The columns have the following meaning: 
# time derr-single-broadcast-rep[Mean] terr-single-broadcast-rep[Mean] derr-single-broadcast-share[Mean] terr-single-broadcast-share[Mean] derr-single-collection-rep[Mean] terr-single-collection-rep[Mean] derr-single-collection-share[Mean] terr-single-collection-share[Mean] derr-single-distance-rep[Mean] terr-single-distance-rep[Mean] derr-single-distance-share[Mean] terr-single-distance-share[Mean] derr-stack-broadcast-rep[Mean] terr-stack-broadcast-rep[Mean] derr-stack-broadcast-share[Mean] terr-stack-broadcast-share[Mean] derr-stack-collection-rep[Mean] terr-stack-collection-rep[Mean] derr-stack-collection-share[Mean] terr-stack-collection-share[Mean] derr-stack-distance-rep[Mean] terr-stack-distance-rep[Mean] derr-stack-distance-share[Mean] terr-stack-distance-share[Mean] 
0.0 NaN NaN NaN NaN NaN NaN NaN NaN NaN NaN NaN NaN NaN NaN NaN NaN NaN NaN NaN NaN NaN NaN NaN NaN 
2.000284406081056 0.0 0.7453625393031875 0.0 1.0156015238988372 3.75124851902483 0.0015536111939080377 2.849755281997988 0.0021863456063874716 0.0 1.0339936567847323 33.596616088839426 0.9048944040891347 NaN NaN NaN NaN 0.0 0.0 0.0 0.0 0.0 1.0339936567847323 33.596616088839426 0.9048944040891347 
4.000284406081057 0.0 1.7858079445157264 0.0 2.010358680049431 3.636821606807514 0.003899495327680092 2.5791900042116107 0.0043197192966235665 1.3145214714409572 2.2316847360325864 44.34601056338074 2.1449505443697374 NaN NaN NaN NaN 0.0 0.0 0.0 0.0 1.3145214714409572 2.2316847360325864 44.34601056338074 2.1449505443697374 
6.000284406081059 0.0 2.7525788629317276 0.0 2.9226543742402953 3.5432621657978256 0.0058692554941070126 1.616218632846961 0.006674310873324104 5.963041255937732 3.511295884272672 60.10098240294048 3.425519362617128 NaN NaN NaN NaN 0.0 0.0 0.0 0.0 5.963041255937732 3.511295884272672 60.10098240294048 3.425519362617128 
8.000284406081061 0.0 3.7080762580147146 0.0 3.806052705997661 3.4075986251114045 0.008007701918057723 1.135751017271714 0.007587014482743647 12.534391210863928 4.6456803430428915 58.63072886851417 4.380908306640433 NaN NaN NaN NaN 0.0 0.0 0.0 0.0 12.534391210863928 4.6456803430428915 58.63072886851417 4.380908306640433 
10.000284406081054 0.0 4.627911603941248 0.0 4.625925660047179 3.2440314418926244 0.010083910602078371 0.9051706693375211 0.00884147155904327 15.76819740935859 6.081348586482591 48.767121325427844 4.88339467430477 NaN NaN NaN NaN 0.0 0.0 0.0 0.0 15.76819740935859 6.081348586482591 48.767121325427844 4.88339467430477 
12.000284406081047 0.0 9.822253261491143 0.0 9.096141059995993 2.4125246483462215 0.021543756741697336 9.698817049326415E-4 0.013985733103645688 13.46296529677346 7.6337620731420275 27.512919712914023 6.196959688051595 NaN NaN NaN NaN 0.0 0.0 0.0 0.0 13.46296529677346 7.6337620731420275 27.512919712914023 6.196959688051595 
14.00028440608104 0.0 10.646176708294774 0.0 9.756229913530614 2.275196522943614 0.023941876730140605 0.003090164519641203 0.01445122136268985 22.350321167318594 8.855504046813824 28.313517145527385 6.362177790116513 NaN NaN NaN NaN 0.0 0.0 0.0 0.0 22.350321167318594 8.855504046813824 28.313517145527385 6.362177790116513 
16.000284406081033 0.0 11.46959387935619 0.0 10.387001143677068 2.1580442110266898 0.025915621954467574 0.0036699432831736388 0.01396071440358212 31.941081302028465 10.055698860578506 27.78159188837692 6.359110989771446 NaN NaN NaN NaN 0.0 0.0 0.0 0.0 31.941081302028465 10.055698860578506 27.78159188837692 6.359110989771446 
18.000284406081025 0.0 12.249963566037467 0.0 10.934505270786394 2.0518923660036896 0.028051752613572165 0.004005281767133577 0.013737900584944798 38.73151506275826 11.192684851318441 27.34500111505959 6.391685940680566 NaN NaN NaN NaN 0.0 0.0 0.0 0.0 38.73151506275826 11.192684851318441 27.34500111505959 6.391685940680566 
20.00028440608102 0.0 13.011483666244615 0.0 11.423851504825526 1.956105050805551 0.030024309242995418 0.0042041238654000725 0.013481785236918517 48.49820674559406 12.470488468087382 27.538510578893685 6.441162546706634 NaN NaN NaN NaN 0.0 0.0 0.0 0.0 48.49820674559406 12.470488468087382 27.538510578893685 6.441162546706634 
22.00028440608101 0.0 17.381800966274614 0.0 14.138313641460613 1.417807312420038 0.041894654092034175 0.004996878900157279 0.01583813897224631 30.67675528920536 15.101214214901407 31.620885916935297 6.430782634278375 NaN NaN NaN NaN 0.0 0.0 0.0 0.0 30.67675528920536 15.101214214901407 31.620885916935297 6.430782634278375 
24.000284406081004 0.0 18.080932377440593 0.0 14.47411259218093 1.2947511720651044 0.043425579081682576 0.004996878900157279 0.017688063107816135 33.45529836609082 16.031339757523618 31.600608013459645 6.354150526786733 NaN NaN NaN NaN 0.0 0.0 0.0 0.0 33.45529836609082 16.031339757523618 31.600608013459645 6.354150526786733 
26.000284406080997 0.0 18.781874601201686 0.0 14.842139006239128 1.1039793482054754 0.04600081453452527 0.004996878900157279 0.020020160590537732 36.22295790766312 17.246446684425678 32.67368323492223 6.386756888186891 NaN NaN NaN NaN 0.0 0.0 0.0 0.0 36.22295790766312 17.246446684425678 32.67368323492223 6.386756888186891 
28.00028440608099 0.0 19.414436562209012 0.0 15.128176587302846 1.0265564310039323 0.048024110844941605 0.00504451619990868 0.019959452615224308 36.1339599656746 18.347437944288362 33.27223204278063 6.41917420304557 NaN NaN NaN NaN 0.0 0.0 0.0 0.0 36.1339599656746 18.347437944288362 33.27223204278063 6.41917420304557 
30.000284406080983 0.0 20.06570500383465 0.0 15.362665385124615 0.9541223005793696 0.049757975491756756 0.005107784918765025 0.019023904285287777 39.14478137269141 19.66248727286844 33.43942003453752 6.431389080620538 NaN NaN NaN NaN 0.0 0.0 0.0 0.0 39.14478137269141 19.66248727286844 33.43942003453752 6.431389080620538 
32.00028440608098 0.0 23.693247680908943 0.0 16.331969812957148 0.021824361425229533 0.06061844073554793 0.005546479064748739 0.015823113193693648 27.371493220906544 22.361595841324423 33.78195362927915 6.471396656633167 NaN NaN NaN NaN 0.0 0.0 0.0 0.0 27.371493220906544 22.361595841324423 33.78195362927915 6.471396656633167 
34.00028440608101 0.0 24.252533857710354 0.0 16.466788199939142 0.02182436142522954 0.06224652505283732 0.005677550102481127 0.0152859535447429 24.506539060946363 22.717370955806405 34.027237218933934 6.326665777844105 NaN NaN NaN NaN 0.0 0.0 0.0 0.0 24.506539060946363 22.717370955806405 34.027237218933934 6.326665777844105 
36.000176650423505 0.0 24.78670315550656 0.0 16.57385462464098 0.014516748881870625 0.06269566399185522 0.00573841702776602 0.01626654635983948 22.61218169482012 23.169010352533743 33.47461653176337 6.25144791709588 NaN NaN NaN NaN 0.0 0.0 0.0 0.0 22.61218169482012 23.169010352533743 33.47461653176337 6.25144791709588 
38.000284406081065 0.0 25.344682580999056 0.0 16.62606227629715 0.011035462110299767 0.063475100367378 0.005772330664792208 0.018031662059006703 20.899008685760577 23.608542462147955 33.33872713609395 6.318930140219871 NaN NaN NaN NaN 0.0 0.0 0.0 0.0 20.899008685760577 23.608542462147955 33.33872713609395 6.318930140219871 
40.00028440608109 0.0 25.818447368509304 0.0 16.568194227551714 0.009846922443396352 0.06400240009446084 0.0057894543715436 0.01972155934736306 19.534195096509404 24.01250198915861 33.66778593161913 6.369393607621357 NaN NaN NaN NaN 0.0 0.0 0.0 0.0 19.534195096509404 24.01250198915861 33.66778593161913 6.369393607621357 
42.00028440608112 0.0 28.586939721757453 0.0 16.212106123737442 0.004996878900157279 0.06974419846550474 0.005859330645494042 0.030207539972017177 13.02523338129767 26.461370774483203 35.47222772657385 6.554538634346484 NaN NaN NaN NaN 0.0 0.0 0.0 0.0 13.02523338129767 26.461370774483203 35.47222772657385 6.554538634346484 
44.00028440608115 0.0 29.007372883991618 0.0 16.36084108007622 0.004996878900157279 0.06698416331495584 0.005859330645494042 0.03265766669567503 12.612424508834437 26.870624301000184 35.98810199520541 6.55502371593722 NaN NaN NaN NaN 0.0 0.0 0.0 0.0 12.612424508834437 26.870624301000184 35.98810199520541 6.55502371593722 
46.00008005495684 0.0 29.302580877849188 0.0 16.34381232667947 0.004996878900157279 0.06590369373739809 0.00585933064549404 0.034756777418391734 12.16005520232579 27.228393406355153 34.74842610989577 6.469174665402743 NaN NaN NaN NaN 0.0 0.0 0.0 0.0 12.16005520232579 27.228393406355153 34.74842610989577 6.469174665402743 
48.000036642576966 0.0 29.604581787120402 0.0 16.24521365278917 0.004996878900157282 0.06620272934077959 0.005859330645494042 0.03645958292256966 11.841291621906933 27.49804276691348 33.31103696524894 6.4569382944920966 NaN NaN NaN NaN 0.0 0.0 0.0 0.0 11.841291621906933 27.49804276691348 33.31103696524894 6.4569382944920966 
50.000284406081235 0.0 29.917877147313554 0.0 16.163112261427628 0.004996878900157282 0.06753822778291214 0.005859330645494042 0.03904990453389555 11.555686521203206 27.794194836140576 32.338298312900015 6.4595340513256785 NaN NaN NaN NaN 0.0 0.0 0.0 0.0 11.555686521203206 27.794194836140576 32.338298312900015 6.4595340513256785 
52.00028440608126 0.0 31.463946782715574 0.0 16.131222701918276 0.004996878900157279 0.07622964111338545 0.005859330645494042 0.05157806878525907 10.17789991996872 29.54647959085464 30.869725714658866 6.6305200912069795 NaN NaN NaN NaN 0.0 0.0 0.0 0.0 10.17789991996872 29.54647959085464 30.869725714658866 6.6305200912069795 
54.00028440608129 0.0 31.66137872931447 0.0 16.259494964497975 0.005193837341059921 0.06969677143929291 0.005859330645494044 0.053253626547031696 9.700492692283555 29.691568281889655 29.884497401927213 6.596345141209258 NaN NaN NaN NaN 0.0 0.0 0.0 0.0 9.700492692283555 29.691568281889655 29.884497401927213 6.596345141209258 
56.00028440608132 0.0 31.854964248479643 0.0 16.3694340670392 0.005277327103608382 0.06857509673595226 0.005859330645494044 0.05561146586896203 9.613222565940367 29.84800532037007 28.875404499985493 6.569458858003763 NaN NaN NaN NaN 0.0 0.0 0.0 0.0 9.613222565940367 29.84800532037007 28.875404499985493 6.569458858003763 
58.00028440608135 0.0 32.06733744678875 0.0 16.48691376009722 0.005307321425639846 0.06902895133062859 0.005859330645494042 0.057315361917842686 9.59987306480509 29.998366572697307 28.4509042041005 6.512472490702743 NaN NaN NaN NaN 0.0 0.0 0.0 0.0 9.59987306480509 29.998366572697307 28.4509042041005 6.512472490702743 
60.00028440608138 0.0 32.26618417009317 0.0 16.56887190307259 0.005426832525763794 0.06856476693982572 0.005859330645494044 0.059387193062236734 9.53576393681454 30.104858643857817 28.712199158635098 6.466847991312795 NaN NaN NaN NaN 0.0 0.0 0.0 0.0 9.53576393681454 30.104858643857817 28.712199158635098 6.466847991312795 
62.000284406081406 0.0 34.77279551899078 0.0 17.253231768502115 0.00585933064549404 0.07056659292752464 0.005735286306014799 0.05916344601591198 1012.2746605336223 30.540299389008283 748.9457768648858 4.53079319120294 NaN NaN 86.3786922923 27.006054641619272 0.0 0.0 0.1727573845846004 0.05190942439509013 1012.2746605336223 30.540299389008283 748.9457768648858 4.53079319120294 
64.00028440608143 0.0 35.63702114947559 0.0 17.782201418841225 0.005859330645494042 0.07331020323064891 0.005811133827647778 0.0688795665979629 959.2869307771432 29.047744493616943 605.8888804132401 3.8450764857570627 NaN NaN 86.3786922923 28.181305465155372 0.0 0.0 0.1727573845846004 0.05190942439509013 959.2869307771432 29.047744493616943 605.8888804132401 3.8450764857570627 
66.00028440608146 0.0 36.17640659279406 0.0 18.31168470077339 0.005859330645494042 0.07450583789550656 0.005821886471287654 0.07106367018956522 899.231952452832 27.142383676456486 529.9780649795327 3.926100558243212 NaN NaN 86.3786922923 28.911983939802052 0.0 0.0 0.1727573845846004 0.05190942439509013 899.231952452832 27.142383676456486 529.9780649795327 3.926100558243212 
68.00028440608149 0.0 36.550629783405014 0.0 18.824613078475675 0.005859330645494042 0.07726181350583013 0.005834049131364562 0.07493773470483311 845.2855883055879 25.492371336604172 459.11346952696755 4.246296476696003 NaN NaN 86.3786922923 29.492899129758015 0.0 0.0 0.1727573845846004 0.05190942439509013 845.2855883055879 25.492371336604172 459.11346952696755 4.246296476696003 
70.00028440608152 0.0 37.01644368156525 0.0 19.355949388340917 0.005859330645494042 0.07872784392058621 0.005837862587255377 0.07675432845804839 792.5088636925404 23.939894716538156 394.1856634882974 4.570263377375388 NaN NaN 86.3786922923 30.08872572884751 0.0 0.0 0.1727573845846004 0.05190942439509013 792.5088636925404 23.939894716538156 394.1856634882974 4.570263377375388 
72.00028440608155 0.0 40.317202116646364 0.0 22.820550941190216 0.005859330645494042 0.09074643297002569 0.005859330645494042 0.09074643297002569 541.957180977748 16.981925665136572 55.07874384428444 6.24711596078568 NaN NaN 86.3786922923 36.64921240287034 0.0 0.0 0.0 0.0 541.957180977748 16.981925665136572 55.07874384428444 6.24711596078568 
74.00028440608158 0.0 41.147496253554905 0.0 23.207235442228903 0.005859330645494042 0.09191169881703987 0.005859330645494042 0.09191169881703987 523.3708108043085 16.521624195899527 41.19092931612293 6.3182558470760775 NaN NaN 86.3786922923 37.50248866193976 0.0 0.0 0.0 0.0 523.3708108043085 16.521624195899527 41.19092931612293 6.3182558470760775 
76.0002844060816 0.0 41.6195752849464 0.0 23.524318669868094 0.005859330645494044 0.09473846950580787 0.005859330645494044 0.09473846950580787 505.7853052626207 16.182562884508595 36.43178671931833 6.309965903108785 NaN NaN 86.3786922923 38.549039470869346 0.0 0.0 0.0 0.0 505.7853052626207 16.182562884508595 36.43178671931833 6.309965903108785 
78.00028440608163 0.0 41.939197511215156 0.0 23.649222800946212 0.005859330645494044 0.09683947045145416 0.005859330645494044 0.09683947045145416 491.308088698584 16.030168325875465 33.712144877570545 6.246515583750505 NaN NaN 86.3786922923 39.699768057305334 0.0 0.0 0.0 0.0 491.308088698584 16.030168325875465 33.712144877570545 6.246515583750505 
80.00028440608166 0.0 42.32907530295119 0.0 23.772413005759862 0.005859330645494042 0.09875557097298328 0.005859330645494042 0.09875557097298328 479.99166630072204 16.103596291002184 31.580842430011973 6.20431998840494 NaN NaN 86.3786922923 40.59279968635161 0.0 0.0 0.0 0.0 479.99166630072204 16.103596291002184 31.580842430011973 6.20431998840494 
82.00028440608169 0.0 44.020626687735756 0.0 23.660897494565972 0.005859330645494042 0.11045299464823655 0.005859330645494042 0.11045299464823655 419.66931819259094 17.504580297611504 23.960944506874736 6.28686146259678 NaN NaN 86.3786922923 46.62970359714434 0.0 0.0 0.0 0.0 419.66931819259094 17.504580297611504 23.960944506874736 6.28686146259678 
84.00028440608172 0.0 44.455383688606226 0.0 23.458960077866728 0.00585933064549404 0.11283890012370892 0.00585933064549404 0.11283890012370892 411.58820921311576 18.10990086184524 24.46467740541238 6.283133754325129 NaN NaN 86.3786922923 47.59205009348782 0.0 0.0 0.0 0.0 411.58820921311576 18.10990086184524 24.46467740541238 6.283133754325129 
86.00028440608175 0.0 44.99187113519136 0.0 23.048664823149448 0.00585933064549404 0.11421628691006082 0.00585933064549404 0.11421628691006082 402.3656897522389 18.679078274361537 24.410860377103763 6.263907630400087 NaN NaN 86.3786922923 48.35269572726647 0.0 0.0 0.0 0.0 402.3656897522389 18.679078274361537 24.410860377103763 6.263907630400087 
88.00028440608178 0.0 45.41491970765208 0.0 22.365787993338316 0.005859330645494042 0.1171897524516126 0.005859330645494042 0.1171897524516126 392.0141872098378 19.218151057062084 24.46842327364863 6.258875967830622 NaN NaN 86.3786922923 48.80084877128924 0.0 0.0 0.0 0.0 392.0141872098378 19.218151057062084 24.46842327364863 6.258875967830622 
90.0002844060818 0.0 45.654062767963076 0.0 21.566112299580308 0.005859330645494042 0.11910652176586933 0.005859330645494042 0.11910652176586933 381.29514667541014 19.782977575833407 24.067623307158403 6.228475103162052 NaN NaN 86.3786922923 49.14071813612484 0.0 0.0 0.0 0.0 381.29514667541014 19.782977575833407 24.067623307158403 6.228475103162052 
92.00028440608183 0.0 46.77380135066893 0.0 17.61903865455057 0.00585933064549404 0.13092881597379202 0.00585933064549404 0.13092881597379202 313.54525129671805 23.037237133152686 24.1224617810083 6.271604972279441 NaN NaN 86.3786922923 56.67973291264601 0.0 0.0 0.0 0.0 313.54525129671805 23.037237133152686 24.1224617810083 6.271604972279441 
94.00028440608186 0.0 46.93679820914859 0.0 17.29111722761915 0.00585933064549404 0.13219209813359076 0.00585933064549404 0.13219209813359076 300.7070687282758 23.479784378905826 24.22846337396161 6.169156102038623 NaN NaN 86.3786922923 56.94961758864085 0.0 0.0 0.0 0.0 300.7070687282758 23.479784378905826 24.22846337396161 6.169156102038623 
96.00028440608189 0.0 47.25785751412997 0.0 16.79698235979977 0.00585933064549404 0.13471524758851997 0.00585933064549404 0.13471524758851997 287.51814737446506 23.971573855087346 24.085605590939103 6.152498503280219 NaN NaN 86.3786922923 57.02414690989065 0.0 0.0 0.0 0.0 287.51814737446506 23.971573855087346 24.085605590939103 6.152498503280219 
98.00028440608192 0.0 47.190928605156614 0.0 16.511008560615693 0.005859330645494042 0.1370541779439144 0.005859330645494042 0.1370541779439144 273.44950649201166 24.45338746971478 23.840347927399165 6.165711270346704 NaN NaN 86.3786922923 57.02414690989065 0.0 0.0 0.0 0.0 273.44950649201166 24.45338746971478 23.840347927399165 6.165711270346704 
100.00028440608195 0.0 47.11671146560379 0.0 16.37350957500937 0.005859330645494042 0.13888891064209172 0.005859330645494042 0.13888891064209172 259.9392494772169 24.914554393932157 24.25570518738012 6.190958758104053 NaN NaN 86.3786922923 57.02414690989065 0.0 0.0 0.0 0.0 259.9392494772169 24.914554393932157 24.25570518738012 6.190958758104053 
102.00028440608197 0.0 45.649346567154005 0.0 16.085606752893025 0.005859330645494042 0.1511711014328903 0.005859330645494042 0.1511711014328903 179.7110063474656 27.530597145393124 27.151821467138998 6.223291425013302 NaN NaN NaN NaN 0.0 0.0 0.0 0.0 179.7110063474656 27.530597145393124 27.151821467138998 6.223291425013302 
104.000284406082 0.0 44.44317814903796 0.0 16.13996879144543 0.005859330645494042 0.15320442792684363 0.005859330645494042 0.15320442792684363 166.71238116807956 27.922150935688073 26.095297226841037 6.217991061755728 NaN NaN NaN NaN 0.0 0.0 0.0 0.0 166.71238116807956 27.922150935688073 26.095297226841037 6.217991061755728 
106.00028440608203 0.0 43.88911531258358 0.0 16.1703795377122 0.005859330645494042 0.1548859110853695 0.005859330645494042 0.1548859110853695 154.7299747042639 28.179682252210124 26.1171584335588 6.251571890285292 NaN NaN NaN NaN 0.0 0.0 0.0 0.0 154.7299747042639 28.179682252210124 26.1171584335588 6.251571890285292 
108.00028440608206 0.0 43.07096149021093 0.0 16.260495384019897 0.005859330645494042 0.15725990101559248 0.005859330645494042 0.15725990101559248 143.55342026772925 28.399920752349313 27.03361188928309 6.237215434445753 NaN NaN NaN NaN 0.0 0.0 0.0 0.0 143.55342026772925 28.399920752349313 27.03361188928309 6.237215434445753 
110.00028440608209 0.0 42.521896898984124 0.0 16.325304896712943 0.005859330645494042 0.15926028534667538 0.0058920816649765395 0.15046207046086768 133.23971533502538 28.638007466558438 27.42724819364802 6.204943553484762 NaN NaN NaN NaN 0.0 0.0 0.0 0.0 133.23971533502538 28.638007466558438 27.42724819364802 6.204943553484762 
112.00028440608212 0.0 39.50005807367423 0.0 16.92456239377253 0.005859330645494042 0.17128343600837131 0.006441582599567076 0.014867608636504081 75.67668500432124 29.71263184341838 27.234738184833322 6.092592271789273 NaN NaN NaN NaN 0.0 0.0 0.0 0.0 75.67668500432124 29.71263184341838 27.234738184833322 6.092592271789273 
114.00028440608214 0.0 38.58527466185257 0.0 17.02245759707372 0.005859330645494042 0.17330631318482495 0.0068918003680156536 0.014898514924212779 68.20148261691205 29.870546298102195 27.8293693907042 6.167412202945592 NaN NaN NaN NaN 0.0 0.0 0.0 0.0 68.20148261691205 29.870546298102195 27.8293693907042 6.167412202945592 
116.00028440608217 0.0 38.292046241420174 0.0 17.09346323314498 0.005859330645494042 0.17500150753980737 0.007038362052222375 0.0159452528458747 61.93849066645659 29.950054568376476 27.522813209880187 6.171183883994456 NaN NaN NaN NaN 0.0 0.0 0.0 0.0 61.93849066645659 29.950054568376476 27.522813209880187 6.171183883994456 
118.0002844060822 0.0 37.680174827828004 0.0 17.175604848648433 0.00585933064549404 0.17720550346464373 0.007126585663016589 0.01775890685904848 55.67905235134978 30.025786081030276 26.753518174350106 6.188131676869658 NaN NaN NaN NaN 0.0 0.0 0.0 0.0 55.67905235134978 30.025786081030276 26.753518174350106 6.188131676869658 
120.00028440608223 0.0 37.088440885020056 0.0 17.183253252331287 0.005859330645494042 0.1794392499338028 0.007176182368626532 0.01977321464613685 50.39436661928304 30.104471478198985 26.420528651432324 6.236257569903895 NaN NaN NaN NaN 0.0 0.0 0.0 0.0 50.39436661928304 30.104471478198985 26.420528651432324 6.236257569903895 
122.00028440608226 0.0 33.335510692652804 0.0 16.924939231976513 0.005859330645494042 0.19140716334019248 0.007347780992715872 0.03098189665898518 21.595554559980577 30.5469958124502 27.532372759886535 6.3807891677312245 NaN NaN NaN NaN 0.0 0.0 0.0 0.0 21.595554559980577 30.5469958124502 27.532372759886535 6.3807891677312245 
124.00028440608229 0.0 32.57826333653153 0.0 16.893666845056288 0.005859330645494042 0.19273638903774293 0.007347780992715874 0.0323111223565398 19.02287608733284 30.583856516372578 27.143707154981453 6.348569361212487 NaN NaN NaN NaN 0.0 0.0 0.0 0.0 19.02287608733284 30.583856516372578 27.143707154981453 6.348569361212487 
126.00028440608232 0.0 32.1996402669081 0.0 16.89960156925085 0.00585933064549404 0.1952281536260118 0.007347780992715872 0.03480288694480785 16.554454634191906 30.569513920261773 26.71955715062517 6.3079353344398825 NaN NaN NaN NaN 0.0 0.0 0.0 0.0 16.554454634191906 30.569513920261773 26.71955715062517 6.3079353344398825 
128.00028440608233 0.0 32.0281052224852 0.0 16.916317368756943 0.005859330645494042 0.1969125033028855 0.007347780992715874 0.03648723662167935 14.717438172808375 30.484465371653403 26.183092949858555 6.319342279439251 NaN NaN NaN NaN 0.0 0.0 0.0 0.0 14.717438172808375 30.484465371653403 26.183092949858555 6.319342279439251 
130.00028440608222 0.0 31.976926110906792 0.0 16.85337620855723 0.00585933064549404 0.19849727936615805 0.007347780992715874 0.03807201268495149 13.494107499535783 30.424858836858153 26.06246224522673 6.318792338773565 NaN NaN NaN NaN 0.0 0.0 0.0 0.0 13.494107499535783 30.424858836858153 26.06246224522673 6.318792338773565 
132.0002844060821 0.0 31.75748652429494 0.0 16.446953859416833 0.00585933064549404 0.20991910556463533 0.007347780992715876 0.049493838883430785 8.683452787511078 30.265666291670648 24.110241548340024 6.247619995601425 NaN NaN NaN NaN 0.0 0.0 0.0 0.0 8.683452787511078 30.265666291670648 24.110241548340024 6.247619995601425 
134.000284406082 0.0 31.756271730811818 0.0 16.316749323866762 0.005859330645494042 0.21238188248891815 0.007347780992715874 0.05195661580771239 8.480639978421747 30.320878469602086 24.25272135344771 6.266797145498239 NaN NaN NaN NaN 0.0 0.0 0.0 0.0 8.480639978421747 30.320878469602086 24.25272135344771 6.266797145498239 
136.00028440608187 0.0 31.768267953393664 0.0 16.243022551260257 0.00585933064549404 0.21432745328249045 0.007347780992715874 0.053902186601287 8.411925812903673 30.385550060234042 24.568605531575628 6.301464104675219 NaN NaN NaN NaN 0.0 0.0 0.0 0.0 8.411925812903673 30.385550060234042 24.568605531575628 6.301464104675219 
138.00028440608176 0.0 31.829761775873123 0.0 16.131993868216746 0.005983702495908316 0.1827196636303787 0.007347780992715874 0.05570557873779471 8.35786945308605 30.39874807459482 24.691306679204743 6.2939589174709125 NaN NaN NaN NaN 0.0 0.0 0.0 0.0 8.35786945308605 30.39874807459482 24.691306679204743 6.2939589174709125 
140.00028440608165 0.0 31.88920551800988 0.0 16.08796030405338 0.0062805450109351514 0.15743257538105335 0.007347780992715876 0.05805852769424367 8.276142898220863 30.37902769210983 24.86048909042181 6.301507839864427 NaN NaN NaN NaN 0.0 0.0 0.0 0.0 8.276142898220863 30.37902769210983 24.86048909042181 6.301507839864427 
142.00028440608153 0.0 32.090234288755475 0.0 15.933210532964962 0.007347780992715874 0.07087477823866818 0.007347780992715874 0.07087477823866818 8.248737351380537 30.495471395125136 29.855289815263376 6.412812980408716 NaN NaN NaN NaN 0.0 0.0 0.0 0.0 8.248737351380537 30.495471395125136 29.855289815263376 6.412812980408716 
144.00028440608142 0.0 32.19599723714354 0.0 16.16640220780493 0.007347780992715874 0.07261197944859267 0.007347780992715874 0.07261197944859267 8.343690282563621 30.645507404797506 31.502848861239663 6.420022110377658 NaN NaN NaN NaN 0.0 0.0 0.0 0.0 8.343690282563621 30.645507404797506 31.502848861239663 6.420022110377658 
146.00004560529993 0.0 32.28356863922634 0.0 16.394939537691076 0.007347780992715874 0.07501581405028103 0.007347780992715874 0.07501581405028103 8.564423730873296 30.728479706668164 31.833566123839216 6.3550316213880915 NaN NaN NaN NaN 0.0 0.0 0.0 0.0 8.564423730873296 30.728479706668164 31.833566123839216 6.3550316213880915 
148.0001778436816 0.0 32.40428089605881 0.0 16.53651516708306 0.007347780992715874 0.07673285280439501 0.007347780992715874 0.07673285280439501 8.694364559639576 30.700332741201038 32.20830833977694 6.3425904229576755 NaN NaN NaN NaN 0.0 0.0 0.0 0.0 8.694364559639576 30.700332741201038 32.20830833977694 6.3425904229576755 
150.00028440608108 0.0 32.47805396906326 0.0 16.63831426586488 0.007347780992715876 0.07832801181246775 0.007347780992715876 0.07832801181246775 8.730236798236113 30.73486757347921 32.10215529860384 6.343978447120258 NaN NaN NaN NaN 0.0 0.0 0.0 0.0 8.730236798236113 30.73486757347921 32.10215529860384 6.343978447120258 
152.00028440608097 0.0 32.947330832405044 0.0 17.262931772983485 0.007347780992715872 0.09030393503621148 0.007347780992715872 0.09030393503621148 9.55804939550257 31.572725747244093 33.02424798153148 6.204974532042799 NaN NaN NaN NaN 0.0 0.0 0.0 0.0 9.55804939550257 31.572725747244093 33.02424798153148 6.204974532042799 
154.00028440608085 0.0 33.12029663427501 0.0 17.14824100640657 0.007347780992715872 0.09184665393582318 0.007347780992715872 0.09184665393582318 10.17133144066867 31.538403096763293 33.24138187981982 6.2518807895166155 NaN NaN NaN NaN 0.0 0.0 0.0 0.0 10.17133144066867 31.538403096763293 33.24138187981982 6.2518807895166155 
156.00028440608074 0.0 33.13173547602825 0.0 16.87078153234131 0.007347780992715874 0.09431457560932115 0.007347780992715874 0.09431457560932115 10.1113322101273 31.3930468671457 32.22452112349514 6.235559392093343 NaN NaN NaN NaN 0.0 0.0 0.0 0.0 10.1113322101273 31.3930468671457 32.22452112349514 6.235559392093343 
158.00028440608062 0.0 33.14551615913648 0.0 16.78644169287394 0.007347780992715872 0.0962623183740264 0.007347780992715872 0.0962623183740264 9.961344272425443 31.33781169289433 31.67439093633043 6.215419782820353 NaN NaN NaN NaN 0.0 0.0 0.0 0.0 9.961344272425443 31.33781169289433 31.67439093633043 6.215419782820353 
160.0002844060805 0.0 33.133390508299314 0.0 16.696606452639504 0.007347780992715876 0.09836583946432612 0.007347780992715876 0.09836583946432612 9.8721935056771 31.328433511720643 31.417932332634106 6.220774022008347 NaN NaN NaN NaN 0.0 0.0 0.0 0.0 9.8721935056771 31.328433511720643 31.417932332634106 6.220774022008347 
162.0002844060804 0.0 32.82079397748423 0.0 16.34739510726854 0.007347780992715872 0.11076688497628691 0.007347780992715872 0.11076688497628691 9.758171381923832 31.164313127659874 30.486021691253736 6.093929869327922 NaN NaN NaN NaN 0.0 0.0 0.0 0.0 9.758171381923832 31.164313127659874 30.486021691253736 6.093929869327922 
164.00028440608028 0.0 32.85277295713623 0.0 16.23186971121782 0.007347780992715872 0.11297264884350008 0.007347780992715872 0.11297264884350008 9.586396362778817 31.069421688734245 30.913627357101642 6.1963938044174 NaN NaN NaN NaN 0.0 0.0 0.0 0.0 9.586396362778817 31.069421688734245 30.913627357101642 6.1963938044174 
166.00028440608017 0.0 32.87475652712877 0.0 16.008976051942213 0.007347780992715872 0.11454230763402239 0.007347780992715872 0.11454230763402239 9.569148242307486 31.057473916610615 31.503176129756323 6.148099467121248 NaN NaN NaN NaN 0.0 0.0 0.0 0.0 9.569148242307486 31.057473916610615 31.503176129756323 6.148099467121248 
168.00005502327613 0.0 32.900981600232946 0.0 15.90617066315808 0.007347780992715872 0.11645346057812575 0.007347780992715872 0.11645346057812575 9.50103056239453 30.999141115023633 31.837336033780534 6.12962858853052 NaN NaN NaN NaN 0.0 0.0 0.0 0.0 9.50103056239453 30.999141115023633 31.837336033780534 6.12962858853052 
170.00028440607994 0.0 32.925742237814916 0.0 15.90718543591565 0.007347780992715874 0.11843853544534023 0.007347780992715874 0.11843853544534023 9.43281481462026 30.880093859649904 32.4135541964025 6.160762353936724 NaN NaN NaN NaN 0.0 0.0 0.0 0.0 9.43281481462026 30.880093859649904 32.4135541964025 6.160762353936724 
172.00028440607983 0.0 32.79638348707263 0.0 16.031224841887273 0.007347780992715876 0.1301529738529766 0.007347780992715876 0.1301529738529766 9.055293337844882 30.370099696045855 30.677666966152547 6.2797854090033765 NaN NaN NaN NaN 0.0 0.0 0.0 0.0 9.055293337844882 30.370099696045855 30.677666966152547 6.2797854090033765 
174.00028440607971 0.0 32.840415935146844 0.0 16.174432512447755 0.007347780992715874 0.13220083621302098 0.007347780992715874 0.13220083621302098 8.937557991594154 30.360539367055257 29.19801300754963 6.328497581748704 NaN NaN NaN NaN 0.0 0.0 0.0 0.0 8.937557991594154 30.360539367055257 29.19801300754963 6.328497581748704 
176.0002844060796 0.0 32.92982812622923 0.0 16.400719286950252 0.007347780992715877 0.13442068751995276 0.007347780992715877 0.13442068751995276 8.842097287051786 30.28959186581359 28.17583834288032 6.2556697063978275 NaN NaN NaN NaN 0.0 0.0 0.0 0.0 8.842097287051786 30.28959186581359 28.17583834288032 6.2556697063978275 
178.00021210161117 0.0 32.91973245284879 0.0 16.425609169406016 0.007347780992715876 0.13603138712077664 0.007347780992715876 0.13603138712077664 8.789869158406026 30.267811287365472 27.201603149943846 6.245089577736802 NaN NaN NaN NaN 0.0 0.0 0.0 0.0 8.789869158406026 30.267811287365472 27.201603149943846 6.245089577736802 
180.00028440607937 0.0 32.88972456027648 0.0 16.480734410038725 0.007347780992715874 0.1374613629619111 0.007347780992715874 0.1374613629619111 8.85837205657919 30.24183495633391 26.185918802010814 6.259114365613566 NaN NaN NaN NaN 0.0 0.0 0.0 0.0 8.85837205657919 30.24183495633391 26.185918802010814 6.259114365613566 
182.00028440607926 0.0 34.18224224186133 0.0 18.40299934017443 0.007347780992715874 0.1508544965688741 0.006668494188677474 0.07640873070414668 981.2922541043321 29.35522970865853 839.4919122959731 5.550654255617362 42.67323227811016 115.23728535765358 92.28991275980499 20.623418665559807 0.08534646455622104 0.22986769944916788 0.22580354439194136 0.08273365161278912 981.2922541043321 29.35522970865853 839.4919122959731 5.550654255617362 
184.00018478656207 0.0 34.82124522468935 0.0 18.915581094018645 0.007347780992715874 0.1521330848150929 0.006935376080947241 0.10693597614101462 941.527779332314 28.069667026104984 649.2094011085118 4.6169700116822225 44.89053195532841 117.29973722629448 95.787398980534 25.60078391100593 0.10038045691179794 0.23635752332084278 0.24381728211973908 0.102380523110887 941.527779332314 28.069667026104984 649.2094011085118 4.6169700116822225 
186.00028440607903 0.0 35.49979766273012 0.0 19.813179293197138 0.007347780992715874 0.1546731142755859 0.007109442403621454 0.12855263218354288 895.0963355447508 26.84542840393461 546.2368874107611 4.5877847284090665 49.29520761659437 120.30683598130157 98.33337256454845 29.21887838626413 0.1101859620443952 0.24229643688770283 0.25556624364436104 0.11690075659459896 895.0963355447508 26.84542840393461 546.2368874107611 4.5877847284090665 
188.00028440607892 0.0 36.31354698689938 0.0 20.346329264835074 0.007347780992715874 0.1569314176196518 0.007174706859826964 0.13796352909643875 850.3714888796175 25.66388310895491 461.2381334935359 4.8229722441401295 52.96842405021615 123.10893127187492 100.96944392890259 32.9627693462794 0.11386243978268351 0.24582911840842944 0.25997140124809887 0.12365091964359012 850.3714888796175 25.66388310895491 461.2381334935359 4.8229722441401295 
190.0002844060788 0.0 37.14830758595873 0.0 20.85318470239088 0.007347780992715876 0.15837438863558742 0.007201678010538045 0.14236237671560223 808.346649679611 24.5309163051265 386.96989163382744 5.088564434577657 55.48480860017145 125.55661575970083 102.91325377428271 36.20017027111724 0.11538177880626073 0.24779873819865955 0.26179187408345317 0.12695019395412555 808.346649679611 24.5309163051265 386.96989163382744 5.088564434577657 
192.0002844060787 0.0 42.310016530070556 0.0 23.43710097761953 0.007347780992715874 0.16957706609799508 0.007347780992715874 0.16957706609799508 565.6630718908812 17.98379589089808 41.03680725578505 6.345241028263671 60.235175009079455 130.84277212774415 115.01247535468012 53.30994788889184 0.12361205287434351 0.2618542771243765 0.2716533928992063 0.14820848417378651 565.6630718908812 17.98379589089808 41.03680725578505 6.345241028263671 
194.00028440607858 0.0 42.94528940830307 0.0 23.818923628806342 0.007347780992715874 0.171523274106785 0.007347780992715874 0.171523274106785 534.9647554648476 17.320301965810643 33.85478588577801 6.359994165831781 60.62600682614861 132.18140162044656 114.8827669754504 54.33681527598684 0.12361205287434351 0.26380048513316623 0.2716533928992063 0.15015469218257463 534.9647554648476 17.320301965810643 33.85478588577801 6.359994165831781 
196.00028440607846 0.0 43.316793245647645 0.0 23.994510839977888 0.007347780992715874 0.17448519480392383 0.007347780992715874 0.17448519480392383 513.8396772623382 16.98974896593818 31.63654647690054 6.385168121082252 60.535512901590735 133.43431484707756 113.74090825472435 54.42203123955646 0.12361205287434351 0.26676240583030614 0.2716533928992063 0.1531166128797125 513.8396772623382 16.98974896593818 31.63654647690054 6.385168121082252 
198.00028440607835 0.0 43.95006894185592 0.0 24.07675164148967 0.007347780992715874 0.17652641717107379 0.007347780992715874 0.17652641717107379 497.3464216831625 16.85307650458225 30.53471485521608 6.316404622923811 60.33587318957677 134.65063425746715 113.26896555182198 55.21416956131136 0.12361205287434354 0.2688036281974569 0.2716533928992063 0.1551578352468627 497.3464216831625 16.85307650458225 30.53471485521608 6.316404622923811 
200.00028440607824 0.0 44.41044282794036 0.0 24.017870557095865 0.007347780992715876 0.1784930643271218 0.007347780992715876 0.1784930643271218 484.640006485022 16.98571738145859 29.409996243898025 6.277037185239992 60.310095375841534 136.09278629962944 113.56329980197407 56.73071366180391 0.12361205287434351 0.2707702753535097 0.2716533928992063 0.15712448240291332 484.640006485022 16.98571738145859 29.409996243898025 6.277037185239992 
202.00028440607812 0.0 46.5740171850508 0.0 23.515005743645006 0.007347780992715874 0.19094782278890446 0.007347780992715874 0.19094782278890446 416.1108500006487 18.44319083763638 24.121060686581465 6.2381017098084595 60.47206556063789 140.86809952266682 121.74938322091441 70.17697569002286 0.12361205287434351 0.28322503381529285 0.2716533928992063 0.16957924086469725 416.1108500006487 18.44319083763638 24.121060686581465 6.2381017098084595 
204.000284406078 0.0 47.118619610042956 0.0 22.69966034011221 0.007347780992715874 0.19323531137849606 0.007347780992715874 0.19323531137849606 407.17353546575345 18.91509639364731 24.51952480573135 6.274898222934754 60.32706105435901 141.91604819604493 123.56977304468225 71.85670981344362 0.12361205287434349 0.28551252240487995 0.2929184737386395 0.10036152038206164 407.17353546575345 18.91509639364731 24.51952480573135 6.274898222934754 
206.0002844060779 0.0 47.360511188375135 0.0 21.939082988710133 0.007347780992715874 0.19465599354718263 0.007347780992715874 0.19465599354718263 397.8592166874732 19.489047285917476 24.793374902401297 6.323713263049448 60.08212369344439 142.98098515202847 125.93573420683818 72.79798282972838 0.12361205287434349 0.2869332045735656 0.2973420354521581 0.08690769031365099 397.8592166874732 19.489047285917476 24.793374902401297 6.323713263049448 
208.00028440607778 0.0 47.526838438243615 0.0 21.48063837164315 0.007347780992715876 0.196527866040675 0.007347780992715876 0.196527866040675 387.22965144274036 20.09907025782608 25.712225783056837 6.381645989859284 59.85307677699084 144.1227359447422 127.92582147017748 73.63230290751828 0.12361205287434351 0.2888050770670588 0.30091874500608534 0.07675264570415004 387.22965144274036 20.09907025782608 25.712225783056837 6.381645989859284 
210.00028440607767 0.0 47.576463909509236 0.0 21.09956441000447 0.007347780992715876 0.19909163213412098 0.007347780992715876 0.19909163213412098 376.2255179383651 20.658079112896022 28.19986676236563 6.445741979840372 60.07645489126525 145.43227071044632 129.87629685911494 74.41276670541353 0.12361205287434351 0.2913688431605024 0.3034373643135276 0.07084739155207574 376.2255179383651 20.658079112896022 28.19986676236563 6.445741979840372 
212.00028440607755 0.0 48.38429793392307 0.0 17.99469554639512 0.007347780992715874 0.21125946421684694 0.007347780992715874 0.21125946421684694 306.4110000661641 23.73376457430877 39.3280513389554 6.646388918342223 60.90290498357123 151.03192081189434 140.24643003854445 75.06380904476494 0.12361205287434351 0.30353667524323025 0.31054230672763067 0.05912439544550794 306.4110000661641 23.73376457430877 39.3280513389554 6.646388918342223 
214.00028440607744 0.0 48.35977569902963 0.0 17.737976577709745 0.007347780992715874 0.2122876483455316 0.007347780992715874 0.2122876483455316 292.6050822556258 24.220028432310325 38.722165640058826 6.605602525779749 60.976712480777124 152.11153812836696 141.60277770631296 73.70158789108127 0.12361205287434354 0.30456485937191546 0.31054230672763067 0.060152579574191276 292.6050822556258 24.220028432310325 38.722165640058826 6.605602525779749 
216.00015290667432 0.0 48.608422199430635 0.0 17.45635310764518 0.007347780992715874 0.2141181138522399 0.007347780992715874 0.2141181138522399 278.91357078354866 24.762801656522562 38.382541598251244 6.564113333546399 60.99727481664035 153.10523447596412 142.5654180097514 72.12348690125184 0.12361205287434354 0.30456485937191546 0.31054230672763067 0.06198304508089841 278.91357078354866 24.762801656522562 38.382541598251244 6.564113333546399 
218.00024358093142 0.0 48.46177227671307 0.0 17.17674669030814 0.007347780992715874 0.21727092221211783 0.007347780992715874 0.21727092221211783 264.8868913376682 25.19792365312689 37.751987534093736 6.489380511317363 61.07435382936422 154.1406781978212 143.69698903682198 69.74355583722256 0.12361205287434354 0.30456485937191546 0.31054230672763067 0.06513585344077892 264.8868913376682 25.19792365312689 37.751987534093736 6.489380511317363 
220.00017533335503 0.0 48.23678375710785 0.0 16.922274000360133 0.007347780992715876 0.21863802868845394 0.007347780992715876 0.21863802868845394 250.8362818502301 25.585282727078674 36.3458553478668 6.429778083984714 61.228302655055124 155.26258827182937 144.77563204325057 67.41673361162796 0.12361205287434354 0.30456485937191546 0.31054230672763067 0.0665029599171152 250.8362818502301 25.585282727078674 36.3458553478668 6.429778083984714 
222.000284406077 0.0 47.41685907170177 0.0 15.429633093820229 0.007347780992715874 0.23020183020045756 0.007347780992715874 0.23020183020045756 170.8075383728376 27.906668968826082 27.302875489619176 6.238897290646328 61.645919373079 161.25805218339292 150.58814574112722 54.866033325385644 0.0 0.0 0.31054230672763067 0.07806676142911677 170.8075383728376 27.906668968826082 27.302875489619176 6.238897290646328 
224.00028440607687 0.0 46.58370003741403 0.0 15.464583662915759 0.007347780992715876 0.23214849423763653 0.007347780992715876 0.23214849423763653 158.63712341823364 28.19489162961226 26.429053257573564 6.303756830410462 61.53666021022387 162.20752843720092 151.06664999822854 54.26155549631772 0.0 0.0 0.31054230672763067 0.08001342546629436 158.63712341823364 28.19489162961226 26.429053257573564 6.303756830410462 
226.00028440607676 0.0 46.29285675369825 0.0 15.545011536477068 0.007347780992715876 0.23461239880065893 0.007347780992715876 0.23461239880065893 147.65205080942934 28.43821240417719 26.813155728322727 6.342463728372671 61.520027164165896 163.25275389265067 151.60447913830578 53.441917993944166 0.0 0.0 0.31054230672763067 0.0824773300293155 147.65205080942934 28.43821240417719 26.813155728322727 6.342463728372671 
228.00028440607664 0.0 45.93579150343349 0.0 15.683051296330774 0.007347780992715876 0.23578954517237571 0.007347780992715876 0.23578954517237571 137.13033085150946 28.672843143112768 25.966356418356465 6.323778013892187 61.532507239997535 164.33348487990887 152.17111141254827 52.54351177501623 0.0 0.0 0.31054230672763067 0.08365447640103234 137.13033085150946 28.672843143112768 25.966356418356465 6.323778013892187 
230.00028440607653 0.0 45.52908422288075 0.0 15.725619630661303 0.007347780992715876 0.23818261825640571 0.007347780992715876 0.23818261825640571 127.10118475590927 28.890674729956412 25.045588580171476 6.296413564057872 61.53621575676923 165.3667326988923 152.66085907003844 51.891058127285895 0.0 0.0 0.31054230672763067 0.0860475494850631 127.10118475590927 28.890674729956412 25.045588580171476 6.296413564057872 
232.00028440607642 0.0 41.956180428242135 0.0 15.572262135325369 0.007347780992715874 0.25036953616729507 0.007347780992715874 0.25036953616729507 71.68426278507 29.818713209439302 21.915965466541103 6.206571705146682 61.80602643717157 171.32660141598993 155.23309446825803 49.240779070482475 0.0 0.0 0.31054230672763067 0.09823446739595637 71.68426278507 29.818713209439302 21.915965466541103 6.206571705146682 
234.0002844060763 0.0 41.62376618727228 0.0 15.86267299144461 0.007347780992715876 0.2526129199740634 0.007347780992715876 0.2526129199740634 64.81957016800222 29.71237599772077 23.355420881858365 6.211796377868647 61.733278170407075 172.26057004275415 155.2500045658494 50.17908769061757 0.0 0.0 0.31054230672763067 0.10047785120272114 64.81957016800222 29.71237599772077 23.355420881858365 6.211796377868647 
236.0002844060762 0.0 40.99425586473817 0.0 16.117834199452382 0.007347780992715874 0.25374414561314507 0.007347780992715874 0.25374414561314507 58.51622819383438 29.736172172867757 24.49109902749665 6.290270485821903 61.738419390673116 173.309642073913 155.25678761693575 51.16511918049555 0.0 0.0 0.31054230672763067 0.1016090768418083 58.51622819383438 29.736172172867757 24.49109902749665 6.290270485821903 
238.00028440607608 0.0 40.42084523486803 0.0 16.254071778390493 0.007347780992715874 0.2567243326280629 0.007347780992715874 0.2567243326280629 52.59795546260951 29.843574246336654 25.936382955634745 6.33449697490995 61.783675820515036 174.24876837034134 155.25997908151888 52.15349107534585 0.0 0.0 0.31054230672763067 0.10458926385672235 52.59795546260951 29.843574246336654 25.936382955634745 6.33449697490995 
240.00028440607596 0.0 39.75172019891992 0.0 16.3674426133548 0.007347780992715872 0.2582630691414271 0.007347780992715872 0.2582630691414271 47.410680084130995 29.900263294618412 27.489068902303554 6.337315521442073 61.793556208134 175.23701684916838 155.26223966459892 53.16652226010694 0.0 0.0 0.31054230672763067 0.10612800037008782 47.410680084130995 29.900263294618412 27.489068902303554 6.337315521442073 
242.00028440607585 0.0 36.44274736792018 0.0 17.10157203019484 0.007347780992715872 0.2710060573339828 0.007347780992715872 0.2710060573339828 19.281002178687366 30.562042288179775 34.72930484264466 6.234589282688874 61.80602643717157 181.3557741316515 155.2711533638144 59.13286364827232 0.0 0.0 0.31054230672763067 0.11887098856263897 19.281002178687366 30.562042288179775 34.72930484264466 6.234589282688874 
244.0001241224261 0.0 35.52209605802852 0.0 17.004637126008692 0.007347780992715872 0.27246230006503436 0.007347780992715872 0.27246230006503436 16.54342484978967 30.480559672627216 31.048601160889024 6.113770289817775 61.80602643717157 182.33980980793243 155.2711533638144 60.14494336655298 0.0 0.0 0.31054230672763067 0.12032723129369745 16.54342484978967 30.480559672627216 31.048601160889024 6.113770289817775 
246.00028440607562 0.0 35.03300415929434 0.0 16.995715381894218 0.007347780992715872 0.2746397487704349 0.007347780992715872 0.2746397487704349 14.398122423222592 30.36140607741748 28.699860756809073 6.062955397678439 61.80602643717157 183.32975950416494 155.2711533638144 61.15528661696051 0.0 0.0 0.31054230672763067 0.12250467999909385 14.398122423222592 30.36140607741748 28.699860756809073 6.062955397678439 
248.0002844060755 0.0 34.68618173746983 0.0 17.018291417676885 0.007347780992715872 0.27660820451403434 0.007347780992715872 0.27660820451403434 12.64832323937556 30.211577621329653 27.166690758820668 6.108913950080498 61.80602643717157 184.3105436418689 155.2711533638144 62.1561166063511 0.0 0.0 0.31054230672763067 0.12447313574269224 12.64832323937556 30.211577621329653 27.166690758820668 6.108913950080498 
250.0002844060754 0.0 34.45502265322544 0.0 16.9715399736246 0.007347780992715874 0.2782466853121485 0.007347780992715874 0.2782466853121485 11.632891850699739 30.104294908114287 26.223825696047005 6.154789527199177 61.80602643717157 185.26966899809304 155.2711533638144 63.15126913758931 0.0 0.0 0.31054230672763067 0.1261116165408085 11.632891850699739 30.104294908114287 26.223825696047005 6.154789527199177 
252.00028440607528 0.0 33.24945834442147 0.0 16.549730548308588 0.007347780992715872 0.2905020570633912 0.007347780992715872 0.2905020570633912 7.308793466766401 29.448847143360485 22.629382751572265 6.356714085880433 61.80602643717157 191.30321025157886 155.2711533638144 69.12593782878758 0.0 0.0 0.31054230672763067 0.13836698829205338 7.308793466766401 29.448847143360485 22.629382751572265 6.356714085880433 
254.00028440607517 0.0 33.23352595511129 0.0 16.449272208682842 0.007347780992715874 0.29237163577259584 0.007347780992715874 0.29237163577259584 7.388924240087026 29.58919220968443 23.229387597874936 6.286621235951559 61.80602643717157 192.31507467963846 155.2711533638144 70.14095371733283 0.0 0.0 0.3105423067276308 0.14023656700125553 7.388924240087026 29.58919220968443 23.229387597874936 6.286621235951559 
256.0002844060751 0.0 33.26257069293668 0.0 16.378235375235374 0.007347780992715874 0.29427643996559144 0.007347780992715874 0.29427643996559144 7.429770772125223 29.66612703532913 22.805308993189186 6.332598478120904 61.80602643717157 193.2143215790785 155.2711533638144 71.12336389224424 0.0 0.0 0.3105423067276308 0.1421413711942534 7.429770772125223 29.66612703532913 22.805308993189186 6.332598478120904 
258.00028440607497 0.0 33.21290240207395 0.0 16.352403428328294 0.007347780992715872 0.2963983080924068 0.007347780992715872 0.2963983080924068 7.407442887703939 29.711929737702825 22.97912252155949 6.346198842299203 61.80602643717157 194.0839335913414 155.2711533638144 72.14022653776259 0.0 0.0 0.3105423067276308 0.14426323932106574 7.407442887703939 29.711929737702825 22.97912252155949 6.346198842299203 
260.00028440607485 0.0 33.19232249108002 0.0 16.28227221664562 0.007347780992715874 0.29854788789166536 0.007347780992715874 0.29854788789166536 7.342804901507268 29.700388795333716 22.973316111529137 6.352423338784696 61.80602643717157 194.83558387175188 155.2711533638144 73.13064506488307 0.0 0.0 0.3105423067276308 0.14641281912032195 7.342804901507268 29.700388795333716 22.973316111529137 6.352423338784696 
262.00028440607474 0.0 32.71918329391636 0.0 16.034590945365455 0.007347780992715874 0.310547386707626 0.007347780992715874 0.310547386707626 6.791835651034187 29.41147936718426 22.11567203248526 6.251003134727572 61.80602643717157 201.31002464307346 155.2711533638144 79.12218173261789 0.0 0.0 0.31054230672763067 0.15841231793628488 6.791835651034187 29.41147936718426 22.11567203248526 6.251003134727572 
264.0002844060746 0.0 32.858652723505614 0.0 16.010382282976 0.007347780992715876 0.3130528545263656 0.007347780992715876 0.3130528545263656 6.754556251554865 29.547910615104744 23.478563789947827 6.337578540178522 61.80602643717157 202.28149501022074 155.2711533638144 80.12747992848884 0.0 0.0 0.31054230672763067 0.16091778575502383 6.754556251554865 29.547910615104744 23.478563789947827 6.337578540178522 
266.00020365339054 0.0 32.91761487634409 0.0 16.042640875788344 0.007347780992715876 0.3146692938161981 0.007347780992715876 0.3146692938161981 6.819317007933513 29.635103583195217 25.758594418553656 6.377762233460808 61.80602643717157 203.04990940273618 155.2711533638144 81.12601798841712 0.0 0.0 0.31054230672763067 0.16253422504485612 6.819317007933513 29.635103583195217 25.758594418553656 6.377762233460808 
268.0001793273396 0.0 32.946366779129974 0.0 16.05842099288199 0.007347780992715874 0.3166881920588506 0.007347780992715874 0.3166881920588506 6.918169738718183 29.827772741096087 28.14396918176659 6.4299101482301655 61.80602643717157 203.76292900973291 155.2711533638144 82.12945589422353 0.0 0.0 0.31054230672763067 0.16455312328750835 6.918169738718183 29.827772741096087 28.14396918176659 6.4299101482301655 
270.00009313266423 0.0 32.94650132908098 0.0 16.07574677798707 0.007347780992715872 0.318770473867736 0.007347780992715872 0.318770473867736 7.091499443652057 30.025097077203952 29.70160841758524 6.444107128715741 61.80602643717157 204.3662400805901 155.2711533638144 83.14760224870308 0.0 0.0 0.31054230672763067 0.16663540509639432 7.091499443652057 30.025097077203952 29.70160841758524 6.444107128715741 
272.0002844060742 0.0 33.14039769736913 0.0 16.580792085264704 0.007347780992715874 0.3312203657731785 0.007347780992715874 0.3312203657731785 7.442098575345371 31.10506161571793 34.70022364818727 6.326784373124944 61.80602643717157 211.30461845361486 155.2711533638144 89.12887756099921 0.0 0.0 0.31054230672763067 0.17908529700183615 7.442098575345371 31.10506161571793 34.70022364818727 6.326784373124944 
274.00028440607406 0.0 33.14568514263759 0.0 16.54905273566955 0.007347780992715874 0.3325706078475221 0.007347780992715874 0.3325706078475221 7.452400278693177 31.27258339669019 36.66072083168358 6.337213198538424 61.80602643717157 211.98786496480704 155.2711533638144 90.12668680197895 0.0 0.0 0.31054230672763067 0.18043553907618187 7.452400278693177 31.27258339669019 36.66072083168358 6.337213198538424 
276.0000508760801 0.0 33.09123671021677 0.0 16.63358165171984 0.007347780992715874 0.3339517925288898 0.007347780992715874 0.3339517925288898 7.559413039924484 31.468981790101918 36.97342979276319 6.324828042404996 61.80602643717157 212.60547851853542 155.2711533638144 91.12595557548289 0.0 0.0 0.31054230672763067 0.18181672375755106 7.559413039924484 31.468981790101918 36.97342979276319 6.324828042404996 
278.00028440607383 0.0 33.048947090233234 0.0 16.65039011747466 0.007347780992715876 0.33604068221739225 0.007347780992715876 0.33604068221739225 7.664267465917947 31.522894947012944 36.901833288112876 6.292924413237194 61.80602643717157 213.00919459511582 155.2711533638144 92.12980092563267 0.0 0.0 0.31054230672763056 0.18390561344605058 7.664267465917947 31.522894947012944 36.901833288112876 6.292924413237194 
280.00002973196257 0.0 32.935326210562444 0.0 16.642908538060688 0.007347780992715876 0.33820728329606287 0.007347780992715876 0.33820728329606287 7.77363864837931 31.538573605774157 36.20588960742695 6.2711767678994725 61.80602643717157 213.27007054151395 155.2711533638144 93.13537213397305 0.0 0.0 0.31054230672763056 0.18607221452472344 7.77363864837931 31.538573605774157 36.20588960742695 6.2711767678994725 
282.0002844060736 0.0 32.434567460127546 0.0 16.32371309422824 0.007347780992715874 0.3496142718874286 0.007347780992715874 0.3496142718874286 8.034824315397513 31.7852226688922 31.260013992744785 6.331823790932673 61.80602643717157 221.32770743483061 155.2711533638144 99.12591036361799 0.0 0.0 0.31054230672763067 0.19747920311608563 8.034824315397513 31.7852226688922 31.260013992744785 6.331823790932673 
284.0002844060735 0.0 32.54235380045825 0.0 16.287170701135285 0.007347780992715874 0.3518343160365749 0.007347780992715874 0.3518343160365749 7.937382986209468 31.739345393995404 31.610935518716207 6.399269049030362 61.80602643717157 221.8827259672813 155.2711533638144 100.12445385576437 0.0 0.0 0.31054230672763067 0.19969924726523813 7.937382986209468 31.739345393995404 31.610935518716207 6.399269049030362 
286.0002844060734 0.0 32.4554158877271 0.0 16.24520299106056 0.007347780992715874 0.3533774308175968 0.007347780992715874 0.3533774308175968 7.812617871707971 31.704754297080257 30.48994384925056 6.3972372390968495 61.80602643717157 222.66394173624425 155.2711533638144 101.11016440122513 0.0 0.0 0.31054230672763067 0.20124236204625803 7.812617871707971 31.704754297080257 30.48994384925056 6.3972372390968495 
288.00028440607326 0.0 32.437717297282646 0.0 16.246971697368398 0.007347780992715874 0.3559791284904044 0.007347780992715874 0.3559791284904044 7.8372697166332745 31.655732894312912 30.126840662728497 6.40452518152477 61.80602643717157 222.66394173624425 155.2711533638144 102.11156720578583 0.0 0.0 0.31054230672763056 0.20384405971906172 7.8372697166332745 31.655732894312912 30.126840662728497 6.40452518152477 
290.00028440607315 0.0 32.4026155918239 0.0 16.226897266016632 0.007347780992715874 0.3575853257259085 0.007347780992715874 0.3575853257259085 7.896517285296342 31.632919741536984 30.178501094274353 6.407330343065664 61.80602643717157 222.66394173624425 155.30917709358178 102.95803243886114 0.0 0.0 0.3140792628040109 0.19113246837008296 7.896517285296342 31.632919741536984 30.178501094274353 6.407330343065664 
292.00028440607304 0.0 32.11038982151111 0.0 16.23188664828877 0.007347780992715874 0.3704265002110472 0.007347780992715874 0.3704265002110472 8.574652923414089 31.55851496626853 29.722011957537543 6.347852807949539 NaN NaN 157.02364281494647 102.03405511797858 0.0 0.0 0.35342857327029303 0.04468551599263397 8.574652923414089 31.55851496626853 29.722011957537543 6.347852807949539 
294.0002844060729 0.0 32.267649838074625 0.0 16.261891973111624 0.007347780992715872 0.3722861893892489 0.007347780992715872 0.3722861893892489 8.577946871636767 31.314855822601576 29.56155823938346 6.340967703923259 NaN NaN 157.73424896843304 100.15180078154593 0.0 0.0 0.35342857327029303 0.04654520517083554 8.577946871636767 31.314855822601576 29.56155823938346 6.340967703923259 
296.0002844060728 0.0 32.38891686053127 0.0 16.278559451931283 0.007347780992715874 0.3739552629285368 0.007347780992715874 0.3739552629285368 8.641913038592932 31.109613838444506 30.282745175799466 6.3730314631076475 NaN NaN 158.601814855319 97.63708320474831 0.0 0.0 0.35342857327029314 0.04821427871012781 8.641913038592932 31.109613838444506 30.282745175799466 6.3730314631076475 
298.0002844060727 0.0 32.48413182905587 0.0 16.320834782280954 0.007347780992715874 0.3760540693294319 0.007347780992715874 0.3760540693294319 8.573735849186704 30.99883127801437 30.781732092931545 6.407930782351305 NaN NaN 159.19650338813597 96.22530694798 0.0 0.0 0.35342857327029314 0.05031308511101634 8.573735849186704 30.99883127801437 30.781732092931545 6.407930782351305 
300.0002844060726 0.0 32.49901677309665 0.0 16.326638303933255 0.007347780992715874 0.3781027321213028 0.007347780992715874 0.3781027321213028 8.542262345140138 30.923355360034446 32.07106226471677 6.466415682266912 NaN NaN 159.85929066565092 94.54993563999557 0.0 0.0 0.35342857327029314 0.05236174790289169 8.542262345140138 30.923355360034446 32.07106226471677 6.466415682266912 
302.0002648799775 0.0 34.78901653317583 0.0 17.707696327435666 0.007347780992715874 0.39042711096748367 0.007046549512031942 0.10389134803768847 958.3238216446591 30.087968283888404 856.1162930090222 5.930221843358165 33.18721271537083 75.55113821244495 164.74437885856102 80.77614297120866 0.06637442543074203 0.1501751411361153 0.35342857327029303 0.06468612674907119 958.3238216446591 30.087968283888404 856.1162930090222 5.930221843358165 
304.00028440607235 0.0 35.320086074280184 0.0 18.13198564344809 0.007347780992715876 0.392709387753462 0.007046549512031946 0.10617362482366478 908.4314097479315 28.46553135518693 663.7165243287757 4.783542485253781 33.18721271537083 77.082984191171 168.82366947232808 65.26223620842488 0.066374425430742 0.1524574179220894 0.35342857327029303 0.06696840353504672 908.4314097479315 28.46553135518693 663.7165243287757 4.783542485253781 
306.00028440607224 0.0 36.541519597851085 0.0 18.612979614506177 0.007347780992715876 0.394519632450659 0.007046549512031946 0.10798386952086092 869.9246298874298 27.30814309665174 560.4172726838226 4.592141459729116 33.18721271537083 78.40803199644907 171.25113178079843 56.44675645828776 0.06637442543074203 0.15426766261928565 0.35342857327029314 0.06877864823224322 869.9246298874298 27.30814309665174 560.4172726838226 4.592141459729116 
308.0002844060721 0.0 37.651603631893956 0.0 19.06491242429736 0.007347780992715876 0.39653774089953997 0.007046549512031946 0.1100019779697431 827.6230359386777 26.029703699418125 478.9119043638464 4.779769704115967 33.18721271537083 80.08050801030893 172.58569748668154 52.044718541661986 0.06637442543074203 0.15628577106817132 0.35342857327029303 0.07079675668112657 827.6230359386777 26.029703699418125 478.9119043638464 4.779769704115967 
310.000284406072 0.0 38.518214431293615 0.0 19.4831783613777 0.007347780992715874 0.39897779639547576 0.00707313818291436 0.10547888059263871 786.291107288895 24.838940634822603 409.1481449089283 5.017719135579672 33.18721271537083 81.70857362589973 173.41500121547014 49.6832189360663 0.06637442543074203 0.1587258265641112 0.3534285732702929 0.07323681217706676 786.291107288895 24.838940634822603 409.1481449089283 5.017719135579672 
312.0002844060719 0.0 42.998477426526726 0.0 22.280958154214122 0.007347780992715874 0.41101844714974906 0.0074646231240149685 0.014995809704434338 543.0270174055933 18.305260951989528 54.09365490812157 6.4245539667614215 33.18721271537083 85.13307446440118 176.71428663514644 42.32474972851314 0.066374425430742 0.17076647731838476 0.35342857327029303 0.08527746293133899 543.0270174055933 18.305260951989528 54.09365490812157 6.4245539667614215 
314.0002844060718 0.0 43.79215785095836 0.0 22.67916789109805 0.007347780992715874 0.4128310256033011 0.0074646231240149685 0.016808388157984196 521.1498649685178 17.975308426139847 41.423612605157224 6.453816410421941 33.18721271537083 86.26789274911009 176.71428663514644 43.32067290634377 0.066374425430742 0.17257905577193308 0.35342857327029314 0.08709004138488868 521.1498649685178 17.975308426139847 41.423612605157224 6.453816410421941 
316.00028440607167 0.0 44.387613746508855 0.0 22.98008577511033 0.007347780992715876 0.4143885946567813 0.00746462312401497 0.01836595721146769 503.2962539590909 17.67010066165569 36.329794850514595 6.451550370007766 33.18721271537083 87.55100309224335 176.71428663514644 44.31000627167263 0.066374425430742 0.17413662482541617 0.35342857327029314 0.08864761043837309 503.2962539590909 17.67010066165569 36.329794850514595 6.451550370007766 
318.00028440607156 0.0 44.8325367485816 0.0 22.937179150832414 0.007347780992715876 0.4165972486695007 0.00746462312401497 0.020574611224186856 488.73183649323016 17.400396127844587 34.11337184755833 6.439589275418734 33.18721271537083 88.85853318919924 176.71428663514644 45.30681687030568 0.06637442543074203 0.17634527883813553 0.35342857327029303 0.09085626445109245 488.73183649323016 17.400396127844587 34.11337184755833 6.439589275418734 
320.00028440607144 0.0 45.086870352700174 0.0 22.90847694181905 0.007347780992715876 0.41833289951761304 0.0074646231240149685 0.022310262072298526 477.91051962581577 17.47672906420731 32.59318986942361 6.413097274090353 33.18721271537083 90.30437075970237 176.71428663514644 46.314919099863424 0.06637442543074203 0.17808092968624858 0.35342857327029303 0.09259191529920419 477.91051962581577 17.47672906420731 32.59318986942361 6.413097274090353 
322.00028440607133 0.0 45.56075105929722 0.0 21.71622431507004 0.007347780992715874 0.43042905949616495 0.00746462312401497 0.034406422050845445 420.03424449407186 18.723460215316294 26.3338907669231 6.351560723660662 33.18721271537083 95.0856427200191 176.71428663514644 52.29991762518891 0.06637442543074203 0.19017708966479394 0.35342857327029314 0.10468807527775134 420.03424449407186 18.723460215316294 26.3338907669231 6.351560723660662 
324.0002844060712 0.0 45.60256316598984 0.0 21.282670354160768 0.007347780992715874 0.4325401787199915 0.007464623124014968 0.03651754127467202 411.53955422868887 19.28382558113669 26.534614550869083 6.37418724930835 33.18721271537083 96.17348317385205 176.71428663514644 53.32740931242185 0.06637442543074203 0.19228820888862044 0.35342857327029303 0.10679919450157793 411.53955422868887 19.28382558113669 26.534614550869083 6.37418724930835 
326.0002844060711 0.0 45.90648474456259 0.0 20.84514096330296 0.007347780992715874 0.4339305516935275 0.007464623124014968 0.03790791424820703 403.4257113004597 19.72653159722925 26.770138436540027 6.366372268688101 33.18721271537083 97.26914687805655 176.71428663514644 54.32059004334744 0.06637442543074203 0.1936785818621545 0.35342857327029303 0.10818956747511081 403.4257113004597 19.72653159722925 26.770138436540027 6.366372268688101 
328.000284406071 0.0 46.15426579685677 0.0 20.32320565426129 0.007347780992715874 0.43541586615363204 0.0074646231240149685 0.039393228708310545 393.9291301684114 20.19312500462745 26.214862642540737 6.352940364170652 33.18721271537083 98.30453436568534 176.71428663514644 55.32273237795757 0.06637442543074203 0.1936785818621545 0.3534285732702929 0.10967488193521636 393.9291301684114 20.19312500462745 26.214862642540737 6.352940364170652 
330.0002844060709 0.0 46.238238386826104 0.0 19.92284587034475 0.007347780992715872 0.43789230550360053 0.0074646231240149685 0.04186966805828001 383.8493741618892 20.647978867314688 26.354202230774543 6.385936394089332 33.18721271537083 99.27709313509922 176.71428663514644 56.31354818918365 0.06637442543074203 0.1936785818621545 0.3534285732702929 0.11215132128518579 383.8493741618892 20.647978867314688 26.354202230774543 6.385936394089332 
332.00028440607076 0.0 46.63335040341384 0.0 17.559394011329122 0.007347780992715874 0.4494084930873487 0.0074646231240149685 0.053385855642026 318.2179112095899 23.535986229500747 28.03406350532093 6.327940646596921 33.18721271537083 105.03611267625409 176.71428663514644 62.31334490224077 0.0 0.0 0.35342857327029303 0.12366750886893034 318.2179112095899 23.535986229500747 28.03406350532093 6.327940646596921 
334.00028440607065 0.0 46.16697740477372 0.0 17.12344893236914 0.007347780992715874 0.4525036142688657 0.0074646231240149685 0.05648097682354604 305.2104720014914 24.049073925012358 28.07772041071453 6.296614290299444 33.18721271537083 105.94715225366313 176.71428663514644 63.31366521085055 0.0 0.0 0.35342857327029314 0.12676263005045207 305.2104720014914 24.049073925012358 28.07772041071453 6.296614290299444 
336.00028440607053 0.0 45.97637807882656 0.0 16.95461818873661 0.007347780992715874 0.4540122454536294 0.00746462312401497 0.0579896080083152 290.4232436177714 24.50270059599363 28.440047434332886 6.222132045406211 33.18721271537083 106.72824537253659 176.71428663514644 64.32868490276336 0.0 0.0 0.35342857327029314 0.12827126123522095 290.4232436177714 24.50270059599363 28.440047434332886 6.222132045406211 
338.0002844060704 0.0 45.86385438936835 0.0 16.863582830778977 0.007347780992715874 0.45629194478998636 0.00746462312401497 0.060269307344662806 276.18406530413466 24.855819387033236 27.719865798999592 6.196223371203073 33.18721271537083 107.59154298194076 176.71428663514644 65.32635138567467 0.0 0.0 0.35342857327029326 0.13055096057156687 276.18406530413466 24.855819387033236 27.719865798999592 6.196223371203073 
340.0002844060703 0.0 45.723511859689104 0.0 16.757691800942535 0.007363761589396614 0.40345250177886466 0.00746462312401497 0.06159421391474367 262.1047328726057 25.22335281339432 27.127807729349556 6.200326090955545 33.18721271537083 108.52550802830265 176.71428663514644 66.3074098221154 0.0 0.0 0.35342857327029326 0.13187586714164945 262.1047328726057 25.22335281339432 27.127807729349556 6.200326090955545 
342.0002844060702 0.0 45.71115415326958 0.0 16.269444722705163 0.007464623124014968 0.07341914650369105 0.007464623124014968 0.07341914650369105 177.54322908008783 27.41836157196492 24.438365740015332 6.378635047895804 33.18721271537083 115.02892813612162 176.71428663514644 72.29424727908251 0.0 0.0 0.35342857327029303 0.14370079973059657 177.54322908008783 27.41836157196492 24.438365740015332 6.378635047895804 
344.0002844060701 0.0 44.89539331332895 0.0 16.21089476323425 0.007464623124014968 0.07608278247622004 0.007464623124014968 0.07608278247622004 165.47671723455764 27.75655315441242 25.472946604525212 6.426472010930718 33.18721271537083 116.08629944089249 176.71428663514644 73.32449957413918 0.0 0.0 0.35342857327029303 0.14636443570312513 165.47671723455764 27.75655315441242 25.472946604525212 6.426472010930718 
346.00028440606997 0.0 44.25639475771014 0.0 16.284828393883053 0.007464623124014964 0.07796400166136165 0.007464623124014964 0.07796400166136165 154.0181270654439 28.05256715397288 26.200606300008157 6.440089946750646 33.18721271537083 117.05454927105355 176.71428663514644 74.31466979896362 0.0 0.0 0.35342857327029303 0.14824565488826552 154.0181270654439 28.05256715397288 26.200606300008157 6.440089946750646 
348.00028440606985 0.0 43.6863952087498 0.0 16.361697813167382 0.007464623124014964 0.08005754387923045 0.007464623124014964 0.08005754387923045 142.92066249893762 28.355043660098254 26.81395189266048 6.4330058455708246 33.18721271537083 118.01014035411298 176.71428663514644 75.31749490907734 0.0 0.0 0.35342857327029303 0.15033919710613566 142.92066249893762 28.355043660098254 26.81395189266048 6.4330058455708246 
350.00028440606974 0.0 43.1220953217346 0.0 16.32570884388775 0.0074646231240149625 0.08199090889970657 0.0074646231240149625 0.08199090889970657 132.6467175811984 28.667310913329864 26.992547285439944 6.396335338620682 33.18721271537083 119.0097160624312 176.71428663514644 76.31604553392789 0.0 0.0 0.35342857327029303 0.15227256212661022 132.6467175811984 28.667310913329864 26.992547285439944 6.396335338620682 
352.0002844060696 0.0 39.87667982851299 0.0 16.265135294795094 0.00746462312401497 0.09466489938543964 0.00746462312401497 0.09466489938543964 75.23903567662626 30.285540143039402 26.8147444874953 5.977643128311724 33.18721271537083 125.08729533252591 176.71428663514644 82.32457081558002 0.0 0.0 0.3534285732702929 0.16494655261234353 75.23903567662626 30.285540143039402 26.8147444874953 5.977643128311724 
354.0002844060695 0.0 39.0630065409822 0.0 16.214302846868314 0.0074646231240149685 0.09691011196878573 0.0074646231240149685 0.09691011196878573 67.67036744733336 30.45708355388616 26.672072631656143 5.955681892734158 33.18721271537083 126.07325292492347 176.71428663514644 83.33042416929996 0.0 0.0 0.35342857327029303 0.16719176519569093 67.67036744733336 30.45708355388616 26.672072631656143 5.955681892734158 
356.0002844060694 0.0 38.52082766123085 0.0 16.147814387274792 0.0074646231240149685 0.09863777957184852 0.0074646231240149685 0.09863777957184852 60.914367168700416 30.518542882074417 26.36809641363576 6.0725102786863525 33.18721271537083 127.15444596409587 176.71428663514644 84.32904490564104 0.0 0.0 0.3534285732702929 0.16891943279875368 60.914367168700416 30.518542882074417 26.36809641363576 6.0725102786863525 
358.0002844060693 0.0 38.07775022449358 0.0 16.10019407994007 0.0074646231240149685 0.10081398883963046 0.0074646231240149685 0.10081398883963046 55.13794164751197 30.532973432481704 26.197011700160477 6.182102722151029 33.18721271537083 128.23172224773754 176.71428663514644 85.32777727795391 0.0 0.0 0.35342857327029303 0.1710956420665376 55.13794164751197 30.532973432481704 26.197011700160477 6.182102722151029 
360.00028440606917 0.0 37.628720810516604 0.0 15.99509121646315 0.007464623124014968 0.10230132593256805 0.007464623124014968 0.10230132593256805 50.00531150082975 30.534836295963473 25.747443271940586 6.215702249530124 33.18721271537083 129.2552877896463 176.71428663514644 86.32783815743221 0.0 0.0 0.35342857327029303 0.17258297915947504 50.00531150082975 30.534836295963473 25.747443271940586 6.215702249530124 
362.00028440606906 0.0 34.86053890193397 0.0 15.45768368285985 0.0074646231240149685 0.114218072778899 0.0074646231240149685 0.114218072778899 22.62038702851978 30.803745759058756 22.348767835146464 6.124881799050033 33.18721271537083 135.0210687326674 176.71428663514644 92.3242624683679 0.0 0.0 0.35342857327029303 0.1844997260058047 22.62038702851978 30.803745759058756 22.348767835146464 6.124881799050033 
364.00028440606894 0.0 34.50758937552925 0.0 15.392014116186223 0.0074646231240149685 0.1160417466096324 0.0074646231240149685 0.1160417466096324 19.256639009119688 30.933172642822118 22.435348180741133 6.144418253042022 33.18721271537083 135.98529114018723 176.71428663514644 93.31711864142669 0.0 0.0 0.35342857327029303 0.18632339983653587 19.256639009119688 30.933172642822118 22.435348180741133 6.144418253042022 
366.00028440606883 0.0 33.95523644226433 0.0 15.27091294801509 0.0074646231240149685 0.11802007859064866 0.0074646231240149685 0.11802007859064866 16.588254774844387 30.996204145539153 22.88990219631614 6.1839445760843095 33.18721271537083 136.95201259971805 176.71428663514644 94.32348871800436 0.0 0.0 0.35342857327029303 0.18830173181755375 16.588254774844387 30.996204145539153 22.88990219631614 6.1839445760843095 
368.0002569998947 0.0 33.51462081330911 0.0 15.165490002312646 0.0074646231240149685 0.12045982647472671 0.0074646231240149685 0.12045982647472671 14.531937746180875 30.968353630987867 23.450124299624907 6.2149169951623335 33.18721271537083 137.9373856716469 176.71428663514644 95.32175812607132 0.0 0.0 0.35342857327029303 0.19074147970163427 14.531937746180875 30.968353630987867 23.450124299624907 6.2149169951623335 
370.0002844060686 0.0 33.25974495285557 0.0 15.13336374241492 0.0074646231240149685 0.12227363063535966 0.0074646231240149685 0.12227363063535966 13.155225468722278 30.88948865184074 24.07831720106976 6.268614245448017 33.18721271537083 138.73351460701244 176.71428663514644 96.3441634161157 0.0 0.0 0.35342857327029303 0.19255528386226584 13.155225468722278 30.88948865184074 24.07831720106976 6.268614245448017 
372.0002844060685 0.0 32.146163848076654 0.0 15.172813545986532 0.0074646231240149685 0.13480634511643408 0.0074646231240149685 0.13480634511643408 7.790743024908909 30.43156341822815 27.522774336780174 6.420810181216416 33.18721271537083 145.030732245991 176.71428663514644 102.32023619337583 0.0 0.0 0.35342857327029303 0.20508799834333874 7.790743024908909 30.43156341822815 27.522774336780174 6.420810181216416 
374.0002844060684 0.0 32.18616875228205 0.0 15.300288729322451 0.0074646231240149685 0.1365531388451492 0.0074646231240149685 0.1365531388451492 7.640763310309942 30.57152065852393 28.14818962984108 6.399331285248942 33.18721271537083 145.89209472968952 176.71428663514644 103.3424859401959 0.0 0.0 0.35342857327029303 0.20683479207205258 7.640763310309942 30.57152065852393 28.14818962984108 6.399331285248942 
376.00028440606826 0.0 32.22525691693947 0.0 15.436035998003907 0.007464623124014968 0.1388908336426616 0.007464623124014968 0.1388908336426616 7.5847740482298 30.598726324553308 28.466857146318727 6.41819855712479 33.18721271537083 146.63715636114588 176.71428663514644 104.33297826998006 0.0 0.0 0.35342857327029314 0.20917248686956832 7.5847740482298 30.598726324553308 28.466857146318727 6.41819855712479 
378.00028440606815 0.0 32.258641085297455 0.0 15.50542020706595 0.0074646231240149685 0.14004887581952707 0.0074646231240149685 0.14004887581952707 7.576933483660913 30.569913919022866 28.290604144536704 6.429957909397049 33.18721271537083 147.29919645538214 176.71428663514644 105.34060248711565 0.0 0.0 0.35342857327029314 0.21033052904643493 7.576933483660913 30.569913919022866 28.290604144536704 6.429957909397049 
380.00028440606803 0.0 32.24817443712623 0.0 15.545374953135216 0.007464623124014968 0.14287002264207452 0.007464623124014968 0.14287002264207452 7.602406967901628 30.54315976050209 28.061160221596438 6.426257294784756 33.18721271537083 147.8874811541299 176.71428663514644 106.35266453529294 0.0 0.0 0.35342857327029314 0.2131516758689788 7.602406967901628 30.54315976050209 28.061160221596438 6.426257294784756 
382.0002844060679 0.0 31.703836752990945 0.0 15.518541263153345 0.0074646231240149685 0.15492782889609505 0.0074646231240149685 0.15492782889609505 7.429432665278537 30.32605437353477 26.46728432944573 6.5323751608001785 33.18721271537083 155.05484962431223 176.71428663514644 112.33249376192742 0.0 0.0 0.35342857327029303 0.22520948212300163 7.429432665278537 30.32605437353477 26.46728432944573 6.5323751608001785 
384.0002844060678 0.0 31.6254844084552 0.0 15.356835465758836 0.0074646231240149685 0.1565485770395339 0.0074646231240149685 0.1565485770395339 7.330080351877794 30.37560652019915 26.86738494500103 6.431526147447325 33.18721271537083 155.8016912481969 176.71428663514644 113.33415035962302 0.0 0.0 0.35342857327029303 0.2268302302664375 7.330080351877794 30.37560652019915 26.86738494500103 6.431526147447325 
386.0002844060677 0.0 31.528813032031135 0.0 15.373832500591378 0.0074646231240149685 0.15859895118458753 0.0074646231240149685 0.15859895118458753 7.318979130961816 30.42903913293377 26.63854574119161 6.375119105023018 33.18721271537083 156.29450472467286 176.71428663514644 114.35349858725617 0.0 0.0 0.35342857327029303 0.22888060441149402 7.318979130961816 30.42903913293377 26.63854574119161 6.375119105023018 
388.0002844060676 0.0 31.431837578379266 0.0 15.393288782322111 0.0074646231240149685 0.16102660586766604 0.0074646231240149685 0.16102660586766604 7.346174989957932 30.490464846701766 26.9517037878459 6.343790623918851 33.18721271537083 156.53916877152366 176.71428663514644 115.3470313152991 0.0 0.0 0.3534285732702929 0.23130825909456718 7.346174989957932 30.490464846701766 26.9517037878459 6.343790623918851 
390.0002145470903 0.0 31.400341268546327 0.0 15.4412927084813 0.0074646231240149685 0.1628766949564248 0.0074646231240149685 0.1628766949564248 7.43417274089876 30.533747441733272 26.95247120562949 6.319859859771617 33.18721271537083 156.6221378559303 176.71428663514644 116.35540198872378 0.0 0.0 0.35342857327029303 0.23315834818333137 7.43417274089876 30.533747441733272 26.95247120562949 6.319859859771617 
392.00028440606735 0.0 31.438533865784077 0.0 15.7946297356428 0.0074646231240149685 0.1743541496824364 0.0074646231240149685 0.1743541496824364 7.5341448411283345 30.289046681478297 26.705804158736775 6.209862492571915 33.18721271537083 164.4049677973026 176.71428663514644 122.32687860551586 0.0 0.0 0.35342857327029303 0.24463580290934167 7.5341448411283345 30.289046681478297 26.705804158736775 6.209862492571915 
394.00028440606724 0.0 31.447119428794597 0.0 15.911681561539112 0.0074646231240149685 0.1767323029185988 0.0074646231240149685 0.1767323029185988 7.442588667519913 30.191354786102455 25.300852646494608 6.272979293614928 33.18721271537083 164.4049677973026 176.71428663514644 123.33821448417194 0.0 0.0 0.35342857327029303 0.2470139561455017 7.442588667519913 30.191354786102455 25.300852646494608 6.272979293614928 
396.0002844060671 0.0 31.518278051828954 0.0 15.960473515947676 0.007464623124014968 0.17852089273106087 0.007464623124014968 0.17852089273106087 7.313036136748335 30.225970764926686 25.559161819659227 6.183171807044504 33.18721271537083 164.4049677973026 176.71428663514644 124.31336863272585 0.0 0.0 0.35342857327029303 0.24880254595796153 7.313036136748335 30.225970764926686 25.559161819659227 6.183171807044504 
398.000284406067 0.0 31.542191564485012 0.0 15.985775890407082 0.007464623124014968 0.1804864918434441 0.007464623124014968 0.1804864918434441 7.405677518755634 30.331124160113472 25.55963743593184 6.113919077389071 33.18721271537083 164.4049677973026 176.71428663514644 125.3313389920246 0.0 0.0 0.3534285732702929 0.2507681450703499 7.405677518755634 30.331124160113472 25.55963743593184 6.113919077389071 
400.0002844060669 0.0 31.568648021455434 0.0 16.043614423850183 0.0074646231240149685 0.18271551895172453 0.0074646231240149685 0.18271551895172453 7.429122050464468 30.40432346772179 25.511908835351406 6.078740932544133 33.18721271537083 164.4049677973026 176.71428663514644 126.32430939995523 0.0 0.0 0.35342857327029303 0.2529971721786314 7.429122050464468 30.40432346772179 25.511908835351406 6.078740932544133 
402.0002844060668 0.0 31.64035573275218 0.0 16.255901537274166 0.0074646231240149685 0.1941447009234957 0.0074646231240149685 0.1941447009234957 7.32033123707191 30.726978790783964 23.795850251124534 6.182139562723213 NaN NaN 176.71428663514644 132.33202807731564 0.0 0.0 0.35342857327029303 0.26442635415040155 7.32033123707191 30.726978790783964 23.795850251124534 6.182139562723213 
404.00028440606667 0.0 31.719033697838046 0.0 16.243168038809678 0.007464623124014968 0.19677816457380667 0.007464623124014968 0.19677816457380667 7.343245391272808 30.766089073603254 23.260944793834174 6.294990827592871 NaN NaN 176.71428663514644 133.32156426343408 0.0 0.0 0.35342857327029314 0.2670598178007089 7.343245391272808 30.766089073603254 23.260944793834174 6.294990827592871 
406.00028440606656 0.0 31.80877781524543 0.0 16.216079636014612 0.007464623124014968 0.19854703590058026 0.007464623124014968 0.19854703590058026 7.4277929722915585 30.86282781546054 23.83936419183701 6.352962732206064 NaN NaN 176.71428663514644 134.3281300557491 0.0 0.0 0.35342857327029303 0.26882868912748314 7.4277929722915585 30.86282781546054 23.83936419183701 6.352962732206064 
408.00028440606644 0.0 31.85912487513062 0.0 16.226658956360033 0.007464623124014968 0.20110955595732574 0.007464623124014968 0.20110955595732574 7.59747773531738 30.791421699735935 24.291484933853386 6.369580946303421 NaN NaN 176.71428663514644 135.31649310116526 0.0 0.0 0.3534285732702929 0.27139120918423226 7.59747773531738 30.791421699735935 24.291484933853386 6.369580946303421 
410.0002844060663 0.0 31.88619944646776 0.0 16.266182645439528 0.0074646231240149685 0.20232671342781508 0.0074646231240149685 0.20232671342781508 7.7432245476923915 30.744518593656885 25.278495609960938 6.373706326645444 NaN NaN 176.71428663514644 136.3192021148692 0.0 0.0 0.3534285732702929 0.2726083666547219 7.7432245476923915 30.744518593656885 25.278495609960938 6.373706326645444 
412.0002844060662 0.0 32.088878622864854 0.0 16.020616048594263 0.0074646231240149685 0.21371814963097202 0.0074646231240149685 0.21371814963097202 8.21154447470709 30.438307556895285 29.511135705961134 6.336623988567497 NaN NaN 176.71428663514644 142.33409499164833 0.0 0.0 0.3534285732702929 0.2839998028578774 8.21154447470709 30.438307556895285 29.511135705961134 6.336623988567497 
414.0002844060661 0.0 32.02896724060524 0.0 15.84588532362176 0.007464623124014968 0.21555752501117528 0.007464623124014968 0.21555752501117528 8.131313399208162 30.504187968231523 28.884454236624943 6.241449375281637 NaN NaN 176.71428663514644 143.32957353339572 0.0 0.0 0.35342857327029303 0.28583917823808247 8.131313399208162 30.504187968231523 28.884454236624943 6.241449375281637 
416.000284406066 0.0 32.01325418566713 0.0 15.828428353429867 0.0074646231240149685 0.2173994497106532 0.0074646231240149685 0.2173994497106532 8.123101961693257 30.44888844297044 29.140412083801 6.173852420900305 NaN NaN 176.71428663514644 144.33149712041666 0.0 0.0 0.35342857327029303 0.2876811029375594 8.123101961693257 30.44888844297044 29.140412083801 6.173852420900305 
418.0002844060659 0.0 31.98621616865084 0.0 15.890679314091145 0.0074646231240149685 0.22016223626427758 0.0074646231240149685 0.22016223626427758 8.160235531781096 30.374533558719147 28.733854633747164 6.110989316942719 NaN NaN 176.71428663514644 145.32227873111933 0.0 0.0 0.35342857327029303 0.29044388949117933 8.160235531781096 30.374533558719147 28.733854633747164 6.110989316942719 
420.00028440606576 0.0 32.01595596275142 0.0 15.963311606489533 0.00746462312401497 0.2214671002961994 0.00746462312401497 0.2214671002961994 8.222778027949033 30.317466689848484 28.08638047906201 6.10360200683845 NaN NaN 176.71428663514644 146.3251687549773 0.0 0.0 0.35342857327029303 0.29174875352309937 8.222778027949033 30.317466689848484 28.08638047906201 6.10360200683845 
422.00028440606565 0.0 34.014293654961435 0.0 18.083057812651518 0.007464623124014969 0.23452430895779425 0.005750858931656213 0.08518506239188116 967.8822648402489 29.71829233782435 892.5255934054272 5.815228214856679 38.72307917809303 99.80854689058852 176.31476348919642 145.94350824081636 0.07744615835618614 0.1983398854941466 0.33675429397318835 0.037919608275232435 967.8822648402489 29.71829233782435 892.5255934054272 5.815228214856679 
424.00028440606553 0.0 35.13826221986601 0.0 18.83572458052845 0.007464623124014969 0.2365502317154354 0.006377917437049902 0.1418535346705067 927.5665301365387 28.7176959927479 687.5616933164298 4.797099943673907 38.72307917809303 101.12260976733083 174.87144676010703 123.82725839382816 0.07744615835618614 0.20036580825179365 0.3367542939731884 0.039945531032877055 927.5665301365387 28.7176959927479 687.5616933164298 4.797099943673907 
426.0002844060654 0.0 36.27542241938716 0.0 19.71192563737151 0.007464623124014971 0.2386900449039699 0.006725550327666755 0.17428645014098224 881.2659607844932 27.377294522879588 570.1740670085013 4.623613583796322 38.72307917809303 102.5412171028993 174.09047831953657 112.33553991510657 0.07744615835618614 0.20250562144032855 0.33675429397318835 0.04208534422141073 881.2659607844932 27.377294522879588 570.1740670085013 4.623613583796322 
428.0002844060653 0.0 37.177289333691384 0.0 20.3202137818538 0.007464623124014971 0.24066546966713148 0.006905788778189064 0.19196804645517807 831.817974867866 25.886913557566093 481.3442981895961 4.793708418613675 38.72307917809303 104.03473454858687 173.68400762758117 106.82496979348228 0.07744615835618582 0.20448104620348964 0.33675429397318823 0.0440607689845729 831.817974867866 25.886913557566093 481.3442981895961 4.793708418613675 
430.0002844060652 0.0 38.14102566915377 0.0 21.05578926234335 0.007464623124014971 0.24173841629587256 0.006971204235644249 0.19874136608369875 783.1786566515028 24.429768741304038 406.14398854842074 5.028924421039081 38.72307917809303 105.48884035170677 173.3784213058478 102.93594722435122 0.07744615835618582 0.20555399283223078 0.33675429397318823 0.045133715613312655 783.1786566515028 24.429768741304038 406.14398854842074 5.028924421039081 
432.0002844060651 0.0 43.72460921407178 0.0 24.711653192219558 0.0074646231240149685 0.253370965520825 0.0074646231240149685 0.253370965520825 526.0330598189803 17.19138105512083 45.3240282281227 6.316709344665702 38.72307917809303 109.13295114716375 171.7103280931755 82.23030355623582 0.07744615835618614 0.217186542057177 0.3367542939731884 0.05676626483826115 526.0330598189803 17.19138105512083 45.3240282281227 6.316709344665702 
434.00028440606496 0.0 44.29032982700752 0.0 24.554882326555937 0.007464623124014969 0.2563634011129718 0.007464623124014969 0.2563634011129718 507.6091255538511 16.901018067247694 33.664767376787275 6.365074988257822 38.72307917809303 110.35214478519316 171.52737688052034 80.30844849637366 0.07744615835618614 0.22017897764933048 0.3367542939731884 0.059758700430413654 507.6091255538511 16.901018067247694 33.664767376787275 6.365074988257822 
436.00028440606485 0.0 45.36809351297365 0.0 24.847378148123845 0.007464623124014969 0.2582261981602672 0.007464623124014969 0.2582261981602672 491.4402351282211 16.57945981591394 30.995475004949153 6.393352794353409 38.72307917809303 111.59197215191732 171.3471107358556 78.42644315432291 0.07744615835618582 0.22204177469661915 0.3367542939731884 0.061621497477703374 491.4402351282211 16.57945981591394 30.995475004949153 6.393352794353409 
438.00014192519245 0.0 46.19425860749678 0.0 24.840900259497282 0.0074646231240149685 0.2599041425696883 0.0074646231240149685 0.2599041425696883 478.1222164740948 16.410559635124798 29.667267176270773 6.405698566273556 38.72307917809303 112.82811196967883 171.11279493370475 75.66985015726192 0.07744615835618582 0.22371971910604058 0.3367542939731884 0.06329944188712655 478.1222164740948 16.410559635124798 29.667267176270773 6.405698566273556 
440.0002844060646 0.0 46.647907722123264 0.0 25.003417448829133 0.007464623124014969 0.26161152963542356 0.007464623124014969 0.26161152963542356 467.48405189354696 16.501495666640004 29.578841440814806 6.428448356887293 38.72307917809303 114.18741648787154 170.8992518451708 73.25291811775841 0.07744615835618582 0.22542710617177564 0.3367542939731884 0.06500682895286157 467.48405189354696 16.501495666640004 29.578841440814806 6.428448356887293 
442.00010812869596 0.0 49.30687436029524 0.0 24.651472211329224 0.007464623124014971 0.27452994947643583 0.007464623124014971 0.27452994947643583 407.6851873202705 17.998982262270697 28.151431211836776 6.420899098760925 38.72307917809303 119.13660840753694 169.59163821832553 58.31779407072029 0.07744615835618614 0.2366631441222653 0.33675429397318835 0.07792524879387387 407.6851873202705 17.998982262270697 28.151431211836776 6.420899098760925 
444.00011057136464 0.0 49.16330178172705 0.0 24.04527497254763 0.007464623124014969 0.27625265778184954 0.007464623124014969 0.27625265778184954 398.39410453340093 18.611862797171806 27.412552661857177 6.291776568274693 38.72307917809303 120.18896922397299 169.35203121563066 55.494820870568034 0.07744615835618614 0.2366631441222653 0.33675429397318835 0.07964795709929014 398.39410453340093 18.611862797171806 27.412552661857177 6.291776568274693 
446.0001085370521 0.0 49.25905663986917 0.0 23.63517774771012 0.007464623124014969 0.27808014161791783 0.007464623124014969 0.27808014161791783 389.1187641480565 19.20406842322539 27.012384163620293 6.22360413094879 38.72307917809303 121.24774916899517 169.18562033588123 53.819556359612335 0.07744615835618614 0.2366631441222653 0.33675429397318835 0.08147544093535955 389.1187641480565 19.20406842322539 27.012384163620293 6.22360413094879 
448.00028440606417 0.0 49.500596712292285 0.0 23.236128668510716 0.0074646231240149685 0.280300910869114 0.0074646231240149685 0.280300910869114 379.35620393534964 19.80742123052255 27.49096888627278 6.194408548026716 38.72307917809303 122.28182236899714 169.0279698821573 52.30171959210184 0.07744615835618614 0.2366631441222653 0.33675429397318835 0.08369621018655449 379.35620393534964 19.80742123052255 27.49096888627278 6.194408548026716 
450.00028440606405 0.0 49.61492401059861 0.0 22.867113638425998 0.0074646231240149685 0.28180570390676074 0.0074646231240149685 0.28180570390676074 369.1975499411556 20.355553763600824 27.811646452991244 6.237150480655278 38.72307917809303 123.29104030825086 168.91032960978782 51.42015185564495 0.07744615835618614 0.2366631441222653 0.3367542939731884 0.08520100322420267 369.1975499411556 20.355553763600824 27.811646452991244 6.237150480655278 
452.00028440606394 0.0 50.86316419736173 0.0 19.96382908474828 0.007464623124014969 0.294450162918385 0.007464623124014969 0.294450162918385 303.18237916836466 23.470122874128435 29.927136720640927 6.5226628227918155 38.72307917809303 129.14111508605038 168.37714698659465 48.88181523999707 0.0 0.0 0.33675429397318835 0.09784546223582459 303.18237916836466 23.470122874128435 29.927136720640927 6.5226628227918155 
454.0002844060638 0.0 50.45413066510846 0.0 19.28586556400062 0.007464623124014969 0.29614725594958197 0.007464623124014969 0.29614725594958197 289.686823756975 23.946670081709133 29.37918639675751 6.523451906024507 38.72307917809303 130.13944047191129 168.37714698659465 49.894670052758926 0.0 0.0 0.33675429397318835 0.0995425552670238 289.686823756975 23.946670081709133 29.37918639675751 6.523451906024507 
456.0002844060637 0.0 50.823870730996745 0.0 18.755878587254774 0.007464623124014971 0.29854100170412806 0.007464623124014971 0.29854100170412806 275.70933404954826 24.483584445756964 30.082994002830365 6.529048528310713 38.72307917809303 131.0429381407733 168.37714698659465 50.88921273901044 0.0 0.0 0.33675429397318823 0.1019363010215698 275.70933404954826 24.483584445756964 30.082994002830365 6.529048528310713 
458.0002844060636 0.0 51.11497418189217 0.0 18.173462102470047 0.007464623124014969 0.3002150013069574 0.007464623124014969 0.3002150013069574 261.5672138400149 24.970462455246434 30.94758372430718 6.510382646816 38.72307917809303 131.8812618615219 168.37714698659465 51.89160003291483 0.0 0.0 0.33675429397318823 0.10361030062439519 261.5672138400149 24.970462455246434 30.94758372430718 6.510382646816 
460.0002844060635 0.0 51.08555230233387 0.0 17.81292795995849 0.0074646231240149685 0.30198120104751436 0.0074646231240149685 0.30198120104751436 248.16019940421864 25.396083885019202 30.360696303162086 6.4603819258360735 38.72307917809303 132.73948148871105 168.37714698659465 52.893061147538276 0.0 0.0 0.33675429397318823 0.10537650036495198 248.16019940421864 25.396083885019202 30.360696303162086 6.4603819258360735 
462.0002844060634 0.0 50.667987184911105 0.0 16.488908245445277 0.007464623124014969 0.31398180170476064 0.007464623124014969 0.31398180170476064 169.15432753987696 27.552162855414753 21.99227832557392 6.15448342116675 38.72307917809303 139.07174958302778 168.37714698659465 58.88457613118947 0.0 0.0 0.33675429397318823 0.11737710102219726 169.15432753987696 27.552162855414753 21.99227832557392 6.15448342116675 
464.000264700619 0.0 50.39414157852512 0.0 16.61202986600582 0.007464623124014969 0.3162148788463934 0.007464623124014969 0.3162148788463934 157.64492582550093 27.90422859868753 22.747637224145368 6.17142194788584 38.72307917809303 139.99749137637028 168.37714698659465 59.88994627756566 0.0 0.0 0.33675429397318823 0.11961017816383265 157.64492582550093 27.90422859868753 22.747637224145368 6.17142194788584 
466.00021457655913 0.0 49.942178783118855 0.0 16.6275675392183 0.007464623124014969 0.3182405948474031 0.007464623124014969 0.3182405948474031 146.6985295365883 28.16219613126985 23.889681271683937 6.2405518212906905 38.72307917809303 141.11547205257017 168.37714698659465 60.89088506705029 0.0 0.0 0.33675429397318823 0.1216358941648419 146.6985295365883 28.16219613126985 23.889681271683937 6.2405518212906905 
468.000156606635 0.0 49.682506278977286 0.0 16.60405836507408 0.007464623124014969 0.32019482207387906 0.007464623124014969 0.32019482207387906 136.85969007252072 28.441581489568478 24.70171272317818 6.252087256822391 38.72307917809303 142.06404285747342 168.37714698659465 61.891957442413684 0.0 0.0 0.33675429397318823 0.12359012139131957 136.85969007252072 28.441581489568478 24.70171272317818 6.252087256822391 
470.0002844060629 0.0 49.30196154777448 0.0 16.51791278342387 0.007464623124014973 0.32259180443621355 0.007464623124014973 0.32259180443621355 127.16417398614445 28.66152788840605 25.521240483777373 6.251180681693385 38.72307917809303 143.02455801314034 168.37714698659465 62.87678126578115 0.0 0.0 0.33675429397318835 0.12598710375365385 127.16417398614445 28.66152788840605 25.521240483777373 6.251180681693385 
472.0002844060628 0.0 47.05437254496447 0.0 15.987150055376059 0.007464623124014969 0.3345803900981347 0.007464623124014969 0.3345803900981347 75.38624090089718 29.791644889495483 32.27963738306514 6.350418200576985 38.72307917809303 149.02593132493377 168.37714698659465 68.85988925678257 0.0 0.0 0.33675429397318835 0.13797568941557137 75.38624090089718 29.791644889495483 32.27963738306514 6.350418200576985 
474.0002844060627 0.0 46.56387743407899 0.0 16.017600366019177 0.007464623124014969 0.3369558607807207 0.007464623124014969 0.3369558607807207 68.31647001220611 30.042097194662805 32.21997632486124 6.323833080341915 38.72307917809303 150.01549771569958 168.37714698659465 69.87313392971514 0.0 0.0 0.33675429397318823 0.1403511600981577 68.31647001220611 30.042097194662805 32.21997632486124 6.323833080341915 
476.0002844060626 0.0 46.6157574997555 0.0 15.971469399553973 0.007464623124014969 0.338878026911195 0.007464623124014969 0.338878026911195 62.15823532011362 30.171231270661586 31.00822906052915 6.307425119269971 38.72307917809303 150.84392569642654 168.37714698659465 70.86527384277481 0.0 0.0 0.33675429397318823 0.14227332622863598 62.15823532011362 30.171231270661586 31.00822906052915 6.307425119269971 
478.00028440606246 0.0 46.19627632137 0.0 15.905835404720326 0.007464623124014969 0.34108030085805036 0.007464623124014969 0.34108030085805036 55.81859060663721 30.295531002791673 30.15561575243454 6.282083576888645 38.72307917809303 151.61316796960722 168.37714698659465 71.85789879371569 0.0 0.0 0.33675429397318823 0.14447560017548955 55.81859060663721 30.295531002791673 30.15561575243454 6.282083576888645 
480.00028440606235 0.0 45.61784988988292 0.0 15.881511417097386 0.007464623124014971 0.34302825505259305 0.007464623124014971 0.34302825505259305 50.22583105502066 30.41878804229136 29.26504609873527 6.278918897939838 38.72307917809303 152.4872494272745 168.37714698659465 72.8591408490278 0.0 0.0 0.33675429397318823 0.14642355437003032 50.22583105502066 30.41878804229136 29.26504609873527 6.278918897939838 
482.0000081491253 0.0 40.72942280084802 0.0 15.938023677406994 0.007464623124014969 0.35524049172296895 0.007464623124014969 0.35524049172296895 20.975267370778322 30.904008152831008 24.353404586096882 6.176203381760855 38.72307917809303 159.09367295523575 168.37714698659465 78.88827686295366 0.0 0.0 0.33675429397318835 0.15863579104041028 20.975267370778322 30.904008152831008 24.353404586096882 6.176203381760855 
484.0002844060621 0.0 39.69222033501005 0.0 15.980751129679073 0.0074646231240149685 0.3572096210646975 0.0074646231240149685 0.3572096210646975 18.602235268447814 30.839244175332073 23.599050781616228 6.268015507559298 38.72307917809303 160.16977703683386 168.37714698659465 79.87355296347012 0.0 0.0 0.33675429397318835 0.1606049203821372 18.602235268447814 30.839244175332073 23.599050781616228 6.268015507559298 
486.000284406062 0.0 38.453334332389076 0.0 16.022363219288334 0.007464623124014969 0.35907429373035876 0.007464623124014969 0.35907429373035876 16.559218826739322 30.811178379369093 23.330248965479417 6.314229068138775 38.72307917809303 161.061873472058 168.37714698659465 80.87357993429276 0.0 0.0 0.3367542939731884 0.16246959304779504 16.559218826739322 30.811178379369093 23.330248965479417 6.314229068138775 
488.0002844060619 0.0 37.78747055733833 0.0 16.082307837411555 0.0074646231240149685 0.36050186784164656 0.0074646231240149685 0.36050186784164656 14.937537769482786 30.75985635287333 22.798961581102013 6.298349104144596 38.72307917809303 161.9683190590068 168.37714698659465 81.85988842542523 0.0 0.0 0.3367542939731884 0.16389716715908595 14.937537769482786 30.75985635287333 22.798961581102013 6.298349104144596 
490.0002844060618 0.0 37.142206517844244 0.0 16.14380117975357 0.007464623124014969 0.36273360935162147 0.007464623124014969 0.36273360935162147 13.821914737757988 30.693372286400738 22.36978954905776 6.264000268861681 38.72307917809303 162.9470610225279 168.37714698659465 82.87203732657571 0.0 0.0 0.3367542939731884 0.16612890866906255 13.821914737757988 30.693372286400738 22.36978954905776 6.264000268861681 
492.00028440606167 0.0 33.374726818501294 0.0 16.457696700278195 0.007464623124014969 0.3746885165137245 0.007464623124014969 0.3746885165137245 9.364302059656533 30.349011392359355 20.633764031812138 6.157761997907192 38.72307917809303 169.0601973909145 168.37714698659465 88.8702279958938 0.0 0.0 0.33675429397318835 0.1780838158311632 9.364302059656533 30.349011392359355 20.633764031812138 6.157761997907192 
494.00028440606155 0.0 33.19711192401715 0.0 16.530893498272746 0.007464623124014971 0.375636848245998 0.007464623124014971 0.375636848245998 9.262672377758294 30.29580214586189 22.94090495514803 6.237996883087711 38.72307917809303 169.93169707644802 168.37714698659465 89.87097153166592 0.0 0.0 0.33675429397318835 0.17903214756343705 9.262672377758294 30.29580214586189 22.94090495514803 6.237996883087711 
496.00028440606144 0.0 32.832606795164644 0.0 16.552254409640618 0.007464623124014971 0.37842115128096676 0.007464623124014971 0.37842115128096676 9.252165580722345 30.202559239580815 24.789590644714117 6.211660414923575 38.72307917809303 170.711865393729 168.37714698659465 90.88327585413671 0.0 0.0 0.33675429397318835 0.1818164505984081 9.252165580722345 30.202559239580815 24.789590644714117 6.211660414923575 
498.0002844060613 0.0 32.597841079330934 0.0 16.584700995483978 0.007464623124014971 0.37995988826024824 0.007464623124014971 0.37995988826024824 9.254924205042116 30.167213640943277 26.38213726235063 6.234512039737131 38.72307917809303 171.31091552412005 168.37714698659465 91.88078504481113 0.0 0.0 0.33675429397318835 0.1833551875776943 9.254924205042116 30.167213640943277 26.38213726235063 6.234512039737131 
500.0002844060612 0.0 32.56455311228053 0.0 16.619670635522038 0.007464623124014969 0.38233155709029976 0.007464623124014969 0.38233155709029976 9.270115530140249 30.137477232008944 28.007440157505958 6.248715871007033 38.72307917809303 171.7025619374411 168.37714698659465 92.88047968548176 0.0 0.0 0.33675429397318835 0.18572685640773437 9.270115530140249 30.137477232008944 28.007440157505958 6.248715871007033 
#####################################################################
# End of data export. Simulation finished at: 2019-02-19T16:38+0000 #
#####################################################################
