#####################################################################
# Alchemist log file - simulation started at: 2019-09-18T00:56+0000 #
#####################################################################
# seed = 55.0, stage_width = 1000
#
# The columns have the following meaning: 
# time rep-bcast[Sum] rep-ccast[Sum] share-bcast[Sum] share-ccast[Sum] 
0.0 NaN NaN NaN NaN 
1.0001063429690324 NaN NaN NaN NaN 
2.0001063429690324 NaN NaN NaN NaN 
3.0001063429690333 NaN NaN 2.264019639384215 NaN 
4.000106342969034 NaN NaN 1.9382641603147042 2.2398993822406412 
5.000106342969035 NaN NaN 1.1303893573819126 3.19290933874103 
6.000106342969036 NaN NaN 1.2918743175984453 2.864727460937124 
7.000106342969037 NaN NaN 2.153949610412327 2.864727460937124 
8.000106342969037 NaN NaN 1.7238507077609704 2.8067545939694396 
9.000106342969033 NaN NaN 2.3225677036360146 4.3048028671548115 
10.00010634296903 NaN NaN 2.543388774763489 5.560761814700281 
11.000106342969026 NaN NaN 1.8622146144466374 5.560761814700281 
12.000076109671406 NaN NaN 1.7553751716123038 NaN 
13.00010634296902 NaN NaN 1.708637923637335 2.238269663384436 
14.000106342969016 NaN NaN 1.708637923637335 2.238269663384436 
15.000106342969012 13.023654608124165 NaN 2.9662563622924623 3.994753612617144 
16.00010634296901 14.353394215568054 NaN 2.816860497161441 1.6736701670154925 
17.000106342969005 15.270776448004083 NaN 1.9777587803647627 1.6736701670154925 
18.000106342969 13.787617398966763 NaN 2.0441597963663085 3.4334983474561493 
19.000106342968998 14.820988235885139 NaN 3.0775306332846846 3.4334983474561493 
20.000106342968994 13.706089900554618 NaN 2.051928566226131 4.938031658452035 
21.00001240351549 13.72778549427817 NaN 3.2086337060880226 1.6327961922740357 
22.000106342968987 13.72778549427817 NaN 3.2086337060880226 1.9484972375357685 
23.000106342968984 13.492534020573103 NaN 2.966897194572443 1.9484972375357685 
24.00010634296898 14.597659851297578 13.846006115478158 1.5761305325309038 3.818314535825369 
25.000106342968976 14.712519959153038 15.174796499872674 2.946949587931833 2.7276029808776876 
26.000106342968973 14.725621589125408 15.174796499872674 2.4556237773252967 2.7276029808776876 
27.00010634296897 14.725621589125408 13.66317068400333 2.4556237773252967 3.3954975615992495 
28.000106342968966 12.666646595975163 13.66317068400333 2.303477821588153 3.3954975615992495 
29.000106342968962 13.875390649181924 15.316056812019958 1.739201463348877 2.6130772754208245 
30.000084450835978 15.031011556882842 16.78827940774266 1.241936243033166 2.5946513135972147 
31.000106342968955 14.641181763347024 16.78827940774266 2.2564135569976855 2.5946513135972147 
32.000106342968955 14.015235493033884 15.802840889279455 1.9180728714025008 2.987826788026265 
33.00010634296897 12.411674256282467 13.56027429618377 1.6630907521333356 1.9966231661214309 
34.000106342968984 12.411674256282467 14.347580675560273 1.6630907521333356 2.7839295454979336 
35.000106342969 12.704752668536127 14.347580675560273 1.8272017232702282 2.7839295454979336 
36.00010634296901 14.086224180684528 14.404824632551385 2.421366856042127 4.73210475573304 
37.000106342969026 14.086224180684528 14.91083724393626 2.421366856042127 4.020094848104058 
38.00010634296904 13.77294558879813 14.91083724393626 2.0297303522102226 4.020094848104058 
39.000106342969055 14.661155013433508 12.997370011101264 1.1491303659804188 2.9225827771426935 
40.00010634296907 15.145498437454407 12.997370011101264 2.962264174395834 2.9225827771426935 
41.00010634296908 15.145498437454407 14.374168967900399 2.962264174395834 3.0568471564275654 
42.0001063429691 12.985421763231273 13.313722065679823 2.601129027550833 2.5668814630276415 
43.00010634296911 14.713840777831692 14.431162036844501 2.638744956463178 1.5320556089454769 
44.000106342969126 14.713840777831692 15.593672253182095 2.638744956463178 2.694565825283071 
45.00010634296914 14.686721340906065 15.499042507330557 1.641466564452017 2.0271379725320315 
46.000106342969154 15.823385508237589 15.499042507330557 1.615620515445947 2.0271379725320315 
47.00010634296917 13.68614762357818 16.936633469049333 1.1982055963335725 2.019625775453733 
48.00010634296918 14.137671991115504 16.16651184725841 2.4370363432473994 2.261199210423321 
49.0001063429692 15.44501862723731 16.16651184725841 2.30679201765043 2.261199210423321 
50.00010634296921 16.41393523734873 14.387158949253703 1.8974710254607388 2.147138212290095 
51.000106342969225 15.41857551102376 14.387158949253703 2.850286509370875 2.147138212290095 
52.00010634296924 16.621090315288626 13.076493302871057 2.2844553221181343 2.4975896627144536 
53.000106342969254 15.975953159568576 13.297028400507003 1.7503294907170996 1.7230905147369455 
54.00010634296927 15.975953159568576 13.297028400507003 1.7503294907170996 1.7230905147369455 
55.00010634296928 15.839176892960516 14.130692159277842 2.093285290149524 3.4431902335150966 
56.000106342969296 15.260813819204415 15.25517354403516 1.4856255833033458 2.2414845588624175 
57.00010634296931 14.03091647400116 16.64753840437252 2.698109788908326 2.1436606737233035 
58.000106342969325 14.03091647400116 15.175389646792176 2.698109788908326 3.018135309775545 
59.00010634296934 13.084965065063201 13.451170886055515 2.8511783734000247 2.1983851438378963 
60.00010634296935 14.403358598938496 13.451170886055515 1.9027324108857187 2.1983851438378963 
61.00010634296937 15.464630520339988 14.978915902242399 1.4588302806879057 2.4485801907757647 
62.00010634296938 14.901170339208875 15.432272281994543 2.3329610612755687 2.227119279389619 
63.000106342969396 16.321564339257193 14.146439568658927 2.225610045137003 2.4261920276881455 
64.0001063429694 14.21979507281349 13.374370891252681 2.173491750022869 2.701724663715794 
65.00010634296942 15.358934644097502 14.316547017689203 2.052286651606863 2.223506790103997 
66.00005223564048 13.164615121370083 15.054207292542102 1.5133347448543475 1.9163527375818816 
67.00010634296945 14.22925482890124 15.648337644754093 2.5779744523855044 2.5104830897938726 
68.00010634296946 15.381574608987812 14.848715352885257 2.050457831182655 2.8979082860510204 
69.00010634296947 16.12963873212643 13.35706748263523 2.2043916021092826 2.333537955815487 
70.00010634296949 12.915064878067064 13.35706748263523 1.700198944381583 2.333537955815487 
71.0001063429695 14.319091246188258 14.882322732677437 1.9932444253443578 2.7064734257711223 
72.00010634296952 15.257439343654674 14.95314972169102 1.4063372727685675 3.241720497251066 
73.00010634296953 15.257439343654674 13.624662578506495 1.4063372727685675 4.509176857190852 
74.00010634296954 14.114649679905142 13.624662578506495 2.643196296670581 4.509176857190852 
75.00010634296956 15.421867926580532 14.358001756643432 1.399646988787623 2.9390413813282095 
76.00010634296957 14.250981854217514 14.358001756643432 2.853438555100638 2.9390413813282095 
77.00010634296959 14.250981854217514 13.53926043377298 2.853438555100638 1.870747568516336 
78.0001063429696 13.058076238935612 14.697579552721677 2.275929926595637 1.5752751211520177 
79.00010634296962 13.099383060296233 13.12635878554758 1.7836294166272495 1.5816172914663156 
80.00010634296963 14.192769580553673 13.12635878554758 1.7186968179359923 1.5816172914663156 
81.00010634296964 NaN NaN NaN NaN 
82.00010634296966 NaN NaN 1.828711780085868 NaN 
83.00010634296967 NaN NaN 1.828711780085868 NaN 
84.0000276936785 NaN NaN 2.150506250300495 NaN 
85.00000868337642 NaN NaN 2.150506250300495 NaN 
86.00001964109521 NaN NaN 2.6077027184929875 NaN 
87.00010634296973 NaN NaN 2.767647727509086 NaN 
88.00010634296974 NaN NaN 1.3130793945788213 NaN 
89.00010634296976 NaN NaN 1.3130793945788213 NaN 
90.00010634296977 NaN NaN 1.743548677717797 NaN 
91.00010634296979 NaN NaN 1.7078830688332545 2.666391572889026 
92.0001063429698 NaN NaN 2.5415336303500737 2.0324351772379856 
93.00010634296981 NaN NaN 1.9079881786062174 2.73959074095589 
94.00010634296983 12.559519645552953 NaN 1.6400057545562987 1.6927610024381181 
95.00010634296984 13.51467254661489 NaN 1.4643888158773422 2.2144022515309985 
96.00010634296986 13.51467254661489 NaN 1.4643888158773422 2.2144022515309985 
97.00010634296987 13.958302457591103 NaN 1.735677361753531 2.2877062672903463 
98.00010634296989 15.424988214543134 NaN 1.732432966483259 2.3338845442140723 
99.0001063429699 15.424988214543134 NaN 1.732432966483259 1.7970687014788354 
100.00010634296991 12.63476759573446 NaN 2.06164486792143 1.3917941704647774 
101.00010634296993 14.033461330697392 NaN 1.3374426439219889 2.2781065733306747 
102.00010634296994 14.033461330697392 NaN 1.3374426439219889 3.48001694097384 
103.00010634296996 14.48365554479561 NaN 2.062264564461344 4.421467630536611 
104.00010634296997 14.567805059886695 NaN 1.3826676479728803 3.268472313902464 
105.00010634296999 12.586788378321586 NaN 1.8101074605167895 3.268472313902464 
106.00010634297 12.586788378321586 NaN 1.8101074605167895 2.988544736372603 
107.00010634297001 14.062632921938118 NaN 2.4047788053189834 2.3508195243539234 
108.00010634297003 14.062632921938118 NaN 2.4047788053189834 2.527565247677373 
109.00010634297004 14.900870587522661 NaN 2.216540636070235 3.628890140870041 
110.00010634297006 16.32014660532272 NaN 2.3365628190646532 4.750595586491812 
111.00010634297007 16.32014660532272 NaN 2.3365628190646532 2.626079228629962 
112.00010634297008 12.837865532918542 NaN 1.4910095009618516 2.626079228629962 
113.0001063429701 14.194019370763542 NaN 1.5268276477267335 2.5684360137278475 
114.00001766737782 14.194019370763542 NaN 1.5268276477267335 2.83240467712794 
115.00010634297013 11.290985527455078 NaN 2.048313986468415 2.287537737605149 
116.00010634297014 12.71969778393796 NaN 1.8355805588395668 2.287537737605149 
117.00010634297016 12.71969778393796 NaN 1.8355805588395668 3.9427406296749012 
118.00007513620953 14.141208522077733 NaN 2.445804398657131 4.796954016663008 
119.00010634297018 14.450149630908214 NaN 1.9807158142321981 2.5297480348113623 
120.0001063429702 14.370631405887906 NaN 2.3781909480991743 2.3270117300665305 
121.00010634297021 14.370631405887906 NaN 2.3781909480991743 2.106813573737 
122.00010634297023 12.599050074702106 NaN 1.5698274239446732 1.9069661492051893 
123.00008846006044 13.915836029479053 NaN 1.9166972274063312 1.9069661492051893 
124.00010634297026 13.915836029479053 NaN 1.9166972274063312 3.3151768078557637 
125.00010634297027 13.661916778078975 NaN 2.4524047073874726 2.906133034065732 
126.00008900366188 14.662393593588632 NaN 1.5992516215226829 2.679831238757501 
127.0001063429703 14.662393593588632 NaN 1.5992516215226829 2.4214630705843803 
128.0001063429703 13.320653524384937 NaN 2.170105879859946 1.5840111434561663 
129.00010634297024 14.190377650139027 NaN 1.7583382984261107 2.6394125741688015 
130.00010634297018 14.190377650139027 NaN 1.7583382984261107 2.6728551967752594 
131.00010634297013 13.240723349369205 NaN 2.2626988460015127 2.6728551967752594 
132.00010634297007 13.240723349369205 NaN 2.2626988460015127 2.1485733429475147 
133.00010634297 14.01568327917576 NaN 2.3875031516664933 2.254593105695619 
134.00010634296996 14.372802601251351 NaN 1.1408859958523294 3.1365256313322902 
135.0001063429699 14.372802601251351 NaN 1.1408859958523294 2.418865343161144 
136.00004580118807 14.859534446647473 NaN 1.715601466927069 1.7225867346547261 
137.0001063429698 12.751356104582385 NaN 2.011542373650826 2.5172493082521044 
138.00010634296973 12.751356104582385 NaN 2.011542373650826 2.16206273476206 
139.00010634296967 14.070248616042306 NaN 1.6561571645492563 1.8879688879408434 
140.00010634296962 15.629947674917986 NaN 2.11439480020357 2.849616324302872 
141.00010634296956 15.629947674917986 NaN 2.11439480020357 2.849616324302872 
142.0001063429695 11.814919102888013 NaN 1.4416063036067044 4.382593675021894 
143.00010634296945 13.231680917034822 NaN 2.858368117753514 1.3125496237399545 
144.0001063429694 12.787850408276341 NaN 2.7440750350245366 2.6079193003262446 
145.00010634296933 12.787850408276341 NaN 2.7440750350245366 2.020176001291617 
146.00010634296927 14.140419126307421 NaN 1.5800954998416898 3.1492574086543925 
147.00010634296922 13.158028893597105 NaN 1.1873196113292295 2.4329628107413157 
148.00010634296916 13.158028893597105 NaN 1.1873196113292295 2.4750642598697254 
149.0001063429691 12.63645439032993 NaN 1.944895642855471 2.4750642598697254 
150.00002888796683 13.5928274518985 NaN 2.901268704424041 2.4248343970293433 
151.000106342969 14.37017566191011 NaN 1.5635151497514244 2.142887198901633 
152.00010634296893 14.37017566191011 NaN 1.5635151497514244 2.142887198901633 
153.00010634296888 13.747064609894181 NaN 1.9876191352901742 2.7543970884450744 
154.00008936086329 14.820034487981104 NaN 1.4927060622650856 4.704786405388063 
155.00010634296876 14.820034487981104 NaN 1.4927060622650856 4.704786405388063 
156.0001063429687 14.18681758985042 NaN 2.357159802352527 5.792545873012159 
157.00010634296865 13.131391062536238 NaN 1.7770868925481125 2.575877139301241 
158.0001063429686 13.131391062536238 NaN 1.7770868925481125 3.7192181844559684 
159.00010634296854 12.754567517295584 NaN 2.327928852783174 4.709393069477898 
160.00010634296848 14.215459742558863 NaN 1.6553051478697967 2.771506456668561 
161.00010634296842 14.215459742558863 NaN 1.6553051478697967 3.491406172518566 
162.00010634296837 13.602965169740543 NaN 1.7552274102471586 4.397012997925231 
163.00008766861765 14.949589703185666 NaN 1.4763454024356122 5.267652189013006 
164.00010634296825 14.949589703185666 NaN 1.4763454024356122 1.9166017085078977 
165.0001063429682 14.828237366638604 NaN 1.9994480459228896 1.867285366154988 
166.00010634296814 13.198187865918896 NaN 1.9396166133800818 3.0649836656921536 
167.00010634296808 13.463322065704745 NaN 1.9043967709366427 2.393486061642676 
168.00010634296802 14.714373255329718 NaN 1.957749661024451 2.256313643711394 
169.00010634296797 12.847663238359132 NaN 1.4617449302951684 3.295435863767068 
170.0001063429679 12.847663238359132 NaN 1.4617449302951684 2.015672213319988 
171.00010634296785 14.25714601740242 NaN 1.8321054892827817 1.9197750030761256 
172.0001063429678 15.323289214759484 NaN 1.6648727988131782 2.5256399529658893 
173.00010634296774 15.323289214759484 NaN 1.6648727988131782 3.841699546967817 
174.00010634296768 14.8141232677618 NaN 1.5743360066134358 2.263504727502749 
175.00010634296763 14.029705733013799 NaN 2.894461189756214 2.263504727502749 
176.00010634296757 15.58031568546781 NaN 2.231580391273013 1.9765575107849713 
177.0001063429675 13.66929208643026 NaN 1.9350834286793201 1.6976617683926918 
178.00010634296746 13.66929208643026 NaN 1.9350834286793201 3.004785992600148 
179.0001063429674 13.864780984531137 NaN 2.386651077121911 2.537489708249524 
180.00010634296734 13.864780984531137 NaN 2.386651077121911 2.7712418766030282 
181.00010634296729 14.250703765960537 NaN 1.5798342657776345 2.324605284538279 
182.00010634296723 14.853674934235698 NaN 2.905049664578371 1.6694979443304874 
183.00010634296717 14.935376814528468 NaN 1.6446126114583137 2.813350873537445 
184.00010634296711 15.065726404788364 NaN 1.8855706810151105 2.198672979902028 
185.00002609340308 15.065726404788364 NaN 1.8855706810151105 2.2939459977957597 
186.000106342967 13.615264442271751 NaN 1.528980947331604 2.2939459977957597 
187.00010634296694 15.27164671717918 NaN 2.029708788116011 2.509264878336893 
188.0001063429669 15.13776409487022 NaN 1.827095068952275 2.521433322649642 
189.00010634296683 15.13776409487022 NaN 1.827095068952275 2.184971149102182 
190.00010634296677 14.261938769543917 NaN 1.6761345220209307 2.080384712474199 
191.00010634296672 14.741016071022813 NaN 1.8765211628903558 1.6474896516358228 
192.00010634296666 14.741016071022813 NaN 1.8765211628903558 1.6474896516358228 
193.0001063429666 14.159229572741651 NaN 1.6814684846232524 2.038203185712888 
194.00010634296655 14.159229572741651 NaN 1.6814684846232524 2.038203185712888 
195.0001063429665 14.28849466860322 NaN 1.917530788491888 1.7056186097882744 
196.00010634296643 13.048568365819278 NaN 1.576905322604432 1.8233214409265486 
197.00010634296638 13.048568365819278 NaN 1.576905322604432 2.9682843131251957 
198.00010634296632 13.722497043025697 NaN 1.9689532068073277 2.9682843131251957 
199.00010634296626 12.786118509165902 NaN 1.898849324676604 2.5047554410025725 
200.0001063429662 12.786118509165902 NaN 1.898849324676604 2.721384871892525 
201.00010634296615 NaN 124.41484379596461 NaN 2.721384871892525 
202.0001063429661 NaN 125.80592608206963 NaN NaN 
203.00010634296603 NaN 125.80592608206963 2.139071910645356 NaN 
204.00010634296598 NaN 127.27292448070712 2.3029938132267205 NaN 
205.00010634296592 NaN 128.87390954949552 2.3029938132267205 NaN 
206.00010634296586 NaN 128.87390954949552 2.3465332890280877 NaN 
207.0001063429658 NaN 130.49926606187847 1.6130932336525632 NaN 
208.00010634296575 NaN 130.49926606187847 3.0460757647579157 NaN 
209.0001063429657 NaN 132.29349928113282 2.436138035129204 NaN 
210.00002568979784 NaN 134.0302766036566 1.3545704672491183 NaN 
211.00010634296558 NaN 134.0302766036566 2.88443664047918 NaN 
212.0000110693486 NaN 135.31543345316277 2.88443664047918 2.380029356155063 
213.00010634296547 NaN 136.55108884662502 2.353241742906306 2.903019098243078 
214.0001063429654 13.04357847682158 137.93697843999587 2.14298881962344 1.553460093432932 
215.00010634296535 14.589619279889007 137.93697843999587 2.453374229228615 1.553460093432932 
216.0001063429653 14.346970313698904 139.4174668357232 2.2159179557726816 1.959044562936981 
217.00010634296524 13.723918999239487 141.12156835615872 3.0598650399507505 3.6631460833725384 
218.00010634296518 13.723918999239487 141.12156835615872 3.0598650399507505 3.6631460833725384 
219.00010634296513 15.046266988736818 142.32159734759136 2.901724633720761 2.168700951822842 
220.00010634296507 15.045730479552276 144.0500085405178 1.598042681456434 3.0531650605712173 
221.000106342965 15.045730479552276 144.0500085405178 1.598042681456434 3.0531650605712173 
222.00010634296495 14.98798181684242 145.51301594629103 1.437239338203085 4.516172466344443 
223.0001063429649 16.14008197543015 146.9440121798636 2.5893394967908137 3.024372150815765 
224.00008887520534 15.236694004070273 146.9440121798636 2.0171773389120347 3.024372150815765 
225.00009003878088 14.813060014388327 148.9187043098416 1.8993244381813668 3.4314564311206937 
226.00010634296473 14.813060014388327 150.13920169709758 1.8993244381813668 2.6090084118944787 
227.00010634296467 13.737503733114465 150.13920169709758 3.3445803998758947 2.6090084118944787 
228.00008693862475 13.462688722512553 151.94335999248864 2.4809628526668064 3.10002337444368 
229.00010634296456 14.661195952061092 151.94335999248864 2.4589726949593853 3.10002337444368 
230.0001063429645 14.200662990512257 153.50210861388337 1.674769833746808 2.102441451374972 
231.00010634296444 13.537494648731553 155.10563202854718 2.7157030124016615 2.5074576364902157 
232.00006296471543 14.778018043255372 155.10563202854718 2.397477785530725 2.5074576364902157 
233.00010634296433 16.006842330974962 156.62015991942656 2.0227786585865317 3.002030093191138 
234.00010634296427 16.006842330974962 158.10755217066543 2.0227786585865317 3.4484891657751575 
235.00010634296422 16.30772796862425 159.11441410814132 3.523693287668465 4.455351103251047 
236.00010634296416 14.563389979418247 159.97229300400238 1.9688537550438525 5.31322999911211 
237.0001063429641 15.516762499329047 159.97229300400238 1.9153643374787634 5.31322999911211 
238.00010634296405 15.516762499329047 161.27760583989118 1.9153643374787634 2.6482805236755382 
239.000106342964 16.875470844176107 162.72178723611125 1.1108809505759893 1.6920087904911725 
240.00010634296393 14.852092041237455 164.1001692545418 2.4931905111878905 3.0703908089217293 
241.00010634296387 13.079689334525767 165.16842321168406 2.3012620909031227 4.138644766063976 
242.00010634296382 13.079689334525767 165.16842321168406 2.3012620909031227 4.138644766063976 
243.00010634296376 14.464945445563018 166.4294647050711 2.3081361835098164 5.399686259451016 
244.0001063429637 15.34294412744319 167.81329616107354 2.1178809082477414 2.790246834059161 
245.00010634296365 15.286850114768185 167.81329616107354 2.359494023580453 2.790246834059161 
246.0000779625724 14.683618960264738 169.29173167672548 1.9759548277383487 2.0054275567936486 
247.00010634296353 14.385762716535453 170.2067046763458 1.7141909592365607 2.9204005564139663 
248.00010634296348 12.832624649466283 171.52589971951716 1.7403340812618353 1.736648730705241 
249.00010634296342 13.509122730441817 172.85010946142967 2.4168321622373696 1.8441868254676308 
250.00010634296336 14.871784281371333 172.85010946142967 2.460298669995524 1.8441868254676308 
251.0001063429633 15.335190470886658 13.706321178546517 1.5994951175983374 3.7301769882045903 
252.00010634296325 15.8193518302663 14.805895487575356 2.9415353728390414 1.8494755436827859 
253.0001063429632 14.228066470018092 15.71249166231641 2.2137540819627475 2.2926655289085147 
254.00010634296314 14.228066470018092 15.71249166231641 2.2137540819627475 2.2926655289085147 
255.00010634296308 14.167496669742974 13.345959433845735 1.5253958163482935 3.9194041818321352 
256.000106342963 14.432266487294925 13.345959433845735 2.858419591042491 3.9194041818321352 
257.00010634296297 15.666599053710684 13.824426970064962 2.4660135045346294 3.2828787019872436 
258.0001063429629 15.666599053710684 15.56212528853166 2.4660135045346294 2.369741027604306 
259.00010634296285 12.90355424092101 15.56212528853166 1.9625535095298687 2.369741027604306 
260.0001063429628 13.918092196452648 13.595925335364313 2.9770914650615055 2.550154058781459 
261.00010634296274 14.373473645790767 12.893723399637878 2.6097475955532445 2.64547623959902 
262.0001063429627 14.220542098957964 12.893723399637878 2.361265494298891 2.64547623959902 
263.0001063429626 14.256948347158044 12.560869517758817 2.2662956513422046 3.3372440340933736 
264.00010634296257 14.256948347158044 13.48696303736466 2.2662956513422046 1.7267196084022203 
265.0001063429625 15.456471490574103 13.819940494983513 1.759513044732273 2.523103255536398 
266.00010634296245 14.661209743665353 15.28308308655707 1.92414794095464 2.6256298569973637 
267.0001063429624 14.401881307202729 15.28308308655707 1.4114637495541729 2.6256298569973637 
268.00010634296234 14.401881307202729 15.672864781197205 1.4114637495541729 2.0672002476339344 
269.0001063429623 14.51637472264386 15.469465502062832 3.152695817918925 2.1125941287149885 
270.0001063429622 13.81984696878817 11.522260896539194 1.6332601687125816 2.573395399046433 
271.00010634296217 13.81984696878817 11.522260896539194 1.6332601687125816 2.573395399046433 
272.0001063429621 15.145967036619425 13.012614437888715 2.9593802365438364 2.3225168720312013 
273.00010634296206 13.225984808645421 14.487090974372165 1.403260777286448 2.6297975151138644 
274.000106342962 14.088985091431084 14.758374045060634 2.266261060072111 2.589498473502715 
275.00010634296194 13.559727795099775 14.758374045060634 1.7181130603266297 2.589498473502715 
276.0001063429619 14.730226294822614 16.369306816705148 2.888611560049469 2.967969557061622 
277.00010634296183 13.31024045902916 15.283057116488578 2.815203967667742 2.6290089826184158 
278.0001063429618 14.262406396990627 13.764179927012208 2.1564371339846957 3.670270926670696 
279.0001063429617 14.558972946466554 13.764179927012208 1.7990190855143737 3.670270926670696 
280.0000294986186 14.320794108273901 13.087559566477069 1.9827208948429984 2.6108827600477866 
281.0001063429616 14.320794108273901 14.544029809242375 1.9827208948429984 2.022236868241521 
282.0000269666122 13.895449980043395 14.544029809242375 1.965674949555023 2.022236868241521 
283.0000389180232 14.794584999317465 13.36157292573347 2.8648099688290927 2.193474635378493 
284.00010634296143 12.45380753956158 13.763330499807864 1.4147514858593127 2.455950281203343 
285.0001063429614 13.362190123387734 13.763330499807864 2.323134069685466 2.455950281203343 
286.0001063429613 12.896217369706733 15.208776753737084 1.762684385012733 3.0022615158584927 
287.00010634296126 13.750638487922572 14.333058980088197 2.617105503228572 2.374129633986911 
288.0001063429612 14.928632262925987 14.333058980088197 2.349653024302768 2.374129633986911 
289.00010634296115 13.482012059839064 13.797987995902758 2.1169226368124896 2.6198836865226554 
290.0001063429611 13.482012059839064 15.484819232818381 2.1169226368124896 3.452293805222439 
291.00010634296103 14.633314593723128 15.484819232818381 2.013967335358359 3.452293805222439 
292.000106342961 13.485328412938543 13.77029083812539 1.6707801067908576 2.444715912271022 
293.0000065601468 14.802634674293188 13.77029083812539 1.3675368913158081 2.444715912271022 
294.00010634296086 14.802634674293188 14.559553261123256 1.3675368913158081 3.1756259979949277 
295.0000249454324 14.895340376010836 15.655185416383006 2.7837663599717644 1.6103078835519113 
296.00010634296075 14.467270247565239 17.251858490989036 1.9299538546835038 3.206980958157942 
297.0001063429607 14.446085424356738 17.251858490989036 2.2093383967331306 3.206980958157942 
298.00010634296063 15.680060482686713 13.907831239199197 1.8466403804570746 3.2799141123308573 
299.0001063429606 14.957254309056736 15.086128268320124 2.6927876743022807 4.458211141451784 
300.0001063429605 14.427008343208968 14.581926971822725 2.11882533955486 5.870896211582988 
#####################################################################
# End of data export. Simulation finished at: 2019-09-18T01:15+0000 #
#####################################################################
