#####################################################################
# Alchemist log file - simulation started at: 2019-02-19T15:23+0000 #
#####################################################################
# seed = 11.0
#
# The columns have the following meaning: 
# time derr-single-broadcast-rep[Mean] terr-single-broadcast-rep[Mean] derr-single-broadcast-share[Mean] terr-single-broadcast-share[Mean] derr-single-collection-rep[Mean] terr-single-collection-rep[Mean] derr-single-collection-share[Mean] terr-single-collection-share[Mean] derr-single-distance-rep[Mean] terr-single-distance-rep[Mean] derr-single-distance-share[Mean] terr-single-distance-share[Mean] derr-stack-broadcast-rep[Mean] terr-stack-broadcast-rep[Mean] derr-stack-broadcast-share[Mean] terr-stack-broadcast-share[Mean] derr-stack-collection-rep[Mean] terr-stack-collection-rep[Mean] derr-stack-collection-share[Mean] terr-stack-collection-share[Mean] derr-stack-distance-rep[Mean] terr-stack-distance-rep[Mean] derr-stack-distance-share[Mean] terr-stack-distance-share[Mean] 
0.0 NaN NaN NaN NaN NaN NaN NaN NaN NaN NaN NaN NaN NaN NaN NaN NaN NaN NaN NaN NaN NaN NaN NaN NaN 
2.000560240246879 0.0 0.7525658458107113 0.0 1.025501410077439 3.8394106789990547 0.0015503822520987292 2.9060910059396186 0.0024746146430755403 0.0 0.6213546757809418 69.81761583213247 0.917276762374998 NaN NaN NaN NaN 0.0 0.0 0.0 0.0 0.0 0.6213546757809418 69.81761583213247 0.917276762374998 
4.00056024024688 0.0 1.8030624673260522 0.0 2.052383187698624 3.6405541351463624 0.003904890167163969 2.3671947475757884 0.004493740986471228 1.8890965094958303 1.6000365273876358 46.70167607281744 2.049637598542256 NaN NaN NaN NaN 0.0 0.0 0.0 0.0 1.8890965094958303 1.6000365273876358 46.70167607281744 2.049637598542256 
6.000560240246882 0.0 2.764706359117809 0.0 2.9589049431937857 3.540563613797296 0.0058934562818973414 1.5464261875149166 0.006519957797620819 9.460175256306462 3.03956023299448 44.9278948249255 3.237467606008845 NaN NaN NaN NaN 0.0 0.0 0.0 0.0 9.460175256306462 3.03956023299448 44.9278948249255 3.237467606008845 
8.000335155921245 0.0 3.7372543868847954 0.0 3.852459609482708 3.4418738475769577 0.0076767812046496945 1.172576494793765 0.0076003802636679515 13.635420701529949 4.326308749484819 40.63947443541669 4.007117919762375 NaN NaN NaN NaN 0.0 0.0 0.0 0.0 13.635420701529949 4.326308749484819 40.63947443541669 4.007117919762375 
10.000174312647408 0.0 4.672488289160123 0.0 4.678143396527026 3.294427816205881 0.00988411580660809 0.9198481269596926 0.0086350026502217 13.5922097091595 5.527571308509982 36.3353694854662 4.5419076345959315 NaN NaN NaN NaN 0.0 0.0 0.0 0.0 13.5922097091595 5.527571308509982 36.3353694854662 4.5419076345959315 
12.00056024024687 0.0 9.71610150749013 0.0 9.050219937537126 2.6036566562451555 0.02182293757634149 0.0035645904181601847 0.011102912871632167 11.241893950441751 7.641150004100518 26.694719769974615 6.176369727732382 NaN NaN NaN NaN 0.0 0.0 0.0 0.0 11.241893950441751 7.641150004100518 26.694719769974615 6.176369727732382 
14.000560240246863 0.0 10.55048614095613 0.0 9.713432282965195 2.459251211352866 0.022844024474363716 0.004192511024679821 0.0117414039698584 15.280508786936775 8.861001436904932 27.177025646068568 6.269715705596067 NaN NaN NaN NaN 0.0 0.0 0.0 0.0 15.280508786936775 8.861001436904932 27.177025646068568 6.269715705596067 
16.000560240246855 0.0 11.36260159430478 0.0 10.327277836254485 2.2669881918462393 0.025410156265576783 0.00453261588999673 0.011326977225079174 26.40295961870305 10.155503798961345 27.96910424903195 6.336381209527401 NaN NaN NaN NaN 0.0 0.0 0.0 0.0 26.40295961870305 10.155503798961345 27.96910424903195 6.336381209527401 
18.000548157165213 0.0 12.138006072802328 0.0 10.889085584566645 2.1589766555209082 0.027101398404369804 0.004637434955957042 0.011417962714295684 31.543165390579247 11.459518006617575 28.86261570615865 6.332618640031561 NaN NaN NaN NaN 0.0 0.0 0.0 0.0 31.543165390579247 11.459518006617575 28.86261570615865 6.332618640031561 
20.00056024024684 0.0 12.902836406002631 0.0 11.416575019285114 2.0237969777129576 0.029136720980573325 0.004710894898309086 0.011851687090352376 32.9634320126182 12.67170472898468 29.29365817486252 6.272519054408794 NaN NaN NaN NaN 0.0 0.0 0.0 0.0 32.9634320126182 12.67170472898468 29.29365817486252 6.272519054408794 
22.000560240246834 0.0 17.32542648301846 0.0 14.336966208036603 1.3628621510616978 0.04131240673894785 0.004996878900157279 0.014125883213441085 27.789136205791948 15.365001918826849 27.096873374320722 6.280339340434073 NaN NaN NaN NaN 0.0 0.0 0.0 0.0 27.789136205791948 15.365001918826849 27.096873374320722 6.280339340434073 
24.000560240246827 0.0 18.062427424396628 0.0 14.69495521604601 1.2615732086764964 0.043552748660412643 0.004996878900157282 0.01379993911695889 30.936246202526466 16.33884322492209 27.56028968282015 6.402228586937018 NaN NaN NaN NaN 0.0 0.0 0.0 0.0 30.936246202526466 16.33884322492209 27.56028968282015 6.402228586937018 
26.000326538768437 0.0 18.70721610335846 0.0 15.038054821977802 1.049768605762419 0.04542637888499541 0.004996878900157282 0.01394801990671676 35.200971568480355 17.533635649821274 27.83879424668634 6.4760474095961555 NaN NaN NaN NaN 0.0 0.0 0.0 0.0 35.200971568480355 17.533635649821274 27.83879424668634 6.4760474095961555 
28.000560240246813 0.0 19.35866643537102 0.0 15.316280947542303 0.916002678896593 0.047268913948980716 0.004996878900157282 0.014191582379989548 34.26723839446032 18.407865579447545 27.807125979908818 6.472806196530761 NaN NaN NaN NaN 0.0 0.0 0.0 0.0 34.26723839446032 18.407865579447545 27.807125979908818 6.472806196530761 
30.000560240246806 0.0 19.948862485975795 0.0 15.556820680310572 0.8174154506644684 0.04953727854715673 0.005035874220809479 0.01387884536204826 35.10522649976448 19.37470097982252 27.42594839212994 6.458355670322863 NaN NaN NaN NaN 0.0 0.0 0.0 0.0 35.10522649976448 19.37470097982252 27.42594839212994 6.458355670322863 
32.0005602402468 0.0 23.519212179127802 0.0 16.846309822422597 0.0 0.061950134921820894 0.005381213004075558 0.015645977027770326 25.423470573626215 22.226040623444426 23.50370616002069 6.375667636411845 NaN NaN NaN NaN 0.0 0.0 0.0 0.0 25.423470573626215 22.226040623444426 23.50370616002069 6.375667636411845 
34.00056024024683 0.0 24.03519286456832 0.0 17.05697275256253 0.0 0.06421241804980994 0.005381213004075558 0.01790826015575999 27.575413364199562 23.108290651318537 23.214676570792562 6.302110253527379 NaN NaN NaN NaN 0.0 0.0 0.0 0.0 27.575413364199562 23.108290651318537 23.214676570792562 6.302110253527379 
36.000560240246855 0.0 24.50994629479365 0.0 17.213817865295386 0.0 0.06608610573745322 0.005381213004075556 0.019781947843403733 25.168225426337532 23.69801850953038 22.965525964936113 6.329464420725192 NaN NaN NaN NaN 0.0 0.0 0.0 0.0 25.168225426337532 23.69801850953038 22.965525964936113 6.329464420725192 
38.000560240246884 0.0 25.044876025232984 0.0 17.351141143991477 5.978140846675941E-4 0.06647129164446733 0.005381213004075556 0.02175979656150952 22.495907548044343 24.224445939539944 24.84577494248155 6.383294589189007 NaN NaN NaN NaN 0.0 0.0 0.0 0.0 22.495907548044343 24.224445939539944 24.84577494248155 6.383294589189007 
40.00034440123567 0.0 25.515542224528353 0.0 17.468474553494588 0.0016073744171412419 0.06605856760237805 0.005381213004075556 0.024099896246165566 20.523653095277776 24.73188097513748 26.237275259248722 6.401222989708563 NaN NaN NaN NaN 0.0 0.0 0.0 0.0 20.523653095277776 24.73188097513748 26.237275259248722 6.401222989708563 
42.00056024024694 0.0 28.095000501224277 0.0 17.76670615678877 0.004996878900157282 0.06743334990427309 0.005381213004075556 0.036100832704169965 12.982797314143422 27.07718733832905 31.713767111150148 6.532843456320846 NaN NaN NaN NaN 0.0 0.0 0.0 0.0 12.982797314143422 27.07718733832905 31.713767111150148 6.532843456320846 
44.00056024024697 0.0 28.420934579727437 0.0 17.545029052658812 0.004996878900157279 0.06787602149106713 0.005381213004075556 0.037429634314923 12.535092816558102 27.3992770525507 33.28417270365734 6.482179523933903 NaN NaN NaN NaN 0.0 0.0 0.0 0.0 12.535092816558102 27.3992770525507 33.28417270365734 6.482179523933903 
46.000560240247 0.0 28.686283986649624 0.0 17.43009582162748 0.004996878900157279 0.06820158370318816 0.005912162196650434 0.026672090228325084 12.028793954627039 27.610881293927804 33.55431754342003 6.463102574451151 NaN NaN NaN NaN 0.0 0.0 0.0 0.0 12.028793954627039 27.610881293927804 33.55431754342003 6.463102574451151 
48.000560240247026 0.0 28.927310466876577 0.0 17.303213803612348 0.004996878900157282 0.06770976283725692 0.006117000082037161 0.023732189875969086 11.543181690105106 27.851035701885554 33.42578640394046 6.403721625390833 NaN NaN NaN NaN 0.0 0.0 0.0 0.0 11.543181690105106 27.851035701885554 33.42578640394046 6.403721625390833 
50.000560240247054 0.0 29.17708351886076 0.0 17.25580159712645 0.004996878900157279 0.06713488525241702 0.0062306277709303125 0.022966005372180225 11.104075350717558 28.1305406817772 31.948282937700636 6.320923865891268 NaN NaN NaN NaN 0.0 0.0 0.0 0.0 11.104075350717558 28.1305406817772 31.948282937700636 6.320923865891268 
52.00056024024708 0.0 30.512717784380907 0.0 16.756271903318517 0.004996878900157279 0.06944675393749766 0.0066647973926684135 0.02454689331264497 8.812334174875526 29.59765883377987 24.5794647868866 6.102773488737094 NaN NaN NaN NaN 0.0 0.0 0.0 0.0 8.812334174875526 29.59765883377987 24.5794647868866 6.102773488737094 
54.00056024024711 0.0 30.727171170977385 0.0 16.594412527856694 0.0049968789001572774 0.0700119631700985 0.0066647973926684135 0.02644299559060675 8.731880101295618 29.752943037282325 24.345323111301386 6.1322995972886964 NaN NaN NaN NaN 0.0 0.0 0.0 0.0 8.731880101295618 29.752943037282325 24.345323111301386 6.1322995972886964 
56.00042446372233 0.0 30.920732484380835 0.0 16.44109866471984 0.0049968789001572774 0.07109592197048786 0.0066647973926684135 0.02791751610807011 8.73361632928821 29.89887060405078 24.706731519093083 6.206229597341288 NaN NaN NaN NaN 0.0 0.0 0.0 0.0 8.73361632928821 29.89887060405078 24.706731519093083 6.206229597341288 
58.00056024024717 0.0 31.067761544672724 0.0 16.356537422491527 0.005109465974259302 0.07004971552512751 0.006851880550365677 0.023352611262049405 8.83246299742207 29.966017911612205 25.258395574891896 6.257577986343934 NaN NaN NaN NaN 0.0 0.0 0.0 0.0 8.83246299742207 29.966017911612205 25.258395574891896 6.257577986343934 
60.000411825586696 0.0 31.225099407908818 0.0 16.210831285911812 0.005162793591589829 0.07042402201908061 0.00694049373373739 0.022060262828616006 11.635841855142141 30.10290870583945 28.002858941525524 6.283626384120876 NaN NaN NaN NaN 0.0 0.0 0.0 0.0 11.635841855142141 30.10290870583945 28.002858941525524 6.283626384120876 
62.000560240247225 0.0 33.90451064029108 0.0 15.565671315108883 0.0073034358717773504 0.020165892824973105 0.0073034358717773504 0.020165892824973105 940.2107377319016 30.280906898122385 782.6873488607607 5.20409990979213 NaN NaN 86.69392884507387 29.77747311182978 0.0 0.0 0.18161858307535672 0.06623571360008142 940.2107377319016 30.280906898122385 782.6873488607607 5.20409990979213 
64.00034474365398 0.0 34.66675033960601 0.0 16.64303755148901 0.007303435871777352 0.022323987666307474 0.007303435871777352 0.022323987666307474 889.6825143567996 28.909218660533654 623.9006698663381 4.3551359375642225 NaN NaN 86.78128589411344 31.193652838837654 0.0 0.0 0.18161858307535672 0.06623571360008142 889.6825143567996 28.909218660533654 623.9006698663381 4.3551359375642225 
66.00056024024728 0.0 35.63273694555705 0.0 17.617806719959304 0.0073034358717773504 0.02333577059385578 0.0073034358717773504 0.02333577059385578 852.9054198812797 27.956351310727634 539.8181305085685 4.319402075696234 NaN NaN 87.20108300531177 32.58409110373631 0.0 0.0 0.18161858307535672 0.06623571360008142 852.9054198812797 27.956351310727634 539.8181305085685 4.319402075696234 
68.00056024024731 0.0 36.616857145657136 0.0 18.528380905098697 0.007303435871777352 0.025515826353547766 0.007303435871777352 0.025515826353547766 820.0115819649528 27.138815508710714 468.74424970835133 4.563639306815606 NaN NaN 87.5431399535773 33.71094959306423 0.0 0.0 0.18161858307535672 0.06623571360008142 820.0115819649528 27.138815508710714 468.74424970835133 4.563639306815606 
70.00056024024734 0.0 37.59245030092281 0.0 19.3377366376993 0.007303435871777352 0.02776700284990699 0.007303435871777352 0.02776700284990699 787.558773039757 26.312001137867956 403.01516295798365 4.821698330394737 NaN NaN 87.76543141540992 34.776199511915074 0.0 0.0 0.18161858307535672 0.06623571360008142 787.558773039757 26.312001137867956 403.01516295798365 4.821698330394737 
72.00056024024737 0.0 42.47456220811007 0.0 22.60317821179527 0.007303435871777352 0.040506275845234654 0.007303435871777352 0.040506275845234654 579.9323277854936 20.99476717413433 62.899085880095505 6.080831717805416 NaN NaN 89.3310056916639 41.8066851137954 0.0 0.0 0.0 0.0 579.9323277854936 20.99476717413433 62.899085880095505 6.080831717805416 
74.00030827333599 0.0 43.101713587300445 0.0 22.325460163465223 0.007303435871777354 0.04195501097093972 0.007303435871777354 0.04195501097093972 549.5159337902583 20.296386148360135 46.541101158511694 6.168988386980129 NaN NaN 89.35218889608466 42.882654521924856 0.0 0.0 0.0 0.0 549.5159337902583 20.296386148360135 46.541101158511694 6.168988386980129 
76.00006350325084 0.0 43.57126915593085 0.0 22.35390441944701 0.007303435871777352 0.044333762600303285 0.007303435871777352 0.044333762600303285 523.3541322464193 19.76699163974976 40.07364312107136 6.199486458390809 NaN NaN 89.4348351509502 43.91196671857503 0.0 0.0 0.0 0.0 523.3541322464193 19.76699163974976 40.07364312107136 6.199486458390809 
78.00056024024745 0.0 44.03600601591101 0.0 22.431077879353566 0.007303435871777352 0.046198955005428234 0.007303435871777352 0.046198955005428234 503.78113480739904 19.457705125642637 36.63599376013877 6.281678349841526 NaN NaN 89.5048383219626 45.09620460799674 0.0 0.0 0.0 0.0 503.78113480739904 19.457705125642637 36.63599376013877 6.281678349841526 
80.0002370862638 0.0 44.82462452261907 0.0 22.5958206398532 0.0073034358717773504 0.04838791228401951 0.0073034358717773504 0.04838791228401951 486.2140475597582 19.1721051758958 34.888099908207145 6.3706838997685695 NaN NaN 89.62923328270523 46.19355342586201 0.0 0.0 0.0 0.0 486.2140475597582 19.1721051758958 34.888099908207145 6.3706838997685695 
82.00056024024751 0.0 47.69833025044683 0.0 22.573352464274453 0.007303435871777352 0.060806244618952184 0.007303435871777352 0.060806244618952184 405.06814220474894 19.037253252886174 31.560138965336343 6.727279694541026 NaN NaN 90.42142249653311 52.846330892433095 0.0 0.0 0.0 0.0 405.06814220474894 19.037253252886174 31.560138965336343 6.727279694541026 
84.00050318073153 0.0 47.900758587232346 0.0 22.16594498456729 0.0073034358717773504 0.06274979665449101 0.0073034358717773504 0.06274979665449101 396.4874560472606 19.579064643293016 33.011426796212234 6.70781201643793 NaN NaN 90.98180061620522 54.26747508674397 0.0 0.0 0.0 0.0 396.4874560472606 19.579064643293016 33.011426796212234 6.70781201643793 
86.00056024024757 0.0 48.05370662512408 0.0 21.46578655955336 0.0073034358717773504 0.06489071296949571 0.0073034358717773504 0.06489071296949571 387.5872921983662 20.04583366340489 34.56547144118434 6.695610425256618 NaN NaN 91.49406836428072 55.42085731717689 0.0 0.0 0.0 0.0 387.5872921983662 20.04583366340489 34.56547144118434 6.695610425256618 
88.00001218279047 0.0 48.18959561538155 0.0 20.940579631625592 0.0073034358717773504 0.06606781223335292 0.0073034358717773504 0.06606781223335292 377.52345760986145 20.532937689961017 36.01206362077102 6.6786780334039895 NaN NaN 92.06994340351525 56.68056325943545 0.0 0.0 0.0 0.0 377.52345760986145 20.532937689961017 36.01206362077102 6.6786780334039895 
90.00056024024762 0.0 48.494865117641986 0.0 20.523135840236872 0.0073034358717773504 0.06881644348044517 0.0073034358717773504 0.06881644348044517 367.85126431037 20.984815795134804 37.286806424761345 6.695364337896606 NaN NaN 92.72358325887757 57.96762340451406 0.0 0.0 0.0 0.0 367.85126431037 20.984815795134804 37.286806424761345 6.695364337896606 
92.00056024024765 0.0 49.03788869017591 0.0 18.39973747905709 0.007303435871777352 0.08035428223038407 0.007303435871777352 0.08035428223038407 304.2025750832358 23.769992038856817 41.45153072075935 6.546351876850764 NaN NaN 94.70924429619174 66.7579318908618 0.0 0.0 0.0 0.0 304.2025750832358 23.769992038856817 41.45153072075935 6.546351876850764 
94.00056024024768 0.0 48.735075471837426 0.0 17.8198147760937 0.007303435871777352 0.08319885484602403 0.007303435871777352 0.08319885484602403 292.14653843980557 24.41672572206297 42.71184513109823 6.451000065064602 NaN NaN 94.8912886521251 67.53090990592462 0.0 0.0 0.0 0.0 292.14653843980557 24.41672572206297 42.71184513109823 6.451000065064602 
96.00056024024771 0.0 48.32257348487051 0.0 17.556254751535157 0.007303435871777352 0.08441202778256546 0.007303435871777352 0.08441202778256546 279.59016987402083 24.992467986256052 43.37585930636438 6.455971045935542 NaN NaN 94.8663582010087 67.80487420531153 0.0 0.0 0.0 0.0 279.59016987402083 24.992467986256052 43.37585930636438 6.455971045935542 
98.00056024024774 0.0 48.07993082360324 0.0 17.464825062981458 0.0073034358717773504 0.08648624587404617 0.0073034358717773504 0.08648624587404617 266.34578564295396 25.523257063207502 43.46526490487264 6.432726465579056 NaN NaN 94.92856323926094 68.03710646011241 0.0 0.0 0.0 0.0 266.34578564295396 25.523257063207502 43.46526490487264 6.432726465579056 
100.00056024024776 0.0 47.62004013451936 0.0 17.40110353580689 0.0073034358717773504 0.0885064267821731 0.0073034358717773504 0.0885064267821731 253.42253818845094 25.963593303064723 42.961221627177885 6.445800354917016 NaN NaN 94.93666247539072 68.07387353032608 0.0 0.0 0.0 0.0 253.42253818845094 25.963593303064723 42.961221627177885 6.445800354917016 
102.0005602402478 0.0 44.84040972122175 0.0 17.353605872718074 0.007303435871777352 0.10030420454286797 0.007303435871777352 0.10030420454286797 175.89748900491693 28.45314621730609 37.95395099717201 6.323744120520854 NaN NaN NaN NaN 0.0 0.0 0.0 0.0 175.89748900491693 28.45314621730609 37.95395099717201 6.323744120520854 
104.00056024024782 0.0 44.65191820440538 0.0 17.39304225907417 0.0073034358717773504 0.10238479363809769 0.0073034358717773504 0.10238479363809769 164.91040106571248 28.740838736301807 36.436196037971015 6.295386332893113 NaN NaN NaN NaN 0.0 0.0 0.0 0.0 164.91040106571248 28.740838736301807 36.436196037971015 6.295386332893113 
106.00056024024785 0.0 44.83836533226321 0.0 17.439962083104383 0.007303435871777352 0.1040006907439485 0.007303435871777352 0.1040006907439485 154.5750473157628 28.991078217805594 34.803208263376604 6.194059082341595 NaN NaN NaN NaN 0.0 0.0 0.0 0.0 154.5750473157628 28.991078217805594 34.803208263376604 6.194059082341595 
108.00056024024788 0.0 44.87346786402989 0.0 17.493201151604836 0.007303435871777352 0.10670953868405991 0.007303435871777352 0.10670953868405991 144.67666522539017 29.191111552730312 33.826309980240616 6.189482419636136 NaN NaN NaN NaN 0.0 0.0 0.0 0.0 144.67666522539017 29.191111552730312 33.826309980240616 6.189482419636136 
110.00052365499711 0.0 44.609024388651626 0.0 17.457380877093577 0.007303435871777352 0.10799453479270738 0.007303435871777352 0.10799453479270738 135.0964753638591 29.386417807891466 32.91264683233497 6.243161900128967 NaN NaN NaN NaN 0.0 0.0 0.0 0.0 135.0964753638591 29.386417807891466 32.91264683233497 6.243161900128967 
112.00056024024794 0.0 42.45883509112011 0.0 17.10370199320852 0.007303435871777352 0.1197773829780843 0.007303435871777352 0.1197773829780843 82.32037523632208 30.32294682343035 27.27608135634886 6.359694361228262 NaN NaN NaN NaN 0.0 0.0 0.0 0.0 82.32037523632208 30.32294682343035 27.27608135634886 6.359694361228262 
114.00056024024796 0.0 41.75010556468329 0.0 17.097079353524446 0.007303435871777354 0.1222503255770573 0.007303435871777354 0.1222503255770573 75.25285759823814 30.57482148881543 29.222577335289692 6.432845393907945 NaN NaN NaN NaN 0.0 0.0 0.0 0.0 75.25285759823814 30.57482148881543 29.222577335289692 6.432845393907945 
116.00056024024799 0.0 41.20819650187815 0.0 17.008880680675382 0.007303435871777354 0.12419575531874102 0.007303435871777354 0.12419575531874102 68.74734626751693 30.723050345473762 30.483083556355794 6.465681055003974 NaN NaN NaN NaN 0.0 0.0 0.0 0.0 68.74734626751693 30.723050345473762 30.483083556355794 6.465681055003974 
118.00056024024802 0.0 40.707340799328 0.0 16.948717113009426 0.007303435871777354 0.1258879309462235 0.007303435871777354 0.1258879309462235 62.44332014883621 30.856462311829123 31.553157491202832 6.509431062749424 NaN NaN NaN NaN 0.0 0.0 0.0 0.0 62.44332014883621 30.856462311829123 31.553157491202832 6.509431062749424 
120.00056024024805 0.0 40.22368188030397 0.0 16.92042508818046 0.007303435871777354 0.12773434396397457 0.007303435871777354 0.12773434396397457 56.855146652131296 31.0092141456536 33.359850479273426 6.561488117779468 NaN NaN NaN NaN 0.0 0.0 0.0 0.0 56.855146652131296 31.0092141456536 33.359850479273426 6.561488117779468 
122.00056024024808 0.0 36.46055600602567 0.0 16.822050365077388 0.007303435871777352 0.13947768311725212 0.007303435871777352 0.13947768311725212 24.669362958731977 31.781970801402235 40.06119588756819 6.794394422293102 NaN NaN NaN NaN 0.0 0.0 0.0 0.0 24.669362958731977 31.781970801402235 40.06119588756819 6.794394422293102 
124.00016645286598 0.0 35.62745987322739 0.0 16.796551851292367 0.007303435871777352 0.14225372081994164 0.007303435871777352 0.14225372081994164 21.53462037229557 31.9043279231347 42.30244883714408 6.732385724494968 NaN NaN NaN NaN 0.0 0.0 0.0 0.0 21.53462037229557 31.9043279231347 42.30244883714408 6.732385724494968 
126.00056024024813 0.0 35.203115759495404 0.0 16.85494621854134 0.007303435871777352 0.14451439004413658 0.007303435871777352 0.14451439004413658 19.221202667797048 31.94287689384549 41.28321646676448 6.620324839011206 NaN NaN NaN NaN 0.0 0.0 0.0 0.0 19.221202667797048 31.94287689384549 41.28321646676448 6.620324839011206 
128.00056024024815 0.0 34.9578407954838 0.0 16.878356018902238 0.0073034358717773504 0.14592569773641123 0.0073034358717773504 0.14592569773641123 17.48881123692093 31.882045787437505 40.38954458799732 6.560591775357134 NaN NaN NaN NaN 0.0 0.0 0.0 0.0 17.48881123692093 31.882045787437505 40.38954458799732 6.560591775357134 
130.00033149144602 0.0 34.80265766794833 0.0 16.925440886149897 0.007303435871777352 0.14807482385373605 0.007303435871777352 0.14807482385373605 16.25052494645654 31.745252942632032 39.806863206238376 6.478940996525175 NaN NaN NaN NaN 0.0 0.0 0.0 0.0 16.25052494645654 31.745252942632032 39.806863206238376 6.478940996525175 
132.00008500361918 0.0 34.17440798715009 0.0 16.94666487279917 0.0073034358717773504 0.16080317168806302 0.0073034358717773504 0.16080317168806302 10.777391707239014 30.801344987834103 37.77297299594046 6.280456318826476 NaN NaN NaN NaN 0.0 0.0 0.0 0.0 10.777391707239014 30.801344987834103 37.77297299594046 6.280456318826476 
134.00002481262553 0.0 34.221941820550434 0.0 16.996421566076265 0.0073034358717773504 0.162776077137824 0.0073034358717773504 0.162776077137824 10.834782082775206 30.712286153414414 37.90779376243198 6.325411563119432 NaN NaN NaN NaN 0.0 0.0 0.0 0.0 10.834782082775206 30.712286153414414 37.90779376243198 6.325411563119432 
136.0005602402477 0.0 34.06014686322426 0.0 17.03123641378328 0.0073034358717773504 0.1636131238977858 0.0073034358717773504 0.1636131238977858 10.787972965809736 30.631831857458085 37.094791632253674 6.34789788068928 NaN NaN NaN NaN 0.0 0.0 0.0 0.0 10.787972965809736 30.631831857458085 37.094791632253674 6.34789788068928 
138.00024126509436 0.0 33.95563420351406 0.0 17.036870895911438 0.0073034358717773504 0.1662771477710802 0.0073034358717773504 0.1662771477710802 10.720332712766563 30.609957209452475 36.3841957222055 6.347681968102654 NaN NaN NaN NaN 0.0 0.0 0.0 0.0 10.720332712766563 30.609957209452475 36.3841957222055 6.347681968102654 
140.00056024024747 0.0 33.93561932292221 0.0 17.00802748051085 0.007303435871777354 0.16826294027403949 0.007303435871777354 0.16826294027403949 10.625230299576394 30.548525860906427 35.9922344493577 6.353805777445221 NaN NaN NaN NaN 0.0 0.0 0.0 0.0 10.625230299576394 30.548525860906427 35.9922344493577 6.353805777445221 
142.00056024024735 0.0 34.03946564296979 0.0 16.433663571505537 0.007303435871777354 0.1804175769467349 0.007303435871777354 0.1804175769467349 9.999215217987345 30.507862010238433 34.97639483023159 6.431544787221025 NaN NaN NaN NaN 0.0 0.0 0.0 0.0 9.999215217987345 30.507862010238433 34.97639483023159 6.431544787221025 
144.00056024024724 0.0 33.93500640159347 0.0 16.411609741144897 0.007303435871777354 0.18162108829323095 0.007303435871777354 0.18162108829323095 9.905701071041275 30.437968454757403 34.25899192722742 6.487412002107049 NaN NaN NaN NaN 0.0 0.0 0.0 0.0 9.905701071041275 30.437968454757403 34.25899192722742 6.487412002107049 
146.00056024024713 0.0 33.852957093213895 0.0 16.411087740494118 0.007303435871777354 0.18379687835216232 0.007303435871777354 0.18379687835216232 9.846768579073512 30.38883492879593 34.57109484500716 6.544530790013112 NaN NaN NaN NaN 0.0 0.0 0.0 0.0 9.846768579073512 30.38883492879593 34.57109484500716 6.544530790013112 
148.000560240247 0.0 33.72769214847149 0.0 16.350841362943907 0.007303435871777354 0.18656554491035404 0.007303435871777354 0.18656554491035404 9.824411089688352 30.36976839115786 34.82179584361022 6.5300805620453515 NaN NaN NaN NaN 0.0 0.0 0.0 0.0 9.824411089688352 30.36976839115786 34.82179584361022 6.5300805620453515 
150.0004223404401 0.0 33.63067849719589 0.0 16.320193450031095 0.007303435871777352 0.1879880707767043 0.007303435871777352 0.1879880707767043 9.885067584823384 30.401717512971267 34.77807789232716 6.47374889815008 NaN NaN NaN NaN 0.0 0.0 0.0 0.0 9.885067584823384 30.401717512971267 34.77807789232716 6.47374889815008 
152.00056024024678 0.0 33.3294542117552 0.0 16.039185675273302 0.007303435871777352 0.19973615727831834 0.007303435871777352 0.19973615727831834 10.116704168258089 30.261915896615953 27.614478727176746 6.006526223195325 NaN NaN NaN NaN 0.0 0.0 0.0 0.0 10.116704168258089 30.261915896615953 27.614478727176746 6.006526223195325 
154.00056024024667 0.0 33.382811429193154 0.0 15.881855279016898 0.007303435871777352 0.20221466682169734 0.007303435871777352 0.20221466682169734 9.934877748631132 30.230775047170656 27.94013055140895 6.185837684254218 NaN NaN NaN NaN 0.0 0.0 0.0 0.0 9.934877748631132 30.230775047170656 27.94013055140895 6.185837684254218 
156.00056024024656 0.0 33.35988384261562 0.0 15.821714337161943 0.007303435871777352 0.20444526105923067 0.007303435871777352 0.20444526105923067 9.829117319659632 30.14437578301938 28.359485732242806 6.2211265476629825 NaN NaN NaN NaN 0.0 0.0 0.0 0.0 9.829117319659632 30.14437578301938 28.359485732242806 6.2211265476629825 
158.00056024024644 0.0 33.41617408195871 0.0 15.834252091404712 0.007303435871777352 0.20581864647914377 0.007303435871777352 0.20581864647914377 9.842016677250076 30.03164010949915 28.249583008040084 6.235571312059278 NaN NaN NaN NaN 0.0 0.0 0.0 0.0 9.842016677250076 30.03164010949915 28.249583008040084 6.235571312059278 
160.00027388098115 0.0 33.42011148386353 0.0 15.856736394707799 0.007303435871777352 0.2081196434396772 0.007303435871777352 0.2081196434396772 9.816676617997514 30.02571705428247 28.17226050604404 6.1828625604848515 NaN NaN NaN NaN 0.0 0.0 0.0 0.0 9.816676617997514 30.02571705428247 28.17226050604404 6.1828625604848515 
162.00056024024622 0.0 33.356038307059684 0.0 15.836542271742736 0.007303435871777352 0.22018142009101763 0.007303435871777352 0.22018142009101763 9.976498434852683 30.272427994882378 27.77235532239691 5.9291381844820465 NaN NaN NaN NaN 0.0 0.0 0.0 0.0 9.976498434852683 30.272427994882378 27.77235532239691 5.9291381844820465 
164.00045038497353 0.0 33.28599435884092 0.0 15.868998907257724 0.007303435871777352 0.22244916530278544 0.007303435871777352 0.22244916530278544 9.800062432542902 30.300036451335252 26.490375649609874 5.858704597561649 NaN NaN NaN NaN 0.0 0.0 0.0 0.0 9.800062432542902 30.300036451335252 26.490375649609874 5.858704597561649 
166.000560240246 0.0 33.28466729512967 0.0 15.86343599754226 0.007303435871777352 0.22465162326161528 0.007303435871777352 0.22465162326161528 9.616079651987869 30.31707603674411 25.228364513051908 5.817266322659285 NaN NaN NaN NaN 0.0 0.0 0.0 0.0 9.616079651987869 30.31707603674411 25.228364513051908 5.817266322659285 
168.00006103311145 0.0 33.30109551869244 0.0 15.900702852226983 0.007303435871777352 0.22653109486022666 0.007303435871777352 0.22653109486022666 9.516658446264222 30.377021199706093 24.339168411449613 5.89225441785891 NaN NaN NaN NaN 0.0 0.0 0.0 0.0 9.516658446264222 30.377021199706093 24.339168411449613 5.89225441785891 
170.00004892025237 0.0 33.330508604531815 0.0 15.962042807731011 0.007303435871777352 0.2277065597554665 0.007303435871777352 0.2277065597554665 9.487286522623675 30.390906485353558 24.14822137580509 5.951512777714012 NaN NaN NaN NaN 0.0 0.0 0.0 0.0 9.487286522623675 30.390906485353558 24.14822137580509 5.951512777714012 
172.00056024024565 0.0 33.718644350241966 0.0 16.24294860440194 0.007303435871777352 0.2402596689293706 0.007303435871777352 0.2402596689293706 9.27177981892231 30.561798798664796 25.61748563915267 6.466368275517647 NaN NaN NaN NaN 0.0 0.0 0.0 0.0 9.27177981892231 30.561798798664796 25.61748563915267 6.466368275517647 
174.00056024024553 0.0 33.528478306750365 0.0 16.103156248302874 0.007303435871777352 0.2421083559625527 0.007303435871777352 0.2421083559625527 9.361681142369287 30.48248372411887 27.052687631270413 6.488521972291922 NaN NaN NaN NaN 0.0 0.0 0.0 0.0 9.361681142369287 30.48248372411887 27.052687631270413 6.488521972291922 
176.00056024024542 0.0 33.39161917000446 0.0 16.070954990771142 0.007303435871777352 0.24371568004656238 0.007303435871777352 0.24371568004656238 9.615397982177692 30.37993560780357 28.326080030292186 6.5082067320140355 NaN NaN NaN NaN 0.0 0.0 0.0 0.0 9.615397982177692 30.37993560780357 28.326080030292186 6.5082067320140355 
178.0005602402453 0.0 33.37784735384032 0.0 16.124761710891406 0.007303435871777352 0.24601044154180318 0.007303435871777352 0.24601044154180318 9.780944609969628 30.265350276083787 28.860090289838368 6.485774088097308 NaN NaN NaN NaN 0.0 0.0 0.0 0.0 9.780944609969628 30.265350276083787 28.860090289838368 6.485774088097308 
180.0005602402452 0.0 33.32696964826619 0.0 16.14765721441568 0.0073034358717773504 0.24737584594846673 0.0073034358717773504 0.24737584594846673 9.757682770328165 30.21866486147711 29.033661468233863 6.454146344335192 NaN NaN NaN NaN 0.0 0.0 0.0 0.0 9.757682770328165 30.21866486147711 29.033661468233863 6.454146344335192 
182.00056024024508 0.0 34.703403866393515 0.0 17.722205416792814 0.006786930084670029 0.18815352108679495 0.006521879473354995 0.058902699173125926 934.6428667134845 29.51599385866986 855.9106340237914 5.799134391253531 58.587957833485234 95.68439469999683 87.52310316705804 20.053303537913333 0.1171759156669712 0.19008448670550554 0.1902003572239274 0.046797343689140215 934.6428667134845 29.51599385866986 855.9106340237914 5.799134391253531 
184.00050530735817 0.0 35.376725591126046 0.0 18.291628248676016 0.006786930084670031 0.19035868844095777 0.006674581594086197 0.13557241695609895 872.1962605709077 27.910130258762095 671.7632432561261 4.885487499900685 58.587957833485234 96.9394167644909 87.39298375230449 21.524948900413815 0.11717591566697118 0.19228965405967058 0.2289051879564492 0.06857802977863216 872.1962605709077 27.910130258762095 671.7632432561261 4.885487499900685 
186.00056024024485 0.0 36.01618335885072 0.0 18.940051759563744 0.006786930084670031 0.1924087756221215 0.006713931127720507 0.15681113961686524 817.9039168674055 26.398298269539037 562.8834801460141 4.736040350362347 58.587957833485234 98.52542349417463 90.7433386588156 24.330454921975313 0.11717591566697118 0.19433974124083442 0.23887896586753302 0.075672497019478 817.9039168674055 26.398298269539037 562.8834801460141 4.736040350362347 
188.0001204807546 0.0 36.64410094345416 0.0 19.606289738985385 0.006786930084670031 0.19450596118264993 0.00673265446697533 0.16803868324611684 776.0747838489826 25.150727086703057 477.5365126223337 4.9043069589159725 58.587957833485234 100.09727313256091 93.54352440942938 26.840185910621294 0.11717591566697118 0.1964369268013623 0.24362470006645426 0.08016990516115757 776.0747838489826 25.150727086703057 477.5365126223337 4.9043069589159725 
190.00056024024462 0.0 37.11852215920828 0.0 20.249019512351193 0.006786930084670032 0.19642724825277866 0.0067431989990996795 0.17510196729940622 737.5357981860319 24.006159968139816 401.69439851233926 5.125456242808216 58.587957833485234 101.57575681035578 95.09300760589882 28.880289274822694 0.11717591566697118 0.19835821387149166 0.2462973828626924 0.08344293957550815 737.5357981860319 24.006159968139816 401.69439851233926 5.125456242808216 
192.00020650042222 0.0 40.441693991552306 0.0 24.079968977825345 0.006786930084670029 0.20832860428446892 0.006786930084670029 0.20832860428446892 532.8309679943013 17.698164695328497 46.29847280623735 6.383779876343809 58.587957833485234 105.1068644318113 104.76636556629497 38.31731695703965 0.11717591566697115 0.2102595699031818 0.25738173622104016 0.10095036499773213 532.8309679943013 17.698164695328497 46.29847280623735 6.383779876343809 
194.0005602402444 0.0 41.341970632873036 0.0 24.636387722040688 0.006786930084670029 0.21053416301255723 0.006786930084670029 0.21053416301255723 514.273874331498 16.957918055301292 38.25326408610867 6.427795410289029 58.587957833485234 106.22422242476047 102.56450426559775 38.33582608711782 0.1171759156669712 0.21246512863127007 0.25738173622104016 0.10315592372581771 514.273874331498 16.957918055301292 38.25326408610867 6.427795410289029 
196.00024259557762 0.0 42.107582244764295 0.0 25.11932420879107 0.006786930084670031 0.2124841008324211 0.006786930084670031 0.2124841008324211 499.1425584850195 16.531369951827493 35.60405096723498 6.430867969555069 58.587957833485234 107.41636539435395 101.33964278728277 38.912524891606736 0.1171759156669712 0.21441506645113392 0.25738173622104016 0.10510586154568435 499.1425584850195 16.531369951827493 35.60405096723498 6.430867969555069 
198.0005351807841 0.0 42.79211130181219 0.0 25.519554582809985 0.006786930084670031 0.21470604958168762 0.006786930084670031 0.21470604958168762 488.0491335621658 16.55280167136662 34.38698086784136 6.490587897383665 58.587957833485234 108.69563923873396 101.7566263159256 40.328894163893196 0.11717591566697118 0.21663701520040055 0.25738173622104016 0.107327810294951 488.0491335621658 16.55280167136662 34.38698086784136 6.490587897383665 
200.00034159194985 0.0 43.348286289780134 0.0 25.511182331093032 0.006786930084670031 0.21666214501174305 0.006786930084670031 0.21666214501174305 478.4033878773279 16.734046842600222 33.94885172431198 6.512910669802338 58.587957833485234 110.14069027302529 102.07164803380583 41.74248551286863 0.11717591566697118 0.218593110630456 0.25738173622104016 0.1092839057250034 478.4033878773279 16.734046842600222 33.94885172431198 6.512910669802338 
202.00037229045094 0.0 46.549190562232695 0.0 24.68076784731875 0.006786930084670029 0.22824184836546507 0.006786930084670029 0.22824184836546507 423.106491101557 18.3448109767852 31.7730843892226 6.45314566177931 58.587957833485234 115.02982025798963 111.94191051631609 51.89635978153572 0.11717591566697115 0.23017281398417802 0.25738173622104016 0.12086360907873005 423.106491101557 18.3448109767852 31.7730843892226 6.45314566177931 
204.00056024024383 0.0 46.915981095663625 0.0 24.36630268221364 0.0068689539427677125 0.24178216787724885 0.006786930084670032 0.23031373799720228 413.68646856778065 18.924836199313226 31.836164052507577 6.4638815231403255 58.587957833485234 116.10915439003772 110.834504233775 52.393580162045836 0.11717591566697115 0.23164384207808073 0.25738173622104016 0.12293549871046326 413.68646856778065 18.924836199313226 31.836164052507577 6.4638815231403255 
206.00056024024371 0.0 47.240944889168595 0.0 23.880796006614034 0.007001143597635071 0.2620884776858303 0.006786930084670032 0.23213752549003625 403.5573606024135 19.477829854816974 30.655276967346285 6.39723465995537 58.587957833485234 117.17135234067452 111.96408269522759 54.002217167806535 0.11717591566697115 0.23164384207808073 0.25738173622104016 0.12475928620329624 403.5573606024135 19.477829854816974 30.655276967346285 6.39723465995537 
208.0005602402436 0.0 47.51271699512624 0.0 23.196949883314648 0.007076611946666833 0.27461302970301926 0.006786930084670032 0.23411022723942937 392.8182848719018 20.068516329153944 28.954142100847996 6.373559176189767 58.587957833485234 118.34299406251853 113.82051834780086 55.95591769854081 0.11717591566697115 0.23164384207808073 0.25738173622104016 0.1267319879526925 392.8182848719018 20.068516329153944 28.954142100847996 6.373559176189767 
210.0005602402435 0.0 47.62808247005957 0.0 22.500447437106537 0.007123698009979029 0.2832546468650144 0.006786930084670032 0.23616835481743717 381.33087648252393 20.668710648427528 27.6490146691507 6.387449026781443 58.587957833485234 119.37994556306677 115.90737947792323 57.70888547717493 0.11717591566697115 0.23164384207808073 0.2597871847265307 0.10915062392767644 381.33087648252393 20.668710648427528 27.6490146691507 6.387449026781443 
212.0003893253884 0.0 47.694538806367 0.0 18.67209760027682 0.0073034358717773504 0.3204376835776305 0.006786930084670031 0.2482207635319364 311.12718122218354 24.073178987733346 22.171758553299316 6.512218342508931 58.587957833485234 125.01006490476475 126.81711810105539 64.44504987508472 0.0 0.0 0.2689693108298526 0.04623477283838978 311.12718122218354 24.073178987733346 22.171758553299316 6.512218342508931 
214.00056024024326 0.0 47.664942277607594 0.0 18.36281966533147 0.007303435871777352 0.32247979448249003 0.006786930084670031 0.25026287443679535 297.2648227134554 24.544080697441547 21.96559837017883 6.4707839299784995 58.587957833485234 125.91362404000485 127.76996124979833 64.7905700261802 0.0 0.0 0.2689693108298527 0.048276883743247206 297.2648227134554 24.544080697441547 21.96559837017883 6.4707839299784995 
216.00056024024315 0.0 47.75009938613684 0.0 17.950321415878054 0.007303435871777354 0.3246244243530475 0.006786930084670031 0.252407504307349 283.20558403854284 25.07619937151642 21.73505756987131 6.423142945710952 58.587957833485234 126.80056880149574 128.49432847879024 64.57144332896435 0.0 0.0 0.2689693108298526 0.05042151361380564 283.20558403854284 25.07619937151642 21.73505756987131 6.423142945710952 
218.00056024024303 0.0 47.82105448678744 0.0 17.581379168859286 0.007303435871777354 0.32631041255536286 0.006786930084670031 0.25409349250966096 268.3080557172501 25.556346155001343 22.231129398872703 6.403063588577309 58.587957833485234 127.79851765353484 128.93838612051195 64.42316339476673 0.0 0.0 0.2689693108298526 0.052107501816117875 268.3080557172501 25.556346155001343 22.231129398872703 6.403063588577309 
220.00056024024292 0.0 47.7258486659362 0.0 17.277204247674085 0.007303435871777354 0.3279064031933694 0.006786930084670031 0.25568948314766754 254.51398330692768 25.995630527815322 22.896450601388437 6.426867733247389 58.587957833485234 128.7347518507647 129.26999569720277 64.08092644292891 0.0 0.0 0.2689693108298526 0.05370349245412496 254.51398330692768 25.995630527815322 22.896450601388437 6.426867733247389 
222.0005323079746 0.0 47.401327807104316 0.0 16.240178193824907 0.007303435871777354 0.33994646149154284 0.006786930084670031 0.2677295414458453 173.4190051572164 28.580982246960062 25.703910505861778 6.400422380885552 58.587957833485234 135.01013693613018 131.1413012913305 60.364603008458026 0.0 0.0 0.2689693108298526 0.06574355075230083 173.4190051572164 28.580982246960062 25.703910505861778 6.400422380885552 
224.0005602402427 0.0 46.885500765399506 0.0 16.340102174302988 0.007303435871777352 0.34196419717935284 0.006786930084670031 0.2697472771336507 161.48823757782682 28.903560666146078 25.492986192023103 6.41978958879796 58.587957833485234 136.02163601991916 131.3233716355651 59.86419938722483 0.0 0.0 0.2689693108298526 0.06776128644010823 161.48823757782682 28.903560666146078 25.492986192023103 6.41978958879796 
226.00056024024258 0.0 46.31323536922512 0.0 16.432054131941186 0.007303435871777352 0.34358960528988564 0.006786930084670029 0.27137268524418806 149.73230325724305 29.20845493481383 25.653333869776205 6.451489207855648 58.587957833485234 136.94050366547773 131.47286745709616 59.6490382428181 0.0 0.0 0.2689693108298526 0.06938669455064196 149.73230325724305 29.20845493481383 25.653333869776205 6.451489207855648 
228.00056024024246 0.0 45.79789101414109 0.0 16.54677786020131 0.007303435871777352 0.3455548324991918 0.006786930084670031 0.273337912453494 138.72129447999248 29.43679981129459 25.715906125622393 6.4652734422346665 58.587957833485234 137.92714801592794 131.64986409200674 59.21340886430414 0.0 0.0 0.2689693108298526 0.07135192175995 138.72129447999248 29.43679981129459 25.715906125622393 6.4652734422346665 
230.00029997618495 0.0 44.996189229901184 0.0 16.574085836084954 0.007303435871777352 0.34822487499247556 0.006786930084670031 0.2760079549467778 128.29829502868887 29.69299846853132 25.800656515312788 6.494998418512029 58.587957833485234 138.72169061608201 131.83332802020473 58.72125199342164 0.0 0.0 0.2689693108298526 0.07402196425323157 128.29829502868887 29.69299846853132 25.800656515312788 6.494998418512029 
232.00013746752353 0.0 41.858937410313956 0.0 16.650328450845056 0.007303435871777352 0.36041299843484825 0.006786930084670032 0.2881960783891453 71.58258007928902 30.932695475104943 28.11830349460502 6.519673742709996 58.587957833485234 145.05123886115334 132.9976807726323 55.20735425346341 0.0 0.0 0.2689693108298526 0.08621008769560073 71.58258007928902 30.932695475104943 28.11830349460502 6.519673742709996 
234.00056024024212 0.0 40.95655793169963 0.0 16.687015778266197 0.007303435871777352 0.36281286860714645 0.006829437797849887 0.2033726779979442 64.47546338976541 31.047750199579024 28.193429843282885 6.442748084827769 58.587957833485234 146.04474047861876 133.13024550103873 55.12092168126874 0.0 0.0 0.2689693108298526 0.08860995786790156 64.47546338976541 31.047750199579024 28.193429843282885 6.442748084827769 
236.000560240242 0.0 40.261562190129425 0.0 16.63776676361956 0.0073034358717773504 0.36468791772878334 0.006859964740494864 0.14260827703818696 57.72780113025709 31.127058029919446 27.376663258118842 6.382036021425223 58.587957833485234 147.09286380397475 133.2833303520662 54.8802821016567 0.0 0.0 0.2689693108298526 0.0904850069895421 57.72780113025709 31.127058029919446 27.376663258118842 6.382036021425223 
238.0005602402419 0.0 39.696052184749284 0.0 16.64073245926658 0.0073034358717773504 0.3664843873416304 0.006875463452399586 0.11260232208537933 51.95542165618253 31.206833310236885 27.028552145186705 6.362549900609228 58.587957833485234 148.09099426489786 133.42950756696197 54.67336405401376 0.0 0.0 0.2689693108298526 0.09228147660239033 51.95542165618253 31.206833310236885 27.028552145186705 6.362549900609228 
240.00056024024178 0.0 39.14072972847815 0.0 16.593695927245577 0.007303435871777349 0.3682297440337881 0.006884351019770393 0.09611092512855246 46.467983561681955 31.23542087459516 27.087677835427776 6.364501899720337 58.587957833485234 149.18257815738238 133.59943642617174 54.29103106364368 0.0 0.0 0.2689693108298526 0.09402683329454305 46.467983561681955 31.23542087459516 27.087677835427776 6.364501899720337 
242.00056024024167 0.0 35.657844102687875 0.0 16.40114636090586 0.007303435871777354 0.3800061417028812 0.006924435521523207 0.025636336323586893 19.333112637287407 31.466395582737434 28.096656561619508 6.400920393268848 58.587957833485234 155.0369164243615 134.29879554484162 53.47381467829335 0.0 0.0 0.270327124999795 0.04330298943033182 19.333112637287407 31.466395582737434 28.096656561619508 6.400920393268848 
244.00056024024155 0.0 35.11478877939459 0.0 16.484215033545688 0.007303435871777352 0.3821547204419067 0.006924435521523207 0.027784915062603374 16.700728277642824 31.567470930240397 28.711756647366023 6.368077731099473 58.587957833485234 155.9891099577076 134.3642031333126 53.035749539451366 0.0 0.0 0.270327124999795 0.0454515681693486 16.700728277642824 31.567470930240397 28.711756647366023 6.368077731099473 
246.00056024024144 0.0 34.65801071630498 0.0 16.477412406537734 0.007303435871777352 0.3842203058943848 0.006924435521523205 0.02985050051508751 14.883858564986115 31.643852452386465 28.868840968341974 6.362043205281339 58.587957833485234 157.0545910867608 134.4200653806113 52.403935126356195 0.0 0.0 0.270327124999795 0.04751715362183189 14.883858564986115 31.643852452386465 28.868840968341974 6.362043205281339 
248.00056024024133 0.0 34.22922506336911 0.0 16.479198448374753 0.007303435871777352 0.38621791364039937 0.006924435521523205 0.03184810826109775 13.609948078214543 31.61615320285315 27.970509076360017 6.309426933284526 58.587957833485234 157.905912964686 134.4927509740526 51.516943423435535 0.0 0.0 0.2703271249997949 0.049514761367843045 13.609948078214543 31.61615320285315 27.970509076360017 6.309426933284526 
250.0005602402412 0.0 33.90925548026476 0.0 16.51530949080066 0.007303435871777352 0.3878997284387762 0.006924435521523207 0.03352992305947943 12.84231546595981 31.520124213900637 27.89702323820756 6.314818197842124 58.587957833485234 158.7778619238302 134.54348429010088 51.01122196188769 0.0 0.0 0.270327124999795 0.05119657616622418 12.84231546595981 31.520124213900637 27.89702323820756 6.314818197842124 
252.00031870510475 0.0 32.7951718236568 0.0 17.000086996855877 0.007303435871777352 0.39997808407181235 0.006924435521523207 0.04560827869251658 9.652299660621061 30.99739962126467 27.097425820335 6.238857900477838 58.587957833485234 164.98555718066717 134.80301778826802 48.41227794808019 0.0 0.0 0.270327124999795 0.06327493179926151 9.652299660621061 30.99739962126467 27.097425820335 6.238857900477838 
254.000560240241 0.0 32.81873237786577 0.0 17.00234479590885 0.007303435871777352 0.40190094265413295 0.006924435521523207 0.047531137274839284 9.470180538748494 30.967318258285985 26.822675167348688 6.1755582470301515 58.587957833485234 165.89702318771583 134.82401328426556 48.451978459524966 0.0 0.0 0.270327124999795 0.06519779038158431 9.470180538748494 30.967318258285985 26.822675167348688 6.1755582470301515 
256.00041614086183 0.0 32.854115029059464 0.0 17.0208194982863 0.0073034358717773504 0.4040664729582454 0.006924435521523209 0.04969666757894748 9.260211616160523 30.96625472671665 26.68700635719016 6.16881897182383 58.587957833485234 166.5473198522023 134.84055627168203 48.698153736094156 0.0 0.0 0.270327124999795 0.06736332068569217 9.260211616160523 30.96625472671665 26.68700635719016 6.16881897182383 
258.00056024024076 0.0 32.81838210195365 0.0 17.037236446425833 0.0073034358717773504 0.40623004480915736 0.006924435521523209 0.05186023942985826 9.178218513116892 30.96648094823616 27.59665583759777 6.183641885173088 58.587957833485234 166.98597488774064 134.85457722669568 49.0437231180437 0.0 0.0 0.270327124999795 0.06952689253660331 9.178218513116892 30.96648094823616 27.59665583759777 6.183641885173088 
260.00056024024065 0.0 32.783161069683025 0.0 17.01773740809746 0.0073034358717773504 0.4079644639996762 0.006924435521523209 0.05359465862037449 9.199194570404034 30.961819633814997 28.821849925115718 6.1897671809140515 58.587957833485234 167.2938142326444 134.87033620098117 49.31741756285337 0.0 0.0 0.270327124999795 0.07126131172711814 9.199194570404034 30.961819633814997 28.821849925115718 6.1897671809140515 
262.00056024024053 0.0 32.88360239738671 0.0 16.656311075588842 0.007303435871777354 0.4199839160974591 0.006924435521523207 0.06561411071816224 10.29702148259421 31.124565608601355 34.371393680520065 6.331864484689207 58.587957833485234 174.84121505121217 134.98945757699084 49.830179997851054 0.0 0.0 0.270327124999795 0.08328076382490658 10.29702148259421 31.124565608601355 34.371393680520065 6.331864484689207 
264.0005602402404 0.0 33.00322063621123 0.0 16.463178231505413 0.007303435871777352 0.4223344139381115 0.006924435521523207 0.0679646085588085 10.61708467412894 31.13222565791587 36.03221806228314 6.447824551241194 58.587957833485234 175.577438298412 134.9951503164923 50.559663380865885 0.0 0.0 0.270327124999795 0.0856312616655535 10.61708467412894 31.13222565791587 36.03221806228314 6.447824551241194 
266.0005602402403 0.0 33.007099166687716 0.0 16.344399453381705 0.0073034358717773504 0.4244648219439701 0.006924435521523207 0.07009501656466803 10.69568970234786 31.229157457208867 37.19084773815541 6.493065275587626 58.587957833485234 176.09033781447118 135.00668781155832 51.026889176928044 0.0 0.0 0.2703271249997951 0.08776166967141218 10.69568970234786 31.229157457208867 37.19084773815541 6.493065275587626 
268.0005602402402 0.0 32.98129819259203 0.0 16.248907206199497 0.0073034358717773504 0.42650970049210835 0.006924435521523207 0.0721398951128108 10.61255807830302 31.18245993239305 37.078105567348565 6.481874077398574 58.587957833485234 176.27846844029136 135.0246026687889 51.20676465494431 0.0 0.0 0.270327124999795 0.08980654821955582 10.61255807830302 31.18245993239305 37.078105567348565 6.481874077398574 
270.0005602402401 0.0 33.020399500914216 0.0 16.170257854392414 0.007303435871777352 0.4285399394021213 0.006924435521523209 0.07417013402282514 10.419478122729082 31.16367000837408 36.06351966708059 6.449628832087453 58.587957833485234 176.3691786826133 135.04303469332154 51.357372323581245 0.0 0.0 0.270327124999795 0.09183678712956907 10.419478122729082 31.16367000837408 36.06351966708059 6.449628832087453 
272.00056024023996 0.0 33.281116699600716 0.0 15.916770851406373 0.0073034358717773504 0.4405707105552786 0.006924435521523207 0.08620090517597982 9.411654691559503 30.528485525310874 28.592087252945777 6.244912781283734 NaN NaN 135.1407905088128 52.87620402977133 0.0 0.0 0.270327124999795 0.10386755828272505 9.411654691559503 30.528485525310874 28.592087252945777 6.244912781283734 
274.00056024023985 0.0 33.080018887471006 0.0 15.79432660271069 0.0073034358717773504 0.4424656144934877 0.006924435521523207 0.08809580911419149 9.328768955474668 30.528180909618108 28.14955156812128 6.232992957229904 NaN NaN 135.14786559028926 53.529651433981144 0.0 0.0 0.270327124999795 0.10576246222093556 9.328768955474668 30.528180909618108 28.14955156812128 6.232992957229904 
276.00056024023974 0.0 33.038345584305475 0.0 15.717664479971486 0.007303435871777352 0.4443605623245526 0.006924435521523207 0.0899907569452549 9.371531049005883 30.585804437043517 27.207332648470633 6.225650950653039 NaN NaN 135.15189864321357 54.3627214227011 0.0 0.0 0.270327124999795 0.10765741005200033 9.371531049005883 30.585804437043517 27.207332648470633 6.225650950653039 
278.00003717442036 0.0 32.99308225206754 0.0 15.613753723953746 0.007303435871777352 0.44653650701992 0.006924435521523209 0.09216670164061798 9.375625441106342 30.537126249244128 26.23914126709089 6.215003195388461 NaN NaN 135.15476642001664 55.22391526508697 0.0 0.0 0.270327124999795 0.10983335474736282 9.375625441106342 30.537126249244128 26.23914126709089 6.215003195388461 
280.0001700143964 0.0 32.982765405679345 0.0 15.56358581857019 0.007303435871777352 0.4486447826232847 0.006924435521523207 0.09427497724398774 9.372775115959948 30.410575521795494 25.383163925616103 6.198878185478271 NaN NaN 135.15659580954227 56.155802444789195 0.0 0.0 0.270327124999795 0.11194163035073257 9.372775115959948 30.410575521795494 25.383163925616103 6.198878185478271 
282.0005602402394 0.0 32.678328756757146 0.0 15.354154125839383 0.007303435871777354 0.4603673397094337 0.006924435521523207 0.10599753433013975 8.949072878224767 29.917493828463407 21.684817664189318 6.2177241111138475 NaN NaN 135.16356249989758 61.826943952783196 0.0 0.0 0.270327124999795 0.12366418743688207 8.949072878224767 29.917493828463407 21.684817664189318 6.2177241111138475 
284.0005602402393 0.0 32.68834931630462 0.0 15.291287556972954 0.007303435871777354 0.4620002531891133 0.006924435521523207 0.10763044780981308 8.973770529412826 29.87289986527887 23.11795824373391 6.319783314788317 NaN NaN 135.16356249989758 62.82419659912684 0.0 0.0 0.270327124999795 0.1252971009165577 8.973770529412826 29.87289986527887 23.11795824373391 6.319783314788317 
286.00056024023917 0.0 32.63248087480895 0.0 15.31848870652344 0.007303435871777354 0.46463120041643097 0.006924435521523209 0.11026139503712702 8.976498749547174 29.942279767227113 24.531667732714507 6.354551783703707 NaN NaN 135.16356249989758 63.817833715548396 0.0 0.0 0.270327124999795 0.1279280481438725 8.976498749547174 29.942279767227113 24.531667732714507 6.354551783703707 
288.00056024023905 0.0 32.573347659455834 0.0 15.335207112420154 0.007303435871777352 0.4661659492092335 0.006924435521523207 0.111796143829931 8.989261431615162 29.984562193111255 25.785277272332785 6.348548208320359 NaN NaN 135.16356249989758 64.81635687727402 0.0 0.0 0.270327124999795 0.12946279693667595 8.989261431615162 29.984562193111255 25.785277272332785 6.348548208320359 
290.0004132784002 0.0 32.51903131205129 0.0 15.35052408276838 0.007303435871777352 0.467774227083127 0.006924435521523207 0.11340442170382312 8.946163823972478 29.90617937085985 26.550167589996043 6.321303142886798 NaN NaN 135.16356249989758 65.83556047667358 0.0 0.0 0.2703271249997949 0.1310710748105683 8.946163823972478 29.90617937085985 26.550167589996043 6.321303142886798 
292.0005602402388 0.0 32.617880190095605 0.0 15.73801873549134 0.0073034358717773504 0.4796278103616939 0.006924435521523207 0.12525800498238968 8.15697254990521 29.46325928359538 27.90299374389553 6.146650964801268 NaN NaN 135.16356249989758 71.81365251202473 0.0 0.0 0.270327124999795 0.1429246580891349 8.15697254990521 29.46325928359538 27.90299374389553 6.146650964801268 
294.0005602402387 0.0 32.457185427196 0.0 15.69822379155305 0.007303435871777349 0.4817429643863216 0.006924435521523207 0.12737315900701882 7.996227844135914 29.358003829070583 26.204083512158153 6.044042306855996 NaN NaN 135.16356249989758 72.81586747550804 0.0 0.0 0.2703271249997951 0.14503981211376335 7.996227844135914 29.358003829070583 26.204083512158153 6.044042306855996 
296.0005602402386 0.0 32.38633698461052 0.0 15.634819331697084 0.007303435871777349 0.4834030084092636 0.006924435521523207 0.12903320302997132 7.912769086664682 29.365564595090156 25.168716689602352 6.03537960850324 NaN NaN 135.16356249989758 73.80682078690221 0.0 0.0 0.2703271249997951 0.14669985613671524 7.912769086664682 29.365564595090156 25.168716689602352 6.03537960850324 
298.0005602402385 0.0 32.31115468395181 0.0 15.59699284384264 0.0073034358717773504 0.4853281751791937 0.006924435521523209 0.13095836979989686 7.834045549766712 29.427241605230684 24.269408876604775 6.0724920734596335 NaN NaN 135.21702588862635 74.64101200938558 0.0 0.0 0.27389614741224305 0.13761422090465983 7.834045549766712 29.427241605230684 24.269408876604775 6.0724920734596335 
300.0001799393707 0.0 32.295556737108484 0.0 15.5463578863617 0.007303435871777352 0.487815740315669 0.006924435521523209 0.13344593493636497 11.460851277091104 29.490712159228394 27.562501419899498 6.097430609231162 NaN NaN 135.59767656657735 74.49457063640877 0.0 0.0 0.2819286729808767 0.11532061674850443 11.460851277091104 29.490712159228394 27.562501419899498 6.097430609231162 
302.00056024023826 0.0 34.71407702366045 0.0 16.997612242018857 0.0060576199538642725 0.16902357251407193 0.005941020900616099 0.060002080108305815 975.7470665528201 29.66264588220614 907.9015062787452 5.7608664617335235 48.195375662000515 77.14319484158001 136.02299251496618 69.38226254801198 0.09639075132400056 0.1535058671208788 0.2142424368379996 0.04735961563443573 975.7470665528201 29.66264588220614 907.9015062787452 5.7608664617335235 
304.00056024023814 0.0 35.8965599527679 0.0 17.28180484273443 0.006684382234676766 0.3381316685413286 0.006435770712302995 0.10567695777504249 947.6173910441399 28.84932294824356 711.6129006806574 4.7406094218543515 48.195375662000515 78.5498653797875 130.88136510642423 60.71232840372095 0.09639075132400053 0.1557158854462593 0.2614894884780535 0.04956963395981502 947.6173910441399 28.84932294824356 711.6129006806574 4.7406094218543515 
306.00056024023803 0.0 36.95891505752251 0.0 18.052348594434523 0.006804532728506599 0.37119629799376347 0.006530614381132912 0.11507940685217 915.2592263305097 27.909211703758668 599.418333384657 4.574236821893881 48.195375662000515 80.16446789739692 128.2315093165045 55.271568661741185 0.09639075132400056 0.15678610957305827 0.27054676068530126 0.05063985808661393 915.2592263305097 27.909211703758668 599.418333384657 4.574236821893881 
308.0005602402379 0.0 37.89311496171082 0.0 18.751333259103802 0.006966160224847258 0.4169885318116684 0.0066581989148962115 0.12904106844256372 879.378950018794 27.005700736102778 514.6683030146204 4.807077651966667 48.195375662000515 81.77763472648489 127.84046917881629 53.01501266616214 0.09639075132400056 0.1595391892031065 0.28273068256420303 0.05339293771666296 879.378950018794 27.005700736102778 514.6683030146204 4.807077651966667 
310.0005602402378 0.0 38.90227882751026 0.0 19.349978470449773 0.007004497718955576 0.42824704899104243 0.006688461533709396 0.13274948181616442 831.3892158949091 25.727561665372807 441.0334637715051 5.0659619780778495 48.195375662000515 83.54803169946953 128.49825419605162 51.69840074451065 0.09639075132400056 0.1605889649401799 0.2856206675223593 0.05444271345373639 831.3892158949091 25.727561665372807 441.0334637715051 5.0659619780778495 
312.0000742595519 0.0 45.072984545489426 0.0 22.395584394002118 0.007303435871777354 0.5196808197749359 0.006924435521523208 0.1653110143956323 553.2510117864853 17.82550165707765 68.02726352358961 6.3512569656073286 48.195375662000515 86.6354443926816 137.54359366375394 44.85311947627678 0.09639075132400053 0.17241966357839827 0.3081554415123372 0.06627341209195425 553.2510117864853 17.82550165707765 68.02726352358961 6.3512569656073286 
314.0002503639438 0.0 45.88532323460176 0.0 22.61803165857054 0.007303435871777354 0.5223270627419201 0.006924435521523208 0.16795725736261918 538.3863088239711 17.590624010108492 52.517976849180364 6.1651588291913715 48.195375662000515 87.75465754544798 138.7949225110792 44.98306490982577 0.09639075132400053 0.17506590654538234 0.3081554415123372 0.06891965505894021 538.3863088239711 17.590624010108492 52.517976849180364 6.1651588291913715 
316.00056024023746 0.0 46.677619070935016 0.0 22.684816424744128 0.007303435871777354 0.5229249605604125 0.006924435521523206 0.16855515518111835 521.4152069323567 17.298348253842434 44.854813766480945 5.967790104617171 48.195375662000515 88.97453701083991 139.3505313475097 44.84986442762755 0.09639075132400053 0.1756638043638858 0.3081554415123372 0.06951755287744013 521.4152069323567 17.298348253842434 44.854813766480945 5.967790104617171 
318.00005299659756 0.0 47.30575083569066 0.0 22.720486969857568 0.007303435871777354 0.5257622459662908 0.006924435521523208 0.17139244058699024 507.37101437516634 17.24444065855518 40.22425295009287 5.870956979989819 48.195375662000515 90.30217828223071 139.39463190046013 44.76069698432059 0.09639075132400053 0.17850108976975773 0.3081554415123372 0.07235483828331339 507.37101437516634 17.24444065855518 40.22425295009287 5.870956979989819 
320.00013218186865 0.0 48.0413024108545 0.0 22.645207154043884 0.007303435871777352 0.5281524438921463 0.00692443552152321 0.17378263851284384 494.69000914407104 17.338238634382368 37.01616089768072 5.908309156787867 48.195375662000515 91.64237750850216 139.3598204981051 45.266854131365804 0.09639075132400053 0.18089128769560942 0.3081554415123373 0.07474503620916746 494.69000914407104 17.338238634382368 37.01616089768072 5.908309156787867 
322.0005602402371 0.0 52.37974136465015 0.0 21.561605967578387 0.007303435871777354 0.5404434739124768 0.006924435521523208 0.18607366853318022 429.3629048651737 18.72876504760716 27.05485704001507 6.359590404145085 48.195375662000515 96.57887077318749 140.26034239739823 48.773394254761605 0.09639075132400053 0.19318231771594613 0.3081554415123372 0.08703606622950322 429.3629048651737 18.72876504760716 27.05485704001507 6.359590404145085 
324.000560240237 0.0 52.68578298795495 0.0 21.242467789586453 0.007303435871777352 0.541857587934476 0.006924435521523208 0.18748778255517362 419.9635540518498 19.26834734544247 28.77965976572415 6.409647354905952 48.195375662000515 97.62531972367216 141.40397200384507 49.0771081444051 0.09639075132400053 0.19459643173793956 0.3081554415123372 0.08845018025149437 419.9635540518498 19.26834734544247 28.77965976572415 6.409647354905952 
326.0005602402369 0.0 52.852468644112555 0.0 20.874135102461945 0.0073034358717773504 0.5453881290912578 0.006924435521523208 0.19101832371194927 410.63080940881423 19.693491490319346 30.063226899915858 6.463148612724773 48.195375662000515 98.74629886425001 142.1442644334375 49.134176868934404 0.09639075132400053 0.1964902858467004 0.3081554415123373 0.09198072140827232 410.63080940881423 19.693491490319346 30.063226899915858 6.463148612724773 
328.0002028942456 0.0 53.05694940651457 0.0 20.33001449867734 0.0073034358717773504 0.5466247402810992 0.006924435521523208 0.1922549349017998 400.3130085524046 20.174951056864792 30.501661000257922 6.433765480234704 48.195375662000515 99.8169562035038 142.83177008122186 49.24710152612051 0.09639075132400053 0.1964902858467004 0.3081554415123372 0.09321733259812014 400.3130085524046 20.174951056864792 30.501661000257922 6.433765480234704 
330.00056024023667 0.0 53.023589768645216 0.0 19.792978560515344 0.0073034358717773504 0.5486451047323904 0.00692443552152321 0.19427529935308682 389.8256533913552 20.65513135987192 30.56829790701096 6.424476968589949 48.195375662000515 100.83309865507405 143.8088583489109 49.702472261252495 0.09639075132400053 0.1964902858467004 0.3081554415123372 0.09523769704940829 389.8256533913552 20.65513135987192 30.56829790701096 6.424476968589949 
332.00056024023655 0.0 53.40266448556678 0.0 16.670010524888458 0.007303435871777354 0.5599452056043647 0.006924435521523208 0.20557540022506854 321.61552743677305 23.630363632179353 31.024273161873474 6.501354365780004 48.195375662000515 106.52305368982289 150.7051136797005 53.46067615588696 0.0 0.0 0.3081554415123372 0.10653779792139252 321.61552743677305 23.630363632179353 31.024273161873474 6.501354365780004 
334.00056024023644 0.0 53.71953773097995 0.0 16.23662173460046 0.007303435871777352 0.5627248688431495 0.006924435521523208 0.20835506346384672 307.5699108305659 24.154941807203233 30.96613545837794 6.492184948025338 48.195375662000515 107.42335183353956 151.62781289058745 54.469237725673366 0.0 0.0 0.3081554415123372 0.10931746116016809 307.5699108305659 24.154941807203233 30.96613545837794 6.492184948025338 
336.0005602402363 0.0 53.9359975340126 0.0 16.081164667227483 0.007303435871777352 0.5646682816520832 0.006924435521523208 0.21029847627277942 293.33846404542885 24.6631387959106 30.946912646807274 6.463881683294234 48.195375662000515 108.27270858627399 152.3724138238787 55.45269819287321 0.0 0.0 0.3081554415123372 0.11126087396910346 293.33846404542885 24.6631387959106 30.946912646807274 6.463881683294234 
338.0003639213354 0.0 53.91152119297684 0.0 16.017421164038087 0.007303435871777352 0.5659925026935969 0.006924435521523208 0.21162269731430033 279.4521114133428 25.121116186193078 31.108153954677842 6.424165778192784 48.195375662000515 109.21950700633353 152.76776932833477 56.43843753921497 0.0 0.0 0.3081554415123372 0.11258509501061989 279.4521114133428 25.121116186193078 31.108153954677842 6.424165778192784 
340.0005602402361 0.0 53.859121072258894 0.0 15.939074558757879 0.007303435871777354 0.5678564595468367 0.006924435521523208 0.21348665416753304 264.82630038126445 25.56840462799437 30.897292737729753 6.401142492975519 48.195375662000515 110.18734270770398 153.02691636787637 57.46031257321126 0.0 0.0 0.3081554415123371 0.11444905186385372 264.82630038126445 25.56840462799437 30.897292737729753 6.401142492975519 
342.000560240236 0.0 52.738127894357085 0.0 15.775273659920163 0.007303435871777352 0.5803796600064663 0.00692443552152321 0.22600985462717188 183.67646005137382 27.91334532335526 32.0443431344157 6.400191161610882 48.195375662000515 116.48557449457681 154.07772075616867 63.45611432721723 0.0 0.0 0.3081554415123372 0.1269722523234952 183.67646005137382 27.91334532335526 32.0443431344157 6.400191161610882 
344.00049732601076 0.0 52.571296910262255 0.0 15.871832529564188 0.007303435871777352 0.5822858571204232 0.006924435521523208 0.22791605174112295 172.1271486849841 28.34229306930501 32.83372972353814 6.424113982756543 48.195375662000515 117.4475978862893 154.07772075616867 64.47223507714921 0.0 0.0 0.3081554415123372 0.12887844943744406 172.1271486849841 28.34229306930501 32.83372972353814 6.424113982756543 
346.00007890030327 0.0 52.488513168248254 0.0 15.987419579989666 0.007303435871777352 0.5842387841942384 0.006924435521523208 0.2298689788149399 161.45642519145224 28.695086062303268 31.830196168019317 6.377908499724549 48.195375662000515 118.38189255111907 154.07772075616867 65.46327296336675 0.0 0.0 0.3081554415123371 0.13083137651126295 161.45642519145224 28.695086062303268 31.830196168019317 6.377908499724549 
348.0002531785758 0.0 52.4200206728288 0.0 16.078315654873105 0.007303435871777352 0.5857606632125839 0.006943222345353686 0.19144559068472947 151.4350367564314 28.97839058157651 31.773623670106065 6.387641591949012 48.195375662000515 119.27889043732502 154.07772075616867 66.4592344581898 0.0 0.0 0.3081554415123372 0.13235325552960905 151.4350367564314 28.97839058157651 31.773623670106065 6.387641591949012 
350.00056024023553 0.0 52.387556667759455 0.0 16.154460850510944 0.007303435871777352 0.5884371555380333 0.006965061159099388 0.1476875575602006 141.72422007486566 29.25912015246196 31.819525956371955 6.417711371343173 48.195375662000515 120.10658443827604 154.07772075616867 67.47023667395078 0.0 0.0 0.3081554415123372 0.13502974785505423 141.72422007486566 29.25912015246196 31.819525956371955 6.417711371343173 
352.0005602402354 0.0 51.72321765847516 0.0 16.780067868805613 0.007303435871777352 0.6006081964031165 0.007030774657100276 0.02013603240817124 86.69176635651898 31.005504239686317 33.666063981521695 6.5687132596942694 48.195375662000515 126.56941044457844 154.07772075616867 73.49122143348974 0.0 0.0 0.3081554415123372 0.14720078872014414 86.69176635651898 31.005504239686317 33.666063981521695 6.5687132596942694 
354.0005602402353 0.0 50.9588450433813 0.0 16.80447260703381 0.007303435871777352 0.6032378852126692 0.007030774657100276 0.022765721217713288 79.70467122393133 31.051686515608157 33.67390357075735 6.522170165058038 48.195375662000515 127.56865737069533 154.07772075616867 74.47390635512402 0.0 0.0 0.3081554415123372 0.14983047752968523 79.70467122393133 31.051686515608157 33.67390357075735 6.522170165058038 
356.0005602402352 0.0 50.30109874100946 0.0 16.711401691698224 0.007303435871777352 0.6045544838956712 0.007030774657100277 0.02408231990071818 72.92315182364328 31.211976954310497 33.77692966829196 6.529281195901267 48.195375662000515 128.56906282393635 154.07772075616867 75.45838119682269 0.0 0.0 0.3081554415123372 0.15114707621269088 72.92315182364328 31.211976954310497 33.77692966829196 6.529281195901267 
358.0005602402351 0.0 49.70997040984069 0.0 16.613070179712707 0.007303435871777354 0.6073325302951956 0.007030774657100276 0.026860366300246154 66.43988012866639 31.39806272033084 34.4260189871994 6.562495567470974 48.195375662000515 129.51238727443922 154.07772075616867 76.47078630793285 0.0 0.0 0.3081554415123372 0.1539251226122163 66.43988012866639 31.39806272033084 34.4260189871994 6.562495567470974 
360.00056024023496 0.0 49.14841251430759 0.0 16.587100101108113 0.007303435871777354 0.6085883014786566 0.007030774657100276 0.028116137483707487 60.306385517838194 31.578979885318375 34.593724427610205 6.538219570100851 48.195375662000515 130.4118165967673 154.07772075616867 77.47021678012338 0.0 0.0 0.3081554415123372 0.1551808937956796 60.306385517838194 31.578979885318375 34.593724427610205 6.538219570100851 
362.00002430422336 0.0 46.04352778626843 0.0 16.6146244836612 0.007303435871777354 0.62060907911911 0.007030774657100276 0.040136915124159234 27.73034917385577 32.474841777626004 31.722278032522524 6.448861134385472 48.195375662000515 136.52833014379655 154.07772075616867 83.46585344224425 0.0 0.0 0.3081554415123372 0.16720167143613032 27.73034917385577 32.474841777626004 31.722278032522524 6.448861134385472 
364.0003510909833 0.0 45.24275249393346 0.0 16.532095435981088 0.007303435871777352 0.6223063482088266 0.007030774657100274 0.0418341842138744 23.864354186490516 32.4332898497157 31.087129948513365 6.4276944374376175 48.195375662000515 137.54704801059148 154.07772075616867 84.45710374042794 0.0 0.0 0.3081554415123372 0.16889894052584403 23.864354186490516 32.4332898497157 31.087129948513365 6.4276944374376175 
366.0005602402346 0.0 44.56541607948135 0.0 16.561628022595496 0.007303435871777354 0.6241490094408272 0.007030774657100274 0.043676845445878354 20.71227716899279 32.37421260809178 31.6972015535705 6.389988673495853 48.195375662000515 138.6108476945653 154.07772075616867 85.45362288962583 0.0 0.0 0.3081554415123372 0.1707416017578506 20.71227716899279 32.37421260809178 31.6972015535705 6.389988673495853 
368.0005602402345 0.0 43.31994773839264 0.0 16.588908054626664 0.007303435871777354 0.6260321496770602 0.007030774657100276 0.04555998568210722 18.27187737096099 32.39506387843819 31.996996883503815 6.336524195017686 48.195375662000515 139.4963399692559 154.07772075616867 86.44038786729645 0.0 0.0 0.3081554415123372 0.17262474199407846 18.27187737096099 32.39506387843819 31.996996883503815 6.336524195017686 
370.0005602402344 0.0 42.38308255675791 0.0 16.597290878186392 0.007303435871777354 0.6276496514521653 0.007030774657100276 0.04717748745721514 16.502475494307518 32.37731987368434 31.562420230049472 6.285219096263612 48.195375662000515 140.6740000263235 154.07772075616867 87.43965667544856 0.0 0.0 0.3081554415123372 0.1742422437691888 16.502475494307518 32.37731987368434 31.562420230049472 6.285219096263612 
372.0005602402343 0.0 35.98062487106545 0.0 16.545228212415637 0.007303435871777352 0.6395639392190553 0.007030774657100274 0.05909177522410174 9.994354239505 32.2398009752408 30.00710399743867 6.374773019594917 48.195375662000515 146.53618865048213 154.07772075616867 93.44105504214907 0.0 0.0 0.3081554415123372 0.18615653153607498 9.994354239505 32.2398009752408 30.00710399743867 6.374773019594917 
374.0003211069107 0.0 35.72465348232933 0.0 16.529901261068254 0.007303435871777354 0.642672014947861 0.007030774657100276 0.062199850952909565 10.010774281085201 32.06956721842248 30.847940571321434 6.459645774675119 48.195375662000515 147.4398149736299 154.07772075616867 94.44491930180358 0.0 0.0 0.3081554415123372 0.18926460726488312 10.010774281085201 32.06956721842248 30.847940571321434 6.459645774675119 
376.00056024023405 0.0 35.236590278061364 0.0 16.609236972343005 0.007303435871777352 0.6444933638670199 0.007030774657100276 0.06402119987206842 10.022845349490291 32.004751376719284 32.01905764038905 6.467010566205501 48.195375662000515 148.22156763198106 154.07772075616867 95.4413642550106 0.0 0.0 0.3081554415123372 0.19108595618403976 10.022845349490291 32.004751376719284 32.01905764038905 6.467010566205501 
378.00056024023394 0.0 34.880876929897966 0.0 16.69785732492997 0.007303435871777352 0.6459465931574289 0.007030774657100276 0.06547442916247587 10.038751309686493 31.978423581160133 32.24121178800727 6.4489160194429305 48.195375662000515 148.89354621657793 154.07772075616867 96.4440096736671 0.0 0.0 0.3081554415123371 0.19253918547444904 10.038751309686493 31.978423581160133 32.24121178800727 6.4489160194429305 
380.0000875780327 0.0 34.56834586732702 0.0 16.686821815431184 0.007303435871777352 0.648066848743687 0.007030774657100276 0.06759468474873064 10.058257713285647 31.96937858321827 33.395352051590315 6.43827242212354 48.195375662000515 149.48007493413078 154.07772075616867 97.4448452636159 0.0 0.0 0.3081554415123371 0.19465944106070154 10.058257713285647 31.96937858321827 33.395352051590315 6.43827242212354 
382.0003670927174 0.0 33.437692907447406 0.0 16.56212055326679 0.007303435871777352 0.660444819133098 0.007030774657100276 0.07997265513814551 10.629066288580553 31.721578292333966 40.65874642792015 6.208719762775546 48.195375662000515 156.5425037035127 154.07772075616867 103.45907721068558 0.0 0.0 0.3081554415123372 0.20703741145011845 10.629066288580553 31.721578292333966 40.65874642792015 6.208719762775546 
384.0005602402336 0.0 33.576352665502256 0.0 16.527624786727017 0.007303435871777354 0.6619489466764602 0.007030774657100276 0.08147678268150822 10.634551056398621 31.570207646099743 37.81958511573653 6.294128966883934 48.195375662000515 157.30913407010954 154.07772075616867 104.45809010874568 0.0 0.0 0.3081554415123372 0.20854153899348213 10.634551056398621 31.570207646099743 37.81958511573653 6.294128966883934 
386.0005602402335 0.0 33.62721108304819 0.0 16.448834029908287 0.007303435871777354 0.6650077154198337 0.007030774657100276 0.08453555142488851 10.43113727451526 31.452509259046167 36.13336899268254 6.324734874370562 48.195375662000515 157.8466005116021 154.07772075616867 105.45984389520365 0.0 0.0 0.3081554415123372 0.21160030773686264 10.43113727451526 31.452509259046167 36.13336899268254 6.324734874370562 
388.00056024023337 0.0 33.658942932101255 0.0 16.3792342932958 0.007303435871777352 0.6666147145938626 0.007030774657100277 0.08614255059891722 10.376391717398525 31.391995175162755 36.33214409336784 6.311587181900677 48.195375662000515 158.08601137650865 154.07772075616867 106.44582259386162 0.0 0.0 0.3081554415123372 0.21320730691088974 10.376391717398525 31.391995175162755 36.33214409336784 6.311587181900677 
390.00056024023326 0.0 33.687168352189374 0.0 16.30426037687493 0.007303435871777352 0.6682907737515879 0.007030774657100276 0.08781860975664021 10.318439112811388 31.346379960987523 35.828332464465944 6.273388307194136 48.195375662000515 158.34776086204047 154.07772075616867 107.4518686784206 0.0 0.0 0.3081554415123371 0.21488336606861422 10.318439112811388 31.346379960987523 35.828332464465944 6.273388307194136 
392.0003445875475 0.0 33.946146230943434 0.0 15.860356788666667 0.007303435871777352 0.6804603819649845 0.007030774657100276 0.09998821797003168 9.672841104913317 31.197828131906615 32.29256353932842 6.160758398197803 48.195375662000515 166.02776274816816 154.07772075616867 113.47041774452171 0.0 0.0 0.3081554415123371 0.22705297428200627 9.672841104913317 31.197828131906615 32.29256353932842 6.160758398197803 
394.00043833429265 0.0 33.82988802254397 0.0 15.853133565467592 0.007303435871777352 0.6818765108876353 0.007030774657100276 0.1014043468926819 9.796739702214783 31.287564589621027 31.797778313570188 6.206659530765285 48.195375662000515 166.02776274816816 154.07772075616867 114.46914791829764 0.0 0.0 0.3081554415123371 0.22846910320465127 9.796739702214783 31.287564589621027 31.797778313570188 6.206659530765285 
396.0005602402329 0.0 33.80344771071276 0.0 15.840459891895199 0.007303435871777352 0.6842338674802373 0.007030774657100276 0.1037617034852807 9.77084571424908 31.254320659648464 31.32313540257732 6.313240736187626 48.195375662000515 166.02776274816816 154.07772075616867 115.46578443977191 0.0 0.0 0.3081554415123372 0.23082645979725058 9.77084571424908 31.254320659648464 31.32313540257732 6.313240736187626 
398.0005602402328 0.0 33.83233181601922 0.0 15.78284986551017 0.007303435871777354 0.6863644681130802 0.007030774657100276 0.1058923041181337 9.709270579627317 31.246870870362795 31.23780900788923 6.374820137116079 48.195375662000515 166.02776274816816 154.07772075616867 116.45814132838275 0.0 0.0 0.3081554415123371 0.23295706043010245 9.709270579627317 31.246870870362795 31.23780900788923 6.374820137116079 
400.0005602402327 0.0 33.83018085196197 0.0 15.739785103717214 0.007303435871777354 0.6878713811944654 0.007030774657100277 0.1073992171995218 9.691058500828925 31.24374777627862 31.53893921420318 6.42919027245251 48.195375662000515 166.02776274816816 154.07772075616867 117.46744460358343 0.0 0.0 0.3081554415123372 0.2344639735114925 9.691058500828925 31.24374777627862 31.53893921420318 6.42919027245251 
402.00004975839937 0.0 33.98666687590722 0.0 15.316972713549166 0.007303435871777354 0.7007901282102771 0.007030774657100277 0.12031796421532223 9.227067178773797 31.393090405439036 35.27344528005887 6.584856703064249 NaN NaN 154.07772075616867 123.46331668676922 0.0 0.0 0.3081554415123372 0.24738272052729102 9.227067178773797 31.393090405439036 35.27344528005887 6.584856703064249 
404.00056024023246 0.0 34.07211181522157 0.0 15.379811693389621 0.007303435871777352 0.7025515921819545 0.00715441214145508 0.07678465057975159 9.211041855020387 31.452833487149324 35.43124224889611 6.54370428788801 NaN NaN 154.07772075616867 124.46895883525991 0.0 0.0 0.3081554415123372 0.24914418449898376 9.211041855020387 31.452833487149324 35.43124224889611 6.54370428788801 
406.00056024023235 0.0 34.174304654674984 0.0 15.399427949199179 0.007303435871777354 0.7041062481140067 0.007197047479513497 0.06271978654468895 8.99705790636538 31.55041826992546 35.10926149192919 6.470211997560127 NaN NaN 154.07772075616867 125.47912595558651 0.0 0.0 0.3081554415123372 0.2506988404310286 8.99705790636538 31.55041826992546 35.10926149192919 6.470211997560127 
408.00056024023223 0.0 34.20261801063714 0.0 15.522263674464151 0.007303435871777354 0.7062522559826703 0.007232185834979678 0.05199280524961297 8.988689361815364 31.685039163841747 33.96083376683489 6.437817588977822 NaN NaN 154.07772075616867 126.44961090236029 0.0 0.0 0.3081554415123372 0.2528448482996982 8.988689361815364 31.685039163841747 33.96083376683489 6.437817588977822 
410.0002627414928 0.0 34.18509221307436 0.0 15.631492862688772 0.007303435871777354 0.7086910293338817 0.007254472878014766 0.04626668699804223 8.959285282740614 31.649656326947778 33.10079751063364 6.427895914114277 NaN NaN 154.07772075616867 127.47493891418193 0.0 0.0 0.3081554415123372 0.25528362165090274 8.959285282740614 31.649656326947778 33.10079751063364 6.427895914114277 
412.000560240232 0.0 34.04013374033461 0.0 16.02578878705765 0.007303435871777352 0.7207327573168839 0.007330750433592996 0.030364018228167096 8.96790811030136 31.451252700126933 30.79557500026954 6.460991884275975 NaN NaN 154.07772075616867 133.4551277106795 0.0 0.0 0.3081554415123372 0.267325349633899 8.96790811030136 31.451252700126933 30.79557500026954 6.460991884275975 
414.0005602402319 0.0 33.98743911965608 0.0 16.157149668577357 0.0073034358717773504 0.7228015664815424 0.007330750433592998 0.0324328273928341 9.146478883743345 31.41585308438122 31.33815437119 6.375958269335104 NaN NaN 154.07772075616867 134.45685712991965 0.0 0.0 0.3081554415123372 0.26939415879857037 9.146478883743345 31.41585308438122 31.33815437119 6.375958269335104 
416.0005602402318 0.0 34.02073855849988 0.0 16.173314438684436 0.007303435871777354 0.725228004092182 0.007330750433592998 0.034859265003466436 9.287887450457474 31.342643162306068 32.646485706893465 6.356450749026536 NaN NaN 154.07772075616867 135.45705428187375 0.0 0.0 0.3081554415123372 0.27182059640920136 9.287887450457474 31.342643162306068 32.646485706893465 6.356450749026536 
418.0000794896773 0.0 33.995472650079165 0.0 16.17046890090021 0.007303435871777352 0.7262886187199425 0.007330750433592998 0.035919879631227294 9.32888890830757 31.395378890873292 33.051344933304776 6.3936470607107045 NaN NaN 154.07772075616867 136.46123829540338 0.0 0.0 0.3081554415123372 0.2728812110369622 9.32888890830757 31.395378890873292 33.051344933304776 6.3936470607107045 
420.00056024023155 0.0 33.95681317237218 0.0 16.129691683284612 0.007303435871777354 0.7286809826684998 0.007330750433592998 0.03831224357978503 9.335161982580548 31.479413419953577 33.476091485159635 6.431111809611155 NaN NaN 154.07772075616867 137.4569151934056 0.0 0.0 0.3081554415123372 0.27527357498551874 9.335161982580548 31.479413419953577 33.476091485159635 6.431111809611155 
422.00056024023144 0.0 33.4826537478315 0.0 14.471062710225633 0.007330750433592998 0.049289992064254246 0.0063999864248681865 0.030058922557223283 921.3353863185266 28.903862552900495 660.1766093973106 4.047051867619137 45.08108855524392 106.76897117460004 148.33637495788716 109.79722515978214 0.09016217711048807 0.2122378841405409 0.26506694395137476 0.03365226879039269 921.3353863185266 28.903862552900495 660.1766093973106 4.047051867619137 
424.000114550052 0.0 33.91706991805528 0.0 14.994382808061943 0.007330750433592998 0.05202089588485654 0.006982725649953778 0.04483014856158499 868.3941554763067 27.227154332029755 553.7866325770095 3.671676064345502 45.08108855524392 108.06536013374689 145.7944848122228 95.89216686666754 0.0901621771104881 0.21496878796114746 0.26506694395137476 0.03638317261099511 868.3941554763067 27.227154332029755 553.7866325770095 3.671676064345502 
426.0005602402312 0.0 34.7144590830921 0.0 15.44021986946951 0.007330750433592998 0.05398728336565479 0.007093365451449609 0.04908253087336808 832.2682218125901 26.002043216790184 485.8479867258804 3.9197109141661612 45.08108855524392 109.4973725073413 144.9330830421786 91.84756919284027 0.0901621771104881 0.2169351754419412 0.26506694395137476 0.03834956009179303 832.2682218125901 26.002043216790184 485.8479867258804 3.9197109141661612 
428.0005602402311 0.0 35.49470585687287 0.0 15.77274401943006 0.007330750433592996 0.055961600795784903 0.007150448498658891 0.052236275138079914 789.0710416700474 24.585404464394784 421.80581385019485 4.285876922944366 45.08108855524392 111.06268891496536 144.48040099116008 90.1870782194402 0.0901621771104881 0.21890949287207445 0.26506694395137476 0.04032387752192284 789.0710416700474 24.585404464394784 421.80581385019485 4.285876922944366 
430.000560240231 0.0 36.254503747866586 0.0 16.199184264925723 0.007330750433592996 0.0577853919545722 0.007183325784884735 0.054739363487870195 747.6747361909548 23.307945917860152 360.04245984206955 4.643328524621091 45.08108855524392 112.6703170560585 144.06490597724346 88.75351044256759 0.09016217711048807 0.22073328403086373 0.26506694395137487 0.042147668680711466 747.6747361909548 23.307945917860152 360.04245984206955 4.643328524621091 
432.00056024023087 0.0 40.66759262106725 0.0 19.28621855672306 0.007330750433592998 0.06967209688912455 0.007330750433592998 0.06967209688912455 532.3689627626272 17.00711048720385 45.98078161999617 6.359733206448117 45.08108855524392 116.4630423753072 141.65572314806553 80.62814807956954 0.09016217711048807 0.23261998896541564 0.26506694395137476 0.05403437361526336 532.3689627626272 17.00711048720385 45.98078161999617 6.359733206448117 
434.00056024023075 0.0 41.204305620481755 0.0 19.16488475952172 0.007330750433593 0.07127728124237799 0.007330750433593 0.07127728124237799 512.1892208202945 16.523349831585833 36.65200325348887 6.423164637548788 45.08108855524392 117.60936375545913 140.81865385749532 76.72115532061487 0.09016217711048807 0.23422517331866996 0.26506694395137476 0.055639557968517245 512.1892208202945 16.523349831585833 36.65200325348887 6.423164637548788 
436.000059013111 0.0 41.87752295882885 0.0 19.261827869719898 0.007330750433592998 0.07418213624258581 0.007330750433592998 0.07418213624258581 498.9846745200154 16.43413295702423 34.28481819916382 6.457257183543886 45.08108855524392 118.88773268520995 140.1275116514622 73.680281490766 0.09016217711048807 0.237130028318875 0.26506694395137476 0.05854441296872304 498.9846745200154 16.43413295702423 34.28481819916382 6.457257183543886 
438.0005602402305 0.0 42.422110245308204 0.0 19.481891736861165 0.007330750433593 0.0762767230135152 0.007330750433593 0.0762767230135152 488.52416820951254 16.369451211703073 33.46376721300824 6.4733930383576865 45.08108855524392 120.13248875865423 139.29884855184133 69.81032284687485 0.09016217711048807 0.23922461508980122 0.26506694395137476 0.06063899973965409 488.52416820951254 16.369451211703073 33.46376721300824 6.4733930383576865 
440.0005602402304 0.0 43.04711669926024 0.0 19.81484229522627 0.007330750433593 0.07799371887325762 0.007330750433593 0.07799371887325762 478.2578522723623 16.487324814654805 32.99542672809659 6.469183083824441 45.08108855524392 121.37568296299551 138.41734129879475 65.65067292845217 0.09016217711048807 0.2409416109495464 0.26506694395137476 0.0623559955993967 478.2578522723623 16.487324814654805 32.99542672809659 6.469183083824441 
442.00030260408494 0.0 47.188125792232874 0.0 19.61217992262792 0.007330750433592998 0.08994055397092267 0.007330750433592998 0.08994055397092267 422.550948604881 17.725138604774834 33.854892835458124 6.4773229594597375 45.08108855524392 126.4554828044731 133.9199206034373 45.28508344595252 0.09016217711048807 0.2528884460472134 0.26506694395137503 0.07430283069706192 422.550948604881 17.725138604774834 33.854892835458124 6.4773229594597375 
444.0005602402302 0.0 47.00458072157747 0.0 19.468832723187575 0.007330750433592998 0.09200986750585959 0.007330750433592998 0.09200986750585959 413.1195387755295 18.298036870473247 34.21465595988537 6.4423955827523836 45.08108855524392 127.53838837842356 133.7684156861492 45.407455231565834 0.09016217711048807 0.25495775958214495 0.26506694395137503 0.07637214423199828 413.1195387755295 18.298036870473247 34.21465595988537 6.4423955827523836 
446.0005602402301 0.0 47.00273465432918 0.0 19.3297282692351 0.007330750433592998 0.09369646890364688 0.007330750433592998 0.09369646890364688 403.98357591990873 18.873396315024735 34.93304223336356 6.373659979907512 45.08108855524392 128.67521705931676 133.4520129801699 44.54353889231066 0.09016217711048807 0.25664436097993937 0.26506694395137503 0.07805874562978649 403.98357591990873 18.873396315024735 34.93304223336356 6.373659979907512 
448.00056024022996 0.0 47.16433191391201 0.0 19.021894030246656 0.007330750433592998 0.0960094709975337 0.007330750433592998 0.0960094709975337 393.41468683006303 19.426110509557056 34.69638799855518 6.325109111596835 45.08108855524392 129.87728324911728 133.21098497765706 44.13303437537454 0.09016217711048805 0.25820891158917175 0.26506694395137503 0.08037174772367285 393.41468683006303 19.426110509557056 34.69638799855518 6.325109111596835 
450.000531123827 0.0 47.34552052524286 0.0 18.721027878066366 0.007330750433592998 0.0979550898367983 0.007330750433592998 0.0979550898367983 382.50845096699527 19.922430157108202 33.925217124424236 6.266213745155317 45.08108855524392 130.89930671879435 133.07814892754823 44.36840785596302 0.09016217711048805 0.25820891158917175 0.26506694395137503 0.08231736656293696 382.50845096699527 19.922430157108202 33.925217124424236 6.266213745155317 
452.00006572664176 0.0 47.695274247360345 0.0 16.712730412802838 0.007330750433592996 0.1091408214617461 0.007330750433592996 0.1091408214617461 315.6766438002853 22.904128561930783 27.272432139441584 6.151342624100575 45.08108855524392 136.41043152603729 132.53347197568655 47.15018697366953 0.0 0.0 0.26506694395137476 0.09350309818788533 315.6766438002853 22.904128561930783 27.272432139441584 6.151342624100575 
454.0005602402296 0.0 48.27463353415351 0.0 16.452645614272672 0.007330750433592996 0.11211060130381462 0.007330750433592996 0.11211060130381462 302.6460361748134 23.440248773121667 26.06694508598248 6.2203863370648245 45.08108855524392 137.28670201741323 132.53347197568655 48.16908998727819 0.0 0.0 0.26506694395137476 0.0964728780299538 302.6460361748134 23.440248773121667 26.06694508598248 6.2203863370648245 
456.0005602402295 0.0 48.170685607408835 0.0 16.380936526134963 0.007330750433592998 0.1138952260922589 0.007330750433592998 0.1138952260922589 289.3942561923459 23.91403555505585 25.096850251947437 6.279732466055047 45.08108855524392 138.1080467870875 132.53347197568655 49.15529667063709 0.0 0.0 0.26506694395137487 0.09825750281839782 289.3942561923459 23.91403555505585 25.096850251947437 6.279732466055047 
458.0005602402294 0.0 48.11088485381401 0.0 16.334603823938252 0.007330750433592998 0.11606972773992015 0.007330750433592998 0.11606972773992015 275.28230064919467 24.337721072946024 24.914711167893945 6.330530955455406 45.08108855524392 139.02878926937348 132.53347197568655 50.16195209956298 0.0 0.0 0.26506694395137476 0.10043200446605896 275.28230064919467 24.337721072946024 24.914711167893945 6.330530955455406 
460.00045282043817 0.0 47.92420459774138 0.0 16.339155315845467 0.007330750433592998 0.11798067194274385 0.007330750433592998 0.11798067194274385 261.65581038595985 24.73144807349676 25.29315607618176 6.362543052987571 45.08108855524392 139.88302575557594 132.53347197568655 51.15908985655656 0.0 0.0 0.26506694395137487 0.10234294866887997 261.65581038595985 24.73144807349676 25.29315607618176 6.362543052987571 
462.00056024022916 0.0 46.98462261627859 0.0 16.518606520213662 0.007330750433592998 0.130073099074943 0.007330750433592998 0.130073099074943 181.90545907442822 27.221311667783123 28.769917325035973 6.518909985500669 45.08108855524392 146.4190459862027 132.53347197568655 57.14639612237418 0.0 0.0 0.26506694395137503 0.1144353758010822 181.90545907442822 27.221311667783123 28.769917325035973 6.518909985500669 
464.00056024022905 0.0 47.008133940056425 0.0 16.54173101730991 0.007330750433593 0.13207701788026552 0.007330750433593 0.13207701788026552 169.98353666338548 27.54489869954574 29.77605512044436 6.523915348726168 45.08108855524392 147.35639778656227 132.53347197568655 58.14521364035859 0.0 0.0 0.26506694395137476 0.11643929460640358 169.98353666338548 27.54489869954574 29.77605512044436 6.523915348726168 
466.00056024022894 0.0 46.456384707917486 0.0 16.560884802752135 0.007330750433593 0.1341335588804961 0.007330750433593 0.1341335588804961 158.5478382143391 27.89235778907876 29.412783442695158 6.475370869723148 45.08108855524392 148.2352849973502 132.53347197568655 59.160117319887625 0.0 0.0 0.26506694395137476 0.11849583560663512 158.5478382143391 27.89235778907876 29.412783442695158 6.475370869723148 
468.0005602402288 0.0 46.04533323576723 0.0 16.521984618486645 0.007330750433593 0.13590009213157792 0.007330750433593 0.13590009213157792 147.63452408095247 28.191771337889453 28.16399289986899 6.438023162331135 45.08108855524392 149.07171491997562 132.53347197568655 60.164511524938305 0.0 0.0 0.26506694395137503 0.12026236885771704 147.63452408095247 28.191771337889453 28.16399289986899 6.438023162331135 
470.0005602402287 0.0 45.454504848764614 0.0 16.504088593844262 0.007330750433593001 0.13789632118936995 0.007330750433593001 0.13789632118936995 137.2931220794771 28.440249232169187 26.727343943392356 6.399747462069455 45.08108855524392 150.0963234947651 132.53347197568655 61.15100289248331 0.0 0.0 0.26506694395137476 0.12225859791550833 137.2931220794771 28.440249232169187 26.727343943392356 6.399747462069455 
472.00032358382794 0.0 41.70168588099427 0.0 16.08492769398811 0.007330750433592998 0.15029654884892968 0.007330750433592998 0.15029654884892968 78.8914967665326 29.907188735817037 20.50722835317628 6.382913444975862 45.08108855524392 156.4583770985813 132.53347197568655 67.16718397086471 0.0 0.0 0.26506694395137476 0.1346588255750684 78.8914967665326 29.907188735817037 20.50722835317628 6.382913444975862 
474.0005602402285 0.0 40.38231934920481 0.0 15.862707564752458 0.007330750433593 0.15224703685601695 0.007330750433593 0.15224703685601695 71.48971362390309 29.94902364191613 21.469109226589364 6.408418523892393 45.08108855524392 157.44154436460053 132.53347197568655 68.15450914811359 0.0 0.0 0.26506694395137476 0.13660931358215486 71.48971362390309 29.94902364191613 21.469109226589364 6.408418523892393 
476.00040835467576 0.0 39.75851024798161 0.0 15.96199584892312 0.007330750433592998 0.15407682238415246 0.007330750433592998 0.15407682238415246 64.0610455363683 30.025257475747033 22.295318997104605 6.461939407581982 45.08108855524392 158.4000694808758 132.53347197568655 69.15678460668941 0.0 0.0 0.26506694395137476 0.13843909911029215 64.0610455363683 30.025257475747033 22.295318997104605 6.461939407581982 
478.00056024022825 0.0 38.78704157047891 0.0 16.104144906340288 0.007330750433592998 0.15571817249782133 0.007330750433592998 0.15571817249782133 57.66381719241623 30.078676262543773 23.009508605386788 6.457609044547912 45.08108855524392 159.49910138428 132.53347197568655 70.15162561370235 0.0 0.0 0.26506694395137476 0.14008044922396165 57.66381719241623 30.078676262543773 23.009508605386788 6.457609044547912 
480.00056024022814 0.0 37.95866962161501 0.0 16.250263479320544 0.007330750433593 0.15807456308506007 0.007330750433593 0.15807456308506007 51.85070670758109 30.147340241862025 23.259244849062306 6.446835163875456 45.08108855524392 160.58724715644357 132.53347197568655 71.15145156962097 0.0 0.0 0.26506694395137476 0.1424368398112 51.85070670758109 30.147340241862025 23.259244849062306 6.446835163875456 
482.000560240228 0.0 33.95660624471091 0.0 16.787097785748987 0.007330750433592998 0.1703059360449511 0.007330750433592998 0.1703059360449511 20.734197900657488 30.31914395330337 23.279049586010753 6.3871780308659085 45.08108855524392 166.42020353029838 132.53347197568655 77.15002556795572 0.0 0.0 0.26506694395137476 0.15466821277108891 20.734197900657488 30.31914395330337 23.279049586010753 6.3871780308659085 
484.0005602402279 0.0 33.39860271009689 0.0 16.83729064471178 0.007330750433593 0.17188546830037224 0.007330750433593 0.17188546830037224 17.50158092877598 30.37500782195752 22.924706960200417 6.423907302909654 45.08108855524392 167.38223224236455 132.53347197568655 78.15685292512607 0.0 0.0 0.26506694395137487 0.15624774502651248 17.50158092877598 30.37500782195752 22.924706960200417 6.423907302909654 
486.0000665389064 0.0 33.099128837916496 0.0 16.813584793361734 0.007330750433592998 0.17395002227349468 0.007330750433592998 0.17395002227349468 15.050659867533495 30.353236357730907 22.74671232244411 6.447626698213132 45.08108855524392 168.30967497976033 132.53347197568655 79.17017448124844 0.0 0.0 0.26506694395137487 0.1583122989996318 15.050659867533495 30.353236357730907 22.74671232244411 6.447626698213132 
488.0000501419111 0.0 32.98397841798864 0.0 16.720947123799146 0.007330750433593 0.17641801998349946 0.007330750433593 0.17641801998349946 13.424614835158547 30.319226555389303 22.914238145696554 6.461007143116027 45.08108855524392 169.1983599750381 132.53347197568655 80.16602771246369 0.0 0.0 0.26506694395137487 0.16078029670963986 13.424614835158547 30.319226555389303 22.914238145696554 6.461007143116027 
490.00056024022757 0.0 32.897725557016166 0.0 16.620808047258215 0.007330750433593001 0.17824028152218543 0.007330750433593001 0.17824028152218543 12.213162213289927 30.274971272895847 23.63198303708294 6.498270196367965 45.08108855524392 170.08886164831847 132.53347197568655 81.15457315828336 0.0 0.0 0.26506694395137476 0.16260255824832642 12.213162213289927 30.274971272895847 23.63198303708294 6.498270196367965 
492.00056024022746 0.0 32.6822911186993 0.0 16.211082032799947 0.007330750433593 0.1905137124833741 0.007330750433593 0.1905137124833741 8.101194361919843 30.083670227827163 31.074787024987018 6.713264649548062 45.08108855524392 176.39660366171134 132.53347197568655 87.14853838140576 0.0 0.0 0.26506694395137476 0.17487598920951536 8.101194361919843 30.083670227827163 31.074787024987018 6.713264649548062 
494.00016125062575 0.0 32.20973275079961 0.0 15.973038910066778 0.007330750433593 0.19246221057282326 0.007330750433593 0.19246221057282326 8.098612871171586 30.228432872167254 31.32159663461825 6.6628126294665595 45.08108855524392 177.14097484706568 132.53347197568655 88.15172042044931 0.0 0.0 0.26506694395137476 0.1768244872989643 8.098612871171586 30.228432872167254 31.32159663461825 6.6628126294665595 
496.0004322264294 0.0 32.065347280533025 0.0 15.86173542787875 0.007330750433592998 0.19453706692615577 0.007330750433592998 0.19453706692615577 8.010986078890687 30.27026092206014 31.58183789220334 6.6381748303391515 45.08108855524392 177.83810990027067 132.53347197568655 89.16734193351742 0.0 0.0 0.26506694395137476 0.17889934365229643 8.010986078890687 30.27026092206014 31.58183789220334 6.6381748303391515 
498.0002814768218 0.0 31.970095814477745 0.0 15.866375106244082 0.007330750433593 0.19620496524063352 0.007330750433593 0.19620496524063352 7.974981353730499 30.289053656329976 31.9925754091791 6.617473550004911 45.08108855524392 178.40295776448858 132.53347197568655 90.14770881269372 0.0 0.0 0.26506694395137476 0.18056724196677482 7.974981353730499 30.289053656329976 31.9925754091791 6.617473550004911 
500.000560240227 0.0 31.94257577895962 0.0 15.873475205619437 0.007330750433593 0.19843431375535936 0.007330750433593 0.19843431375535936 7.919564594942421 30.345701236707683 30.898947964258422 6.544156791943803 45.08108855524392 178.70796187078625 132.53347197568655 91.15413823503687 0.0 0.0 0.26506694395137476 0.1827965904814963 7.919564594942421 30.345701236707683 30.898947964258422 6.544156791943803 
#####################################################################
# End of data export. Simulation finished at: 2019-02-19T15:43+0000 #
#####################################################################
