#####################################################################
# Alchemist log file - simulation started at: 2019-09-21T18:18+0000 #
#####################################################################
# seed = 120.0, stage_width = 200
#
# The columns have the following meaning: 
# time rep-bcast[Sum] rep-ccast[Sum] share-bcast[Sum] share-ccast[Sum] rep-bcast-single[Sum] rep-ccast-single[Sum] share-bcast-single[Sum] share-ccast-single[Sum] 
0.0 NaN NaN NaN NaN NaN NaN NaN NaN 
1.0004979088368307 NaN NaN NaN NaN NaN NaN NaN NaN 
2.0004979088368304 NaN NaN 1.042481092625861 1.071014043945001 NaN NaN 1.042481092625861 NaN 
3.0004979088368313 1.7256507816176623 NaN 0.5930532052326083 0.8356822082332842 1.7256507816176623 NaN 0.5930532052326083 0.8356822082332842 
4.000192755194243 3.2230406658917055 NaN 1.34487736503256 0.6722995206586893 3.2230406658917055 NaN 1.34487736503256 0.6722995206586893 
5.000497908836833 3.2230406658917055 NaN 1.34487736503256 0.6722995206586893 3.2230406658917055 NaN 1.34487736503256 0.6722995206586893 
6.000231745826436 3.413022401688268 NaN 0.7913566176301066 4.4382455524772535 3.413022401688268 2.7741783032996445 0.7913566176301066 NaN 
7.0000447653802205 3.413022401688268 3.2362937556194096 0.7913566176301066 1.4151730973916195 3.413022401688268 3.2362937556194096 0.7913566176301066 NaN 
8.000323518845576 3.982249128359787 2.7331752685472877 1.4182548933990669 2.7331752685472877 3.982249128359787 2.7331752685472877 1.4182548933990669 1.9138696701271396 
9.00049790883683 3.759202063735245 2.7331752685472877 1.0539757759779986 2.7331752685472877 3.759202063735245 2.7331752685472877 1.0539757759779986 1.9138696701271396 
10.000497908836827 3.490189448107671 4.317994378522689 0.5873681669766011 1.484566387732003 3.490189448107671 4.317994378522689 0.5873681669766011 1.484566387732003 
11.000497908836824 4.42917889420935 3.835940544023596 0.8403706480191602 NaN 4.42917889420935 3.835940544023596 0.8403706480191602 NaN 
12.00049790883682 4.99872119614262 3.1072160712006607 0.5995025828090395 1.050015124124977 4.99872119614262 3.1072160712006607 0.5995025828090395 1.050015124124977 
13.000083285549692 3.125628258769371 2.8805428490002427 0.5492555215661135 NaN 3.125628258769371 2.8805428490002427 0.5492555215661135 NaN 
14.000497908836813 2.7743167795517625 3.5782439043803844 0.8028030957774295 NaN 2.7743167795517625 3.5782439043803844 0.8028030957774295 NaN 
15.00049790883681 2.4349798430703107 3.981820746984134 0.8457405089165828 NaN 2.4349798430703107 3.981820746984134 0.8457405089165828 NaN 
16.000269115759814 2.6868735109920614 3.981820746984134 0.6466061669064906 NaN 2.6868735109920614 3.981820746984134 0.6466061669064906 NaN 
17.00029531894706 4.012368490704514 4.3282189918708 0.7732246252308066 1.2990627236712662 4.012368490704514 4.3282189918708 0.7732246252308066 1.2990627236712662 
18.00000640221276 4.012368490704514 4.3282189918708 0.7732246252308066 1.2990627236712662 4.012368490704514 4.3282189918708 0.7732246252308066 1.2990627236712662 
19.000497908836795 3.19376105670824 4.582086790530292 1.2480921661304833 1.3725213956032078 3.19376105670824 4.582086790530292 1.2480921661304833 1.3725213956032078 
20.000497908836792 3.820513077033013 3.139287315635144 0.44915056779780116 3.139287315635144 3.820513077033013 3.139287315635144 0.44915056779780116 1.376477973915108 
21.00049790883679 3.9153700065438954 2.4490144309020963 0.21826340951131584 NaN 3.9153700065438954 2.4490144309020963 0.21826340951131584 NaN 
22.000140923852715 3.728530104064596 2.828605218253198 1.4303771586764107 0.5274491881928505 3.728530104064596 2.828605218253198 1.4303771586764107 0.5274491881928505 
23.00044418214648 4.437992813807632 2.828605218253198 0.7537438864840951 0.5274491881928505 4.437992813807632 2.828605218253198 0.7537438864840951 0.5274491881928505 
24.000322384310504 3.8688037055022555 2.276749844492226 1.4101712665799155 1.6363664602610406 3.8688037055022555 2.276749844492226 1.4101712665799155 NaN 
25.000497908836774 4.2337509741463215 3.5223017932561334 0.4931857713788723 2.881918409024948 4.2337509741463215 3.5223017932561334 0.4931857713788723 NaN 
26.00049790883677 4.057625553696788 4.275507085069904 1.7031563328646904 NaN 4.057625553696788 4.275507085069904 1.7031563328646904 NaN 
27.00049188193808 4.057625553696788 3.5457499845896336 1.7031563328646904 NaN 4.057625553696788 3.5457499845896336 1.7031563328646904 NaN 
28.000497908836763 4.193192082006355 3.8157476910157158 0.34618810290499624 NaN 4.193192082006355 3.8157476910157158 0.34618810290499624 NaN 
29.000375020616023 4.115863981101594 4.685599829132553 0.42222113272887185 NaN 4.115863981101594 4.685599829132553 0.42222113272887185 NaN 
30.00019532338565 4.082479583495804 3.8520699716104296 0.9125732730512013 1.4393623233735262 4.082479583495804 3.8520699716104296 0.9125732730512013 1.4393623233735262 
31.00046364263128 3.4932648842408796 5.01703064439468 0.5394906101032113 1.2441187177186102 3.4932648842408796 5.01703064439468 0.5394906101032113 1.2441187177186102 
32.00049790883675 3.470650354326736 5.01703064439468 0.4441062254400876 1.2441187177186102 3.470650354326736 5.01703064439468 0.4441062254400876 1.2441187177186102 
33.00049790883676 3.520326959242521 2.7502331175751316 1.3636349684727094 1.0620081744164338 3.520326959242521 2.7502331175751316 1.3636349684727094 1.0620081744164338 
34.000475316637434 3.664362175202317 3.26971047418305 0.9932871025615455 1.2806054430293017 3.664362175202317 3.26971047418305 0.9932871025615455 1.2806054430293017 
35.000063565754715 3.047480672188911 3.3713892881129084 0.4032402606868999 2.4518605450802866 3.047480672188911 3.3713892881129084 0.4032402606868999 0.768014841364085 
36.000497908836806 3.329114941717208 3.3713892881129084 1.0197338280207333 2.4518605450802866 3.329114941717208 3.3713892881129084 1.0197338280207333 0.768014841364085 
37.00049790883682 4.3963216138235595 4.660399338360563 0.7979304498794306 NaN 4.3963216138235595 4.660399338360563 0.7979304498794306 2.0570248916117393 
38.000497908836834 4.3963216138235595 3.6867984421952116 0.7979304498794306 0.28376393093319763 4.3963216138235595 3.6867984421952116 0.7979304498794306 3.1387192724243675 
39.00049790883685 4.644724217411117 3.562654723275351 1.1027646842998493 0.460577920114865 4.644724217411117 3.562654723275351 1.1027646842998493 0.460577920114865 
40.00044110853313 3.8474804483007716 4.510725974899621 0.25437221144915867 1.4086491717391354 3.8474804483007716 4.510725974899621 0.25437221144915867 1.4086491717391354 
41.00049790883688 2.5827773877035867 5.102352016614354 0.3161245165005724 2.000275213453868 2.5827773877035867 5.102352016614354 0.3161245165005724 NaN 
42.00013670179593 3.0481346545703047 5.839135182836557 0.7716541950090985 2.7370583796760712 3.0481346545703047 5.839135182836557 0.7716541950090985 NaN 
43.000497908836905 2.678663029060367 4.017877199110487 0.6610610434037483 0.509164624425317 2.678663029060367 4.017877199110487 0.6610610434037483 0.509164624425317 
44.00049790883692 2.678663029060367 3.139865842296018 0.6610610434037483 0.8926730937604503 2.678663029060367 3.139865842296018 0.6610610434037483 0.8926730937604503 
45.000497908836934 3.9243103146150418 4.260542636534701 0.7378046745681175 2.414851445037826 3.9243103146150418 4.260542636534701 0.7378046745681175 2.414851445037826 
46.00049790883695 3.215201770669168 3.198908958443276 1.3095149500566592 0.44775439587602506 3.215201770669168 3.198908958443276 1.3095149500566592 0.44775439587602506 
47.00045556800552 3.246160934804948 4.18175401419245 0.939925070122122 0.8588891761366568 3.246160934804948 4.18175401419245 0.939925070122122 0.8588891761366568 
48.000058911129074 4.271178944368977 2.730832954290598 0.9820980239369774 0.31813547872842207 4.271178944368977 2.730832954290598 0.9820980239369774 0.31813547872842207 
49.00049790883699 2.8114026140457895 3.3235796578812753 0.5283240556312165 NaN 2.8114026140457895 3.3235796578812753 0.5283240556312165 NaN 
50.000497908837005 3.8215939588683767 4.226678660291157 0.3740584213745848 NaN 3.8215939588683767 4.226678660291157 0.3740584213745848 NaN 
51.00049790883702 3.747888311177178 4.528960956036954 0.38009882702267817 NaN 3.747888311177178 4.528960956036954 0.38009882702267817 NaN 
52.00049790883703 3.0682939947977275 5.111703832060968 0.4642006301084294 NaN 3.0682939947977275 5.111703832060968 0.4642006301084294 NaN 
53.00004957444178 3.7620822555877567 6.817504189867066 0.2681577236019663 NaN 3.7620822555877567 6.817504189867066 0.2681577236019663 NaN 
54.00049790883706 2.5801498352501113 2.6847654353431807 1.1075757919296052 0.2620443500891412 2.5801498352501113 2.6847654353431807 1.1075757919296052 0.2620443500891412 
55.000497908837076 2.9669796209490755 3.0791008786360905 0.7075283116338369 1.5458945495184224 2.9669796209490755 3.0791008786360905 0.7075283116338369 1.5458945495184224 
56.00049790883709 3.021242490039455 3.35516636093476 0.3677721485914276 0.602081594497271 3.021242490039455 3.35516636093476 0.3677721485914276 0.602081594497271 
57.000497908837104 4.571006776242633 3.35516636093476 0.9476826917059071 0.602081594497271 4.571006776242633 3.35516636093476 0.9476826917059071 0.602081594497271 
58.00049790883712 4.054223516760345 3.7750653713080524 0.5412024955414338 0.3116343869950242 4.054223516760345 3.7750653713080524 0.5412024955414338 0.3116343869950242 
59.000089926932596 3.6739358320775324 3.679695185057618 0.5705625348153589 0.33299997993110964 3.6739358320775324 3.679695185057618 0.5705625348153589 0.33299997993110964 
60.00018646778065 3.6739358320775324 4.651275286964001 0.5705625348153589 1.3045800818374929 3.6739358320775324 4.651275286964001 0.5705625348153589 NaN 
61.00049790883716 2.859886045215447 2.5629281196885856 1.0141034678365202 2.5629281196885856 2.859886045215447 2.5629281196885856 1.0141034678365202 NaN 
62.00042581696095 3.132691072315623 3.7632273784817727 0.9027629325581472 NaN 3.132691072315623 3.7632273784817727 0.9027629325581472 NaN 
63.000319618962244 3.78603420803924 3.803793973410883 1.3273869113949601 NaN 3.78603420803924 3.803793973410883 1.3273869113949601 NaN 
64.0004979088372 3.78603420803924 5.198319335564456 1.3273869113949601 NaN 3.78603420803924 5.198319335564456 1.3273869113949601 NaN 
65.00032160771175 3.868397948249985 5.198319335564456 0.3294442176276462 NaN 3.868397948249985 5.198319335564456 0.3294442176276462 NaN 
66.00049790883723 2.8467468493879053 6.553151473412143 1.4522214872343326 1.0253879202200409 2.8467468493879053 6.553151473412143 1.4522214872343326 1.0253879202200409 
67.00049790883725 4.33397471285182 7.837863045527996 0.29990564073470694 1.1873222227292075 4.33397471285182 7.837863045527996 0.29990564073470694 NaN 
68.00012030079996 5.038698290521403 8.768260872968852 1.0046292184042898 NaN 5.038698290521403 8.768260872968852 1.0046292184042898 NaN 
69.00049790883727 4.48119574875404 NaN 0.9112542113496431 NaN 4.48119574875404 NaN 0.9112542113496431 NaN 
70.00049790883729 4.041459806556645 4.294815605506244 0.9940641423557111 0.3507451483362445 4.041459806556645 4.294815605506244 0.9940641423557111 0.3507451483362445 
71.0004979088373 4.365554391447446 5.198935629408311 0.353940984768343 0.3030890154613388 4.365554391447446 5.198935629408311 0.353940984768343 0.3030890154613388 
72.00049790883732 3.996285694053597 3.679498407172318 0.242555895917846 0.31857323412916116 3.996285694053597 3.679498407172318 0.242555895917846 0.31857323412916116 
73.00049790883733 4.836468759045587 3.098567687374228 1.0827389609098361 1.4897615303675735 4.836468759045587 3.098567687374228 1.0827389609098361 1.4897615303675735 
74.00043050840569 3.9602083374025483 2.4806272319891036 1.212385798364565 1.6404441669971135 3.9602083374025483 2.4806272319891036 1.212385798364565 1.6404441669971135 
75.0003950811536 3.9642007857734 3.463990447838725 0.5685034389689463 2.623807382846735 3.9642007857734 3.463990447838725 0.5685034389689463 1.3229722491535938 
76.00040682938298 4.411047310308149 3.463990447838725 0.7045009665515778 2.623807382846735 4.411047310308149 3.463990447838725 0.7045009665515778 1.3229722491535938 
77.0000760404891 3.0269407773226504 4.755340445397636 0.7522275639141185 2.6143222467125042 3.0269407773226504 4.755340445397636 0.7522275639141185 2.6143222467125042 
78.0004979088374 3.0269407773226504 6.136211907761407 0.7522275639141185 NaN 3.0269407773226504 6.136211907761407 0.7522275639141185 NaN 
79.00011492577028 4.010977914479071 8.732348564046347 1.338756454556389 0.8996112328490256 4.010977914479071 8.732348564046347 1.338756454556389 0.8996112328490256 
80.00049790883743 3.65706582462785 5.111368783555832 0.2519068155116031 1.5459212535932494 3.65706582462785 5.111368783555832 0.2519068155116031 1.5459212535932494 
81.00049790883745 NaN NaN NaN NaN NaN NaN NaN NaN 
82.00049790883746 NaN NaN 0.6968690006979728 NaN NaN NaN 0.6968690006979728 0.5877313337162633 
83.00008891788379 NaN NaN 0.48836303171860607 0.5068778165965142 NaN NaN 0.48836303171860607 0.5068778165965142 
84.00049790883749 2.9703557799598457 NaN 0.6905145972304894 1.2571621020441057 2.9703557799598457 NaN 0.6905145972304894 1.2571621020441057 
85.0000510298619 2.9703557799598457 NaN 0.6905145972304894 1.211537304865061 2.9703557799598457 4.363003577349886 0.6905145972304894 2.4089297186920646 
86.00042755503455 3.9053724896270694 NaN 1.080927656442313 0.6366146863664284 3.9053724896270694 3.3553183896853227 1.080927656442313 0.6366146863664284 
87.00047322552727 2.780892731968322 NaN 0.6827364443271051 0.42261476321000657 2.780892731968322 4.460669597222434 0.6827364443271051 1.74196589390354 
88.00049790883754 2.780892731968322 NaN 0.6827364443271051 1.2653224678149968 2.780892731968322 5.303377301827425 0.6827364443271051 2.5846735985085303 
89.00049790883756 3.986562617911474 NaN 1.1636690675656212 2.296436518096641 3.986562617911474 5.137098938282065 1.1636690675656212 NaN 
90.00034832397372 3.4710677071415006 NaN 0.4918947447177544 NaN 3.4710677071415006 7.3401882983994255 0.4918947447177544 NaN 
91.00048019041918 2.9416231576556697 NaN 0.27541826707764017 NaN 2.9416231576556697 NaN 0.27541826707764017 NaN 
92.00034039611232 2.9416231576556697 NaN 0.27541826707764017 0.6176051018762934 2.9416231576556697 NaN 0.27541826707764017 0.6176051018762934 
93.00049790883762 3.34566198291607 NaN 0.8175477736657513 NaN 3.34566198291607 NaN 0.8175477736657513 NaN 
94.00042793147576 2.9522820079921672 NaN 0.4661990907986109 NaN 2.9522820079921672 NaN 0.4661990907986109 NaN 
95.00048240562049 3.2226155123139364 NaN 0.8188567899724291 NaN 3.2226155123139364 NaN 0.8188567899724291 NaN 
96.00049790883766 3.2226155123139364 6.397731267291817 0.8188567899724291 NaN 3.2226155123139364 6.397731267291817 0.8188567899724291 NaN 
97.00028925488374 3.829416295387688 7.069528099534622 0.37707953286921736 NaN 3.829416295387688 7.069528099534622 0.37707953286921736 NaN 
98.00020044909051 3.6898641481806607 8.049490103216257 1.06031423552011 1.2746793030552226 3.6898641481806607 8.049490103216257 1.06031423552011 NaN 
99.0004379734457 4.083521218365135 9.033975499348287 0.4576069683131294 NaN 4.083521218365135 9.033975499348287 0.4576069683131294 NaN 
100.00049790883772 3.669210477893273 NaN 0.7680611217042213 NaN 3.669210477893273 NaN 0.7680611217042213 NaN 
101.00030467161662 3.669210477893273 4.261318245567935 0.7680611217042213 0.2973904683010744 3.669210477893273 NaN 0.7680611217042213 0.2973904683010744 
102.00014753399003 2.92867890942874 5.594584841642273 0.9265253630480572 NaN 2.92867890942874 5.594584841642273 0.9265253630480572 NaN 
103.00030780139217 3.5076467365993267 6.600113426217845 1.1089285505196926 NaN 3.5076467365993267 NaN 1.1089285505196926 NaN 
104.00035357201163 3.5076467365993267 3.764824978834966 1.1089285505196926 NaN 3.5076467365993267 3.764824978834966 1.1089285505196926 NaN 
105.00049790883779 3.661097128996346 4.973967074121461 1.2038954907288542 0.8966266049113614 3.661097128996346 4.973967074121461 1.2038954907288542 0.8966266049113614 
106.0004979088378 3.661097128996346 4.973967074121461 1.2038954907288542 0.8966266049113614 3.661097128996346 4.973967074121461 1.2038954907288542 0.8966266049113614 
107.00049790883781 2.9383367795586253 6.189463585011694 1.2570595877202493 2.1121231158015945 2.9383367795586253 6.189463585011694 1.2570595877202493 2.1121231158015945 
108.00049790883783 3.9742467825383727 2.9839587644140977 1.0774730798097636 2.9839587644140977 3.9742467825383727 2.9839587644140977 1.0774730798097636 2.9839587644140977 
109.00031111576371 3.9751960938476003 4.916587171362039 0.6863759251099992 0.7998133894736981 3.9751960938476003 4.916587171362039 0.6863759251099992 0.7998133894736981 
110.00049790883786 3.9751960938476003 4.916587171362039 0.6863759251099992 0.7998133894736981 3.9751960938476003 4.916587171362039 0.6863759251099992 0.7998133894736981 
111.000037412012 4.060230999900142 5.092654810377155 1.2557669443396975 1.112212111971914 4.060230999900142 5.092654810377155 1.2557669443396975 1.112212111971914 
112.00049790883789 4.1170863823782895 3.0666284188733357 1.1170103360615116 NaN 4.1170863823782895 3.0666284188733357 1.1170103360615116 1.0110480850599401 
113.00048104136629 3.921278510418631 4.0592680008477515 0.9233230833059167 NaN 3.921278510418631 4.0592680008477515 0.9233230833059167 2.003687667034356 
114.00049790883791 3.265889062851855 5.278969251853098 1.073882090846638 NaN 3.265889062851855 5.278969251853098 1.073882090846638 NaN 
115.00049790883793 4.055622076223528 3.28097032672936 0.6439138532129647 1.1320915999390166 4.055622076223528 3.28097032672936 0.6439138532129647 1.1320915999390166 
116.00004275456195 4.013418237541913 4.281501738995431 0.8148049647818425 NaN 4.013418237541913 4.281501738995431 0.8148049647818425 NaN 
117.00021267742848 3.4246566162628227 3.4281353571050204 0.5374173991772153 0.3137850703278815 3.4246566162628227 3.4281353571050204 0.5374173991772153 0.3137850703278815 
118.00007690353924 3.4865334683197915 4.225580414194766 0.39304465406404177 0.6551046377732348 3.4865334683197915 4.225580414194766 0.39304465406404177 0.6551046377732348 
119.00049790883799 2.428880051015909 4.434923428603909 0.2372819862846427 0.6060313737167746 2.428880051015909 4.434923428603909 0.2372819862846427 0.6060313737167746 
120.000497908838 2.428880051015909 3.32521833665011 0.2372819862846427 0.9776301951670234 2.428880051015909 3.32521833665011 0.2372819862846427 0.9776301951670234 
121.00049790883801 2.731669078910926 3.32521833665011 0.5176808696784434 0.9776301951670234 2.731669078910926 3.32521833665011 0.5176808696784434 0.9776301951670234 
122.00049790883803 3.668450718339969 3.1333245044096003 1.4544625091074863 0.7947000795627162 3.668450718339969 3.1333245044096003 1.4544625091074863 NaN 
123.00025214771115 4.554453019295281 3.9630933767968344 1.0280838608216385 0.6449983715670129 4.554453019295281 3.9630933767968344 1.0280838608216385 0.6449983715670129 
124.00049790883806 3.294339813748522 4.780341623666004 0.30887663211871086 2.3482489193914944 3.294339813748522 4.780341623666004 0.30887663211871086 1.4622466184361826 
125.00010906409318 4.426331494348958 4.645202448112926 0.6236200658499769 0.7365518234424115 4.426331494348958 4.645202448112926 0.6236200658499769 0.7365518234424115 
126.00003738919327 3.339320204329539 3.6783788369515236 0.5036515638053203 1.592512152665364 3.339320204329539 3.6783788369515236 0.5036515638053203 2.7245038332658 
127.0004979088381 3.1638869742419047 4.333384363192465 0.2927492294856222 1.0073142916585738 3.1638869742419047 4.333384363192465 0.2927492294856222 1.0073142916585738 
128.00011081958013 3.1638869742419047 5.277198073003916 0.2927492294856222 0.6510644803258288 3.1638869742419047 5.277198073003916 0.2927492294856222 0.6510644803258288 
129.00049790883804 2.54848287268959 4.261968370300224 0.9496636366371973 1.721701461908296 2.54848287268959 4.261968370300224 0.9496636366371973 1.721701461908296 
130.00049790883799 3.550290159466371 5.091689205761213 0.7061186326114637 0.9506941804062592 3.550290159466371 5.091689205761213 0.7061186326114637 0.9506941804062592 
131.00049790883793 3.550290159466371 6.2825750502349536 0.7061186326114637 1.0166172422890156 3.550290159466371 6.2825750502349536 0.7061186326114637 1.0166172422890156 
132.00034898307058 3.922297268828416 7.221555430098505 0.8310536073112189 1.9555976221525668 3.922297268828416 7.221555430098505 0.8310536073112189 1.9555976221525668 
133.00049790883781 3.6856972387682845 3.2266514219556086 0.7261101789700035 NaN 3.6856972387682845 3.2266514219556086 0.7261101789700035 NaN 
134.00049790883776 4.598690311060324 3.5007655648871037 0.3680494514590009 0.437914721899233 4.598690311060324 3.5007655648871037 0.3680494514590009 0.437914721899233 
135.0004979088377 2.239417553920589 4.717729080149212 0.20098924258871875 NaN 2.239417553920589 4.717729080149212 0.20098924258871875 NaN 
136.00014980165685 2.670430992318529 5.552178654810206 0.647503303698187 NaN 2.670430992318529 5.552178654810206 0.647503303698187 NaN 
137.0004979088376 2.1886065106261867 3.191133957684343 0.7610445354281126 0.8887524168248149 2.1886065106261867 3.191133957684343 0.7610445354281126 0.8887524168248149 
138.00005034275404 2.8076930147336157 3.664029147845895 0.38905404051905634 0.46421297516391746 2.8076930147336157 3.664029147845895 0.38905404051905634 0.46421297516391746 
139.00049790883747 3.446731827658226 3.3230280825558225 0.31065001606521037 1.1628383715203938 3.446731827658226 3.3230280825558225 0.31065001606521037 1.1628383715203938 
140.00005146719215 3.308734309833426 4.293291003325777 0.8744586441024182 0.6596129047047441 3.308734309833426 4.293291003325777 0.8744586441024182 0.6596129047047441 
141.00049790883736 2.9302501090532473 5.548534655685586 0.8636060574766873 NaN 2.9302501090532473 5.548534655685586 0.8636060574766873 1.914856557064553 
142.0004979088373 2.9302501090532473 2.796309151832787 0.8636060574766873 0.8753344552012265 2.9302501090532473 2.796309151832787 0.8636060574766873 0.8753344552012265 
143.00037292321915 2.2100827519307416 3.158923395468605 0.4711422392528277 0.4552806324201981 2.2100827519307416 3.158923395468605 0.4711422392528277 0.4552806324201981 
144.0004979088372 3.313385758762905 3.979182745066595 0.6480223744119655 1.2755399820181879 3.313385758762905 3.979182745066595 0.6480223744119655 1.2755399820181879 
145.00046588162553 3.401066106532369 5.418155957454871 0.7729312904931191 0.6660419218951574 3.401066106532369 5.418155957454871 0.7729312904931191 0.6660419218951574 
146.00049790883708 2.9736943087634415 5.418155957454871 0.7144617467771752 0.6660419218951574 2.9736943087634415 5.418155957454871 0.7144617467771752 0.6660419218951574 
147.00049790883702 3.2485553406177985 3.6047371843233122 0.6562062700262743 0.18394486851948955 3.2485553406177985 3.6047371843233122 0.6562062700262743 0.18394486851948955 
148.00049790883696 3.749218134553132 4.5977088876549885 1.0664984989329014 1.1769165718511658 3.749218134553132 4.5977088876549885 1.0664984989329014 1.1769165718511658 
149.0004979088369 3.5846599841645173 4.5977088876549885 0.5981612840838295 1.1769165718511658 3.5846599841645173 4.5977088876549885 0.5981612840838295 1.1769165718511658 
150.0000504954441 3.2597357640784423 3.4259686308054427 1.4266129222010022 0.5557703934181006 3.2597357640784423 3.4259686308054427 1.4266129222010022 0.5557703934181006 
151.00014719802283 3.3042990439097935 2.9748995795525843 1.157395663076187 2.9748995795525843 3.3042990439097935 2.9748995795525843 1.157395663076187 1.6218134529528072 
152.00019081936665 3.3654074044612514 2.9748995795525843 0.316981029307442 2.9748995795525843 3.3654074044612514 2.9748995795525843 0.316981029307442 1.6218134529528072 
153.00016343269593 2.233928609715491 4.077421564177342 0.3104361936475186 0.785540955317316 2.233928609715491 4.077421564177342 0.3104361936475186 0.785540955317316 
154.00049790883662 3.19098597599222 3.818797129417476 1.2674935599242474 NaN 3.19098597599222 2.934082711040361 1.2674935599242474 NaN 
155.00049790883656 3.4784604579156735 3.925606355933951 0.28995313655741484 0.8184917768092532 3.4784604579156735 3.925606355933951 0.28995313655741484 0.8184917768092532 
156.00045610345646 3.6918246098640566 3.5513745019387954 0.5777489599893499 0.16998608572225749 3.6918246098640566 3.5513745019387954 0.5777489599893499 0.16998608572225749 
157.00049790883645 3.317854522445515 4.505527955008773 0.5505055186991115 0.4036479343708663 3.317854522445515 4.505527955008773 0.5505055186991115 0.4036479343708663 
158.00007475043935 3.5438872852831196 4.583826636879962 0.8139084733603283 1.4390039825187841 3.5438872852831196 4.583826636879962 0.8139084733603283 1.4390039825187841 
159.00049790883634 3.358081837313165 3.148250911574337 0.6208372903836619 0.36791803425052194 3.358081837313165 3.148250911574337 0.6208372903836619 0.36791803425052194 
160.00011471850698 2.9926364919168407 4.112275431815732 0.968525119134739 1.331942554491917 2.9926364919168407 4.112275431815732 0.968525119134739 1.331942554491917 
161.00049790883622 2.9926364919168407 4.112275431815732 0.968525119134739 1.331942554491917 2.9926364919168407 4.112275431815732 0.968525119134739 1.331942554491917 
162.00049790883617 2.946130823785495 5.3747201885377365 0.7196615468220955 1.2579441578286605 2.946130823785495 5.3747201885377365 0.7196615468220955 1.2579441578286605 
163.0004979088361 3.9942020977856316 5.281760474123331 0.4096499269896583 0.07735547691592615 3.9942020977856316 5.281760474123331 0.4096499269896583 0.07735547691592615 
164.00049790883605 4.108939081164465 2.749359091021745 1.0014060267043021 1.0170166054588208 4.108939081164465 2.749359091021745 1.0014060267043021 1.0170166054588208 
165.000497908836 4.49135639457873 3.469134956861865 0.4441622115756729 1.7367924712989407 4.49135639457873 3.469134956861865 0.4441622115756729 0.6580309676787124 
166.00049790883594 2.9621508038345326 3.728126132802231 0.8157084055459336 NaN 2.9621508038345326 3.728126132802231 0.8157084055459336 1.6012933551818662 
167.00049790883588 3.5354098534422462 4.683301166160959 0.9327104715560779 1.0827290153159481 3.5354098534422462 4.683301166160959 0.9327104715560779 1.0827290153159481 
168.00010739866272 3.315068470059714 3.8235055807343485 0.1495938570040778 1.2895017539964044 3.315068470059714 3.8235055807343485 0.1495938570040778 1.2895017539964044 
169.00049790883577 2.451480842773975 4.643320606326057 0.36462862498851223 0.6702211685876307 2.451480842773975 4.643320606326057 0.36462862498851223 0.6702211685876307 
170.0004979088357 2.885598596156143 4.146690842762524 1.2949634760103095 3.086426389249226 2.885598596156143 4.146690842762524 1.2949634760103095 3.086426389249226 
171.00009216491918 3.0972778943170454 2.9337516905901566 0.7172496355719602 NaN 3.0972778943170454 2.9337516905901566 0.7172496355719602 NaN 
172.00012175930567 2.9677526587111913 3.745962674495587 0.7042221367086654 0.7982786371826194 2.9677526587111913 3.745962674495587 0.7042221367086654 0.7982786371826194 
173.00026984262215 3.222352636735053 4.375916260802882 0.4937671541809152 0.7379424335040596 3.222352636735053 4.375916260802882 0.4937671541809152 0.7379424335040596 
174.000064200524 3.222352636735053 2.6946152846594202 0.4937671541809152 2.6946152846594202 3.222352636735053 2.6946152846594202 0.4937671541809152 2.6946152846594202 
175.00049790883543 2.432362888122327 3.576147992712862 0.5360262406455263 NaN 2.432362888122327 3.576147992712862 0.5360262406455263 NaN 
176.00047976884522 3.0376125273043044 4.828435886931828 0.8896967580813566 0.36259113613760974 3.0376125273043044 4.828435886931828 0.8896967580813566 0.36259113613760974 
177.00048377911622 2.9477958965312325 5.644255780506256 0.8139752942588245 1.1784110297120378 2.9477958965312325 5.644255780506256 0.8139752942588245 1.1784110297120378 
178.00012888184366 2.7368456020853102 6.847232958507163 0.6687378142919158 0.5342393637089913 2.7368456020853102 6.847232958507163 0.6687378142919158 0.5342393637089913 
179.0004979088352 2.5182856936066287 3.34542839686182 0.4994886220312935 0.4645515671175815 2.5182856936066287 3.34542839686182 0.4994886220312935 0.4645515671175815 
180.00017316906542 3.3741132850459223 4.457813654575972 0.39127602432171216 1.5769368248317335 3.3741132850459223 4.457813654575972 0.39127602432171216 1.5769368248317335 
181.0004979088351 4.312718536724674 4.457813654575972 1.0333159118607398 1.5769368248317335 4.312718536724674 4.457813654575972 1.0333159118607398 1.5769368248317335 
182.00049790883503 3.869367803885524 5.161590644230273 0.5741900969013329 0.8470275081899956 3.869367803885524 5.161590644230273 0.5741900969013329 NaN 
183.00049790883497 4.110014724938907 5.161590644230273 1.1172860471740194 0.8470275081899956 4.110014724938907 5.161590644230273 1.1172860471740194 NaN 
184.00049790883492 2.7257210138490677 3.1296799390611056 0.7459932437336647 1.1653663836970907 2.7257210138490677 3.1296799390611056 0.7459932437336647 1.1653663836970907 
185.00049790883486 3.800710219510677 4.103171104546874 0.8564666287099953 1.192013742437382 3.800710219510677 4.103171104546874 0.8564666287099953 1.192013742437382 
186.00044065327228 4.072472026627821 3.898480578457992 0.8163284302709428 1.746949661510257 4.072472026627821 3.898480578457992 0.8163284302709428 1.746949661510257 
187.00049790883475 3.9083973625606916 3.7822464924817893 0.3270014330907145 0.8270605130279876 3.9083973625606916 3.7822464924817893 0.3270014330907145 0.8270605130279876 
188.00026078941332 3.9083973625606916 2.9031037724898567 0.3270014330907145 0.8156888593244389 3.9083973625606916 2.9031037724898567 0.3270014330907145 0.8156888593244389 
189.00049790883463 3.0721789167538134 2.881802584679434 0.2860996810397296 0.6259520981965636 3.0721789167538134 2.881802584679434 0.2860996810397296 0.6259520981965636 
190.00049790883457 3.8241662084980135 3.4557918048662657 0.6809711126205116 1.1999413183833951 3.8241662084980135 3.4557918048662657 0.6809711126205116 1.1999413183833951 
191.00002410125427 1.5503998601512592 4.02030155395687 0.9764106399644277 0.7421610552448783 1.5503998601512592 4.02030155395687 0.9764106399644277 1.611589802775626 
192.00000534136598 2.750312178075859 4.849798559485407 0.45775126267972155 2.4410868083041635 2.750312178075859 4.849798559485407 0.45775126267972155 2.4410868083041635 
193.0004979088344 2.228578245248599 4.655695315263699 0.719310555953399 0.18837474018906164 2.228578245248599 4.655695315263699 0.719310555953399 0.18837474018906164 
194.00049790883435 2.798697495975489 2.5035796580640977 1.0615151943044907 NaN 2.798697495975489 2.5035796580640977 1.0615151943044907 NaN 
195.0004979088343 2.7810631009879785 2.9905097670649923 0.6492291857726968 NaN 2.7810631009879785 2.9905097670649923 0.6492291857726968 NaN 
196.00049790883423 1.8580692070229645 3.1208650060241894 1.37113909802207 0.5699451120457297 1.8580692070229645 3.1208650060241894 1.37113909802207 0.5699451120457297 
197.00049790883418 3.035453145476538 2.2401536103442083 1.3271114987142312 1.0313135890939407 3.035453145476538 2.2401536103442083 1.3271114987142312 2.2401536103442083 
198.00049790883412 3.5644462325504094 3.058004900320981 0.34414225545762633 1.8491648790707131 3.5644462325504094 3.058004900320981 0.34414225545762633 3.058004900320981 
199.00049790883406 3.5644462325504094 3.3869101630269256 0.34414225545762633 0.4739303561921986 3.5644462325504094 3.3869101630269256 0.34414225545762633 0.4739303561921986 
200.00039712824972 3.5373713324899825 4.118634218061743 0.7204062815087866 1.205654411227016 3.5373713324899825 4.118634218061743 0.7204062815087866 1.205654411227016 
201.000023877235 NaN NaN NaN NaN NaN NaN NaN NaN 
202.00000572912631 NaN NaN 0.30550736234533815 NaN NaN NaN 0.30550736234533815 NaN 
203.00049790883384 2.484717990041645 NaN 0.32746373299971765 0.7845077382885961 2.484717990041645 NaN 0.32746373299971765 0.7845077382885961 
204.00049790883378 3.1617161394413245 NaN 1.0044618823993972 1.9346418569668629 3.1617161394413245 NaN 1.0044618823993972 1.9346418569668629 
205.00049790883372 2.918091358020604 NaN 0.6779421387084028 0.685964068657114 2.918091358020604 NaN 0.6779421387084028 0.685964068657114 
206.00049790883367 4.13420696171346 NaN 0.530151535035742 0.685964068657114 4.13420696171346 NaN 0.530151535035742 0.685964068657114 
207.0004979088336 3.9030384697039437 NaN 1.3889981436601602 NaN 3.9030384697039437 NaN 1.3889981436601602 2.0318736699819056 
208.00049790883355 3.8426281014543804 NaN 1.132812292764072 NaN 3.8426281014543804 4.415486533994454 1.132812292764072 NaN 
209.0004979088335 3.4164576445983244 NaN 0.5105495542482572 1.441978535093284 3.4164576445983244 5.430278872826534 0.5105495542482572 1.441978535093284 
210.00049790883344 3.148460649361965 NaN 0.573669821504609 NaN 3.148460649361965 6.19315311189348 0.573669821504609 NaN 
211.00039026976225 3.5241792335077378 4.3724123833368935 1.0318054233692635 NaN 3.5241792335077378 4.3724123833368935 1.0318054233692635 NaN 
212.00049790883332 3.657417098433143 4.342377777550183 0.8019146617861566 1.1057195800206898 3.657417098433143 4.342377777550183 0.8019146617861566 1.1057195800206898 
213.00029413311742 3.586117103192265 5.367296684375759 0.685717860735366 NaN 3.586117103192265 5.367296684375759 0.685717860735366 2.1306384868462658 
214.00005729894326 3.8621684746273672 3.120103452763402 0.699724564411838 1.3286660120073464 3.8621684746273672 3.120103452763402 0.699724564411838 1.3286660120073464 
215.00049790883315 4.441850455547893 4.093325803214441 0.2899415794152276 1.2629627519563371 4.441850455547893 4.093325803214441 0.2899415794152276 2.301888362458385 
216.00011876563764 4.352123490151598 4.278931272937086 0.304828122315854 3.3354389293458837 4.352123490151598 4.278931272937086 0.304828122315854 3.3354389293458837 
217.00049790883304 3.1389487984531286 3.3713569593336103 1.1321758811145912 0.6757475014748024 3.1389487984531286 3.3713569593336103 1.1321758811145912 0.6757475014748024 
218.0002794510538 4.016961353009407 3.814486259167296 0.9353447951810949 NaN 4.016961353009407 3.814486259167296 0.9353447951810949 NaN 
219.00049790883293 3.614233235010744 3.814486259167296 0.48302774687925876 NaN 3.614233235010744 3.814486259167296 0.48302774687925876 NaN 
220.00049790883287 3.5985273668788693 2.9619393364954476 0.23749189136844961 0.7803528073871746 3.5985273668788693 2.9619393364954476 0.23749189136844961 0.7803528073871746 
221.0004979088328 3.5411261456498835 4.06484723904569 0.1520264080789957 1.8832607099374172 3.5411261456498835 4.06484723904569 0.1520264080789957 1.8832607099374172 
222.00034543601592 3.5896955171706963 3.6236302922566495 1.2234070603540204 1.017848941787861 3.5896955171706963 3.6236302922566495 1.2234070603540204 1.017848941787861 
223.0000726791972 3.3234628470495124 2.9617847026205197 1.0506795946324132 0.8729616310847064 3.3234628470495124 3.979629401376144 1.0506795946324132 0.8729616310847064 
224.0003117755331 3.30391746221747 3.8229724169929966 0.34636105640626624 1.7341493454571832 3.30391746221747 3.8229724169929966 0.34636105640626624 1.7341493454571832 
225.00049790883259 4.261681815992489 4.673008387357271 0.454089439817011 2.5841853158214576 4.261681815992489 4.673008387357271 0.454089439817011 2.5841853158214576 
226.00049790883253 3.2213734007423795 4.315593532924169 0.4006632373096579 1.2773187772857 3.2213734007423795 4.315593532924169 0.4006632373096579 1.2773187772857 
227.00018053611998 3.1717186643369644 2.924134639636975 0.590274476869979 NaN 3.1717186643369644 2.924134639636975 0.590274476869979 NaN 
228.00049790883241 3.415018663190466 2.826242223162211 0.9945589375114992 0.9586489690065321 3.415018663190466 2.826242223162211 0.9945589375114992 0.9586489690065321 
229.00049790883236 3.0472429280371784 3.0416706516884062 1.4983194821606673 1.1368017045035685 3.0472429280371784 3.0416706516884062 1.4983194821606673 1.1368017045035685 
230.00021858003106 3.0472429280371784 3.461926794252321 1.4983194821606673 1.0049583430851214 3.0472429280371784 3.461926794252321 1.4983194821606673 1.0049583430851214 
231.00049790883224 3.811924577567936 4.603716744637808 0.448774815021892 0.6930151353635949 3.811924577567936 4.603716744637808 0.448774815021892 0.6930151353635949 
232.0004979088322 3.8925366130469854 5.457769922416503 0.24746883741570969 0.6065843403629856 3.8925366130469854 5.457769922416503 0.24746883741570969 0.6065843403629856 
233.00049790883213 3.7783274984522848 6.3129288315115275 0.5506952497571262 0.3044636593378982 3.7783274984522848 6.3129288315115275 0.5506952497571262 0.3044636593378982 
234.00049790883207 2.8520867625671826 7.2326596046063685 1.142874675693463 1.2241944324327392 2.8520867625671826 7.2326596046063685 1.142874675693463 1.2241944324327392 
235.0002574435978 3.6552337097978693 7.2326596046063685 1.0262908498293086 1.2241944324327392 3.6552337097978693 7.2326596046063685 1.0262908498293086 1.2241944324327392 
236.00049790883196 4.359540678981915 9.459440655417609 1.7305978190133544 2.639442505276918 4.359540678981915 9.459440655417609 1.7305978190133544 1.1921041702455568 
237.0004979088319 4.216038668590613 11.317759622760406 0.8938995744050828 NaN 4.216038668590613 11.317759622760406 0.8938995744050828 NaN 
238.00049790883185 2.8895608446099743 11.317759622760406 1.0312418772671776 NaN 2.8895608446099743 11.317759622760406 1.0312418772671776 NaN 
239.0004979088318 2.8895608446099743 3.71719984045032 1.0312418772671776 1.4471827947838563 2.8895608446099743 3.71719984045032 1.0312418772671776 1.4471827947838563 
240.00049790883173 3.923777923945039 4.657371903386689 0.6425234918197305 2.3873548577202257 3.923777923945039 4.657371903386689 0.6425234918197305 2.3873548577202257 
241.00040134121176 3.792111833530498 3.1241351920340037 0.6452357861876976 3.1241351920340037 3.792111833530498 3.1241351920340037 0.6452357861876976 3.1241351920340037 
242.00049790883162 2.920956417161591 2.53238724207165 1.2440040199114435 NaN 2.920956417161591 3.601860155358878 1.2440040199114435 0.24222196537181162 
243.00049790883156 2.9281627159365087 2.825799786235166 1.4419367306532536 0.6265674782779627 2.9281627159365087 2.825799786235166 1.4419367306532536 0.6265674782779627 
244.0004683316201 3.7745984959858276 3.1604562807341097 1.0430555522447094 1.7007166014586517 3.7745984959858276 3.1604562807341097 1.0430555522447094 1.7007166014586517 
245.00011528589403 2.9884986345392406 4.2285618103287845 0.6690325529006884 2.7688221310533265 2.9884986345392406 4.2285618103287845 0.6690325529006884 NaN 
246.0004979088314 4.207507260728988 2.726510914615119 0.8199356494957613 3.549698165088472 4.207507260728988 2.726510914615119 0.8199356494957613 NaN 
247.00049790883133 2.9249431857793695 3.9065519490685574 1.0759616221495492 NaN 2.9249431857793695 3.9065519490685574 1.0759616221495492 NaN 
248.00049790883128 2.526312249234792 3.941207439043211 0.5653951807462079 0.3156960892777647 2.526312249234792 3.941207439043211 0.5653951807462079 0.3156960892777647 
249.00049790883122 3.9037557098702393 3.1579734302021336 1.0617473713576828 2.1210714235132 3.9037557098702393 3.1579734302021336 1.0617473713576828 2.1210714235132 
250.00009653854386 4.666850727902386 3.1579734302021336 0.6889416482044908 2.1210714235132 4.666850727902386 3.1579734302021336 0.6889416482044908 2.1210714235132 
251.0004979088311 4.666850727902386 3.4927049417696026 0.6889416482044908 1.5582013240517938 4.666850727902386 3.4927049417696026 0.6889416482044908 1.5582013240517938 
252.00017586099636 3.8927967052395616 2.3660056316814746 0.5774581381681401 2.3660056316814746 3.8927967052395616 2.3660056316814746 0.5774581381681401 2.3660056316814746 
253.0000839627834 2.6323971118496274 3.3862423319647235 0.6919416679689618 1.1792651027689374 2.6323971118496274 3.3862423319647235 0.6919416679689618 3.4986567679324594 
254.00049790883094 3.4268625817385328 3.913881624232033 1.4864071378578672 0.5987926423304941 3.4268625817385328 3.913881624232033 1.4864071378578672 0.5987926423304941 
255.00049790883088 3.44157450282475 3.3094636599925025 0.17872480935020008 0.643791419365698 3.44157450282475 3.3094636599925025 0.17872480935020008 0.643791419365698 
256.0004979088308 4.484233256606103 3.0550992018831096 0.48798463864190467 0.39545874949695303 4.484233256606103 3.0550992018831096 0.48798463864190467 0.39545874949695303 
257.00049790883077 2.2026765243042234 3.0550992018831096 0.5858342116757171 0.39545874949695303 2.2026765243042234 3.0550992018831096 0.5858342116757171 0.39545874949695303 
258.00017773967505 3.2065075791477113 4.292351475977199 1.589665266519205 0.6514180624183723 3.2065075791477113 4.292351475977199 1.589665266519205 0.6514180624183723 
259.00049790883065 3.479808413745957 3.5659323681190926 0.46855016076631273 1.5419806531650693 3.479808413745957 3.5659323681190926 0.46855016076631273 0.5381495983215814 
260.0004979088306 3.6407151812517213 2.8440371743316746 0.2108437952443296 0.8335063604002926 3.6407151812517213 2.8440371743316746 0.2108437952443296 0.8335063604002926 
261.00023476925105 3.4913801206132007 3.8131384475187247 0.32965973551284833 0.7582574779427205 3.4913801206132007 3.8131384475187247 0.32965973551284833 0.7582574779427205 
262.0004979088305 3.677627861907524 4.9209727291687955 0.298635785903798 2.9104419152374135 3.677627861907524 4.9209727291687955 0.298635785903798 1.8660917595927913 
263.0004979088304 3.5071787321650163 3.134678259433713 1.4302431773278954 0.9699507139371235 3.5071787321650163 3.134678259433713 1.4302431773278954 0.9699507139371235 
264.0002124552527 2.3508907520273397 4.361227878218983 1.0823042521864181 NaN 2.3508907520273397 4.361227878218983 1.0823042521864181 4.361227878218983 
265.0004979088303 3.3601046836270143 3.0186981102679056 0.8649685650008223 NaN 3.3601046836270143 3.0186981102679056 0.8649685650008223 NaN 
266.00049790883025 3.1212194548127172 4.214065987905258 1.0724720584819352 1.1525970901820415 3.1212194548127172 4.214065987905258 1.0724720584819352 1.1525970901820415 
267.0000853047493 2.9013573412116216 4.214065987905258 0.8837916860287578 1.1525970901820415 2.9013573412116216 4.214065987905258 0.8837916860287578 1.1525970901820415 
268.00049790883014 3.6636023446351373 3.3506300561803073 0.4572176550536824 NaN 3.6636023446351373 3.3506300561803073 0.4572176550536824 NaN 
269.0004979088301 3.4751864845608225 4.4171155903625845 1.0909995725248791 0.6092678791285948 3.4751864845608225 4.4171155903625845 1.0909995725248791 0.6092678791285948 
270.00049790883 3.7450367217012968 5.451857147762894 0.454990595720119 1.0102275190577075 3.7450367217012968 5.451857147762894 0.454990595720119 1.0102275190577075 
271.0001446394394 3.451823175344259 3.5818023292902126 0.17504819442387998 2.1857754083955 3.451823175344259 3.5818023292902126 0.17504819442387998 2.1857754083955 
272.0004979088299 4.258977490508926 2.2414540491026287 0.22349716300982436 1.345848561061075 4.258977490508926 2.2414540491026287 0.22349716300982436 1.345848561061075 
273.00049790882986 4.059648223148827 2.6854820716467316 0.3284620209257696 1.789876583605178 4.059648223148827 2.6854820716467316 0.3284620209257696 1.789876583605178 
274.00003299065264 2.9921846705584585 3.585937682505687 1.0272598925294005 2.6903321944641334 2.9921846705584585 3.585937682505687 1.0272598925294005 2.6903321944641334 
275.0000074701294 2.5052822825778662 3.4364364678404513 0.41469437579849 0.6192999917058728 2.5052822825778662 3.4364364678404513 0.41469437579849 0.6192999917058728 
276.0000878566963 2.9416796443744033 3.9553963101054705 1.29511976013913 0.9114197816311957 2.9416796443744033 3.9553963101054705 1.29511976013913 1.9454141491355585 
277.00024557696884 3.84619721220281 3.4785825214362376 0.873523170537851 2.444588153931875 3.84619721220281 3.4785825214362376 0.873523170537851 3.4785825214362376 
278.0000419626848 4.160749546546185 3.4785825214362376 0.5553627434395025 2.444588153931875 4.160749546546185 3.4785825214362376 0.5553627434395025 3.4785825214362376 
279.0004979088295 3.2485124626957145 4.232735924353221 0.5832882153765695 NaN 3.2485124626957145 4.232735924353221 0.5832882153765695 NaN 
280.00009243954264 4.0041129140034855 4.343338793022326 0.6827967712814598 NaN 4.0041129140034855 4.343338793022326 0.6827967712814598 NaN 
281.0004979088294 3.8101524058571954 4.3568535307994125 1.030976382426104 NaN 3.8101524058571954 4.3568535307994125 1.030976382426104 NaN 
282.0000336755045 3.5564610721782515 5.873175509317264 0.37950420747068847 0.49886033386883355 3.5564610721782515 5.873175509317264 0.37950420747068847 0.49886033386883355 
283.0004979088293 4.098711568410181 2.8491977287926034 0.5667170683361178 1.5099898646382144 4.098711568410181 2.8491977287926034 0.5667170683361178 1.5099898646382144 
284.0002105196193 3.81868296233921 3.2717492506999974 1.2777167152748916 0.7191790199125307 3.81868296233921 3.2717492506999974 1.2777167152748916 NaN 
285.0000085777496 3.5000215683576243 4.396895521655097 1.202995949339595 1.1333256439288562 3.5000215683576243 4.396895521655097 1.202995949339595 1.1333256439288562 
286.00025896672537 3.3765172474155065 2.7499941403411867 0.9654748882117588 0.827819171089061 3.3765172474155065 2.7499941403411867 0.9654748882117588 0.827819171089061 
287.00049790882906 3.3570259625966514 3.521685158099615 0.5545198244095673 0.7118849790202262 3.3570259625966514 3.521685158099615 0.5545198244095673 0.7118849790202262 
288.000497908829 3.3570259625966514 2.968196511559711 0.5545198244095673 NaN 3.3570259625966514 2.968196511559711 0.5545198244095673 NaN 
289.0003825897931 3.3822736945211886 3.5583424103596144 0.9176264504114897 0.2539183942229215 3.3822736945211886 3.5583424103596144 0.9176264504114897 0.2539183942229215 
290.0004979088289 2.856446302336792 3.7995053103473992 0.8976140808246669 0.23117402899038098 2.856446302336792 3.7995053103473992 0.8976140808246669 0.23117402899038098 
291.00049790882883 2.6604160582168106 4.49611964659772 0.2448677133515389 0.9277883652407013 2.6604160582168106 4.49611964659772 0.2448677133515389 0.9277883652407013 
292.00034825815027 3.281371204973709 5.544544150289198 0.40754425521686244 1.9762128689321798 3.281371204973709 5.544544150289198 0.40754425521686244 1.9762128689321798 
293.0004979088287 2.123441957647401 3.0677493718506526 1.0750174539559225 0.6839922477016103 2.123441957647401 3.0677493718506526 1.0750174539559225 0.6839922477016103 
294.00021181178096 2.637151227335039 3.092161532409932 0.3485464852650466 1.21358728811407 2.637151227335039 3.092161532409932 0.3485464852650466 1.21358728811407 
295.0004979088286 3.804495355863139 3.7727522153580253 0.8352999308450535 1.8941779710621631 3.804495355863139 3.7727522153580253 0.8352999308450535 1.8941779710621631 
296.00049790882855 3.804495355863139 3.618889500417424 0.8352999308450535 0.7215311081434379 3.804495355863139 3.618889500417424 0.8352999308450535 0.7215311081434379 
297.0004979088285 2.779371997707642 2.0049207615965656 1.041542984143348 NaN 2.779371997707642 2.0049207615965656 1.041542984143348 2.0049207615965656 
298.00049790882844 3.7668396468373544 3.405871840785778 1.4262116627680257 0.7740828741816586 3.7668396468373544 3.405871840785778 1.4262116627680257 0.7740828741816586 
299.00021908318706 4.233224455076993 4.495553271941844 0.49164539181845157 0.5980360393376145 4.233224455076993 4.495553271941844 0.49164539181845157 0.5980360393376145 
300.0004979088283 4.172725059124218 5.279614718082428 0.3987028953258118 0.38535855081477166 4.172725059124218 5.279614718082428 0.3987028953258118 0.38535855081477166 
#####################################################################
# End of data export. Simulation finished at: 2019-09-21T18:45+0000 #
#####################################################################
