#####################################################################
# Alchemist log file - simulation started at: 2019-09-25T03:49+0000 #
#####################################################################
# seed = 104.0, stage_width = 500
#
# The columns have the following meaning: 
# time rep-bcast[Sum] rep-ccast[Sum] share-bcast[Sum] share-ccast[Sum] rep-bcast-single[Sum] rep-ccast-single[Sum] share-bcast-single[Sum] share-ccast-single[Sum] 
0.0 NaN NaN NaN NaN NaN NaN NaN NaN 
1.0000155978581415 NaN NaN NaN NaN NaN NaN NaN NaN 
2.0000155978581415 NaN NaN NaN NaN NaN NaN NaN 0.673835891856686 
3.0000155978581424 NaN NaN 1.6008020450550045 NaN NaN NaN 1.6008020450550045 0.673835891856686 
4.000015597858143 NaN NaN 1.6958411038228938 1.0689514499353812 NaN NaN 1.6958411038228938 1.0689514499353812 
5.000015597858144 NaN NaN 1.729934280270082 1.1150755783243094 NaN NaN 1.729934280270082 1.1150755783243094 
6.000015597858145 NaN NaN 1.729934280270082 1.1282015312653062 NaN 5.749436475893456 1.729934280270082 1.1282015312653062 
7.0000155978581455 NaN NaN 0.53148088107808 1.1282015312653062 NaN 5.749436475893456 0.53148088107808 1.1282015312653062 
8.000015597858146 NaN NaN 0.53148088107808 2.742597369294444 NaN 7.363832313922594 0.53148088107808 2.742597369294444 
9.000015597858143 6.342476792679198 NaN 0.6410766229488569 4.087506532928817 6.342476792679198 7.7201452252214 0.6410766229488569 4.087506532928817 
10.00001559785814 7.575014633315302 NaN 1.8736144635849605 1.3365239753935096 7.575014633315302 8.352836659929395 1.8736144635849605 1.3365239753935096 
11.000015597858136 7.60783080368975 NaN 1.1576985557828579 2.4580586300955183 7.60783080368975 8.640618352544282 1.1576985557828579 2.4580586300955183 
12.000015597858132 8.473968741425985 NaN 0.9023018388170847 2.4580586300955183 8.473968741425985 8.640618352544282 0.9023018388170847 2.4580586300955183 
13.000015597858129 8.473968741425985 NaN 0.9023018388170847 0.540133698264663 8.473968741425985 8.547129856033571 0.9023018388170847 0.540133698264663 
14.000015597858125 8.44436568769923 NaN 1.0123114099899695 2.010591076734636 8.44436568769923 10.017587234503544 1.0123114099899695 2.010591076734636 
15.000015597858122 8.3623470084454 6.462840033054556 0.7359230018201668 1.550034455887321 8.3623470084454 6.462840033054556 0.7359230018201668 1.550034455887321 
16.00001559785812 7.9213784168619235 6.462840033054556 0.8174617608585102 1.550034455887321 7.9213784168619235 6.462840033054556 0.8174617608585102 1.550034455887321 
17.000015597858116 7.6695525683228 7.905165360445698 1.9105450759537597 1.7982908129782924 7.6695525683228 7.905165360445698 1.9105450759537597 1.7982908129782924 
18.000015597858113 7.303022931303486 9.236417759720696 1.8559162009533061 3.1295432122532905 7.303022931303486 9.236417759720696 1.8559162009533061 3.1295432122532905 
19.00001559785811 7.303022931303486 7.333951402913568 1.8559162009533061 4.587437324358765 7.303022931303486 7.333951402913568 1.8559162009533061 0.9332303104271666 
20.000015597858106 7.674441990762141 7.333951402913568 2.33851839821871 4.587437324358765 7.674441990762141 7.333951402913568 2.33851839821871 0.9332303104271666 
21.000015597858102 7.674441990762141 8.567595998951782 2.33851839821871 2.166874906465381 7.674441990762141 8.567595998951782 2.33851839821871 2.166874906465381 
22.0000155978581 7.560408796661669 7.657668893837295 1.0034038744445226 4.0034618799056965 7.560408796661669 7.657668893837295 1.0034038744445226 0.8331830989957929 
23.000015597858095 7.422122107871317 7.657668893837295 1.957005673061488 4.0034618799056965 7.422122107871317 7.657668893837295 1.957005673061488 0.8331830989957929 
24.00001559785809 8.598008556662812 8.126681393723437 1.2963051484126673 1.5220210467106305 8.598008556662812 8.126681393723437 1.2963051484126673 1.5220210467106305 
25.000015597858088 7.46737033449423 9.125114042284569 1.2968049065784228 1.344567246480267 7.46737033449423 9.125114042284569 1.2968049065784228 1.344567246480267 
26.000015597858084 7.46737033449423 9.109515190869082 1.2968049065784228 2.42205171016003 7.46737033449423 9.109515190869082 1.2968049065784228 2.42205171016003 
27.00001559785808 7.454777816702059 7.084849548496642 1.7436738523305948 1.9559976122211218 7.454777816702059 7.084849548496642 1.7436738523305948 1.9559976122211218 
28.000015597858077 8.538155587191014 7.084849548496642 1.7495671591397866 1.9559976122211218 8.538155587191014 7.084849548496642 1.7495671591397866 1.9559976122211218 
29.000015597858074 8.676416521430738 8.547180616621265 0.482256214734452 1.9730270860324417 8.676416521430738 8.547180616621265 0.482256214734452 1.9730270860324417 
30.00001559785807 8.676416521430738 7.275973476696642 0.482256214734452 3.011845929094285 8.676416521430738 7.275973476696642 0.482256214734452 3.011845929094285 
31.000015597858066 8.287723548262662 8.316227379180145 0.8913313719448475 1.5968165308108944 8.287723548262662 8.316227379180145 0.8913313719448475 1.5968165308108944 
32.00001559785807 9.387127928430562 6.979661193428086 0.9504818496292451 3.079076298347889 9.387127928430562 6.979661193428086 0.9504818496292451 3.079076298347889 
33.00001559785808 9.001437066761973 6.979661193428086 0.724970966755464 3.079076298347889 9.001437066761973 6.979661193428086 0.724970966755464 3.079076298347889 
34.000015597858095 6.880303770514136 6.96371848752155 1.8566401893071713 NaN 6.880303770514136 6.96371848752155 1.8566401893071713 NaN 
35.00001559785811 6.880303770514136 8.31415156449538 1.8566401893071713 NaN 6.880303770514136 8.31415156449538 1.8566401893071713 NaN 
36.00001559785812 8.326673930800634 8.31415156449538 1.8736514611869026 NaN 8.326673930800634 8.31415156449538 1.8736514611869026 NaN 
37.00001559785814 7.208709008704989 9.90019082301804 1.9064033733038954 1.0628208743095868 7.208709008704989 9.90019082301804 1.9064033733038954 1.0628208743095868 
38.00001559785815 6.921311300564376 11.332089072175176 1.0732203091241246 1.1115341343759013 6.921311300564376 11.332089072175176 1.0732203091241246 1.1115341343759013 
39.000015597858166 8.185005571143883 12.513163909843069 0.9050163305464949 1.5397527777009046 8.185005571143883 12.513163909843069 0.9050163305464949 1.5397527777009046 
40.00001559785818 9.214328649977752 12.513163909843069 1.9343394093803639 1.5397527777009046 9.214328649977752 12.513163909843069 1.9343394093803639 1.5397527777009046 
41.000015597858194 7.5286515034480175 7.49669217427644 1.9792060811264989 1.518917337425016 7.5286515034480175 7.49669217427644 1.9792060811264989 1.518917337425016 
42.00001559785821 7.5286515034480175 8.872415382428017 1.9792060811264989 1.8653174667427237 7.5286515034480175 8.872415382428017 1.9792060811264989 1.8653174667427237 
43.00001559785822 7.643681935936165 9.922154223201787 0.8260875521332807 2.915056307516494 7.643681935936165 9.922154223201787 0.8260875521332807 2.915056307516494 
44.00001559785824 7.593624634095278 9.922154223201787 1.3123306680412838 2.915056307516494 7.593624634095278 9.922154223201787 1.3123306680412838 2.915056307516494 
45.00001559785825 7.593624634095278 7.783004713979793 1.3123306680412838 2.045726151347523 7.593624634095278 7.783004713979793 1.3123306680412838 2.045726151347523 
46.000015597858265 9.153343772033281 6.932920344506691 1.0499749432722538 1.6762102901150442 9.153343772033281 6.932920344506691 1.0499749432722538 1.6762102901150442 
47.00001559785828 7.950839079120719 8.322050763436998 1.2939772417354263 1.5056215711073477 7.950839079120719 8.322050763436998 1.2939772417354263 1.5056215711073477 
48.000015597858294 7.950839079120719 8.322050763436998 1.2939772417354263 1.5056215711073477 7.950839079120719 8.322050763436998 1.2939772417354263 1.5056215711073477 
49.00001559785831 6.849291523264839 8.73620051931254 1.4218813054044332 1.5386260119042916 6.849291523264839 8.73620051931254 1.4218813054044332 2.9490944058167585 
50.00001559785832 8.202621051854038 10.235252989402149 1.331737999284222 1.5206439993945864 8.202621051854038 10.235252989402149 1.331737999284222 1.5206439993945864 
51.00001559785834 8.202621051854038 10.999119535721768 1.331737999284222 0.9311810171250059 8.202621051854038 10.999119535721768 1.331737999284222 0.9311810171250059 
52.00001559785835 9.563878195555873 10.999119535721768 1.1939426728964477 0.9311810171250059 9.563878195555873 10.999119535721768 1.1939426728964477 0.9311810171250059 
53.000015597858365 7.808978694982834 8.253950657578962 1.5469903294845935 2.4133991145399776 7.808978694982834 8.253950657578962 1.5469903294845935 2.4133991145399776 
54.00001559785838 7.895911908184765 9.413647844243258 1.3181715407208472 1.0949249545946742 7.895911908184765 9.413647844243258 1.3181715407208472 1.0949249545946742 
55.00001559785839 7.848568044286118 7.786435128705541 1.5002609090882117 2.4378997709074284 7.848568044286118 7.786435128705541 1.5002609090882117 2.4378997709074284 
56.00001559785841 7.848568044286118 8.794847081204239 1.5002609090882117 0.8511258597232398 7.848568044286118 8.794847081204239 1.5002609090882117 0.8511258597232398 
57.00001559785842 7.674614101467334 9.904863709456883 1.4268049846660844 1.9611424879758843 7.674614101467334 9.904863709456883 1.4268049846660844 1.9611424879758843 
58.000015597858436 7.778007592545428 6.926613321734649 0.9108223650824456 3.2145132551439985 7.778007592545428 6.926613321734649 0.9108223650824456 3.2145132551439985 
59.00001559785845 8.192603161015299 6.926613321734649 2.089284479871935 3.2145132551439985 8.192603161015299 6.926613321734649 2.089284479871935 3.2145132551439985 
60.000015597858464 8.192603161015299 7.2796400323514305 2.089284479871935 NaN 8.192603161015299 7.2796400323514305 2.089284479871935 1.8124893156102146 
61.00001559785848 8.141440940693514 7.299617454140005 0.7970286762724612 NaN 8.141440940693514 7.299617454140005 0.7970286762724612 1.907403931260525 
62.00001559785849 8.22654486091244 7.299617454140005 2.041829783155684 NaN 8.22654486091244 7.299617454140005 2.041829783155684 1.907403931260525 
63.00001559785851 6.933189464322048 8.778796831782493 1.8264844249369432 1.955527431809827 6.933189464322048 8.778796831782493 1.8264844249369432 1.955527431809827 
64.00001559785852 8.114665864035473 9.991256784974695 1.52878144700788 0.8651549058977466 8.114665864035473 9.991256784974695 1.52878144700788 0.8651549058977466 
65.00001559785854 8.114665864035473 11.062007218919433 1.52878144700788 1.9359053398424848 8.114665864035473 11.062007218919433 1.52878144700788 1.9359053398424848 
66.00001559785855 7.29065160517321 11.913710963625604 0.7849441964294357 1.6061326848352309 7.29065160517321 11.913710963625604 0.7849441964294357 1.6061326848352309 
67.00001559785856 8.453829494825555 8.909424751466943 1.0964183413756103 1.276224744208065 8.453829494825555 8.909424751466943 1.0964183413756103 1.276224744208065 
68.00001559785858 6.9825672396987954 9.017314524387196 1.1590085342818668 1.3993987422654612 6.9825672396987954 9.017314524387196 1.1590085342818668 1.3993987422654612 
69.00001559785859 6.9825672396987954 9.017314524387196 1.1590085342818668 1.3993987422654612 6.9825672396987954 9.017314524387196 1.1590085342818668 1.3993987422654612 
70.0000155978586 8.634410523100343 7.818363471460202 1.524499929973672 1.6042492844772909 8.634410523100343 7.818363471460202 1.524499929973672 1.6042492844772909 
71.00001559785862 7.2366494725922195 8.191320507835805 1.341472279250823 3.0352376930739524 7.2366494725922195 8.191320507835805 1.341472279250823 3.0352376930739524 
72.00001559785863 6.520823829073592 8.210797962273304 1.1171124057864432 1.290469983496763 6.520823829073592 8.210797962273304 1.1171124057864432 1.290469983496763 
73.00001559785865 6.520823829073592 7.651074387872228 1.1171124057864432 1.0634910105219006 6.520823829073592 7.651074387872228 1.1171124057864432 1.0634910105219006 
74.00001559785866 6.717337636391562 8.439859616296388 1.3221375548848187 1.852276238946061 6.717337636391562 8.439859616296388 1.3221375548848187 1.852276238946061 
75.00001559785868 7.703047546933419 8.439859616296388 0.5394126748450958 1.852276238946061 7.703047546933419 8.439859616296388 0.5394126748450958 1.852276238946061 
76.00001559785869 7.921412433964619 8.83371891679468 2.0441294495860376 3.4093134290966987 7.921412433964619 8.83371891679468 2.0441294495860376 3.4093134290966987 
77.0000155978587 8.847968326921077 7.051103673000057 1.4136481523918576 2.1589079437500516 8.847968326921077 7.051103673000057 1.4136481523918576 2.1589079437500516 
78.00001559785872 8.847968326921077 8.24225905558778 1.4136481523918576 NaN 8.847968326921077 8.24225905558778 1.4136481523918576 NaN 
79.00001559785873 7.347615784951941 8.24225905558778 1.6799065216242894 NaN 7.347615784951941 8.24225905558778 1.6799065216242894 NaN 
80.00001559785875 6.698754770575789 8.390296173668219 2.020493540968758 NaN 6.698754770575789 5.777688635286637 2.020493540968758 0.953164259370439 
81.00001559785876 NaN NaN NaN NaN NaN NaN NaN NaN 
82.00001559785878 NaN NaN NaN NaN NaN NaN NaN NaN 
83.00001559785879 NaN NaN 1.7316158981689966 NaN NaN NaN 1.7316158981689966 0.6839307211675134 
84.0000155978588 NaN NaN 1.2222758634306246 NaN NaN NaN 1.2222758634306246 0.7915708369097274 
85.00001559785882 NaN NaN 1.6594521045030746 1.2660899364260558 NaN NaN 1.6594521045030746 2.221891413730603 
86.00001559785883 NaN NaN 1.2789870215320036 1.122518742384429 NaN NaN 1.2789870215320036 1.122518742384429 
87.00001559785885 NaN NaN 1.2789870215320036 1.122518742384429 NaN NaN 1.2789870215320036 1.122518742384429 
88.00001559785886 NaN NaN 1.4482718722207295 1.4195414191366638 NaN NaN 1.4482718722207295 1.4195414191366638 
89.00001559785888 NaN NaN 1.3145964734436006 1.1344382777190987 NaN NaN 1.3145964734436006 1.1344382777190987 
90.00001559785889 NaN NaN 1.3145964734436006 1.1344382777190987 NaN NaN 1.3145964734436006 1.1344382777190987 
91.0000155978589 7.976732327640505 NaN 1.5540061077773686 1.4502841515398899 7.976732327640505 7.685300479382761 1.5540061077773686 1.4502841515398899 
92.00001559785892 8.159251111165744 NaN 1.265521468692711 1.6962724087730834 8.159251111165744 6.955507408874709 1.265521468692711 1.6962724087730834 
93.00001559785893 6.874464868540727 NaN 1.0414762020504469 2.721046614005772 6.874464868540727 7.980281614107398 1.0414762020504469 2.721046614005772 
94.00001559785895 6.874464868540727 NaN 1.0414762020504469 2.721046614005772 6.874464868540727 7.980281614107398 1.0414762020504469 2.721046614005772 
95.00001559785896 7.545406372338874 NaN 0.6868305043935266 1.33098917000666 7.545406372338874 6.757182166326658 0.6868305043935266 1.33098917000666 
96.00001559785898 7.545406372338874 NaN 0.6868305043935266 1.3868258694688649 7.545406372338874 8.222378424156972 0.6868305043935266 1.3868258694688649 
97.00001559785899 7.825819191787929 NaN 0.7378790453500557 1.3868258694688649 7.825819191787929 8.222378424156972 0.7378790453500557 1.3868258694688649 
98.000015597859 8.800717529813724 NaN 1.712777383375851 2.36699877499521 8.800717529813724 8.597808673890484 1.712777383375851 2.36699877499521 
99.00001559785902 8.536107150024492 NaN 1.3885826276738982 1.4596553781684491 8.536107150024492 7.4658027936437605 1.3885826276738982 1.4596553781684491 
100.00001559785903 8.158510869089767 NaN 1.1484164776580457 1.4596553781684491 8.158510869089767 7.4658027936437605 1.1484164776580457 1.4596553781684491 
101.00001559785905 8.158510869089767 NaN 1.1484164776580457 1.5441551049903524 8.158510869089767 8.814740786322133 1.1484164776580457 1.5441551049903524 
102.00001559785906 6.0608608766834635 NaN 0.9528533601551601 1.5290262537977384 6.0608608766834635 10.143245525099545 0.9528533601551601 1.5290262537977384 
103.00001559785908 7.626498234308514 NaN 1.189985979002799 1.6218951972205815 7.626498234308514 8.48294518106728 1.189985979002799 1.6218951972205815 
104.00001559785909 7.626498234308514 NaN 1.189985979002799 1.0580897266377463 7.626498234308514 8.876316952077417 1.189985979002799 1.0580897266377463 
105.0000155978591 8.963529501424517 NaN 1.2807734275204723 2.287168512895704 8.963529501424517 7.614252601522736 1.2807734275204723 2.287168512895704 
106.00001559785912 8.077343100529731 NaN 1.568024923447524 2.287168512895704 8.077343100529731 7.614252601522736 1.568024923447524 2.287168512895704 
107.00001559785913 7.483874119076788 NaN 1.3292768957225007 3.541258852959487 7.483874119076788 8.86834294158652 1.3292768957225007 0.9151442028742167 
108.00001559785915 8.696619550275841 7.804796307968019 1.287931986857771 1.4693386665492767 8.696619550275841 7.804796307968019 1.287931986857771 1.4693386665492767 
109.00001559785916 8.727869194955872 8.804778055921233 1.1235944020081803 1.2565749833034374 8.727869194955872 8.804778055921233 1.1235944020081803 1.2565749833034374 
110.00001559785917 8.727869194955872 8.774501651435614 1.1235944020081803 0.9994858166349019 8.727869194955872 8.774501651435614 1.1235944020081803 0.9994858166349019 
111.00001559785919 7.434198738285701 8.774501651435614 1.4046907547605372 0.9994858166349019 7.434198738285701 8.774501651435614 1.4046907547605372 0.9994858166349019 
112.0000155978592 8.060444438405 8.90918377587586 1.9096698712321825 2.6998052987001984 8.060444438405 8.90918377587586 1.9096698712321825 2.6998052987001984 
113.00001559785922 8.060444438405 8.90918377587586 1.9096698712321825 2.6998052987001984 8.060444438405 8.90918377587586 1.9096698712321825 2.6998052987001984 
114.00001559785923 8.25155782937064 7.931579131963716 1.6295425663904837 4.348315304873324 8.25155782937064 7.931579131963716 1.6295425663904837 1.43915961700624 
115.00001559785925 9.168507884967326 8.501513706759312 2.54649262198717 1.5792327731111726 9.168507884967326 8.501513706759312 2.54649262198717 1.5792327731111726 
116.00001559785926 9.116130378174972 8.183506755221046 2.0996954490854733 1.557021197175274 9.116130378174972 8.183506755221046 2.0996954490854733 1.557021197175274 
117.00001559785927 7.818544058668763 9.238507662643855 1.7863507664119425 1.4103092713266534 7.818544058668763 9.238507662643855 1.7863507664119425 1.4103092713266534 
118.00001559785929 7.818544058668763 7.787803454369566 1.7863507664119425 1.37395015046134 7.818544058668763 7.787803454369566 1.7863507664119425 2.6208708011163395 
119.0000155978593 9.386901167842979 7.787803454369566 1.4049684885025613 1.37395015046134 9.386901167842979 7.787803454369566 1.4049684885025613 2.6208708011163395 
120.00001559785932 9.400879760589433 8.328330997504452 1.3314840221491977 1.2168610494699408 9.400879760589433 8.328330997504452 1.3314840221491977 1.2168610494699408 
121.00001559785933 8.983872845586674 8.328330997504452 1.2035285810289196 1.2168610494699408 8.983872845586674 8.328330997504452 1.2035285810289196 1.2168610494699408 
122.00001559785935 6.959085073359134 7.778627685776144 0.7596901606941628 1.7076099736424908 6.959085073359134 7.778627685776144 0.7596901606941628 1.7076099736424908 
123.00001559785936 6.056589129693066 8.347035558439217 1.8069336041116912 0.7256677675655965 6.056589129693066 8.347035558439217 1.8069336041116912 0.7256677675655965 
124.00001559785937 7.150629915352852 8.522482351841077 1.4156164615117177 1.055583950821358 7.150629915352852 8.522482351841077 1.4156164615117177 1.055583950821358 
125.00001559785939 7.150629915352852 9.386561555978844 1.4156164615117177 0.8256223692993387 7.150629915352852 9.386561555978844 1.4156164615117177 0.8256223692993387 
126.0000155978594 7.373782677677156 9.386561555978844 1.4721711269524178 0.8256223692993387 7.373782677677156 9.386561555978844 1.4721711269524178 0.8256223692993387 
127.00001559785942 7.392190797424249 7.879656942440718 2.0377680507445604 0.7002812234764377 7.392190797424249 7.879656942440718 2.0377680507445604 0.7002812234764377 
128.00001559785943 7.392190797424249 9.378832357084121 2.0377680507445604 2.199456638119841 7.392190797424249 9.378832357084121 2.0377680507445604 2.199456638119841 
129.00001559785937 7.061200087054189 9.378832357084121 2.0262301816922843 2.199456638119841 7.061200087054189 9.378832357084121 2.0262301816922843 2.199456638119841 
130.00001559785932 8.12845666165127 7.418681649298961 1.5943113416459624 3.8436831281076564 8.12845666165127 7.418681649298961 1.5943113416459624 1.1171717229389344 
131.00001559785926 9.348388208111416 7.690240590891747 1.1700163981182925 1.368717533352168 9.348388208111416 7.690240590891747 1.1700163981182925 1.368717533352168 
132.0000019590031 7.5115377255607 9.006938236005013 0.8768810854903109 1.465483632005288 7.5115377255607 9.006938236005013 0.8768810854903109 1.465483632005288 
133.00001559785915 7.785432911733594 9.006938236005013 0.6981578306877054 1.465483632005288 7.785432911733594 9.006938236005013 0.6981578306877054 1.465483632005288 
134.0000155978591 7.23988562590867 9.226954469533197 1.4609836911538707 0.6158991885002649 7.23988562590867 9.226954469533197 1.4609836911538707 1.753873578810925 
135.00001559785903 8.302236418484767 7.587936498086265 1.209277464541998 1.8402716370972314 8.302236418484767 7.587936498086265 1.209277464541998 1.077445776631066 
136.00001559785898 8.032823513353108 7.00198558856485 1.2146675254567754 1.788330144348464 8.032823513353108 7.00198558856485 1.2146675254567754 1.788330144348464 
137.00001559785892 8.032823513353108 8.261790098379151 1.2146675254567754 1.9857838615866683 8.032823513353108 8.261790098379151 1.2146675254567754 1.9857838615866683 
138.00001559785886 9.503340037006396 8.193072025601765 0.7144951715783634 1.7545598538946194 9.503340037006396 8.193072025601765 0.7144951715783634 1.7545598538946194 
139.0000155978588 7.807313785009711 8.176602836572073 0.9829592927601141 1.487505687671785 7.807313785009711 8.176602836572073 0.9829592927601141 1.487505687671785 
140.00001559785875 9.18623793114429 6.452033457318009 1.1584210814642404 1.4224010085754344 9.18623793114429 6.452033457318009 1.1584210814642404 1.4224010085754344 
141.0000155978587 8.636903420514471 7.532754236081814 1.9257842159476866 1.1241976412046597 8.636903420514471 7.532754236081814 1.9257842159476866 1.1241976412046597 
142.00001559785863 8.529624153087923 7.532754236081814 0.8499432450402082 1.1241976412046597 8.529624153087923 7.532754236081814 0.8499432450402082 1.1241976412046597 
143.00001559785858 7.558700323229658 7.938446820372974 1.814276231496308 1.8248778835884707 7.558700323229658 7.938446820372974 1.814276231496308 1.8248778835884707 
144.00001559785852 7.381343014471355 8.086938320388441 1.4286800556850494 1.0320211548981604 7.381343014471355 8.086938320388441 1.4286800556850494 1.0320211548981604 
145.00001559785846 7.130690476899076 8.086938320388441 0.7983120104052546 1.0320211548981604 7.130690476899076 8.086938320388441 0.7983120104052546 1.0320211548981604 
146.0000155978584 8.141283898707542 9.590711466728976 1.8089054322137201 1.4533471001826967 8.141283898707542 9.590711466728976 1.8089054322137201 1.4533471001826967 
147.00001559785835 6.599102625186845 6.744089654399829 1.1683113136880365 0.9646891945869811 6.599102625186845 6.744089654399829 1.1683113136880365 0.9646891945869811 
148.0000155978583 7.9807602437529965 7.118153281607903 1.2801474517940221 2.106115956278501 7.9807602437529965 7.885516416091349 1.2801474517940221 1.2429369284636493 
149.00001559785824 9.09071218477743 7.118153281607903 1.2486726311269365 2.106115956278501 9.09071218477743 7.885516416091349 1.2486726311269365 1.2429369284636493 
150.00001559785818 9.09071218477743 8.594550781201548 1.2486726311269365 1.3376768094911426 9.09071218477743 9.361913915684994 1.2486726311269365 1.3376768094911426 
151.00001559785812 7.847729225106065 8.559625634638422 1.0780563274929875 1.3995774736650048 7.847729225106065 8.559625634638422 1.0780563274929875 1.3995774736650048 
152.00001559785807 9.03974518051902 7.849891490904042 1.0982196777076467 1.430842321483027 9.03974518051902 7.849891490904042 1.0982196777076467 1.430842321483027 
153.000015597858 8.607289995468022 6.639254438426974 0.7069724584061419 1.6498477274637366 8.607289995468022 6.639254438426974 0.7069724584061419 1.6498477274637366 
154.00001559785795 8.261581770740065 6.639254438426974 1.8650373800187197 1.6498477274637366 8.261581770740065 6.639254438426974 1.8650373800187197 1.6498477274637366 
155.0000155978579 8.197129053902358 8.192005045896195 1.659384782247514 2.2567995104567444 8.197129053902358 8.192005045896195 1.659384782247514 1.0987345888441666 
156.00001559785784 8.197129053902358 8.192005045896195 1.659384782247514 2.2567995104567444 8.197129053902358 8.192005045896195 1.659384782247514 1.0987345888441666 
157.00001559785778 9.764066551393313 7.467639675905389 1.6735716722692473 1.6606100148214864 9.764066551393313 7.467639675905389 1.6735716722692473 1.6606100148214864 
158.00001559785773 8.407967422797299 8.872885801663784 1.1680526153586186 1.4989186430889276 8.407967422797299 8.872885801663784 1.1680526153586186 1.4989186430889276 
159.00001559785767 8.397003085357454 8.872885801663784 0.9236947573586747 1.4989186430889276 8.397003085357454 8.872885801663784 0.9236947573586747 1.4989186430889276 
160.0000155978576 8.271215389602702 8.108178568477143 2.1349531053816406 1.9702834285857875 8.271215389602702 8.108178568477143 2.1349531053816406 1.9702834285857875 
161.00001559785755 8.271215389602702 8.520778744005298 2.1349531053816406 2.167794160831704 8.271215389602702 9.466577568481512 2.1349531053816406 2.167794160831704 
162.0000155978575 8.086749608742394 8.420312877274085 1.6284187677289879 0.7875792871567455 8.086749608742394 8.420312877274085 1.6284187677289879 0.7875792871567455 
163.00001559785744 9.188557896244788 8.420312877274085 1.371828055227013 0.7875792871567455 9.188557896244788 8.420312877274085 1.371828055227013 0.7875792871567455 
164.00001559785738 9.151030882947026 8.47841137161575 1.8294525945171074 0.9492382576184752 9.151030882947026 8.47841137161575 1.8294525945171074 0.9492382576184752 
165.00001559785733 8.685701020775753 7.953837959706789 0.8255355783994958 1.9916023432004692 8.685701020775753 7.953837959706789 0.8255355783994958 1.9916023432004692 
166.00001559785727 8.685701020775753 7.25031203942811 0.8255355783994958 2.195466229197933 8.685701020775753 7.25031203942811 0.8255355783994958 2.195466229197933 
167.0000155978572 8.50692370818183 7.25031203942811 1.1993113521841963 2.195466229197933 8.50692370818183 7.25031203942811 1.1993113521841963 2.195466229197933 
168.00001559785716 7.160742323299587 8.37745699902058 0.9510794851107107 0.7942280481974251 7.160742323299587 8.37745699902058 0.9510794851107107 0.7942280481974251 
169.0000155978571 7.160742323299587 8.193270047422857 0.9510794851107107 0.6725544712111002 7.160742323299587 8.193270047422857 0.9510794851107107 0.6725544712111002 
170.00001559785704 8.314638555664033 7.9568462947718785 1.077904321049914 1.066123739196911 8.314638555664033 7.9568462947718785 1.077904321049914 1.066123739196911 
171.000015597857 8.43471469057667 8.982183909507967 1.2654476829615362 0.9375651215685536 8.43471469057667 8.982183909507967 1.2654476829615362 0.9375651215685536 
172.00001559785693 6.575754951590909 7.888397441925434 1.5396747121655778 1.2831353458658725 6.575754951590909 7.888397441925434 1.5396747121655778 1.2831353458658725 
173.00001559785687 6.576289426551114 7.888397441925434 0.8833582138236125 1.2831353458658725 6.576289426551114 7.888397441925434 0.8833582138236125 1.2831353458658725 
174.00001559785682 7.410812464540527 9.33256312433366 1.7178812518130258 1.4277363843339685 7.410812464540527 9.33256312433366 1.7178812518130258 1.4277363843339685 
175.00001559785676 7.399546230636787 7.0143418293795605 1.3895942950935307 1.0851912496456464 7.399546230636787 7.0143418293795605 1.3895942950935307 1.0851912496456464 
176.0000155978567 7.601571216605663 6.559984323240116 1.2597838584372028 1.2654138100784849 7.601571216605663 6.559984323240116 1.2597838584372028 1.2654138100784849 
177.00001559785665 6.679702097016616 7.766319356476572 1.057282895345054 1.242652460920823 6.679702097016616 7.766319356476572 1.057282895345054 1.242652460920823 
178.0000155978566 6.679702097016616 7.347045135613513 1.057282895345054 0.907453106822345 6.679702097016616 7.347045135613513 1.057282895345054 0.907453106822345 
179.00001559785653 8.149810350642468 8.235477377307603 0.5626551468035075 1.7958853485164354 8.149810350642468 8.235477377307603 0.5626551468035075 1.7958853485164354 
180.00001559785647 7.7647372386486495 7.839500279265877 0.8123952072069187 1.2293646407889867 7.7647372386486495 7.839500279265877 0.8123952072069187 1.2293646407889867 
181.00001559785642 7.318473142440638 7.384632401931356 0.9067092475087293 1.3377764150957319 7.318473142440638 7.384632401931356 0.9067092475087293 1.3377764150957319 
182.00001559785636 7.049491021400598 7.271855299591948 0.7500498691148891 1.3429764522448409 7.049491021400598 7.271855299591948 0.7500498691148891 1.3429764522448409 
183.0000155978563 7.016401307926088 8.476524353150609 1.009959818412625 2.5476455058035015 7.016401307926088 8.476524353150609 1.009959818412625 2.5476455058035015 
184.00001559785625 6.234991084524324 8.476524353150609 0.9886165436195995 2.5476455058035015 6.234991084524324 8.476524353150609 0.9886165436195995 2.5476455058035015 
185.0000155978562 6.476292281820605 9.60644848652882 0.9884258492317599 1.3246333685242462 6.476292281820605 8.377352104134701 0.9884258492317599 1.3246333685242462 
186.00001559785613 6.476292281820605 9.65774011140823 0.9884258492317599 1.4216955970321408 6.476292281820605 9.65774011140823 0.9884258492317599 1.4216955970321408 
187.00001559785608 7.02100951882656 7.827884165533078 1.1563426248625888 1.02581478882189 7.02100951882656 7.827884165533078 1.1563426248625888 1.02581478882189 
188.00001559785602 7.181127064251058 6.9797584945677045 1.8291916159112134 0.865458223249874 7.181127064251058 6.9797584945677045 1.8291916159112134 0.865458223249874 
189.00001559785596 7.181127064251058 8.575528027369188 1.8291916159112134 2.4612277560513576 7.181127064251058 8.575528027369188 1.8291916159112134 1.0545261342226127 
190.0000155978559 7.364722159332615 8.575528027369188 1.7279401170097515 2.4612277560513576 7.364722159332615 8.575528027369188 1.7279401170097515 1.0545261342226127 
191.00001559785585 8.5037964664036 7.624725202520324 1.2712448912792524 2.4566595800312143 8.5037964664036 7.624725202520324 1.2712448912792524 2.4566595800312143 
192.0000155978558 7.504957038895469 7.892231182039097 1.2048652048993915 3.907491338315623 7.504957038895469 7.892231182039097 1.2048652048993915 3.907491338315623 
193.00001559785574 7.466496978861898 7.892231182039097 0.995961393854941 3.907491338315623 7.466496978861898 7.892231182039097 0.995961393854941 3.907491338315623 
194.00001559785568 7.712121891332231 8.188788674223616 0.5491480059305047 1.672257484559907 7.712121891332231 8.188788674223616 0.5491480059305047 5.333782269490513 
195.00001559785562 8.9385105769949 8.239353764150025 1.7755366915931745 3.1711273573906738 8.9385105769949 8.239353764150025 1.7755366915931745 1.9291994101507157 
196.00001559785557 8.9385105769949 8.239353764150025 1.7755366915931745 3.1711273573906738 8.9385105769949 8.239353764150025 1.7755366915931745 1.9291994101507157 
197.0000155978555 9.089496192655133 8.189692779874349 1.7156006517549827 1.0803738187906617 9.089496192655133 8.189692779874349 1.7156006517549827 1.0803738187906617 
198.00001559785545 8.593364355176362 7.287659335940447 1.458197709524626 1.0651775673660495 8.593364355176362 7.287659335940447 1.458197709524626 1.0651775673660495 
199.0000155978554 8.593364355176362 8.672815652078214 1.458197709524626 1.3506961881811037 8.593364355176362 8.672815652078214 1.458197709524626 1.3506961881811037 
200.00001559785534 7.2456852100023355 7.102126179431252 1.5397461868756466 0.8524023632838578 7.2456852100023355 7.102126179431252 1.5397461868756466 0.8524023632838578 
201.00001559785528 NaN NaN NaN NaN NaN NaN NaN NaN 
202.00001559785522 NaN NaN NaN NaN NaN NaN NaN NaN 
203.00001559785517 NaN NaN 1.8596843347422407 NaN NaN NaN 1.8596843347422407 NaN 
204.0000155978551 NaN NaN 1.2461245658837754 NaN NaN NaN 1.2461245658837754 1.6117946381800152 
205.00001559785505 NaN NaN 1.2959467231854376 NaN NaN NaN 1.2959467231854376 1.6117946381800152 
206.000015597855 NaN NaN 1.2968635346278745 NaN NaN NaN 1.2968635346278745 1.9508541439502096 
207.00001559785494 NaN NaN 0.4308837396613683 NaN NaN NaN 0.4308837396613683 3.580950268640919 
208.00001559785488 7.470957217118382 NaN 1.0107011613409043 NaN 7.470957217118382 NaN 1.0107011613409043 NaN 
209.00001559785483 7.470957217118382 NaN 1.0107011613409043 0.8227049591531568 7.470957217118382 NaN 1.0107011613409043 0.8227049591531568 
210.00001559785477 7.133411593927406 NaN 1.2048751223149736 0.8227049591531568 7.133411593927406 NaN 1.2048751223149736 0.8227049591531568 
211.0000155978547 7.583279397485825 NaN 1.8629340830719059 2.3841759373739535 7.583279397485825 NaN 1.8629340830719059 1.0885403393121464 
212.00001559785466 7.737445874063184 NaN 1.353791692493104 1.9011779425480313 7.737445874063184 NaN 1.353791692493104 1.9011779425480313 
213.0000155978546 6.795325701462929 NaN 1.766460990469966 0.8975158544977262 6.795325701462929 NaN 1.766460990469966 0.8975158544977262 
214.00001559785454 6.795325701462929 NaN 1.766460990469966 1.028427140340085 6.795325701462929 NaN 1.766460990469966 1.028427140340085 
215.00001559785449 6.887829917370425 NaN 0.986888721697369 1.028427140340085 6.887829917370425 NaN 0.986888721697369 1.028427140340085 
216.00001559785443 7.75708261890918 NaN 0.5536893638092124 2.330879199766997 7.75708261890918 NaN 0.5536893638092124 2.330879199766997 
217.00001559785437 6.578840417753668 NaN 0.8020343065097109 1.182391655500652 6.578840417753668 NaN 0.8020343065097109 1.182391655500652 
218.00001559785431 7.640077391074442 NaN 1.8632712798304851 1.3799736094844945 7.640077391074442 NaN 1.8632712798304851 1.3799736094844945 
219.00001559785426 7.640077391074442 NaN 1.8632712798304851 2.5390309488024627 7.640077391074442 NaN 1.8632712798304851 2.5390309488024627 
220.0000155978542 8.923707714973858 NaN 0.9210096088893351 1.6878698074044394 8.923707714973858 NaN 0.9210096088893351 1.6878698074044394 
221.00001559785414 8.098226847686618 NaN 1.021587196198567 1.6878698074044394 8.098226847686618 NaN 1.021587196198567 1.6878698074044394 
222.0000155978541 8.098226847686618 NaN 1.021587196198567 2.7796293977662003 8.098226847686618 NaN 1.021587196198567 1.3538027180626102 
223.00000232853867 6.895094128472209 NaN 1.0562563131061609 2.7796293977662003 6.895094128472209 NaN 1.0562563131061609 1.3538027180626102 
224.00001559785397 7.488762059016494 NaN 1.5622310575203926 3.890205232324888 7.488762059016494 NaN 1.5622310575203926 2.464378552621298 
225.00001559785392 7.683343935192681 NaN 1.7130717546604899 NaN 7.683343935192681 NaN 1.7130717546604899 3.797233262063912 
226.00001559785386 7.613868064511053 NaN 1.4697985138542151 2.3990986858690633 7.613868064511053 8.024589465055072 1.4697985138542151 2.3990986858690633 
227.0000155978538 7.613868064511053 NaN 1.4697985138542151 2.3990986858690633 7.613868064511053 8.024589465055072 1.4697985138542151 2.3990986858690633 
228.00001559785375 7.645410578273754 NaN 1.3086909206231212 2.22376030352126 7.645410578273754 9.110667614406054 1.3086909206231212 2.22376030352126 
229.0000155978537 7.259814866172917 NaN 1.2578854695313169 3.484769381155104 7.259814866172917 10.371676692039898 1.2578854695313169 3.484769381155104 
230.00001559785363 7.259814866172917 NaN 1.2578854695313169 1.0383228084079974 7.259814866172917 11.406875892345369 1.2578854695313169 1.0383228084079974 
231.00001559785358 6.965676434342157 NaN 0.7326360982210929 2.0792125230939007 6.965676434342157 12.447765607031272 0.7326360982210929 2.0792125230939007 
232.00001559785352 8.041576085735443 NaN 0.7676460349284753 3.0735415726365147 8.041576085735443 7.816603877387877 0.7676460349284753 1.3025826660074245 
233.00001559785346 8.90696601978189 NaN 1.633035968974923 0.7129142495031147 8.90696601978189 7.906808514624515 1.633035968974923 0.7129142495031147 
234.0000155978534 7.506589381250677 NaN 0.7374630207964401 0.7129142495031147 7.506589381250677 7.906808514624515 0.7374630207964401 0.7129142495031147 
235.00001559785335 7.506589381250677 NaN 0.7374630207964401 2.3543977601948995 7.506589381250677 8.45871055667996 0.7374630207964401 0.9040204898953448 
236.0000155978533 9.109546653918159 NaN 2.3404202934639216 1.9825099250135452 9.109546653918159 8.180408385641101 2.3404202934639216 1.9825099250135452 
237.00001559785323 8.196525074866543 NaN 1.054512995587146 1.7927513524658139 8.196525074866543 6.7873754808725835 1.054512995587146 1.7927513524658139 
238.00001559785318 8.31383422843632 NaN 0.7938226493426441 1.7927513524658139 8.31383422843632 6.7873754808725835 0.7938226493426441 1.7927513524658139 
239.00001559785312 7.435294943378921 NaN 0.5995789027585658 1.7096089302878 7.435294943378921 7.0623990552344935 0.5995789027585658 1.7096089302878 
240.00001559785306 8.377474174113559 NaN 1.5417581334932038 1.1551582004348973 8.377474174113559 7.951746224381509 1.5417581334932038 1.1551582004348973 
241.000015597853 8.156586656184345 NaN 0.9177546813059507 1.1551582004348973 8.156586656184345 7.951746224381509 0.9177546813059507 1.1551582004348973 
242.00001559785295 8.156586656184345 NaN 0.9177546813059507 1.7524622515940962 8.156586656184345 8.040852235975791 0.9177546813059507 1.7524622515940962 
243.0000155978529 9.737559896364985 NaN 0.9592446395927539 1.4937047253619085 9.737559896364985 8.912828360749813 0.9592446395927539 1.4937047253619085 
244.00001559785284 9.737559896364985 NaN 0.9592446395927539 2.619719411299087 9.737559896364985 8.43588577401951 0.9592446395927539 2.619719411299087 
245.00001559785278 8.65518127023364 NaN 0.5988481485601937 3.982349233265495 8.65518127023364 7.2119415941774605 0.5988481485601937 3.982349233265495 
246.00001559785272 6.9367567648818635 NaN 1.6445455690833626 3.982349233265495 6.9367567648818635 7.2119415941774605 1.6445455690833626 3.982349233265495 
247.00001559785267 8.282409091087743 NaN 1.6275680733228342 2.3582231480544067 8.282409091087743 7.649703589654536 1.6275680733228342 NaN 
248.0000155978526 8.52933242649641 NaN 1.140589335735001 3.7674613486481405 8.52933242649641 8.116762559513631 1.140589335735001 NaN 
249.00001559785255 7.255778193973981 NaN 0.8914778860544459 3.7674613486481405 7.255778193973981 8.116762559513631 0.8914778860544459 NaN 
250.0000155978525 7.596200378585991 NaN 0.8592135540276615 1.513311506271549 7.596200378585991 9.361425200926448 0.8592135540276615 1.513311506271549 
251.00001559785244 7.596200378585991 NaN 0.8592135540276615 2.7751401977199066 7.596200378585991 9.492520241368595 0.8592135540276615 2.7751401977199066 
252.00001559785238 7.818575053344688 NaN 0.9457742232751798 1.5111513989900516 7.818575053344688 10.60105650293795 0.9457742232751798 1.5111513989900516 
253.00001559785233 7.673056773615627 NaN 1.0543495039431718 1.6361304844735685 7.673056773615627 6.464507642529014 1.0543495039431718 1.6361304844735685 
254.00001559785227 7.279136655814227 NaN 0.7815024146105713 1.6361304844735685 7.279136655814227 6.464507642529014 0.7815024146105713 1.6361304844735685 
255.0000155978522 8.437074246406894 NaN 0.7030974378862993 1.6553615095531597 8.437074246406894 7.700850209845953 0.7030974378862993 1.6553615095531597 
256.00001559785215 8.437074246406894 NaN 0.7030974378862993 1.8487341888552464 8.437074246406894 9.094744245994832 0.7030974378862993 1.8487341888552464 
257.0000155978521 7.77029838201787 NaN 1.2963283793549465 1.7933432242327 7.77029838201787 7.929701383991414 1.2963283793549465 1.7933432242327 
258.00001326573084 7.322714420458766 NaN 1.0080264832740795 2.757297435532422 7.322714420458766 7.6812572859051045 1.0080264832740795 2.757297435532422 
259.000015597852 8.374532784466425 NaN 1.0958906359820162 0.7987784102782598 8.374532784466425 8.524107968157722 1.0958906359820162 0.7987784102782598 
260.0000155978519 8.45509998368044 NaN 0.8335539242870595 1.1010326197549034 8.45509998368044 8.529791180946148 0.8335539242870595 1.1010326197549034 
261.00001559785187 8.45509998368044 NaN 0.8335539242870595 2.0957719365758294 8.45509998368044 9.524530497767074 0.8335539242870595 2.0957719365758294 
262.0000155978518 8.60875697016536 NaN 0.7203569568718535 2.0957719365758294 8.60875697016536 9.524530497767074 0.7203569568718535 2.0957719365758294 
263.00001559785176 8.69077322054622 NaN 0.7084397291841924 0.6099190885136068 8.69077322054622 7.279236053475728 0.7084397291841924 0.6099190885136068 
264.0000155978517 8.69077322054622 NaN 0.7084397291841924 1.7885735034591335 8.69077322054622 8.457890468421255 0.7084397291841924 1.7885735034591335 
265.00001559785164 8.523608706676697 NaN 0.7565148365180221 1.6815101680716111 8.523608706676697 7.682060973114005 0.7565148365180221 1.6815101680716111 
266.0000155978516 7.447105930734551 NaN 0.5352174155354419 1.6815101680716111 7.447105930734551 7.682060973114005 0.5352174155354419 1.6815101680716111 
267.00001559785153 7.7954404671274915 7.506694739810428 1.7264026341809995 1.1554794450578925 7.7954404671274915 7.506694739810428 1.7264026341809995 1.1554794450578925 
268.0000155978515 7.90945147918552 7.757715324929052 1.5037893591299962 2.5956034909598884 7.90945147918552 7.757715324929052 1.5037893591299962 2.5956034909598884 
269.0000155978514 7.90945147918552 7.123858613718141 1.5037893591299962 0.9295034082254006 7.90945147918552 7.123858613718141 1.5037893591299962 0.9295034082254006 
270.00001559785136 8.351469589175906 7.123858613718141 1.500422740039312 0.9295034082254006 8.351469589175906 7.123858613718141 1.500422740039312 0.9295034082254006 
271.0000155978513 8.272000470682258 8.675129141749835 1.7580609454777232 1.0440165094457825 8.272000470682258 8.675129141749835 1.7580609454777232 1.0440165094457825 
272.00001559785125 7.329793164992566 7.267255618403965 1.654533009012141 2.181231326077068 7.329793164992566 7.267255618403965 1.654533009012141 2.181231326077068 
273.0000155978512 7.329793164992566 8.092935857002317 1.654533009012141 3.00691156467542 7.329793164992566 8.092935857002317 1.654533009012141 3.00691156467542 
274.00001559785113 8.868397326192508 8.348011353506081 1.2302421149824454 1.553435604048957 8.868397326192508 8.348011353506081 1.2302421149824454 1.553435604048957 
275.0000155978511 7.042828918354985 8.348011353506081 2.535494613640253 1.553435604048957 7.042828918354985 8.348011353506081 2.535494613640253 1.553435604048957 
276.000015597851 7.042828918354985 8.720989199633777 2.535494613640253 1.5789945076222693 7.042828918354985 8.720989199633777 2.535494613640253 1.5789945076222693 
277.00001559785096 8.202819050193739 8.646562011251035 1.879416844327693 1.6673984061240503 8.202819050193739 8.646562011251035 1.879416844327693 1.6673984061240503 
278.0000155978509 8.202819050193739 9.258217265187739 1.879416844327693 0.9302981383328301 8.202819050193739 9.258217265187739 1.879416844327693 0.9302981383328301 
279.00001559785085 7.992044835189006 10.67320835831913 1.2146015062583615 1.5408858998999904 7.992044835189006 10.67320835831913 1.2146015062583615 1.5408858998999904 
280.0000001862066 7.883409363756755 8.085357974908675 0.8281897583260047 3.0883424617587707 7.883409363756755 8.085357974908675 0.8281897583260047 3.0883424617587707 
281.00001559785073 8.62712271700724 8.085357974908675 0.8501267883160608 3.0883424617587707 8.62712271700724 8.085357974908675 0.8501267883160608 3.0883424617587707 
282.0000155978507 8.62712271700724 9.201223071024799 0.8501267883160608 1.8351318996489 8.62712271700724 9.201223071024799 0.8501267883160608 1.8351318996489 
283.0000155978506 8.864301166782525 8.919640826692898 1.2165136998066828 1.5227602246681045 8.864301166782525 8.919640826692898 1.2165136998066828 1.5227602246681045 
284.00001559785056 7.521454958809954 7.04049037743232 1.5744650368989141 1.6197691197507424 7.521454958809954 7.04049037743232 1.5744650368989141 1.6197691197507424 
285.0000155978505 7.521454958809954 7.04049037743232 1.5744650368989141 1.6197691197507424 7.521454958809954 7.04049037743232 1.5744650368989141 1.6197691197507424 
286.00001559785045 8.117763528313958 8.819196262634762 1.203167957650237 1.7835017509929116 8.117763528313958 8.819196262634762 1.203167957650237 1.7835017509929116 
287.0000155978504 7.876325845354813 8.340576525289407 0.5980154826200419 2.6453783266745177 7.876325845354813 8.340576525289407 0.5980154826200419 2.6453783266745177 
288.00001559785034 7.783199595684209 8.340576525289407 1.1904692191266122 2.6453783266745177 7.783199595684209 8.340576525289407 1.1904692191266122 2.6453783266745177 
289.0000155978503 8.702505162915031 10.079166273285807 2.109774786357434 NaN 8.702505162915031 10.079166273285807 2.109774786357434 0.5481205288697879 
290.0000155978502 7.430614734178221 7.206955248400732 1.4721816226083888 0.8368288814085076 7.430614734178221 7.206955248400732 1.4721816226083888 0.8368288814085076 
291.00001559785017 7.430614734178221 8.122569858823283 1.4721816226083888 1.752443491831059 7.430614734178221 8.122569858823283 1.4721816226083888 1.752443491831059 
292.0000155978501 7.162851252976736 7.672157086110758 1.575665124326747 0.5045099673435516 7.162851252976736 7.672157086110758 1.575665124326747 0.5045099673435516 
293.00001559785005 6.843825664574354 8.866454700200052 0.9551703294565073 1.6988075814328454 6.843825664574354 8.866454700200052 0.9551703294565073 1.6988075814328454 
294.00001559785 6.843825664574354 9.979078771438651 0.9551703294565073 1.3517513558713858 6.843825664574354 9.979078771438651 0.9551703294565073 1.3517513558713858 
295.00001559784994 7.478043671513603 9.979078771438651 1.2569672979880693 1.3517513558713858 7.478043671513603 9.979078771438651 1.2569672979880693 1.3517513558713858 
296.0000155978499 7.065577554747847 7.653890769658403 1.4704668579801137 1.3663163172714121 7.065577554747847 7.653890769658403 1.4704668579801137 1.3663163172714121 
297.0000155978498 7.453692866462916 8.936491497184818 1.555936545443842 1.322793413567183 7.453692866462916 8.936491497184818 1.555936545443842 1.322793413567183 
298.00001559784977 7.453692866462916 10.16098430276952 1.555936545443842 0.9511569876672752 7.453692866462916 10.16098430276952 1.555936545443842 0.9511569876672752 
299.0000155978497 8.00940603158648 10.16098430276952 0.5201707878788397 0.9511569876672752 8.00940603158648 10.16098430276952 0.5201707878788397 0.9511569876672752 
300.00001559784965 7.843665220532728 8.791670131705757 1.5189904580728353 1.4423146140234735 7.843665220532728 8.791670131705757 1.5189904580728353 1.4423146140234735 
#####################################################################
# End of data export. Simulation finished at: 2019-09-25T04:20+0000 #
#####################################################################
