#####################################################################
# Alchemist log file - simulation started at: 2019-09-25T07:24+0000 #
#####################################################################
# seed = 116.0, stage_width = 100
#
# The columns have the following meaning: 
# time rep-bcast[Sum] rep-ccast[Sum] share-bcast[Sum] share-ccast[Sum] rep-bcast-single[Sum] rep-ccast-single[Sum] share-bcast-single[Sum] share-ccast-single[Sum] 
0.0 NaN NaN NaN NaN NaN NaN NaN NaN 
1.0001394401825312 0.6342775009896233 NaN 0.6342775009896233 NaN 0.6342775009896233 NaN 0.6342775009896233 NaN 
2.0000370819934 0.6342775009896233 NaN 0.6342775009896233 NaN 0.6342775009896233 NaN 0.6342775009896233 NaN 
3.000139440182532 1.4666896406792915 NaN 0.13824239969184582 0.4865720786567871 1.4666896406792915 2.2342479152156014 0.13824239969184582 0.4865720786567871 
4.000139440182533 1.923254357316599 NaN 0.6723931784724102 1.1398454219274834 1.923254357316599 2.8875212584862977 0.6723931784724102 1.1398454219274834 
5.000075120911521 2.1089638394790127 2.3813687564535426 0.8308760178596835 NaN 2.1089638394790127 2.3813687564535426 0.8308760178596835 NaN 
6.000139440182535 1.1046805662197992 2.8417104574040293 0.6443388652693125 NaN 1.1046805662197992 2.8417104574040293 0.6443388652693125 NaN 
7.000139440182536 1.1046805662197992 NaN 0.6443388652693125 0.6845476760148728 1.1046805662197992 NaN 0.6443388652693125 0.6845476760148728 
8.000139440182537 1.407330926981234 NaN 0.8601485799944353 NaN 1.407330926981234 NaN 0.8601485799944353 NaN 
9.000139440182533 1.8428624298585694 4.153416525182964 1.0694775940694772 NaN 1.8428624298585694 4.153416525182964 1.0694775940694772 NaN 
10.00013944018253 1.1472084119182515 NaN 0.6463736740091779 0.22190674856880932 1.1472084119182515 NaN 0.6463736740091779 0.22190674856880932 
11.000139440182526 1.7026444649188175 NaN 0.8343640423408303 1.2615330031571084 1.7026444649188175 NaN 0.8343640423408303 1.2615330031571084 
12.000118517279608 1.7458827333774067 NaN 0.7062564787891077 0.23706326171750547 1.7458827333774067 2.2048527436637215 0.7062564787891077 0.23706326171750547 
13.000139440182519 0.9485726691334655 NaN 0.6184879582195286 0.5671479726314423 0.9485726691334655 2.5349374545776584 0.6184879582195286 0.5671479726314423 
14.000139440182515 1.5931850974980861 2.2794535404588334 0.6301934903490789 1.0938176096078625 1.5931850974980861 2.2794535404588334 0.6301934903490789 1.0938176096078625 
15.000139440182512 1.5931850974980861 3.878735338419986 0.6301934903490789 1.7815807165324387 1.5931850974980861 3.878735338419986 0.6301934903490789 1.7815807165324387 
16.000139440182508 1.8290743822526885 4.796050685339509 0.3919973146497284 0.5253180322697943 1.8290743822526885 4.796050685339509 0.3919973146497284 0.5253180322697943 
17.000139440182505 2.388024125055505 2.923478163764335 0.2939385544109392 0.4163335683795246 2.388024125055505 2.923478163764335 0.2939385544109392 0.4163335683795246 
18.0001394401825 1.8386061339406474 2.923478163764335 1.1283340111501836 0.4163335683795246 1.8386061339406474 2.923478163764335 1.1283340111501836 0.4163335683795246 
19.000139440182497 1.8386061339406474 3.26826172568825 1.1283340111501836 0.415330442677341 1.8386061339406474 3.26826172568825 1.1283340111501836 0.415330442677341 
20.000139440182494 2.8694765497604635 NaN 0.28186702491585436 NaN 2.8694765497604635 NaN 0.28186702491585436 NaN 
21.00013944018249 2.550704284181375 NaN 0.26586763037347794 0.9590245578749581 2.550704284181375 NaN 0.26586763037347794 0.9590245578749581 
22.000095960048267 2.435652674223153 NaN 1.1947610914323405 0.9268349476318285 2.435652674223153 NaN 1.1947610914323405 0.9268349476318285 
23.000139440182483 2.435652674223153 NaN 1.1947610914323405 0.5190866222701551 2.435652674223153 NaN 1.1947610914323405 0.5190866222701551 
24.000062202023848 1.298017647367491 NaN 0.7768725116703017 2.4284207355947167 1.298017647367491 NaN 0.7768725116703017 2.4284207355947167 
25.000139440182476 2.2968197730136275 NaN 0.40502177215552493 NaN 2.2968197730136275 NaN 0.40502177215552493 NaN 
26.000139440182473 2.678761516133246 NaN 0.18121010019044803 NaN 2.678761516133246 NaN 0.18121010019044803 NaN 
27.00013944018247 2.678761516133246 3.541404010293956 0.18121010019044803 0.6590743535653125 2.678761516133246 3.541404010293956 0.18121010019044803 0.6590743535653125 
28.000139440182465 1.321650483377983 4.401631685563803 0.4813660296222224 NaN 1.321650483377983 4.401631685563803 0.4813660296222224 NaN 
29.00007403439722 1.714940108197517 NaN 0.8547124329276699 0.07750761257866046 1.714940108197517 NaN 0.8547124329276699 0.07750761257866046 
30.00013944018246 2.4393680148184664 NaN 0.38209688947119247 1.2025586924196041 2.4393680148184664 NaN 0.38209688947119247 1.2025586924196041 
31.000139440182455 2.4393680148184664 3.1835485026364836 0.38209688947119247 1.949974424061189 2.4393680148184664 3.1835485026364836 0.38209688947119247 1.949974424061189 
32.00013944018245 1.7982903851227867 NaN 0.30534295055459637 NaN 1.7982903851227867 3.5730372140862805 0.30534295055459637 NaN 
33.00012818165491 2.2192853276826305 NaN 0.596222537657539 0.23240651631002862 2.2192853276826305 NaN 0.596222537657539 0.23240651631002862 
34.00002493863094 1.4628573937837785 NaN 0.634228339816211 NaN 1.4628573937837785 NaN 0.634228339816211 NaN 
35.000139440182494 1.028564687365936 2.3653138265849947 0.5620171435313068 0.3829242577505667 1.028564687365936 2.3653138265849947 0.5620171435313068 0.3829242577505667 
36.00013944018251 1.8042351371763488 NaN 0.3949307517298095 0.8472872419152324 1.8042351371763488 NaN 0.3949307517298095 0.8472872419152324 
37.00013944018252 1.8042351371763488 2.9926769882331 0.3949307517298095 0.6347042818798698 1.8042351371763488 2.9926769882331 0.3949307517298095 0.6347042818798698 
38.00013944018254 1.8064438143835062 3.356464488181871 0.7768087807738269 0.7027334318831322 1.8064438143835062 3.356464488181871 0.7768087807738269 0.7027334318831322 
39.00013944018255 1.9722520989716017 4.3188561376025945 0.49270988631464263 0.469681763106081 1.9722520989716017 4.3188561376025945 0.49270988631464263 0.469681763106081 
40.000139440182565 1.6558839617702006 NaN 0.4193528852581494 1.4595923472344552 1.6558839617702006 NaN 0.4193528852581494 1.4595923472344552 
41.00013944018258 2.917215143933362 2.5238620835717427 0.3756263809896865 NaN 2.917215143933362 2.5238620835717427 0.3756263809896865 NaN 
42.00013944018259 1.5972768609344357 2.5238620835717427 1.1222936539917256 NaN 1.5972768609344357 2.5238620835717427 1.1222936539917256 NaN 
43.00013944018261 1.5972768609344357 3.714307326063029 1.1222936539917256 NaN 1.5972768609344357 3.714307326063029 1.1222936539917256 NaN 
44.00013944018262 2.641393910995177 3.9993236310640796 0.2768977151386096 NaN 2.641393910995177 3.9993236310640796 0.2768977151386096 NaN 
45.000139440182636 1.6989329245713236 5.431442980748571 0.2668135748868323 NaN 1.6989329245713236 5.431442980748571 0.2668135748868323 NaN 
46.00013944018265 1.2929804165917531 NaN 0.8382223081908435 NaN 1.2929804165917531 NaN 0.8382223081908435 NaN 
47.000139440182664 1.2929804165917531 1.9942490880935253 0.8382223081908435 0.9680822463886045 1.2929804165917531 1.9942490880935253 0.8382223081908435 0.9680822463886045 
48.00013944018268 2.325861770297699 2.8380264318004933 0.5195572157182511 1.8118595900955725 2.325861770297699 2.8380264318004933 0.5195572157182511 1.8118595900955725 
49.00013944018269 1.9631214180056915 3.9102121740341573 0.5068152088141673 0.5653705334194967 1.9631214180056915 3.9102121740341573 0.5068152088141673 0.5653705334194967 
50.00013944018271 1.901348270502119 2.4377309769308866 0.8291625282684549 0.2121625784400507 1.901348270502119 2.4377309769308866 0.8291625282684549 0.2121625784400507 
51.00004958665431 2.080914479839187 3.5091511807784173 1.0395893731306813 0.031830830716849334 2.080914479839187 3.5091511807784173 1.0395893731306813 0.031830830716849334 
52.00010764638593 2.080914479839187 4.2940606758497495 1.0395893731306813 0.8167403257881816 2.080914479839187 4.2940606758497495 1.0395893731306813 0.8167403257881816 
53.00013944018275 2.251675778167268 5.410216577584059 0.39534607924840515 0.7208098224859043 2.251675778167268 5.410216577584059 0.39534607924840515 0.7208098224859043 
54.000015945122954 2.185376269435075 3.0050258669871894 1.0692203677007655 NaN 2.185376269435075 3.0050258669871894 1.0692203677007655 1.7929394619506027 
55.00013944018278 2.185376269435075 3.8593236968763662 1.0692203677007655 NaN 2.185376269435075 3.8593236968763662 1.0692203677007655 2.6472372918397795 
56.00007753635716 2.0563690797182304 NaN 0.1235521395130661 0.6777947639782838 2.0563690797182304 NaN 0.1235521395130661 0.6777947639782838 
57.00013944018281 2.0563690797182304 2.3527145445868953 0.1235521395130661 0.293436193104732 2.0563690797182304 2.3527145445868953 0.1235521395130661 0.293436193104732 
58.00013944018282 2.397695262658388 NaN 0.9021878197246025 1.1835946405409032 2.397695262658388 NaN 0.9021878197246025 1.1835946405409032 
59.00013920703596 1.389640719734139 2.899243855976195 0.475338407790197 0.9022729396555107 1.389640719734139 2.899243855976195 0.475338407790197 0.9022729396555107 
60.00013944018285 1.389640719734139 2.728180778522237 0.475338407790197 NaN 1.389640719734139 2.728180778522237 0.475338407790197 NaN 
61.00013944018286 2.8668027798002953 3.5600030622758965 0.1265926289896271 NaN 2.8668027798002953 3.5600030622758965 0.1265926289896271 NaN 
62.00013944018288 1.8336214809381701 NaN 0.3946490624969101 NaN 1.8336214809381701 NaN 0.3946490624969101 NaN 
63.00013944018289 2.271174454999226 NaN 0.5498360480295759 NaN 2.271174454999226 NaN 0.5498360480295759 NaN 
64.0001394401829 1.3772308288030715 NaN 0.6764434557536134 NaN 1.3772308288030715 NaN 0.6764434557536134 NaN 
65.00013944018292 2.7530245057220526 NaN 0.06559337021597855 NaN 2.7530245057220526 NaN 0.06559337021597855 NaN 
66.00001477721717 2.7530245057220526 NaN 0.06559337021597855 NaN 2.7530245057220526 NaN 0.06559337021597855 NaN 
67.00013944018295 2.29246243554077 NaN 0.3996302187889853 0.515695525928777 2.29246243554077 NaN 0.3996302187889853 0.515695525928777 
68.00013944018296 2.009551184407343 NaN 0.5017120955346286 0.5113242243393188 2.009551184407343 NaN 0.5017120955346286 NaN 
69.00006003047838 1.874785587765615 NaN 0.1804995689595188 NaN 1.874785587765615 NaN 0.1804995689595188 NaN 
70.00013944018299 1.8217540710193845 3.382291021754085 0.6122001930630319 0.9918099080596932 1.8217540710193845 3.382291021754085 0.6122001930630319 0.9918099080596932 
71.000139440183 1.8217540710193845 3.2601001305198736 0.6122001930630319 0.9270218351611703 1.8217540710193845 3.2601001305198736 0.6122001930630319 0.9270218351611703 
72.00013944018302 1.583460172575414 3.065727836931856 0.68824344234622 2.1057230338041393 1.583460172575414 3.065727836931856 0.68824344234622 2.1057230338041393 
73.00013944018303 2.265827828761971 3.7666211009730546 0.38623336607780345 2.8066162978453377 2.265827828761971 3.7666211009730546 0.38623336607780345 2.8066162978453377 
74.00013944018305 1.9284041074655534 NaN 0.15326267691580142 0.68801480043075 1.9284041074655534 NaN 0.15326267691580142 0.68801480043075 
75.00013944018306 3.1868324122052627 NaN 0.5766727850212163 NaN 3.1868324122052627 NaN 0.5766727850212163 1.0784967611426737 
76.00013944018308 3.1868324122052627 2.9577936358863326 0.5766727850212163 0.8580878538000718 3.1868324122052627 2.9577936358863326 0.5766727850212163 NaN 
77.00013944018309 1.8506538871108091 2.6951332733953564 0.23401737485812646 1.436704968655647 1.8506538871108091 2.6951332733953564 0.23401737485812646 NaN 
78.0001394401831 1.9937746558643141 NaN 0.4654111911502383 0.7157289750003741 1.9937746558643141 NaN 0.4654111911502383 0.7157289750003741 
79.00013944018312 2.0188960285002366 NaN 0.10328243501133727 0.5300347043311291 2.0188960285002366 NaN 0.10328243501133727 0.5300347043311291 
80.00001157890613 1.6322084102704508 2.018691103787063 0.11397335896354832 NaN 1.6322084102704508 2.018691103787063 0.11397335896354832 NaN 
81.00013944018315 1.6322084102704508 NaN 0.11397335896354832 NaN 1.6322084102704508 NaN 0.11397335896354832 NaN 
82.00013944018316 NaN NaN 0.4868986003248921 NaN NaN NaN 0.4868986003248921 0.8969010894165592 
83.00013944018318 NaN NaN 0.4868986003248921 1.0196039266207748 NaN NaN 0.4868986003248921 1.0196039266207748 
84.00013944018319 1.2636541149146154 NaN 0.7991405221965522 1.0196039266207748 1.2636541149146154 NaN 0.7991405221965522 1.0196039266207748 
85.0001394401832 1.9380865548309174 NaN 0.13091809754851624 0.5435143423677857 1.9380865548309174 2.3622587911851127 0.13091809754851624 0.5435143423677857 
86.00013944018322 2.747523467201006 NaN 1.4048686026366681 NaN 2.747523467201006 1.8593326875634233 1.4048686026366681 2.3546162959288495 
87.00012934114962 2.582048445640453 NaN 0.11580696963653736 1.0613728733672474 2.582048445640453 3.0097558183717013 0.11580696963653736 1.0613728733672474 
88.00013944018325 2.1898197599399936 NaN 0.3711906302866055 1.7295788722123575 2.1898197599399936 3.6779618172168114 0.3711906302866055 1.7295788722123575 
89.00013944018326 2.0609292134959674 NaN 1.3927232146508572 0.8738099625753222 2.0609292134959674 2.974579465074285 1.3927232146508572 0.13064142363313636 
90.00013944018328 2.590657010076029 1.2163816832726155 0.2599161575746223 0.9380176378505496 2.590657010076029 1.2163816832726155 0.2599161575746223 0.9380176378505496 
91.00002636017331 2.590657010076029 2.0022426635096195 0.2599161575746223 1.7238786180875536 2.590657010076029 2.0022426635096195 0.2599161575746223 2.7454112024518054 
92.00012524858624 2.303970593877395 3.3577684295520243 0.16258384759798616 0.7232498015938802 2.303970593877395 3.3577684295520243 0.16258384759798616 0.7232498015938802 
93.00013944018332 2.4539443391424527 3.3577684295520243 1.098418573100048 0.7232498015938802 2.4539443391424527 3.3577684295520243 1.098418573100048 0.7232498015938802 
94.00013944018333 3.500074069429843 1.429687824231621 0.5522766315578309 0.8472358159379212 3.500074069429843 1.429687824231621 0.5522766315578309 0.8472358159379212 
95.00013944018335 2.4056258376750463 1.931824433848007 0.8133541658454391 0.6246171692730087 2.4056258376750463 1.931824433848007 0.8133541658454391 0.6246171692730087 
96.00013944018336 2.257518349661339 1.7924444369598689 0.8195470145428914 0.3482802531439688 2.257518349661339 1.7924444369598689 0.8195470145428914 0.3482802531439688 
97.00013944018337 2.8463800017238583 1.7924444369598689 0.24058139891855035 0.3482802531439688 2.8463800017238583 1.7924444369598689 0.24058139891855035 0.3482802531439688 
98.0000040820415 3.241879977132328 1.8338678706810896 0.588465091908347 NaN 3.241879977132328 1.8338678706810896 0.588465091908347 NaN 
99.0001394401834 3.6342368062168333 2.6925611070049627 0.9808219209928524 NaN 3.6342368062168333 2.6925611070049627 0.9808219209928524 0.46673296739353987 
100.00013944018342 3.9321593417489 1.757124133810521 0.9990168358253868 NaN 3.9321593417489 1.757124133810521 0.9990168358253868 2.545959076739422 
101.00013944018343 4.413319456730548 2.6032073316726922 0.5821426134745593 0.2639405843876119 4.413319456730548 2.6032073316726922 0.5821426134745593 0.2639405843876119 
102.00013944018345 2.425756008663953 2.6032073316726922 0.681638473469306 0.2639405843876119 2.425756008663953 2.6032073316726922 0.681638473469306 0.2639405843876119 
103.00013944018346 2.7106693791296834 3.1440931305892974 0.4231875106663523 0.5344062499525251 2.7106693791296834 3.1440931305892974 0.4231875106663523 0.5344062499525251 
104.00013944018347 3.2655387439253047 3.1440931305892974 0.9780568754619736 0.5344062499525251 3.2655387439253047 3.1440931305892974 0.9780568754619736 0.5344062499525251 
105.00013944018349 2.6402844758304127 1.6017145406990778 0.6153824244649826 1.0468451759034565 2.6402844758304127 1.6017145406990778 0.6153824244649826 1.0468451759034565 
106.0001394401835 2.1657310167294526 1.6150387870717253 1.0984227259828998 0.9497245337668119 2.1657310167294526 1.6150387870717253 1.0984227259828998 0.9497245337668119 
107.00002446073756 2.2200483629380727 1.7918436384451297 0.6549414047062783 0.1871776999720396 2.2200483629380727 1.7918436384451297 0.6549414047062783 NaN 
108.00013944018353 2.039718674864602 2.7774091556808003 1.1975995701862843 NaN 2.039718674864602 2.7774091556808003 1.1975995701862843 0.2710062485673035 
109.00001413841497 2.995932290564596 2.3823431200874126 0.6852073671326906 NaN 2.995932290564596 2.3823431200874126 0.6852073671326906 0.9975658499290887 
110.00013944018356 1.9333635986826607 1.8513687648538166 0.3530010823961476 NaN 1.9333635986826607 1.8513687648538166 0.3530010823961476 NaN 
111.00013944018357 2.7208899883741964 2.7338649083752387 1.1405274720876832 NaN 2.7208899883741964 2.7338649083752387 1.1405274720876832 NaN 
112.00013944018359 2.3491617618703913 2.7338649083752387 1.4666656183489692 NaN 2.3491617618703913 2.7338649083752387 1.4666656183489692 NaN 
113.0001394401836 2.3491617618703913 3.467547810419447 1.4666656183489692 NaN 2.3491617618703913 3.467547810419447 1.4666656183489692 NaN 
114.00013944018362 3.440363269445726 4.685724224956928 0.5322903371640422 NaN 3.440363269445726 4.685724224956928 0.5322903371640422 NaN 
115.00013944018363 2.7287329541052117 4.685724224956928 1.5105565395677303 NaN 2.7287329541052117 4.685724224956928 1.5105565395677303 NaN 
116.00004398379305 3.3654739254386072 1.9675117940351612 0.4526286937945372 1.1623784799425465 3.3654739254386072 1.9675117940351612 0.4526286937945372 0.1841122775388584 
117.00013944018366 3.161833765185662 2.342701733099261 0.28684169492235867 0.7276945593621775 3.161833765185662 2.342701733099261 0.28684169492235867 0.7276945593621775 
118.00013944018367 2.7278734626479775 1.5168490448704688 1.5475502094912628 0.6356123931854398 2.7278734626479775 1.5168490448704688 1.5475502094912628 0.6356123931854398 
119.00013944018369 3.644000658770949 1.4636012880169318 0.9532827734033873 0.7908333175510762 3.644000658770949 1.4636012880169318 0.9532827734033873 0.7908333175510762 
120.0001394401837 3.1916968436939754 2.2318475738926793 0.8533133166516365 0.5877009396899666 3.1916968436939754 2.2318475738926793 0.8533133166516365 0.5877009396899666 
121.00013944018372 2.664514916117497 2.2318475738926793 0.395511764944402 0.5877009396899666 2.664514916117497 2.2318475738926793 0.395511764944402 0.5877009396899666 
122.00013944018373 3.398953696485961 2.5825123492325304 0.6911474686815353 1.8544929111527892 3.398953696485961 2.5825123492325304 0.6911474686815353 1.8544929111527892 
123.00013944018374 2.625045281309582 2.8612400032332346 0.35150621776631397 2.8612400032332346 2.625045281309582 2.8612400032332346 0.35150621776631397 2.8612400032332346 
124.00013944018376 2.576421210843975 3.9362678226325727 0.4946462993641916 0.7235216016330241 2.576421210843975 3.9362678226325727 0.4946462993641916 0.7235216016330241 
125.00013944018377 2.2282335366281956 1.4863614063517474 1.1532057172288575 0.9102644277295298 2.2282335366281956 1.4863614063517474 1.1532057172288575 0.2517050098648639 
126.00013944018379 2.9614150300846234 1.4863614063517474 0.4814764835915639 0.9102644277295298 2.9614150300846234 1.4863614063517474 0.4814764835915639 0.2517050098648639 
127.0001394401838 3.0974314712723015 2.2250137930104046 0.3777713788977053 0.8332728816893109 3.0974314712723015 2.2250137930104046 0.3777713788977053 1.5664543751457387 
128.0001394401838 2.309646970043687 2.349949399700776 0.9948976047628122 0.521778913248653 2.309646970043687 2.349949399700776 0.9948976047628122 0.521778913248653 
129.00013944018374 2.2766892583135814 1.5410723505881236 0.7600127403021162 0.25928069703735446 2.2766892583135814 1.5410723505881236 0.7600127403021162 0.25928069703735446 
130.0001394401837 1.7325114360642004 2.72663934754506 0.7132179987247298 0.47234899823220644 1.7325114360642004 2.72663934754506 0.7132179987247298 0.47234899823220644 
131.00013944018363 2.096656010149161 2.32081893255895 0.9110890131922247 0.5753001282016896 2.096656010149161 2.32081893255895 0.9110890131922247 0.5753001282016896 
132.00013944018357 2.812140282460888 1.9335526661470226 0.7506020469392922 0.6076504910060407 2.812140282460888 1.9335526661470226 0.7506020469392922 0.6076504910060407 
133.00013944018352 3.229575827973548 1.9335526661470226 0.9953520514635557 0.6076504910060407 3.229575827973548 1.9335526661470226 0.9953520514635557 0.6076504910060407 
134.00013944018346 3.229575827973548 2.5794149590864492 0.9953520514635557 0.2609281443051259 3.229575827973548 2.5794149590864492 0.9953520514635557 0.2609281443051259 
135.0001394401834 1.415005170199919 2.733752173888405 0.5537242221397776 0.3106155310231884 1.415005170199919 2.733752173888405 0.5537242221397776 0.3106155310231884 
136.00013944018335 1.7804859301072042 2.733752173888405 0.05486522888409695 0.3106155310231884 1.7804859301072042 2.733752173888405 0.05486522888409695 0.3106155310231884 
137.0001394401833 1.8622501823267044 1.6180661135301193 0.5547995998197734 NaN 1.8622501823267044 1.6180661135301193 0.5547995998197734 NaN 
138.00013944018323 2.627596511147317 2.485194993776048 0.08753628848717199 0.6778100403334406 2.627596511147317 2.485194993776048 0.08753628848717199 0.6778100403334406 
139.00013944018318 2.6764347763581497 2.485194993776048 1.4438251362049357 0.6778100403334406 2.6764347763581497 2.485194993776048 1.4438251362049357 0.6778100403334406 
140.000027408018 3.6248364920335234 2.1748411955071845 0.8951956967065655 0.6363884566200397 3.6248364920335234 2.1748411955071845 0.8951956967065655 1.4094948666865719 
141.00013944018306 3.224818774353821 1.982579974373209 0.3815961014269078 0.45099582104660385 3.224818774353821 1.982579974373209 0.3815961014269078 0.45099582104660385 
142.00013616113827 2.813815269501248 1.4616633143588444 0.456956258435838 0.6290713918853328 2.813815269501248 1.4616633143588444 0.456956258435838 NaN 
143.00013944018295 2.6338840521899556 2.473280536337626 0.18194863325950905 0.984311667182368 2.6338840521899556 2.473280536337626 0.18194863325950905 0.984311667182368 
144.0000625861974 3.2149707837228902 2.473280536337626 0.7630353647924437 0.984311667182368 3.2149707837228902 2.473280536337626 0.7630353647924437 0.984311667182368 
145.00013944018283 3.1571044981598106 1.5226337447817286 0.45477099306356195 0.49803021468559905 3.1571044981598106 1.5226337447817286 0.45477099306356195 0.49803021468559905 
146.00013944018278 2.85293159777936 2.587580085609318 0.08340287891053322 NaN 2.85293159777936 2.587580085609318 0.08340287891053322 2.006493354076383 
147.00013944018272 3.4606614572994943 3.4000892875433806 0.6911327384306674 NaN 3.4606614572994943 3.8436060861065755 0.6911327384306674 NaN 
148.00013944018266 2.201829441681525 2.7391789839755347 0.5163426040332126 0.20357807271071238 2.201829441681525 2.7391789839755347 0.5163426040332126 0.20357807271071238 
149.0001394401826 2.166608069732348 2.071048942862234 0.2169355903735095 1.280272916355301 2.166608069732348 2.071048942862234 0.2169355903735095 0.560352239611376 
150.00010978746505 2.103471635840009 2.0392064302303936 1.0267767921954203 2.7591271069743186 2.103471635840009 2.0392064302303936 1.0267767921954203 2.7591271069743186 
151.0001394401825 2.937162280668389 2.0392064302303936 0.38161324640478256 2.7591271069743186 2.937162280668389 2.0392064302303936 0.38161324640478256 2.7591271069743186 
152.00013944018244 3.574804911915834 2.690569858687269 0.6672994628550555 NaN 3.574804911915834 2.690569858687269 0.6672994628550555 NaN 
153.00013944018238 2.902834542222706 1.5959042741260134 1.4741832837809454 1.5959042741260134 2.902834542222706 1.5959042741260134 1.4741832837809454 NaN 
154.00013944018232 2.369881800118179 1.5959042741260134 0.7151817904197912 1.5959042741260134 2.369881800118179 1.5959042741260134 0.7151817904197912 NaN 
155.0000276977895 3.100254588670026 2.445463048316441 1.4455545789716382 NaN 3.100254588670026 2.445463048316441 1.4455545789716382 1.6385792273905508 
156.0001394401822 3.0879787315510896 2.0555462596777545 0.31725068145354385 1.3251734711259076 3.0879787315510896 2.0555462596777545 0.31725068145354385 1.3251734711259076 
157.00013944018215 3.554400039829545 2.0555462596777545 0.7836719897319995 1.3251734711259076 3.554400039829545 2.0555462596777545 0.7836719897319995 1.3251734711259076 
158.0001394401821 3.4733828123091257 1.9399735267267317 0.6510319167867351 0.7260133571659537 3.4733828123091257 1.9399735267267317 0.6510319167867351 0.7260133571659537 
159.00013944018204 2.8182597678392654 2.316072353618466 1.3085744209413122 0.9390270796657774 2.8182597678392654 2.316072353618466 1.3085744209413122 0.2814845755112003 
160.00013944018198 3.644011495909467 1.857841279729314 0.5442671525590015 0.37454704750453516 3.644011495909467 1.857841279729314 0.5442671525590015 0.37454704750453516 
161.00013944018193 1.5929361039342211 2.4381354039144583 0.09382777968554024 0.9548411716896794 1.5929361039342211 2.4381354039144583 0.09382777968554024 0.9548411716896794 
162.00001509489252 2.140952706459842 2.1532268983687857 0.36227285559559164 1.104557946993566 2.140952706459842 2.1532268983687857 0.36227285559559164 1.104557946993566 
163.00006494701196 2.4825284509785206 2.167947753485663 1.2841427242994143 2.167947753485663 2.4825284509785206 2.167947753485663 1.2841427242994143 2.167947753485663 
164.00013944018175 2.441700052183762 3.018431083403499 0.5278269157738293 3.018431083403499 2.441700052183762 3.018431083403499 0.5278269157738293 3.018431083403499 
165.0001394401817 2.1417658652578666 1.8103977518407248 1.2912825353400308 NaN 2.1417658652578666 1.8103977518407248 1.2912825353400308 NaN 
166.00008679041105 2.469904568970236 1.8103977518407248 1.2892372292400296 NaN 2.469904568970236 1.8103977518407248 1.2892372292400296 NaN 
167.00013944018158 3.4178861442103994 1.3865629694344932 0.7400406394358754 0.9006942386879189 3.4178861442103994 1.3865629694344932 0.7400406394358754 0.9006942386879189 
168.00000830026798 2.942991329210372 2.3025966945388348 0.043910708315138436 0.6618618164150405 2.942991329210372 2.3025966945388348 0.043910708315138436 0.6618618164150405 
169.00013944018147 2.5297123523950233 2.155830408656726 1.1278098965441075 1.4500578839265472 2.5297123523950233 2.155830408656726 1.1278098965441075 0.3661586956975782 
170.0001394401814 3.5592231814743513 2.6375308428322626 0.6633521333817498 1.9317583181020836 3.5592231814743513 2.6375308428322626 0.6633521333817498 0.8478591298731146 
171.00005743433653 3.1813250595029388 3.874657464190051 1.2056560330857167 NaN 3.1813250595029388 3.874657464190051 1.2056560330857167 NaN 
172.0001394401813 2.4495510499795046 3.874657464190051 1.2124244286217163 NaN 2.4495510499795046 3.874657464190051 1.2124244286217163 NaN 
173.00013944018124 2.131094525277632 5.231683775912131 0.7740682135555517 NaN 2.131094525277632 5.231683775912131 0.7740682135555517 NaN 
174.0001394401812 2.131094525277632 3.7263673746192296 0.7740682135555517 0.5397979271900226 2.131094525277632 3.7263673746192296 0.7740682135555517 0.5397979271900226 
175.00013944018113 2.764516450888266 2.8752099618570526 1.4506503101426915 NaN 2.764516450888266 2.8752099618570526 1.4506503101426915 NaN 
176.00013944018107 3.5067688451335073 3.628458263949369 0.7761607663768189 0.7193399299607393 3.5067688451335073 3.628458263949369 0.7761607663768189 NaN 
177.00013944018102 2.1939240855633955 1.0783930575171041 0.3393702616694725 0.5966452262976247 2.1939240855633955 1.0783930575171041 0.3393702616694725 0.5966452262976247 
178.00013944018096 2.3153915612021194 2.2626666377689446 1.214086039400513 NaN 2.3153915612021194 2.2626666377689446 1.214086039400513 0.844903318582368 
179.0001394401809 1.8668618374264554 1.1170067059498194 0.6825882571746149 0.4642309079238771 1.8668618374264554 1.1170067059498194 0.6825882571746149 0.4642309079238771 
180.0000291308592 2.094002375361157 1.1170067059498194 0.9471832102626649 0.4642309079238771 2.094002375361157 1.1170067059498194 0.9471832102626649 0.4642309079238771 
181.0001394401808 2.8229618854463467 1.5431914745900883 1.6761427203478547 NaN 2.8229618854463467 1.5431914745900883 1.6761427203478547 0.26990756751132494 
182.00013944018073 3.5342839686477134 1.5431914745900883 0.44141451569004175 NaN 3.5342839686477134 1.5431914745900883 0.44141451569004175 0.26990756751132494 
183.0000122783305 3.526785372428492 1.6701279385058 0.18051471357483706 0.9588058553044334 3.526785372428492 1.6701279385058 0.18051471357483706 0.9588058553044334 
184.00013944018062 2.2743483747270545 1.919740712350091 0.8741280037325794 0.08680685331307814 2.2743483747270545 1.919740712350091 0.8741280037325794 0.08680685331307814 
185.00013944018056 2.5019450441951108 2.1169795997350604 0.20445073088521326 1.4233663095773181 2.5019450441951108 2.1169795997350604 0.20445073088521326 1.4233663095773181 
186.0001394401805 2.6201332450978043 2.7066239917470796 1.2835737888335643 2.7066239917470796 2.6201332450978043 2.7066239917470796 1.2835737888335643 2.7066239917470796 
187.00013944018045 2.096189397466361 2.7066239917470796 0.8129317152965996 2.7066239917470796 2.096189397466361 2.7066239917470796 0.8129317152965996 2.7066239917470796 
188.0001394401804 3.1934869225592877 1.516705270019429 0.39320786370629435 0.7040896613866323 3.1934869225592877 1.516705270019429 0.39320786370629435 0.7040896613866323 
189.00007879387852 2.6522239801275873 2.399819898823523 0.25208797464026134 0.48990676509779973 2.6522239801275873 2.399819898823523 0.25208797464026134 0.48990676509779973 
190.00013944018028 2.5919124212457803 1.8517806985280458 0.34692385901144007 2.9490782236209725 2.5919124212457803 1.8517806985280458 0.34692385901144007 2.9490782236209725 
191.00013944018022 2.6090353103863606 1.6293256185777238 0.05890416374109009 0.8413333542035843 2.6090353103863606 1.6293256185777238 0.05890416374109009 0.8413333542035843 
192.00010954928808 3.3544996665932842 2.721556249607488 0.8043685199480137 NaN 3.3544996665932842 2.721556249607488 0.8043685199480137 NaN 
193.0001394401801 3.0751206832608773 3.564903287057433 0.7946328390160886 NaN 3.0751206832608773 3.564903287057433 0.7946328390160886 NaN 
194.00013944018005 1.9021981124116394 3.564903287057433 1.0588510749616944 NaN 1.9021981124116394 3.564903287057433 1.0588510749616944 NaN 
195.00013944018 2.8418675940012292 2.66157590859666 0.4681537964863196 0.47151568510327024 2.8418675940012292 2.66157590859666 0.4681537964863196 0.47151568510327024 
196.00013944017994 3.1599776427058544 1.9677975296925183 0.13332903805164165 1.0281280481029285 3.1599776427058544 1.9677975296925183 0.13332903805164165 0.22285563859506397 
197.00013944017988 2.2215143897276164 1.9677975296925183 0.7252325451383683 1.0281280481029285 2.2215143897276164 1.9677975296925183 0.7252325451383683 0.22285563859506397 
198.00013944017982 3.1281471606118316 1.6513248788076567 1.6318653160225836 1.05942137172093 3.1281471606118316 1.6513248788076567 1.6318653160225836 1.05942137172093 
199.00013944017977 3.109916281176595 2.1911039063748206 0.19357982966340614 0.4693128984964119 3.109916281176595 2.1911039063748206 0.19357982966340614 0.4693128984964119 
200.0001394401797 2.300198506984316 2.1911039063748206 1.1685159723304253 0.4693128984964119 2.300198506984316 2.1911039063748206 1.1685159723304253 0.4693128984964119 
201.00013944017965 NaN NaN NaN NaN NaN NaN NaN NaN 
202.0001394401796 NaN NaN 1.2273568283661689 NaN NaN NaN 1.2273568283661689 NaN 
203.00013944017954 NaN NaN 0.088828791938937 NaN NaN NaN 0.088828791938937 NaN 
204.00013944017948 1.5859643092339866 NaN 0.8517107048085961 1.0612595244938348 1.5859643092339866 NaN 0.8517107048085961 1.0612595244938348 
205.00013944017942 1.5859643092339866 NaN 0.8517107048085961 1.0612595244938348 1.5859643092339866 NaN 0.8517107048085961 1.0612595244938348 
206.00013944017937 2.622192709918096 NaN 0.13126156352714702 NaN 2.622192709918096 NaN 0.13126156352714702 NaN 
207.0001394401793 2.660325859430344 NaN 0.6023733029104505 0.19067078904654977 2.660325859430344 NaN 0.6023733029104505 0.19067078904654977 
208.00004333212857 1.7389794040787194 NaN 0.9459353121217191 0.009077793203346118 1.7389794040787194 NaN 0.9459353121217191 0.009077793203346118 
209.0001394401792 1.8905965045411506 NaN 0.9355833992160854 0.009077793203346118 1.8905965045411506 NaN 0.9355833992160854 0.009077793203346118 
210.00013944017914 2.19658632166707 1.4722153487126661 0.7334487661577498 NaN 2.19658632166707 1.4722153487126661 0.7334487661577498 0.5275541562932347 
211.00013944017908 2.19658632166707 NaN 0.7334487661577498 0.25083905505945836 2.19658632166707 NaN 0.7334487661577498 1.5118419775104428 
212.00012215493638 2.1815373504976776 3.7148861198168674 1.1972495292804695 1.5092220049464515 2.1815373504976776 3.7148861198168674 1.1972495292804695 NaN 
213.0000506806679 2.007601012426221 2.3212548549903715 0.749218062539228 NaN 2.007601012426221 2.3212548549903715 0.749218062539228 NaN 
214.0001394401789 1.2411785620745661 1.6841159349785642 0.4302288977464457 NaN 1.2411785620745661 1.6841159349785642 0.4302288977464457 NaN 
215.00013944017886 2.4628300619234835 2.747916170659664 0.588080161914263 NaN 2.4628300619234835 2.747916170659664 0.588080161914263 NaN 
216.0001394401788 2.4628300619234835 3.5667928402565394 0.588080161914263 NaN 2.4628300619234835 3.5667928402565394 0.588080161914263 NaN 
217.00013944017874 2.071117805892129 5.4338966647548546 0.44188965314950224 NaN 2.071117805892129 5.4338966647548546 0.44188965314950224 NaN 
218.00013944017869 2.0283625593086185 3.214333961071759 0.9716102179560551 0.14482341093477658 2.0283625593086185 3.214333961071759 0.9716102179560551 0.14482341093477658 
219.00013944017863 2.0283625593086185 3.214333961071759 0.9716102179560551 0.14482341093477658 2.0283625593086185 3.214333961071759 0.9716102179560551 0.14482341093477658 
220.00008254135582 2.2224562195975466 NaN 1.106022590706715 NaN 2.2224562195975466 NaN 1.106022590706715 NaN 
221.00013944017851 2.621373786726849 2.9964947906267128 0.653682352615192 0.230297592965087 2.621373786726849 2.9964947906267128 0.653682352615192 0.230297592965087 
222.00012477883357 1.9988678142267133 2.7990989650725453 0.061437692559110246 NaN 1.9988678142267133 2.7990989650725453 0.061437692559110246 NaN 
223.0001394401784 1.9988678142267133 NaN 0.061437692559110246 0.9266242507925426 1.9988678142267133 NaN 0.061437692559110246 0.9266242507925426 
224.00013944017834 2.3832224232349404 NaN 0.34171030379596345 0.3282302593058546 2.3832224232349404 NaN 0.34171030379596345 0.3282302593058546 
225.0001394401783 1.2411014071081468 3.556619144191501 0.6262325384225278 0.9430991279914736 1.2411014071081468 3.556619144191501 0.6262325384225278 0.9430991279914736 
226.00013944017823 2.4343722860247397 NaN 0.12186199346902526 NaN 2.4343722860247397 NaN 0.12186199346902526 NaN 
227.00013944017817 2.5716559419414864 NaN 0.874014518071391 NaN 2.5716559419414864 NaN 0.874014518071391 NaN 
228.00012434647763 1.3942628713128897 1.445078682720748 0.5497725620060407 0.6929261581183823 1.3942628713128897 NaN 0.5497725620060407 0.6929261581183823 
229.00008166067283 1.3942628713128897 2.88486722990055 0.5497725620060407 NaN 1.3942628713128897 NaN 0.5497725620060407 NaN 
230.000139440178 2.4692749352482792 3.632783169440046 0.18499607876162827 NaN 2.4692749352482792 NaN 0.18499607876162827 NaN 
231.0001141589045 1.8705969669194076 4.525473749712518 0.5451082605896715 0.3475823196828003 1.8705969669194076 NaN 0.5451082605896715 0.3475823196828003 
232.0001394401779 1.9462747974493482 NaN 0.501703895470456 0.8994626413892206 1.9462747974493482 NaN 0.501703895470456 0.8994626413892206 
233.00013944017783 1.8976724127583964 NaN 0.28877581858296253 0.5523893838319509 1.8976724127583964 NaN 0.28877581858296253 0.5523893838319509 
234.00013944017778 1.2498014434930838 1.9426296543422268 0.20687657817563831 NaN 1.2498014434930838 1.9426296543422268 0.20687657817563831 1.0985414587607067 
235.00013944017772 1.2498014434930838 2.8387903485796926 0.20687657817563831 NaN 1.2498014434930838 2.8387903485796926 0.20687657817563831 NaN 
236.00013944017766 2.2115459236715935 4.067237640103343 0.7692331545053719 0.45921413701827873 2.2115459236715935 4.067237640103343 0.7692331545053719 NaN 
237.0001394401776 2.66621547320878 2.697820786252322 0.5416074874476635 0.2384818912191804 2.66621547320878 2.697820786252322 0.5416074874476635 0.2384818912191804 
238.00013944017755 2.023890513485668 2.1650409920713685 0.3180636584325782 1.1642193676054262 2.023890513485668 2.1650409920713685 0.3180636584325782 1.1642193676054262 
239.0000106089781 2.3825628923176225 2.3263518437832715 0.2946929397535314 2.3263518437832715 2.3825628923176225 2.3263518437832715 0.2946929397535314 NaN 
240.00013944017743 2.3825628923176225 2.2877112075033494 0.2946929397535314 1.148949450004551 2.3825628923176225 2.2877112075033494 0.2946929397535314 1.148949450004551 
241.00013944017738 1.783792339295104 2.2877112075033494 0.3401499495370217 1.148949450004551 1.783792339295104 2.2877112075033494 0.3401499495370217 1.148949450004551 
242.00013944017732 2.286952358663598 4.316168259333153 0.5827476855142493 0.24334012251955528 2.286952358663598 4.316168259333153 0.5827476855142493 0.24334012251955528 
243.00013944017726 2.286952358663598 4.316168259333153 0.5827476855142493 0.24334012251955528 2.286952358663598 4.316168259333153 0.5827476855142493 0.24334012251955528 
244.0001394401772 1.904859858152463 NaN 1.0787720501186584 1.3554218858415936 1.904859858152463 NaN 1.0787720501186584 1.3554218858415936 
245.00013944017715 2.310159714463566 NaN 1.1980779511415278 NaN 2.310159714463566 NaN 1.1980779511415278 NaN 
246.0001394401771 2.496987129810293 NaN 0.16371518567416388 NaN 2.496987129810293 NaN 0.16371518567416388 1.1351939929946013 
247.00013944017704 2.4838855212138924 2.4824579196717025 1.3752236105807185 NaN 2.4838855212138924 2.4824579196717025 1.3752236105807185 NaN 
248.00013944017698 2.4838855212138924 3.34053488922018 1.3752236105807185 NaN 2.4838855212138924 3.34053488922018 1.3752236105807185 0.8301172856448602 
249.00013944017692 2.038198367180229 4.342653164492248 0.17800312235968363 0.33434751963696385 2.038198367180229 4.342653164492248 0.17800312235968363 0.33434751963696385 
250.00013944017687 2.114708132515119 0.973937474187835 0.4729999026921803 0.973937474187835 2.114708132515119 0.973937474187835 0.4729999026921803 0.46158683219118757 
251.0001394401768 2.38267304996927 1.4799196438325453 0.7247502837770412 0.5453329089491774 2.38267304996927 1.4799196438325453 0.7247502837770412 0.5453329089491774 
252.00013944017675 2.38267304996927 2.567493385832222 0.7247502837770412 0.3628234582226355 2.38267304996927 2.567493385832222 0.7247502837770412 0.3628234582226355 
253.0001394401767 2.876241664679185 3.0925046459697114 0.7703351110381504 0.6892628839827069 2.876241664679185 3.0925046459697114 0.7703351110381504 0.6892628839827069 
254.00013944017664 1.6006944004178933 2.8221929245419233 0.9406014319940539 NaN 1.6006944004178933 2.8221929245419233 0.9406014319940539 NaN 
255.00009350736968 1.6006944004178933 3.5528975193892904 0.9406014319940539 NaN 1.6006944004178933 3.5528975193892904 0.9406014319940539 NaN 
256.00013944017655 2.361161322381548 NaN 0.6306852562357506 0.7498603874107346 2.361161322381548 NaN 0.6306852562357506 0.7498603874107346 
257.0001394401765 2.079709031665544 3.047853837974742 0.6991633880190591 0.178270172157454 2.079709031665544 3.047853837974742 0.6991633880190591 0.178270172157454 
258.00013944017644 2.4515812199559264 NaN 0.9585234569208865 1.1134498148288685 2.4515812199559264 NaN 0.9585234569208865 1.1134498148288685 
259.0001394401764 2.162974596376955 3.4168853295430495 0.3733832144211533 NaN 2.162974596376955 3.4168853295430495 0.3733832144211533 NaN 
260.0001394401763 2.250960744857366 4.163338879460355 0.6500954556556735 NaN 2.250960744857366 4.163338879460355 0.6500954556556735 NaN 
261.00013944017627 2.286757543832266 2.7841512966382993 0.33367417222888207 0.5565343660304052 2.286757543832266 2.7841512966382993 0.33367417222888207 NaN 
262.0001394401762 2.286757543832266 2.7160919745805927 0.33367417222888207 1.6929261834287672 2.286757543832266 2.7160919745805927 0.33367417222888207 NaN 
263.00013944017616 1.7334196270770121 2.9572366659815543 0.5970278096786501 NaN 1.7334196270770121 2.9572366659815543 0.5970278096786501 NaN 
264.0001394401761 2.4257645549289464 3.829824796718924 0.5869283569663253 NaN 2.4257645549289464 3.829824796718924 0.5869283569663253 NaN 
265.00013944017604 2.669892709063504 4.134376070131623 0.22844282236064828 NaN 2.669892709063504 4.134376070131623 0.22844282236064828 NaN 
266.000139440176 1.7061343771309794 NaN 0.28594551132050583 NaN 1.7061343771309794 NaN 0.28594551132050583 0.44588566248745565 
267.00013944017593 1.3480282792662024 NaN 0.9430451086396374 NaN 1.3480282792662024 NaN 0.9430451086396374 NaN 
268.0001394401759 1.3480282792662024 NaN 0.9430451086396374 NaN 1.3480282792662024 NaN 0.9430451086396374 NaN 
269.0000490450983 2.344873321326986 NaN 0.4772781708368825 0.3567411338426041 2.344873321326986 NaN 0.4772781708368825 0.3567411338426041 
270.00013944017576 2.590301345321336 NaN 0.8359048387921462 0.4761874943134785 2.590301345321336 4.4595924507626705 0.8359048387921462 0.4761874943134785 
271.0001394401757 1.4517822602361434 NaN 1.0048064247789057 0.4761874943134785 1.4517822602361434 4.4595924507626705 1.0048064247789057 0.4761874943134785 
272.0000974727806 1.4517822602361434 3.2391820277997567 1.0048064247789057 0.5655421360726223 1.4517822602361434 3.2391820277997567 1.0048064247789057 0.5655421360726223 
273.0001394401756 1.3082695262920652 4.002844472759193 0.7891333490113084 NaN 1.3082695262920652 4.002844472759193 0.7891333490113084 NaN 
274.00013944017553 2.204834947526763 NaN 0.28462251603633604 NaN 2.204834947526763 NaN 0.28462251603633604 NaN 
275.0000571506201 1.339389920496842 3.966360015358987 0.8855483216572679 0.1412155272990958 1.339389920496842 3.966360015358987 0.8855483216572679 0.1412155272990958 
276.0001394401754 1.339389920496842 3.966360015358987 0.8855483216572679 0.1412155272990958 1.339389920496842 3.966360015358987 0.8855483216572679 0.1412155272990958 
277.00013944017536 2.4023630293727933 2.3248321943348174 0.24674991784121403 NaN 2.4023630293727933 2.3248321943348174 0.24674991784121403 NaN 
278.0001394401753 2.4023630293727933 3.348632531947203 0.24674991784121403 NaN 2.4023630293727933 3.348632531947203 0.24674991784121403 NaN 
279.00013944017525 2.048539681156342 NaN 1.0247393435439562 0.19428156581483336 2.048539681156342 NaN 1.0247393435439562 0.19428156581483336 
280.0001394401752 2.27912276274418 NaN 0.25548078611279834 0.9989026330874253 2.27912276274418 NaN 0.25548078611279834 0.9989026330874253 
281.00001822585136 2.141784343635777 NaN 0.20972927278870657 0.8719532174616802 2.141784343635777 NaN 0.20972927278870657 0.8719532174616802 
282.0001394401751 2.141784343635777 NaN 0.20972927278870657 NaN 2.141784343635777 NaN 0.20972927278870657 NaN 
283.000139440175 2.7180589629101632 3.46720320527686 0.826592927311026 0.6683852066846612 2.7180589629101632 3.46720320527686 0.826592927311026 0.6683852066846612 
284.00013944017496 2.7180589629101632 NaN 0.826592927311026 NaN 2.7180589629101632 NaN 0.826592927311026 NaN 
285.0001394401749 2.41655726381083 2.577625079618656 0.14084965844091357 0.19646656133920715 2.41655726381083 2.577625079618656 0.14084965844091357 0.19646656133920715 
286.00013944017485 1.3169321935159815 3.61264752665312 0.5225752105912989 1.2314890083736714 1.3169321935159815 3.61264752665312 0.5225752105912989 1.2314890083736714 
287.0001394401748 1.3169321935159815 3.61264752665312 0.5225752105912989 1.2314890083736714 1.3169321935159815 3.61264752665312 0.5225752105912989 1.2314890083736714 
288.00013944017473 1.8527773578417168 2.642008872286169 1.2747956739518145 NaN 1.8527773578417168 2.642008872286169 1.2747956739518145 0.13572418996068336 
289.00003090099614 3.208136909589541 NaN 0.15123153735822825 NaN 3.208136909589541 NaN 0.15123153735822825 NaN 
290.0001394401746 2.5916941965754177 NaN 0.8043948586378633 NaN 2.5916941965754177 NaN 0.8043948586378633 NaN 
291.00013944017456 2.5916941965754177 NaN 0.8043948586378633 NaN 2.5916941965754177 NaN 0.8043948586378633 NaN 
292.0001394401745 2.7808319759739675 3.2780690884877686 0.9524262408286859 NaN 2.7808319759739675 3.2780690884877686 0.9524262408286859 NaN 
293.00013944017445 1.38204353177548 3.915570852610017 0.0441520715983188 NaN 1.38204353177548 3.915570852610017 0.0441520715983188 NaN 
294.0000025279115 1.4527608059362933 3.3574362837977674 0.8152590418140448 0.7697721943777083 1.4527608059362933 3.3574362837977674 0.8152590418140448 0.7697721943777083 
295.00013944017434 2.1767263442208673 2.283114810054826 0.474272057474991 NaN 2.1767263442208673 2.283114810054826 0.474272057474991 NaN 
296.0001394401743 1.197424255563476 2.189336068514251 0.520096026888325 NaN 1.197424255563476 2.189336068514251 0.520096026888325 NaN 
297.0001394401742 1.197424255563476 3.29262558531849 0.520096026888325 0.5831934899159137 1.197424255563476 3.29262558531849 0.520096026888325 0.5831934899159137 
298.00013944017417 2.6263774255534145 4.351361521066735 0.8457596800740248 0.21297625567422074 2.6263774255534145 4.351361521066735 0.8457596800740248 0.21297625567422074 
299.0001394401741 1.3473592537695254 5.3139990072959336 0.38472176754032716 1.175613741903419 1.3473592537695254 5.3139990072959336 0.38472176754032716 1.175613741903419 
300.00013944017405 1.3473592537695254 NaN 0.38472176754032716 0.6551235965388855 1.3473592537695254 NaN 0.38472176754032716 0.6551235965388855 
#####################################################################
# End of data export. Simulation finished at: 2019-09-25T07:55+0000 #
#####################################################################
