#####################################################################
# Alchemist log file - simulation started at: 2019-09-24T21:37+0000 #
#####################################################################
# seed = 171.0, stage_width = 2000
#
# The columns have the following meaning: 
# time rep-bcast[Sum] rep-ccast[Sum] share-bcast[Sum] share-ccast[Sum] rep-bcast-single[Sum] rep-ccast-single[Sum] share-bcast-single[Sum] share-ccast-single[Sum] 
0.0 NaN NaN NaN NaN NaN NaN NaN NaN 
1.0000815732978428 NaN NaN NaN NaN NaN NaN NaN NaN 
2.0000815732978428 NaN NaN NaN NaN NaN NaN NaN NaN 
3.0000815732978436 NaN NaN NaN NaN NaN NaN NaN NaN 
4.0000815732978445 NaN NaN 2.418886229673487 NaN NaN NaN 2.418886229673487 2.695285985698936 
5.0000013855051595 NaN NaN 3.669003147572653 NaN NaN NaN 3.669003147572653 2.695285985698936 
6.000081573297846 NaN NaN 2.292034102567081 NaN NaN NaN 2.292034102567081 2.7490034622983694 
7.000081573297847 NaN NaN 2.292034102567081 NaN NaN NaN 2.292034102567081 3.1286971160190387 
8.000081573297848 NaN NaN 3.5008711952244376 3.535170099713987 NaN NaN 3.5008711952244376 2.9894131751169484 
9.000081573297845 NaN NaN 2.911285892681457 3.7812405884653906 NaN NaN 2.911285892681457 3.7812405884653906 
10.000081573297841 NaN NaN 3.9202134305739573 3.7812405884653906 NaN NaN 3.9202134305739573 3.7812405884653906 
11.000081573297837 NaN NaN 3.7593115121474705 5.541787709712212 NaN NaN 3.7593115121474705 4.2372057272467405 
12.000081573297834 NaN NaN 3.590738163882987 3.372170062344649 NaN NaN 3.590738163882987 3.372170062344649 
13.00008157329783 NaN NaN 3.590738163882987 3.489126137974507 NaN NaN 3.590738163882987 4.498053675867007 
14.000081573297827 NaN NaN 2.5519575899076052 4.36810781747057 NaN NaN 2.5519575899076052 3.1927236060929065 
15.000081573297823 NaN NaN 3.5981614254368477 3.4245545514036557 NaN NaN 3.5981614254368477 3.4245545514036557 
16.00008157329782 NaN NaN 2.8604835109579785 3.4245545514036557 NaN NaN 2.8604835109579785 3.4245545514036557 
17.000081573297816 NaN NaN 3.0782856241116328 4.837895743320873 NaN NaN 3.0782856241116328 3.064673557806497 
18.000081573297813 NaN NaN 3.1309085228516995 3.4600334485215836 NaN NaN 3.1309085228516995 3.4600334485215836 
19.00008157329781 NaN NaN 4.01489831054589 4.320451445190111 NaN NaN 4.01489831054589 4.320451445190111 
20.000081573297805 NaN NaN 3.799133680793421 4.459360279702516 NaN NaN 3.799133680793421 4.459360279702516 
21.000081573297802 NaN NaN 3.39434488665972 4.459360279702516 NaN NaN 3.39434488665972 4.459360279702516 
22.0000815732978 NaN NaN 3.264669028009653 3.4129114357541006 NaN NaN 3.264669028009653 3.8929195875797475 
23.000081573297795 NaN NaN 2.8207359630945454 4.009781391772606 NaN NaN 2.8207359630945454 4.009781391772606 
24.00008157329779 NaN NaN 4.151141278284918 4.009781391772606 NaN NaN 4.151141278284918 4.009781391772606 
25.000081573297788 NaN NaN 3.622007113403029 3.333552849159563 NaN NaN 3.622007113403029 3.333552849159563 
26.000081573297784 24.533800825187967 NaN 4.196308728640751 3.8404833156988722 24.533800825187967 NaN 4.196308728640751 4.571225453717332 
27.00008157329778 25.48087426675136 NaN 3.6625224264914493 3.886339979609538 25.48087426675136 25.661291476029312 3.6625224264914493 3.886339979609538 
28.000081573297777 25.73345726718339 NaN 3.8319268936259157 3.7962453405897314 25.73345726718339 26.901602152199878 3.8319268936259157 3.7962453405897314 
29.000081573297773 26.410496856507876 NaN 3.2712938783926333 3.7962453405897314 26.410496856507876 26.901602152199878 3.2712938783926333 3.7962453405897314 
30.00008157329777 27.73931752018049 NaN 3.424872573984551 3.7497986068000166 27.73931752018049 26.82130567839798 3.424872573984551 3.7497986068000166 
31.000081573297766 28.495224294045034 NaN 2.9404686716785307 4.361983341704281 28.495224294045034 26.71961138548003 2.9404686716785307 4.361983341704281 
32.00008157329776 29.572399794315135 NaN 4.017644171948632 4.361983341704281 29.572399794315135 26.71961138548003 4.017644171948632 4.361983341704281 
33.00008157329778 29.572399794315135 NaN 4.017644171948632 3.5168494408667392 29.572399794315135 27.591454721407445 4.017644171948632 3.5168494408667392 
34.00008157329779 27.938139440333394 NaN 3.865837224233786 3.5168494408667392 27.938139440333394 27.591454721407445 3.865837224233786 3.5168494408667392 
35.000081573297805 27.34324275553685 NaN 4.158801469770808 4.100201975948103 27.34324275553685 26.99020884503859 4.158801469770808 2.734535073616456 
36.00008157329782 28.01928986229175 NaN 3.417248316001256 3.6569797062108407 28.01928986229175 26.430980425669123 3.417248316001256 3.6569797062108407 
37.000081573297834 28.496267873069193 NaN 2.773880541373167 3.5490010231721456 28.496267873069193 27.566927032931584 2.773880541373167 3.5490010231721456 
38.00008157329785 25.203466013169027 NaN 3.651471729871794 3.5490010231721456 25.203466013169027 27.566927032931584 3.651471729871794 3.5490010231721456 
39.00008157329786 26.367697117417563 NaN 3.4258428297229457 3.9454986025966363 26.367697117417563 25.001877456268737 3.4258428297229457 3.9454986025966363 
40.00008157329788 24.989212984789688 NaN 3.08444744333719 4.2681917051223905 24.989212984789688 26.803558118051605 3.08444744333719 2.9993862809965037 
41.00008157329789 23.38908929634721 NaN 2.7516162773700046 4.2681917051223905 23.38908929634721 26.803558118051605 2.7516162773700046 2.9993862809965037 
42.000081573297905 24.48659531075573 NaN 3.849122291778528 3.630072673522527 24.48659531075573 28.311835699076255 3.849122291778528 3.630072673522527 
43.00007814530986 25.37015804872378 NaN 2.931004367963709 3.630072673522527 25.37015804872378 28.311835699076255 2.931004367963709 3.630072673522527 
44.00008157329793 26.01101882739364 NaN 3.57186514663357 3.3465129119774133 26.01101882739364 25.68482552574105 3.57186514663357 3.3465129119774133 
45.00008157329795 27.025451123728217 NaN 3.0780198619434955 3.8095431469115795 27.025451123728217 26.78079599180934 3.0780198619434955 3.2353065383954913 
46.00008157329796 27.70189039568804 NaN 3.7544591339033175 3.8095431469115795 27.70189039568804 26.78079599180934 3.7544591339033175 3.2353065383954913 
47.000081573297976 28.968681590842685 NaN 3.346027765477835 3.381120966591574 28.968681590842685 28.33344256386591 3.346027765477835 3.381120966591574 
48.00008157329799 27.542034591592074 NaN 2.77713851408695 3.7571533771636396 27.542034591592074 24.976422292115885 2.77713851408695 3.7571533771636396 
49.000081573298004 26.239939449901847 NaN 2.8002680655027348 3.9206123835115463 26.239939449901847 26.154313594798367 2.8002680655027348 4.935044679846122 
50.00008157329802 26.239939449901847 NaN 2.8002680655027348 4.770115857495384 26.239939449901847 26.36754384286921 2.8002680655027348 2.4962352958376854 
51.00008157329803 26.023228044404306 NaN 2.9829535756663077 4.770115857495384 26.023228044404306 26.36754384286921 2.9829535756663077 2.4962352958376854 
52.000028152288166 26.131564885768423 NaN 3.151071718905712 3.858217784526893 26.131564885768423 27.24911109783405 3.151071718905712 3.858217784526893 
53.00008157329806 27.627971055822716 NaN 3.121535143016345 3.567671049695626 27.627971055822716 27.092161514669417 3.121535143016345 3.567671049695626 
54.000081573298075 28.286316979740246 NaN 3.779881066933875 3.567671049695626 28.286316979740246 27.092161514669417 3.779881066933875 3.567671049695626 
55.00008157329809 29.495685800734524 NaN 3.6272673992389457 4.022647624808457 29.495685800734524 27.075668323216462 3.6272673992389457 2.67663817888657 
56.000081573298104 26.30023551804846 25.648309828246255 4.243101998820144 3.2251656615958737 26.30023551804846 25.648309828246255 4.243101998820144 3.2251656615958737 
57.00008157329812 27.270809421006184 25.648309828246255 3.928446513136784 3.2251656615958737 27.270809421006184 25.648309828246255 3.928446513136784 3.2251656615958737 
58.00008157329813 28.30285831540143 25.23138525473984 3.3059401330136993 4.036611015117018 28.30285831540143 25.23138525473984 3.3059401330136993 3.378265091199488 
59.00008157329815 29.60674855978629 26.740851001664225 3.1696090717420518 3.6783620171295937 29.60674855978629 26.740851001664225 3.1696090717420518 3.6783620171295937 
60.00008157329816 30.436445360174957 27.965384908035553 3.9993058721307193 3.316487420961998 30.436445360174957 27.965384908035553 3.9993058721307193 3.316487420961998 
61.00003570799586 28.027693858487204 27.965384908035553 4.567412807435076 3.316487420961998 28.027693858487204 27.965384908035553 4.567412807435076 3.316487420961998 
62.00008157329819 28.940212570200266 28.01277338780264 4.0637738185199055 3.5757522966349953 28.940212570200266 28.01277338780264 4.0637738185199055 3.5757522966349953 
63.0000815732982 28.442296971435084 27.75554383215075 2.7440317652129878 4.305889423294488 28.442296971435084 27.75554383215075 2.7440317652129878 3.0371581182142577 
64.00008157329822 27.25417494970815 27.75554383215075 2.7904025850776577 4.305889423294488 27.25417494970815 27.75554383215075 2.7904025850776577 3.0371581182142577 
65.00008157329823 28.315377977585037 29.222741289437188 3.8516056129545433 4.504355575500696 28.315377977585037 29.222741289437188 3.8516056129545433 4.504355575500696 
66.00008157329825 29.35841215566034 25.78134227819214 3.299646924677056 2.9492993617540932 29.35841215566034 25.78134227819214 3.299646924677056 2.9492993617540932 
67.00001851335226 25.022264215577614 26.713968641501282 3.719236776328806 3.3442797066348433 25.022264215577614 26.713968641501282 3.719236776328806 3.3442797066348433 
68.00008157329827 26.029802725477218 28.295269952860167 4.72677528622841 3.0643394186123203 26.029802725477218 28.295269952860167 4.72677528622841 3.0643394186123203 
69.00008157329829 27.001201286329596 28.295269952860167 2.89114935653474 3.0643394186123203 27.001201286329596 28.295269952860167 2.89114935653474 3.0643394186123203 
70.0000815732983 26.91181241164179 24.666829953638256 3.5443566821179218 3.3990248719639595 26.91181241164179 24.666829953638256 3.5443566821179218 3.3990248719639595 
71.00008157329832 26.91181241164179 25.602245086139348 3.5443566821179218 3.3269014945654476 26.91181241164179 25.602245086139348 3.5443566821179218 3.3269014945654476 
72.00008157329833 26.572156663380582 26.71902176509846 3.1993782403917663 3.4722796126721818 26.572156663380582 26.71902176509846 3.1993782403917663 3.4722796126721818 
73.00008157329835 26.089550506049882 26.71902176509846 2.472109172038941 3.4722796126721818 26.089550506049882 26.71902176509846 2.472109172038941 3.4722796126721818 
74.00008157329836 25.25919279713826 25.69274885628655 2.901120822550638 3.1340535766256465 25.25919279713826 25.69274885628655 2.901120822550638 3.1340535766256465 
75.00008157329837 24.900245896839593 26.815609139903806 2.9513399892365157 3.0205909906101738 24.900245896839593 26.815609139903806 2.9513399892365157 3.0205909906101738 
76.00008157329839 25.55843416670406 26.29972123315425 3.6095282591009834 4.080479207332971 25.55843416670406 26.29972123315425 3.6095282591009834 4.080479207332971 
77.0000815732984 26.310251660360507 27.659711904526255 3.113738099911643 4.370429463979107 26.310251660360507 26.460133205120755 3.113738099911643 4.370429463979107 
78.00008157329842 27.593978606426816 27.659711904526255 3.2746047623606955 4.370429463979107 27.593978606426816 26.460133205120755 3.2746047623606955 4.370429463979107 
79.00002649053492 26.213692250814987 27.321687919759945 3.4816420673563613 2.636565232361491 26.213692250814987 27.321687919759945 3.4816420673563613 2.636565232361491 
80.00008157329844 26.6264975577665 27.321687919759945 3.894447374307873 2.636565232361491 26.6264975577665 27.321687919759945 3.894447374307873 2.636565232361491 
81.00008157329846 NaN NaN NaN NaN NaN NaN NaN NaN 
82.00008157329847 NaN NaN NaN NaN NaN NaN NaN NaN 
83.00008157329849 NaN NaN NaN NaN NaN NaN NaN NaN 
84.0000815732985 NaN NaN 3.0373124953787993 NaN NaN NaN 3.0373124953787993 NaN 
85.00008157329852 NaN NaN 2.71012371060516 NaN NaN NaN 2.71012371060516 3.9981305052304634 
86.00008157329853 NaN NaN 3.247441608441818 NaN NaN NaN 3.247441608441818 3.7312533089073696 
87.00008157329854 NaN NaN 3.247441608441818 NaN NaN NaN 3.247441608441818 3.7780116616049213 
88.00008157329856 NaN NaN 4.131179003651852 NaN NaN NaN 4.131179003651852 3.190893613232234 
89.00008157329857 NaN NaN 4.135324368120834 NaN NaN NaN 4.135324368120834 2.9280447771025564 
90.00008157329859 NaN NaN 3.691266512119455 NaN NaN NaN 3.691266512119455 4.224078070780763 
91.0000815732986 NaN NaN 3.1742913757873623 NaN NaN NaN 3.1742913757873623 4.995249698404038 
92.00002522256977 NaN NaN 3.1742913757873623 NaN NaN NaN 3.1742913757873623 4.239265500369555 
93.00008157329863 NaN NaN 3.525358731696656 NaN NaN NaN 3.525358731696656 4.0730685120031325 
94.00008157329864 NaN NaN 3.327060597994077 NaN NaN NaN 3.327060597994077 4.0730685120031325 
95.00008157329866 NaN NaN 4.581337898441987 NaN NaN NaN 4.581337898441987 4.074219692557449 
96.00008157329867 NaN NaN 3.9215731018093436 NaN NaN NaN 3.9215731018093436 3.8037284481640086 
97.00008157329869 NaN NaN 2.9015624309353996 3.519529014500975 NaN NaN 2.9015624309353996 3.519529014500975 
98.0000815732987 NaN NaN 2.9015624309353996 4.481343068884129 NaN NaN 2.9015624309353996 3.227065768436219 
99.00008157329871 NaN NaN 3.0727567749517704 4.138936343515638 NaN NaN 3.0727567749517704 4.138936343515638 
100.00008157329873 NaN NaN 3.65275496392654 4.061074482021468 NaN NaN 3.65275496392654 4.061074482021468 
101.0000603607456 NaN NaN 3.65275496392654 3.61740578218199 NaN NaN 3.65275496392654 3.61740578218199 
102.00008157329876 NaN NaN 4.40904332459526 4.026351039376948 NaN NaN 4.40904332459526 4.026351039376948 
103.00008157329877 NaN NaN 3.9222171141616116 4.215647314123316 NaN NaN 3.9222171141616116 5.252390132927744 
104.00008157329879 NaN NaN 3.9222171141616116 4.025756533487069 NaN NaN 3.9222171141616116 4.025756533487069 
105.0000815732988 NaN NaN 3.270124527238309 4.7862805557423656 NaN NaN 3.270124527238309 3.216456468761052 
106.00008157329881 NaN NaN 3.516876810215294 3.98840016361315 NaN NaN 3.516876810215294 3.98840016361315 
107.00008157329883 NaN NaN 3.516876810215294 2.2520182262572774 NaN NaN 3.516876810215294 2.2520182262572774 
108.00008157329884 27.222449965185092 NaN 2.9483505651353283 3.2393090699139435 27.222449965185092 26.97440838488211 2.9483505651353283 3.2393090699139435 
109.00008157329886 28.379006518752703 NaN 3.332963423850842 3.1732810187302363 28.379006518752703 27.1785871927856 3.332963423850842 3.1732810187302363 
110.00008157329887 28.379006518752703 NaN 3.332963423850842 3.869372973920946 28.379006518752703 27.87467914797631 3.332963423850842 3.869372973920946 
111.00008157329889 24.792559787878773 NaN 3.7392800730012823 4.493498480081357 24.792559787878773 25.738184060948782 3.7392800730012823 4.493498480081357 
112.0000815732989 24.80027886731682 NaN 2.8395429567268593 3.0279782229247303 24.80027886731682 27.048891273701415 2.8395429567268593 3.0279782229247303 
113.00003559163041 24.80027886731682 NaN 2.8395429567268593 3.907113387044731 24.80027886731682 27.928026437821416 2.8395429567268593 3.907113387044731 
114.00008157329893 26.222848388388627 NaN 2.941895016447546 3.3945401841515377 26.222848388388627 29.157732687749743 2.941895016447546 3.3945401841515377 
115.00008157329894 27.30018977771907 NaN 4.019236405777988 3.1466625017207264 27.30018977771907 27.556635931308165 4.019236405777988 3.1466625017207264 
116.00008157329896 27.0256700349005 NaN 3.245526829623259 3.1466625017207264 27.0256700349005 27.556635931308165 3.245526829623259 3.1466625017207264 
117.00008157329897 27.0256700349005 NaN 3.245526829623259 3.6591121270461144 27.0256700349005 28.168941441719667 3.245526829623259 3.6591121270461144 
118.00008157329898 27.12118680599235 NaN 3.40737064446499 3.4340098839394955 27.12118680599235 25.518188386425436 3.40737064446499 4.511351273269938 
119.000081573299 28.21667926712074 NaN 3.256423735297872 4.670083579896755 28.21667926712074 26.754262082382695 3.256423735297872 4.670083579896755 
120.00008157329901 27.880250986200252 NaN 3.309850036112934 4.670083579896755 27.880250986200252 26.754262082382695 3.309850036112934 4.670083579896755 
121.00008157329903 28.787780059099674 NaN 3.5353904817638693 3.8159376455551097 28.787780059099674 27.610063853553385 3.5353904817638693 3.8159376455551097 
122.00008157329904 29.694793962447662 NaN 2.6669183487733505 3.8020572255195475 29.694793962447662 27.4373985941983 2.6669183487733505 3.8020572255195475 
123.00008157329906 26.911555919112644 NaN 3.961022284893957 3.8020572255195475 26.911555919112644 27.4373985941983 3.961022284893957 3.8020572255195475 
124.00008157329907 25.132560533951818 NaN 3.6641083630233737 3.891313996656237 25.132560533951818 28.83311218529876 3.6641083630233737 3.891313996656237 
125.00008157329908 25.132560533951818 NaN 3.6641083630233737 3.0458311314548183 25.132560533951818 28.819051992093137 3.6641083630233737 3.0458311314548183 
126.0000815732991 26.53754531259554 NaN 3.239083061912879 2.998252286735152 26.53754531259554 30.378403889336653 3.239083061912879 2.998252286735152 
127.00008157329911 26.29470364427516 NaN 3.5291614542184107 3.92464314603437 26.29470364427516 25.61362001423916 3.5291614542184107 3.92464314603437 
128.00008157329913 26.29470364427516 NaN 3.5291614542184107 3.8372987195411383 26.29470364427516 25.047642139331344 3.5291614542184107 3.8372987195411383 
129.00004378807216 27.83128092031521 NaN 3.397972453941577 3.8372987195411383 27.83128092031521 25.047642139331344 3.397972453941577 3.8372987195411383 
130.000081573299 27.83128092031521 NaN 3.397972453941577 2.866633939252864 27.83128092031521 27.167754121092784 3.397972453941577 2.866633939252864 
131.00008157329896 26.420932167305963 NaN 3.263244599572559 3.513131881679982 26.420932167305963 27.814252063519902 3.263244599572559 3.513131881679982 
132.0000815732989 27.822684308414907 NaN 3.8441161965603925 2.956812004879339 27.822684308414907 28.794509462759308 3.8441161965603925 2.956812004879339 
133.00008157329884 27.822684308414907 NaN 3.8441161965603925 3.87817989784142 27.822684308414907 29.71587735572139 3.8441161965603925 3.87817989784142 
134.0000815732988 28.05521035779853 NaN 2.842500038862852 4.649234364525881 28.05521035779853 25.708983207538395 2.842500038862852 4.649234364525881 
135.00008157329873 28.05521035779853 NaN 2.842500038862852 4.132101624992515 28.05521035779853 26.844159204907854 2.842500038862852 4.132101624992515 
136.00008157329867 25.508058756239123 NaN 2.8198320729644877 5.123621070395984 25.508058756239123 27.835678650311323 2.8198320729644877 5.123621070395984 
137.00008157329862 24.77905640839161 NaN 3.2546079773455574 4.785888904731053 24.77905640839161 28.899698625755335 3.2546079773455574 4.785888904731053 
138.00008157329856 25.735043209099885 NaN 2.083899335280904 4.160237576178815 25.735043209099885 28.882484510126503 2.083899335280904 4.160237576178815 
139.0000815732985 25.86952622562879 NaN 3.097517515929809 2.6471664524314633 25.86952622562879 28.711921630926284 3.097517515929809 2.6471664524314633 
140.00008157329844 27.26846140752113 NaN 4.49645269782215 2.7049843416422448 27.26846140752113 26.808839747047216 4.49645269782215 2.7049843416422448 
141.0000815732984 26.05525909328705 NaN 3.5560335904291094 3.461892154864131 26.05525909328705 26.48840617093866 3.5560335904291094 3.461892154864131 
142.00008157329833 26.05525909328705 NaN 3.5560335904291094 3.046879890397065 26.05525909328705 27.0870120871205 3.5560335904291094 3.046879890397065 
143.00008157329827 26.21436120927278 NaN 3.3964496519422482 3.797031784532834 26.21436120927278 27.837163981256268 3.3964496519422482 3.797031784532834 
144.00008157329822 27.448505853009536 NaN 3.616789605759948 3.425977279108338 27.448505853009536 27.44891185700621 3.616789605759948 3.425977279108338 
145.00008157329816 27.818244497187663 NaN 3.3130031477828368 3.8581380455905503 27.818244497187663 27.752465864708114 3.3130031477828368 3.8581380455905503 
146.0000815732981 26.796728300139094 NaN 2.28894041646916 3.8581380455905503 26.796728300139094 27.752465864708114 2.28894041646916 3.8581380455905503 
147.00008157329805 28.057350642234454 NaN 2.6748064417419926 3.9342976856010523 28.057350642234454 28.14526567872467 2.6748064417419926 5.346430320735493 
148.000081573298 28.057350642234454 NaN 2.6748064417419926 3.6466666372182885 28.057350642234454 27.78532245411489 2.6748064417419926 3.6466666372182885 
149.00008157329793 23.860333109787206 NaN 3.3701906338734773 3.098423413829181 23.860333109787206 25.621302623231742 3.3701906338734773 3.852393253119118 
150.00008157329788 25.0562507658274 NaN 3.077816014768729 4.269384245441273 25.0562507658274 26.792263454843834 3.077816014768729 4.269384245441273 
151.00008157329782 24.014503683707673 NaN 3.5752980938377448 3.819957797489394 24.014503683707673 27.91628615482989 3.5752980938377448 3.819957797489394 
152.00003426932057 24.014503683707673 NaN 3.5752980938377448 3.510232144001577 24.014503683707673 27.901240672666077 3.5752980938377448 3.510232144001577 
153.0000815732977 25.259133999139934 NaN 3.562474521942562 4.28216311708664 25.259133999139934 28.67317164575114 3.562474521942562 4.28216311708664 
154.00008157329765 26.739902349209373 NaN 3.8722820403999094 4.180112202899977 26.739902349209373 28.36205360896095 3.8722820403999094 4.180112202899977 
155.0000815732976 25.062171069746483 NaN 3.1183410983829845 3.803113705875859 25.062171069746483 29.429050786359838 3.1183410983829845 3.803113705875859 
156.00008157329754 25.062171069746483 NaN 3.1183410983829845 3.8071739145564436 25.062171069746483 28.991949327066692 3.1183410983829845 3.8071739145564436 
157.00008157329748 26.593884424458054 NaN 2.7842567381559604 4.782944606564598 26.593884424458054 26.778834006131973 2.7842567381559604 4.782944606564598 
158.00008157329742 27.249875240713948 NaN 3.019748319440083 4.103855864731486 27.249875240713948 27.5805136143683 3.019748319440083 4.103855864731486 
159.00008157329736 28.528098640489986 NaN 3.0492811951032763 3.95094890689262 28.528098640489986 28.690867902949094 3.0492811951032763 3.95094890689262 
160.0000815732973 28.528098640489986 NaN 3.0492811951032763 3.0424942071695114 28.528098640489986 29.314126557937556 3.0492811951032763 3.0424942071695114 
161.00008157329725 27.002012301714046 NaN 2.418424314968803 3.7345609371132866 27.002012301714046 28.604441146772388 2.418424314968803 3.7345609371132866 
162.0000815732972 28.30433964380927 NaN 3.720751657064028 3.512052857649479 28.30433964380927 29.684421825991592 3.720751657064028 3.512052857649479 
163.00008157329714 28.188205054028344 NaN 3.006180121083304 4.8168285955944725 28.188205054028344 27.345246471142445 3.006180121083304 3.538605195818434 
164.00008157329708 25.596070152145842 NaN 3.541592248940418 3.4439748594350306 25.596070152145842 26.235392383095245 3.541592248940418 3.4439748594350306 
165.00008157329702 25.596070152145842 NaN 3.541592248940418 4.454244593524265 25.596070152145842 27.24566211718448 3.541592248940418 4.454244593524265 
166.00008157329697 27.119087952650403 NaN 2.679853632280782 3.8525698203303875 27.119087952650403 26.932696505436923 2.679853632280782 3.8525698203303875 
167.0000815732969 24.753841277238706 NaN 3.3290988593251996 4.311601429523563 24.753841277238706 25.748891034336538 3.3290988593251996 4.311601429523563 
168.00008157329685 25.654474691897434 NaN 3.2194625398946926 3.909337315793806 25.654474691897434 26.57410577840767 3.2194625398946926 3.909337315793806 
169.0000815732968 25.654474691897434 NaN 3.2194625398946926 3.5298007683635717 25.654474691897434 27.717587031481997 3.2194625398946926 5.052818568868133 
170.00008157329674 27.18751510816844 NaN 3.2664575660931803 2.9336110454419213 27.18751510816844 27.41047298419693 3.2664575660931803 2.9336110454419213 
171.00002163519767 26.25346905143428 NaN 3.0299803688102998 3.021051985730395 26.25346905143428 28.39854733914413 3.0299803688102998 3.021051985730395 
172.00008157329663 27.640253343541048 NaN 3.27328340784274 3.021051985730395 27.640253343541048 28.39854733914413 3.27328340784274 3.021051985730395 
173.00008157329657 27.640253343541048 NaN 3.27328340784274 3.6987423109533495 27.640253343541048 27.569436326184785 3.27328340784274 3.6987423109533495 
174.0000765387351 27.018220731561172 NaN 2.553971078018094 4.359317858381672 27.018220731561172 28.23001187361311 2.553971078018094 4.359317858381672 
175.0000618351879 27.703099357166224 NaN 4.185363298977137 4.132708199470841 27.703099357166224 26.508465667224783 4.185363298977137 4.132708199470841 
176.0000815732964 27.703099357166224 NaN 4.185363298977137 3.2859274855776164 27.703099357166224 27.048469245438326 4.185363298977137 3.2859274855776164 
177.00008157329634 29.04098836356806 26.969002172778772 3.3125215638850136 3.028597455986329 29.04098836356806 26.969002172778772 3.3125215638850136 3.028597455986329 
178.0000758686009 27.062732365067404 28.41073277066289 3.1713193533936703 2.838935832911403 27.062732365067404 28.41073277066289 3.1713193533936703 2.838935832911403 
179.00008157329623 27.062732365067404 29.553204357925097 3.1713193533936703 3.9814074201736105 27.062732365067404 29.553204357925097 3.1713193533936703 3.9814074201736105 
180.00008157329617 28.4381799785605 29.553204357925097 2.890312805292581 3.9814074201736105 28.4381799785605 29.553204357925097 2.890312805292581 3.9814074201736105 
181.00008157329611 25.523404388302453 27.015188753668838 2.8461718003057115 4.274897149440221 25.523404388302453 27.015188753668838 2.8461718003057115 4.274897149440221 
182.00008157329606 26.42029707020035 26.94780728846476 3.743064482203607 3.896595510230867 26.42029707020035 26.94780728846476 3.743064482203607 3.896595510230867 
183.000081573296 26.42029707020035 27.753494678451602 3.743064482203607 4.7022829002177104 26.42029707020035 27.753494678451602 3.743064482203607 4.7022829002177104 
184.00008157329594 27.124679770701135 24.959781328633994 3.0079911053867363 6.020995063570723 27.124679770701135 24.959781328633994 3.0079911053867363 6.020995063570723 
185.0000815732959 27.15549434735658 25.30187071257518 3.442481850182901 6.363084447511909 27.15549434735658 25.30187071257518 3.442481850182901 6.363084447511909 
186.00008157329583 25.40364103642159 26.498753616286194 2.916420649794844 3.8900374629346857 25.40364103642159 26.498753616286194 2.916420649794844 3.8900374629346857 
187.00008157329577 26.31052687073867 27.318656131354203 2.504594320758912 3.243257555756344 26.31052687073867 27.318656131354203 2.504594320758912 3.243257555756344 
188.00008157329572 27.388584836464247 27.261572059031835 3.240562902543303 4.332766903543984 27.388584836464247 27.261572059031835 3.240562902543303 4.332766903543984 
189.00005278891413 28.821089416226584 28.162475239884714 3.4761845785946264 4.227084815733264 28.821089416226584 28.162475239884714 3.4761845785946264 4.227084815733264 
190.00004766096333 28.821089416226584 26.820836712910022 3.4761845785946264 5.206815038442329 28.821089416226584 26.820836712910022 3.4761845785946264 5.206815038442329 
191.00004406575118 26.058179870956053 27.930995954836305 3.908184446667491 3.934582475237164 26.058179870956053 27.930995954836305 3.908184446667491 3.934582475237164 
192.0000815732955 26.642957697640725 27.72807397424657 3.6353796201816237 3.881081386722741 26.642957697640725 27.72807397424657 3.6353796201816237 3.881081386722741 
193.00008157329543 27.42304868089232 29.272183314574363 3.4357403807241553 3.9926861472881967 27.42304868089232 29.272183314574363 3.4357403807241553 3.9926861472881967 
194.00008157329538 28.52548656617563 29.59596408273194 4.538178266007463 4.316466915445773 28.52548656617563 29.59596408273194 4.538178266007463 4.316466915445773 
195.00008157329532 27.314982993700767 27.821603002684782 3.496246335248003 2.7968218613786746 27.314982993700767 27.821603002684782 3.496246335248003 2.7968218613786746 
196.00008157329526 27.314982993700767 28.14810571652717 3.496246335248003 3.243867006628193 27.314982993700767 28.14810571652717 3.496246335248003 3.243867006628193 
197.00007214687184 26.245939183038928 28.14810571652717 2.8078122570244943 3.243867006628193 26.245939183038928 28.14810571652717 2.8078122570244943 3.243867006628193 
198.00008157329515 27.660599865735605 27.37727161688062 3.3845047152939287 3.092268991990153 27.660599865735605 27.37727161688062 3.3845047152939287 3.092268991990153 
199.0000815732951 25.40187634987271 26.73962673835311 3.7126894890710105 3.8414084055694104 25.40187634987271 26.73962673835311 3.7126894890710105 3.8414084055694104 
200.00008157329503 25.40187634987271 27.852154161402524 3.7126894890710105 3.774479798356964 25.40187634987271 27.852154161402524 3.7126894890710105 3.774479798356964 
201.00008157329498 NaN NaN NaN NaN NaN NaN NaN NaN 
202.00008157329492 NaN NaN NaN NaN NaN NaN NaN NaN 
203.00008157329486 NaN NaN NaN NaN NaN NaN NaN NaN 
204.0000815732948 NaN NaN 3.1303397611755486 NaN NaN NaN 3.1303397611755486 NaN 
205.00008157329475 NaN NaN 3.3329653025991206 NaN NaN NaN 3.3329653025991206 NaN 
206.0000815732947 NaN NaN 4.626471609419866 NaN NaN NaN 4.626471609419866 NaN 
207.00008157329464 NaN NaN 2.4571478239048474 NaN NaN NaN 2.4571478239048474 NaN 
208.00008157329458 NaN NaN 2.999370522497742 NaN NaN NaN 2.999370522497742 NaN 
209.00008157329452 NaN NaN 2.9483814415441714 NaN NaN NaN 2.9483814415441714 NaN 
210.00008157329447 NaN NaN 3.9045945908252406 NaN NaN NaN 3.9045945908252406 NaN 
211.0000815732944 NaN NaN 2.890680633874382 NaN NaN NaN 2.890680633874382 NaN 
212.00008157329435 NaN NaN 2.8443923155287223 NaN NaN NaN 2.8443923155287223 3.3034225419999927 
213.0000815732943 NaN NaN 2.304789964700234 NaN NaN NaN 2.304789964700234 3.7603442803197424 
214.00008157329424 NaN NaN 3.8037756462306334 NaN NaN NaN 3.8037756462306334 3.7603442803197424 
215.00008157329418 NaN NaN 3.8037756462306334 NaN NaN NaN 3.8037756462306334 3.6344910978315284 
216.00008157329412 NaN NaN 2.9422354874652683 NaN NaN NaN 2.9422354874652683 3.8006051411487363 
217.00008157329407 NaN NaN 4.367732905929671 NaN NaN NaN 4.367732905929671 3.468049880273611 
218.000081573294 NaN NaN 3.603397928588123 4.037128411330855 NaN NaN 3.603397928588123 4.037128411330855 
219.00008157329395 NaN NaN 3.3279779726292986 4.037128411330855 NaN NaN 3.3279779726292986 4.037128411330855 
220.0000815732939 NaN NaN 4.359315921965106 3.9060559808375217 NaN NaN 4.359315921965106 4.376193193111277 
221.00008157329384 NaN NaN 3.9210686681257982 3.801889170916553 NaN NaN 3.9210686681257982 3.801889170916553 
222.00008157329378 NaN NaN 3.558647991740628 3.801889170916553 NaN NaN 3.558647991740628 3.801889170916553 
223.00008157329373 NaN NaN 4.864336096577233 3.7077152630417345 NaN NaN 4.864336096577233 3.7077152630417345 
224.00008157329367 NaN NaN 3.886329331462264 3.7077152630417345 NaN NaN 3.886329331462264 3.7077152630417345 
225.0000815732936 NaN NaN 3.956258337538401 3.512213930158765 NaN NaN 3.956258337538401 3.512213930158765 
226.00008157329356 NaN NaN 4.735125189402822 3.216705792717107 NaN NaN 4.735125189402822 3.216705792717107 
227.0000119161659 NaN NaN 3.9972074956264976 3.33684699393325 NaN NaN 3.9972074956264976 3.33684699393325 
228.00008157329344 26.757107444160454 NaN 3.6929260058943214 3.33684699393325 26.757107444160454 NaN 3.6929260058943214 3.33684699393325 
229.0000815732934 26.757107444160454 NaN 3.6929260058943214 4.67871189366511 26.757107444160454 NaN 3.6929260058943214 4.67871189366511 
230.00008157329333 28.17557825183121 NaN 2.5070073664286667 3.5720045808215843 28.17557825183121 NaN 2.5070073664286667 4.395816365874822 
231.00008157329327 27.615497895788536 NaN 4.099838051920301 3.5720045808215843 27.615497895788536 NaN 4.099838051920301 4.395816365874822 
232.00008157329322 26.986233408084587 NaN 3.3113031572029 4.00388495644259 26.986233408084587 NaN 3.3113031572029 4.00388495644259 
233.00008157329316 27.824755654323496 NaN 3.0386047104563545 3.761196665750532 27.824755654323496 NaN 3.0386047104563545 3.761196665750532 
234.0000815732931 27.18265762855856 NaN 3.1733682745707767 3.761196665750532 27.18265762855856 NaN 3.1733682745707767 3.761196665750532 
235.00000331694093 28.33741198714324 NaN 3.15282061425674 3.0372370530414514 28.33741198714324 NaN 3.15282061425674 3.0372370530414514 
236.000081573293 28.36521101423645 NaN 4.103147103709745 2.638833659448835 28.36521101423645 NaN 4.103147103709745 2.638833659448835 
237.00008157329293 29.15387999466853 NaN 3.716033567163123 2.638833659448835 29.15387999466853 NaN 3.716033567163123 2.638833659448835 
238.00008157329287 29.899021143988477 NaN 3.038973638686059 4.179833713348813 29.899021143988477 NaN 3.038973638686059 3.025079354764131 
239.00008157329282 26.775154501452135 NaN 3.8850112778006576 3.7790414780577635 26.775154501452135 NaN 3.8850112778006576 3.7790414780577635 
240.00008157329276 26.790827853374793 NaN 3.678062287231313 3.7790414780577635 26.790827853374793 NaN 3.678062287231313 3.7790414780577635 
241.0000815732927 26.48022772696723 NaN 3.2534592370017776 2.752467466324447 26.48022772696723 NaN 3.2534592370017776 2.752467466324447 
242.00008157329265 27.37616961945048 NaN 4.149401129485028 3.4520149452447413 27.37616961945048 NaN 4.149401129485028 3.4520149452447413 
243.0000815732926 25.907604232727067 NaN 3.7161013898732165 4.305467539860473 25.907604232727067 NaN 3.7161013898732165 4.305467539860473 
244.00008157329253 27.09215678590195 NaN 3.5726385254942556 4.305467539860473 27.09215678590195 NaN 3.5726385254942556 4.305467539860473 
245.00008157329248 28.087370176464816 NaN 3.0222667980222298 4.627149000153906 28.087370176464816 NaN 3.0222667980222298 4.627149000153906 
246.00008157329242 26.146337534484303 NaN 3.895729876067179 3.2800006879949137 26.146337534484303 NaN 3.895729876067179 3.2800006879949137 
247.00008157329236 27.262218963136064 NaN 4.1581587101032085 3.2800006879949137 27.262218963136064 NaN 4.1581587101032085 3.2800006879949137 
248.0000815732923 28.15949936729038 NaN 3.58981398206447 3.250223861311497 28.15949936729038 NaN 3.58981398206447 3.250223861311497 
249.00008157329225 27.896469633418462 NaN 4.648114856735987 3.5295230558106425 27.896469633418462 NaN 4.648114856735987 3.5295230558106425 
250.0000815732922 29.023912340265724 NaN 2.8173580216211747 4.0598312901536815 29.023912340265724 NaN 2.8173580216211747 2.9439498615019204 
251.00008157329214 28.35968559860646 NaN 2.4403481737294612 5.2730450399402855 28.35968559860646 NaN 2.4403481737294612 3.2598832071342088 
252.00008157329208 28.35968559860646 NaN 2.4403481737294612 5.2730450399402855 28.35968559860646 NaN 2.4403481737294612 3.2598832071342088 
253.00008157329202 27.909394822869075 NaN 3.7257841888781797 3.6900161382188514 27.909394822869075 NaN 3.7257841888781797 3.6900161382188514 
254.00008157329196 27.2217992230473 NaN 4.238806723804828 4.070688567695612 27.2217992230473 NaN 4.238806723804828 4.070688567695612 
255.0000815732919 27.2217992230473 NaN 4.238806723804828 4.070688567695612 27.2217992230473 NaN 4.238806723804828 4.070688567695612 
256.0000815732919 26.116922941887992 NaN 2.885368479820073 4.4016364850808145 26.116922941887992 NaN 2.885368479820073 4.4016364850808145 
257.0000815732918 24.99745548060733 NaN 3.7172132831463784 3.499680053158272 24.99745548060733 NaN 3.7172132831463784 3.499680053158272 
258.00008157329177 26.128396821858388 NaN 3.3400394880734154 2.6695617224847865 26.128396821858388 NaN 3.3400394880734154 2.6695617224847865 
259.0000815732917 26.437112641461255 NaN 3.1083283109969955 2.6695617224847865 26.437112641461255 NaN 3.1083283109969955 2.6695617224847865 
260.00008157329165 27.433698557591327 NaN 2.5763861094855542 3.3123660347080204 27.433698557591327 NaN 2.5763861094855542 3.3123660347080204 
261.0000815732916 28.425292035588967 NaN 3.567979587483194 3.4650076417561877 28.425292035588967 NaN 3.567979587483194 3.4650076417561877 
262.00008157329154 28.93677454702012 NaN 3.9654083221092264 3.746911237252391 28.93677454702012 NaN 3.9654083221092264 3.746911237252391 
263.0000815732915 28.93677454702012 NaN 3.9654083221092264 3.746911237252391 28.93677454702012 NaN 3.9654083221092264 3.746911237252391 
264.0000815732914 27.78263355116667 NaN 2.8261290026729853 5.029529602627804 27.78263355116667 NaN 2.8261290026729853 5.029529602627804 
265.00008157329137 27.03350294580261 NaN 3.617998451208905 6.286795184024868 27.03350294580261 NaN 3.617998451208905 6.286795184024868 
266.0000815732913 28.310809002763648 NaN 3.6166614351946578 6.286795184024868 28.310809002763648 NaN 3.6166614351946578 6.286795184024868 
267.00008157329125 27.95056262759013 NaN 3.5453296657334477 4.111539593127588 27.95056262759013 NaN 3.5453296657334477 7.786984015665155 
268.0000815732912 28.861586910224815 NaN 3.1990883669710684 3.1269598084720087 28.861586910224815 NaN 3.1990883669710684 3.1269598084720087 
269.00008157329114 25.88283426018276 NaN 3.9473888471334817 3.315566754585973 25.88283426018276 NaN 3.9473888471334817 3.315566754585973 
270.0000815732911 27.080269658686547 NaN 3.64463541399698 3.315566754585973 27.080269658686547 NaN 3.64463541399698 3.315566754585973 
271.000081573291 28.002352643073806 NaN 3.1404759900913746 4.8423745345410225 28.002352643073806 NaN 3.1404759900913746 4.8423745345410225 
272.00008157329097 28.71376613694528 NaN 3.85188948396285 4.8423745345410225 28.71376613694528 NaN 3.85188948396285 4.8423745345410225 
273.0000815732909 29.58291139749943 NaN 3.2551217414419966 3.759976156452751 29.58291139749943 NaN 3.2551217414419966 3.759976156452751 
274.00008157329086 27.490397626204015 NaN 2.9048491378551944 3.8648079096525976 27.490397626204015 NaN 2.9048491378551944 3.8648079096525976 
275.0000815732908 28.823578426723543 NaN 4.238029938374723 3.3876401429358793 28.823578426723543 NaN 4.238029938374723 3.3876401429358793 
276.00008157329074 28.72705744478114 NaN 3.5080717023007537 3.3876401429358793 28.72705744478114 NaN 3.5080717023007537 3.3876401429358793 
277.0000815732907 29.878169825930826 NaN 3.3569169317468095 4.027220041487453 29.878169825930826 NaN 3.3569169317468095 4.027220041487453 
278.00008157329063 26.758730314313084 NaN 2.972646355823656 4.2111465179268635 26.758730314313084 NaN 2.972646355823656 2.877965717407335 
279.0000815732906 28.105686651675455 NaN 2.810877534080305 4.17052010789962 28.105686651675455 NaN 2.810877534080305 4.17052010789962 
280.0000815732905 28.105686651675455 NaN 2.810877534080305 3.063548893226482 28.105686651675455 NaN 2.810877534080305 4.214661274376169 
281.00008157329046 26.81463291800563 NaN 3.155911089683002 3.063548893226482 26.81463291800563 NaN 3.155911089683002 4.214661274376169 
282.0000815732904 26.784716666767366 NaN 3.061891102507957 3.7516370259272094 26.784716666767366 NaN 3.061891102507957 3.7516370259272094 
283.00008157329034 27.520066788620937 NaN 2.694845313335918 3.6303948881576957 27.520066788620937 NaN 2.694845313335918 3.6303948881576957 
284.0000815732903 27.034272360336956 NaN 3.737579002693451 3.6303948881576957 27.034272360336956 NaN 3.737579002693451 3.6303948881576957 
285.00008157329023 26.85953705077617 NaN 3.3925337185968942 3.544187638899814 26.85953705077617 NaN 3.3925337185968942 3.544187638899814 
286.0000815732902 27.72015525372001 NaN 3.0274377219478765 3.544187638899814 27.72015525372001 NaN 3.0274377219478765 3.544187638899814 
287.0000815732901 28.315795501512127 NaN 3.6230779697399953 4.209968979363509 28.315795501512127 NaN 3.6230779697399953 3.474618857509938 
288.00008157329006 27.698217900034763 NaN 2.860861524659697 4.843086604913765 27.698217900034763 NaN 2.860861524659697 3.800352915556232 
289.00008157329 27.745008559855364 NaN 4.191235132779525 3.981878472508413 27.745008559855364 NaN 4.191235132779525 3.981878472508413 
290.00008157328995 26.657051737075165 NaN 3.8002240045690883 3.981878472508413 26.657051737075165 NaN 3.8002240045690883 3.981878472508413 
291.0000815732899 27.53097998579966 NaN 3.305684505889758 3.4089777697278123 27.53097998579966 NaN 3.305684505889758 3.4089777697278123 
292.00008157328983 28.456712845152197 NaN 4.231417365242294 4.158321475938237 28.456712845152197 NaN 4.231417365242294 4.158321475938237 
293.0000815732898 26.58432226755201 NaN 3.8198546595042444 3.5979916548477036 26.58432226755201 NaN 3.8198546595042444 3.5979916548477036 
294.0000815732897 27.450616083224304 NaN 2.9457192131490046 3.5979916548477036 27.450616083224304 NaN 2.9457192131490046 3.5979916548477036 
295.00008157328966 28.27289946528333 NaN 3.7680025952080314 3.323512979989573 28.27289946528333 NaN 3.7680025952080314 3.323512979989573 
296.0000815732896 29.192280727155378 NaN 3.9380401508696536 2.9577291840795965 29.192280727155378 NaN 3.9380401508696536 2.9577291840795965 
297.00008157328955 30.349853301117832 NaN 3.6552374776022134 2.9577291840795965 30.349853301117832 NaN 3.6552374776022134 2.9577291840795965 
298.0000815732895 28.626361889028942 NaN 3.421478747644926 3.5466180248893693 28.626361889028942 NaN 3.421478747644926 3.5466180248893693 
299.00008157328944 29.616240276644646 NaN 2.9663442363809054 3.21425523738651 29.616240276644646 NaN 2.9663442363809054 3.21425523738651 
300.0000815732894 29.246615550710942 NaN 4.123527290402251 4.78264270506844 29.246615550710942 NaN 4.123527290402251 4.78264270506844 
#####################################################################
# End of data export. Simulation finished at: 2019-09-24T22:04+0000 #
#####################################################################
