#####################################################################
# Alchemist log file - simulation started at: 2019-09-17T21:07+0000 #
#####################################################################
# seed = 34.0, stage_width = 2000
#
# The columns have the following meaning: 
# time rep-bcast[Sum] rep-ccast[Sum] share-bcast[Sum] share-ccast[Sum] 
0.0 NaN NaN NaN NaN 
1.000208100148056 NaN NaN NaN NaN 
2.000111097540147 NaN NaN NaN NaN 
3.0002081001480567 NaN NaN 2.9559248050475837 NaN 
4.000208100148058 NaN NaN 2.1439545571277274 NaN 
5.0002081001480585 NaN NaN 3.0740955049200864 NaN 
6.000208100148059 NaN NaN 2.463955875584754 3.56131615692855 
7.00020810014806 NaN NaN 3.531575192412771 3.7386057010171285 
8.000208100148061 NaN NaN 2.8270533703408454 3.221560419000559 
9.000208100148058 NaN NaN 2.7875425094585964 3.221560419000559 
10.000198372105423 NaN NaN 3.681200721321403 3.391864035319699 
11.000006202473898 NaN NaN 3.952517049187488 3.4896250016392845 
12.000208100148047 NaN NaN 3.592669098543886 4.275191390465805 
13.000128931601571 NaN NaN 2.7341513333072722 3.3591989938395272 
14.000163126913687 NaN NaN 3.57089689307708 3.397232889046645 
15.000208100148036 NaN NaN 3.530403339662886 2.790367081447119 
16.000208100148033 NaN NaN 3.0225859365947283 3.560442350602271 
17.00020810014803 NaN NaN 2.7452515909648127 3.2423459674329784 
18.000208100148026 NaN NaN 3.8361863016471176 3.701094484050067 
19.000208100148022 NaN NaN 2.935652316649005 3.1505988609627646 
20.000182961846058 NaN NaN 3.5741819136668234 2.525908850943754 
21.000208100148015 NaN NaN 2.598152672828128 3.1774982296169547 
22.00020810014801 NaN NaN 3.371861647446522 3.1308841187275256 
23.000208100148008 NaN NaN 3.932363278891284 3.138999636725874 
24.000208100148004 NaN NaN 3.8395447248925905 4.137625728940211 
25.000208100148 24.685694295791098 NaN 3.349702190173268 3.6609186370916476 
26.000208100147997 25.89403530020764 NaN 3.3234700584546317 3.9234861582373064 
27.000208100147994 26.449631828187762 NaN 3.879066586434753 3.9234861582373064 
28.000026819537258 24.94239499870708 NaN 2.8985704195652957 5.05030667750226 
29.000208100147987 24.94239499870708 NaN 2.8985704195652957 2.877874012447691 
30.000208100147983 26.41378277413685 NaN 3.787725218911625 3.7885584071555343 
31.00020810014798 27.008802291390076 NaN 2.3547848629632213 4.223122381209098 
32.00020810014798 25.153240364882123 NaN 3.6659787848674945 3.380051083942348 
33.000208100147994 26.198614165587742 NaN 3.210550964289279 3.3719517157673806 
34.00020810014801 23.75163313307251 NaN 3.631829433160103 2.9167312034644546 
35.00020810014802 25.118088153113447 NaN 3.3896447595014543 3.228967115225128 
36.000208100148036 24.644952507486252 NaN 2.9984185257084164 3.06027968054358 
37.00020810014805 25.56133832809021 NaN 3.252200284528442 3.421629355518853 
38.000208100148065 26.707170859962524 NaN 3.3643455365269688 3.0518542434376172 
39.00005353406445 27.628923880102292 NaN 3.2721543714057617 2.277024318720798 
40.000181146329005 26.21557309740902 NaN 2.9772796080273807 3.0022493749863344 
41.00017500164482 26.560353114247803 NaN 3.3220596248661636 3.097787630903113 
42.00020810014812 24.490527627869824 NaN 3.130222815092516 3.192087422767095 
43.000208100148136 25.377871910205663 NaN 3.2923420411628186 3.8650972515767705 
44.00014060024969 25.973580172297638 NaN 3.8880503032547935 4.581989661014177 
45.000208100148164 26.737054702786338 NaN 3.1719775083027315 3.047314325244514 
46.00020810014818 27.618150816579963 NaN 2.602187518934599 3.9110319261676096 
47.00020810014819 24.921521692240617 NaN 3.6962350951014145 3.5228335119456133 
48.00020810014821 24.921521692240617 NaN 3.6962350951014145 3.5209953447670443 
49.00020810014822 26.954978559195013 NaN 2.561842246987304 3.1308434194013657 
50.00001328280506 25.429225848327814 NaN 3.463346568866484 3.02785599193934 
51.00020810014825 26.11397953971642 24.648958622434403 2.790755634852985 3.6975521036645844 
52.00012025234961 24.42066801369177 25.33111902646942 3.330098566874156 3.1248030900390944 
53.00020810014828 25.247826602571013 25.088624861732697 2.449304597611203 3.4428856809137613 
54.00020810014829 24.041406555854685 26.459957321194516 2.5668967389132504 3.2279601271077922 
55.000208100148306 25.652533067831797 27.65669468747589 3.4958628468553457 4.424697493389168 
56.00020810014832 24.200764944926462 28.450675592609706 3.2602834643653154 3.3612326891946225 
57.000208100148335 25.776395563092834 24.660481015604674 3.2659825240052527 3.751342581796969 
58.00020810014835 26.604716036695205 25.724585258492745 3.0060952451691563 3.204320312707928 
59.00020810014836 27.58538734648899 25.484080220771297 3.1927856498291263 4.077486187762169 
60.00003232401029 24.38801731297594 26.351923480282174 2.1441935169315514 4.945329447273046 
61.00020810014839 25.57415746766023 27.45470409321723 2.9438826728760006 3.8100278834278214 
62.000208100148406 25.57415746766023 26.68888392667347 2.9438826728760006 3.9323150431950253 
63.00020810014842 26.020024561050946 26.999653787152816 3.089730436287624 4.243084903674372 
64.00020810014843 23.770655348658806 25.073403426143578 3.113147791708762 3.473837636651105 
65.00020810014844 25.388296170154312 26.79113562594182 2.7511427145580925 3.884835504277973 
66.00020810014846 25.675352079279435 27.62364724348859 2.920187221236496 2.8304902238480025 
67.00003578477575 26.388165840266737 28.476413235065436 3.6330009822237983 3.166797038022999 
68.00020810014848 22.837814427780977 25.11394521383768 3.037951734294282 4.635631906341693 
69.00017660631286 23.984008700303384 25.707267099884888 3.3516343892699183 4.260023164006924 
70.00003630184949 23.984008700303384 26.715946483297586 3.3516343892699183 2.840844964476659 
71.00020810014853 25.067138390227733 24.258619408856354 3.5819980876174213 3.75117465167898 
72.00020810014854 26.103499246308836 25.762785113916443 3.419919790255719 2.986463132347936 
73.00020810014855 26.60417279479649 24.526751222923515 3.920593338743373 3.688900789350484 
74.00020810014857 27.49599571666794 25.194183041275615 3.3925530581136485 3.273202917778235 
75.00020810014858 25.77512559969744 25.039443251251264 3.638730246785059 3.7711280060228773 
76.0002081001486 25.141461051030525 25.632633164198943 2.3899206957589882 4.364317918970556 
77.00007304116812 25.566748816768175 21.995425677390138 2.8152084614966384 3.59167510453905 
78.00020810014863 27.341152027598447 22.702943563001135 2.471109778230513 4.299192990150047 
79.00020810014864 28.248746568825375 23.613916640505686 3.378704319457441 3.296714326659057 
80.00020810014865 28.993840844584206 24.462121743101996 2.8203919163037057 3.7358477358380924 
81.00020810014867 NaN NaN NaN NaN 
82.00020810014868 NaN NaN NaN NaN 
83.0002081001487 NaN NaN NaN NaN 
84.00020810014871 NaN NaN NaN NaN 
85.00020810014873 NaN NaN 3.276983462201457 NaN 
86.00004749706254 NaN NaN 2.7124220848065477 NaN 
87.00020810014875 NaN NaN 3.243891303412255 NaN 
88.00002567823417 NaN NaN 3.3248612624841485 NaN 
89.00020810014878 NaN NaN 2.3766705787070777 NaN 
90.00005402943364 NaN NaN 2.8567476178185274 NaN 
91.00020810014881 NaN NaN 2.810791201597624 NaN 
92.00020810014882 NaN NaN 3.271403492711073 NaN 
93.00013068835675 NaN NaN 3.3931816023782346 NaN 
94.00020810014885 NaN NaN 3.2779328493806617 NaN 
95.00020810014887 NaN NaN 3.142484204275732 NaN 
96.00020810014888 NaN NaN 3.063578020162197 NaN 
97.0002081001489 NaN NaN 3.6459011052592416 NaN 
98.00020810014891 NaN NaN 2.9908224083127237 2.4964086804454837 
99.00020810014892 NaN NaN 3.7533083040271293 3.1165543587838442 
100.00020810014894 NaN NaN 3.07272369233047 3.807882271652417 
101.00020810014895 NaN NaN 3.1314889006360573 3.378422718479385 
102.00020810014897 NaN NaN 4.0333181094846395 2.8101007937319764 
103.00002593038748 NaN NaN 2.746871952826197 3.6996581059547395 
104.00010132189186 NaN NaN 3.8073360849571714 4.704647302188519 
105.00020810014901 NaN NaN 2.5580772314294364 3.922788236214217 
106.00020810014902 NaN NaN 3.302149026322425 4.074480284062261 
107.00020810014904 22.461557588730727 NaN 3.806753621845985 2.9971391033605244 
108.00020810014905 23.299826310862514 NaN 2.9398588745202403 3.207115322907171 
109.00020810014907 24.406716951767464 NaN 2.993228258728564 3.3468559644131943 
110.00020810014908 25.96121311791508 NaN 3.925436281613983 2.5603395504285658 
111.0002081001491 26.78278617653055 NaN 4.094665725471728 3.55261664039368 
112.00020810014911 26.692440177757888 NaN 3.503684407979165 3.033424298469626 
113.00020810014912 25.430728146287407 NaN 3.2790454096354154 3.622389592656262 
114.00020810014914 26.184278888896685 NaN 3.4210283834051864 2.4880047640161678 
115.00020810014915 25.54554959598255 NaN 2.669252650770673 2.726241942360943 
116.00020810014917 26.426152702766245 NaN 3.5498557575543686 3.8730958278557495 
117.00020810014918 23.08219275005311 NaN 3.649471389087111 3.280447130265742 
118.0002081001492 24.1814407887244 NaN 3.1778221686116552 3.20039675368767 
119.00020810014921 24.78545800209477 NaN 3.7818393819820244 3.3380822913015464 
120.00020810014922 25.557064547038863 NaN 3.7485857561561744 2.9617265121378153 
121.0000306520738 26.859563355602262 NaN 4.280475070990079 4.018112499437052 
122.00020810014925 25.334130572079673 NaN 3.0186287575008492 3.7154527555491796 
123.00020810014927 26.051379357856916 NaN 2.9684434987418484 3.4347947118072426 
124.00020810014928 25.253665651354353 NaN 2.502649612676379 4.075948885237494 
125.0002081001493 26.2610313771102 NaN 2.7134270436488066 3.905994010550998 
126.00020810014931 25.990627539136185 NaN 2.8998604526813807 3.8004530303085033 
127.00020810014932 26.49503802959262 NaN 2.7631167697075654 3.276392227997235 
128.00020810014934 26.20034983713873 NaN 3.2174860352976253 3.1351048506048187 
129.00020810014928 26.82061512605935 NaN 3.06221492493178 3.3337537258126417 
130.00020810014922 27.56383211064596 NaN 2.2371207725834665 3.2372457447627454 
131.0002034228621 26.427312884270876 NaN 3.4012955064609827 4.04981108209283 
132.00014075662128 25.34318645238298 NaN 2.7263402873186067 3.319703245837303 
133.00007215421144 24.89456273196302 NaN 3.3058856165955035 3.5678915817722157 
134.000208100149 25.27481922637159 NaN 4.073141834672697 3.21765319750844 
135.00020810014894 25.92388168776003 NaN 3.0528335955196155 3.47342653845638 
136.00020810014888 24.835045101376778 NaN 2.7905177055528156 3.331188116831612 
137.00020810014882 25.872038686777472 NaN 3.8275112909535096 3.01463955680083 
138.00020810014877 25.38448764655446 NaN 3.1528873319086586 3.741165551074431 
139.0002081001487 24.618776135451768 NaN 2.664457553515035 3.2272967592847692 
140.00004734657867 25.574303549429786 NaN 3.2426654143922917 3.2272967592847692 
141.0002081001486 23.719553479303542 NaN 3.5774844256955305 3.9712232681013404 
142.00020810014854 25.422669519678763 NaN 3.06952608272303 5.0357304003028105 
143.00020810014848 26.218822946255912 NaN 2.7215356993568207 6.138074989332381 
144.0000069676263 27.153992558202972 NaN 3.019929027029974 4.172626714710816 
145.00020810014837 23.261055409988288 NaN 3.0382962915503526 3.727855490204348 
146.0002081001483 24.298633898350417 NaN 2.9735301908829115 2.747827595217018 
147.00020810014826 25.237935709718883 NaN 3.226586889620336 3.600146258490412 
148.00011918593944 26.198855915404906 NaN 4.1875070953063585 3.836519909243009 
149.00019574803 27.270704364414755 NaN 3.279865367878358 4.71317619455985 
150.0002081001481 24.79402281475508 NaN 3.161522691549834 3.791576036306168 
151.00020810014803 25.25767561070721 NaN 3.2291686240887714 3.5657537223267752 
152.00020810014797 26.032189375136355 NaN 3.127026103201075 3.178593705823573 
153.00020810014792 26.702798861087373 NaN 3.797635589152094 3.7330289002513837 
154.00020810014786 25.35743422556328 NaN 3.6689148749845515 4.4694279301373285 
155.0002081001478 25.969856157334476 NaN 4.281336806755746 3.5620914835556903 
156.00020810014774 26.58739706980782 NaN 3.165327209609245 3.860736248602649 
157.0002081001477 25.319717368530917 NaN 2.1978928751905187 2.9405644136047613 
158.00020810014763 25.949352653975524 NaN 2.8275281606351257 3.345660767466512 
159.00020810014757 24.744356140856212 NaN 2.502035577581154 3.4847426027642996 
160.00020810014752 25.399868041607533 NaN 3.157547478332475 4.242614544026424 
161.00020810014746 25.399868041607533 NaN 3.157547478332475 3.8094690304700407 
162.0002081001474 23.43895998893342 NaN 2.678446667844213 2.7949068891949196 
163.00020810014735 24.670297138171264 NaN 2.8685700137855292 3.436264806045102 
164.0002081001473 25.54579895940614 NaN 3.7440718350204065 3.6490742949812045 
165.00020810014723 26.74631770406586 NaN 3.093748628759812 3.2970481128064932 
166.00020810014718 27.771544522897926 NaN 2.6092961410542728 4.168039001965639 
167.00020810014712 25.081383406286733 NaN 2.5268918100456403 3.3257807943473665 
168.00020810014706 25.574700727390933 NaN 3.0202091311498407 3.38578130572148 
169.0000256850023 26.614907994956724 NaN 3.189425509556486 3.810253571989307 
170.00020810014695 23.824978365591676 NaN 3.2097915356933697 4.054010971161944 
171.0002081001469 24.876181360999965 NaN 2.7117312036064334 3.501241177480466 
172.00020810014684 24.266498836088147 NaN 3.1146805886263564 4.155957507204761 
173.00020810014678 25.038615787481604 NaN 3.28257540578997 3.059468767193124 
174.00020810014672 26.13225920468119 NaN 3.7114567392146967 3.0647265324939497 
175.00020810014666 26.82495327917232 NaN 2.8862368486481387 4.003771720124746 
176.0002081001466 25.558402360482773 NaN 2.719260100064133 3.220625259688461 
177.0000362656883 26.32438125114564 NaN 2.5461938030962017 3.230037003673715 
178.0002081001465 26.862699583813765 NaN 3.084512135764328 3.2669892734732855 
179.00020810014644 26.290396422387943 NaN 3.0201877173745686 3.9567767382632724 
180.00020810014638 26.62423717307314 NaN 3.3540284680597665 4.672371954904747 
181.00011486210073 27.631432027617137 NaN 3.258168161418922 3.045088867992064 
182.00016321357677 24.411087833754465 NaN 3.027825614444396 4.729411153464838 
183.0002081001462 26.031894800881958 NaN 2.733585637665442 4.729411153464838 
184.0001941598139 26.77767184345774 NaN 3.4793626802412234 4.642510699921047 
185.0002081001461 27.576330618979625 NaN 3.0679893990519815 3.231159030980564 
186.00020810014604 26.29519991426187 NaN 3.269860959942889 4.423571995976687 
187.00020810014598 23.341996245727643 NaN 4.718392352163107 4.641061970769698 
188.00020810014593 24.13367894031964 NaN 3.63539407841904 2.3793951572061474 
189.00020810014587 25.19480344207639 NaN 2.7191711674699945 3.4748855013259003 
190.00001167829575 25.819477812875107 NaN 3.3438455382687096 4.338151561235122 
191.00020810014576 26.830690919690852 NaN 4.355058645084455 3.424992934526756 
192.0002081001457 26.694986083621245 NaN 3.2026810568663677 3.201053456389161 
193.00014116625806 25.416994566358312 NaN 3.0715254152677574 3.3317765801468227 
194.00020810014558 22.316745718921283 NaN 3.3628516266691975 3.360203121335644 
195.00020810014553 23.12412167437222 NaN 2.7467301998725873 2.9299531759455704 
196.00020810014547 24.391798507820397 NaN 3.2590095387643885 3.0343226452901035 
197.00020810014541 24.962549412636463 NaN 2.147760741265813 3.2395132351672373 
198.00020810014536 24.738023046832097 NaN 3.7754043682000997 3.1488626884858206 
199.0002081001453 24.738023046832097 NaN 3.7754043682000997 3.3905018431310054 
200.00020810014524 25.608598023504157 NaN 2.843554249785086 3.602010445644055 
201.0000730779029 NaN 138.29168583287517 NaN 3.602010445644055 
202.00020810014513 NaN 139.18901293784876 NaN NaN 
203.00000278917776 NaN 140.01159061197677 NaN NaN 
204.00020810014502 NaN 140.87309192398348 3.039353481460836 NaN 
205.00004419503392 NaN 142.48008571804132 3.6399722842128313 NaN 
206.0002081001449 NaN 142.86615274111992 3.6116895577087575 NaN 
207.00020810014485 NaN 144.53071522859665 3.7019420066636997 NaN 
208.0002081001448 NaN 145.39993230586805 2.605967453995106 NaN 
209.00020810014473 NaN 146.100396954828 3.004794262601905 NaN 
210.0000141353216 NaN 147.27938018695727 3.730123009391207 NaN 
211.00020810014462 NaN 148.4722479047009 2.870536798341618 NaN 
212.0000761145753 NaN 149.20419253237782 3.1320124583423308 NaN 
213.0002081001445 NaN 150.2455937995295 2.8532572340400577 NaN 
214.00020810014445 NaN 151.2890090902706 3.8460704313091583 NaN 
215.0002081001444 NaN 152.18806210100203 3.3059985737552324 NaN 
216.00020810014433 NaN 153.02448287172646 3.850096703779826 NaN 
217.00020810014428 NaN 154.01504957032193 2.661996813916005 NaN 
218.00020810014422 NaN 154.97869546552872 3.687165900944791 3.2004489870725763 
219.00020810014416 NaN 155.9357062707194 3.381221972710989 3.183727636127742 
220.00019461567697 NaN 157.0608558219102 2.400000138751153 4.006566585752552 
221.0001636745284 NaN 158.31131396568716 3.4848359799596267 5.257024729529519 
222.000208100144 NaN 159.43720641407015 3.33981468568237 6.382917177912503 
223.00020810014394 NaN 160.50291811500432 2.3859807514099884 3.124222510724451 
224.00020810014388 NaN 161.2439341036453 3.0262375828746997 3.8652384993654323 
225.00012214229682 23.411785165415125 162.39255753251575 3.163591689193737 3.117036576113975 
226.00020810014377 24.00558124175072 163.0069172903857 3.75738776552933 3.355259153124649 
227.0002081001437 25.123918142176564 164.01684541830483 3.810012965021002 3.175945306622566 
228.00020810014365 23.84747766894344 165.5016823258735 2.600416759760037 3.657571526803679 
229.00009719547646 23.84747766894344 166.54485762184098 2.600416759760037 3.3502634422414985 
230.00020810014354 22.25684474716482 167.54588757619604 3.780642685375767 4.35129339659656 
231.00020810014348 23.429025393680718 167.54588757619604 3.9428952039725402 4.35129339659656 
232.00020810014342 24.186973778719988 168.68145787108685 3.6497115340870607 3.074123820941111 
233.00008874128574 23.872152359484517 170.2694572249393 3.427691692471541 4.66212317479355 
234.0002081001433 25.1512932097352 171.1256296959713 3.7058025883671633 3.1658890736939327 
235.00020810014325 26.448259299550813 172.32143545787895 3.8671983832919636 3.1700415979183845 
236.0002081001432 24.31950986762496 173.12332759426303 3.254245175063488 3.9719337343024677 
237.00020379904112 25.063938633939557 173.96427583921664 2.4307316258040146 3.3471519414146087 
238.00020810014308 25.994762381264906 175.12607649394408 2.8775194557637747 3.2179988745151036 
239.00020810014303 26.8173230604595 176.05785905154605 3.7000801349583696 3.5092027971672337 
240.00020810014297 23.359267380233376 177.1517227779377 3.4100411113386713 3.6280203779349165 
241.00010137943147 24.44157844547925 178.4289380576834 3.330551521857103 2.4074224648460927 
242.00020810014286 25.37977253464524 178.85022486794549 3.3369630534211296 2.8287092751081673 
243.00017374676716 25.83169667863055 179.76338439731674 3.7888871974064386 2.9893428472515495 
244.00020810014274 25.80830220772603 181.0960765317768 3.6352748953170533 3.7217595812214768 
245.0002081001427 24.812974667110723 182.28314151812216 3.0236056210754327 3.826513502320978 
246.00020810014263 25.963909828251303 183.3158444918177 2.2909247782766613 3.921022386850524 
247.00020810014257 26.678545644793445 184.42122800469886 3.005560594818803 3.6342303314441153 
248.00020810014252 27.621548366311174 185.2879043100969 3.1951227189840097 4.50090663684216 
249.00020810014246 27.036169038460912 186.2640602101646 2.0521474478321977 3.2392945600030885 
250.0002081001424 27.726768596329975 187.55185157624766 2.7427470057012613 3.8124501095440166 
251.00020810014234 24.149115301376355 187.55185157624766 3.7447327149823195 3.8124501095440166 
252.0002081001423 25.287326293034567 189.2357202337589 3.040111501174806 2.071745223358789 
253.00020810014223 26.269633277331508 189.7875190365704 2.7346271193886764 2.623544026170265 
254.00002098416624 26.156271394812364 190.87186478961323 3.4261109642114036 3.7078897792131045 
255.00020810014212 27.273658965375887 191.76282941512363 2.8596298772636715 3.5968686954424527 
256.00020810014206 27.003000195280265 193.6001936505965 3.7603387805508532 4.296021939257116 
257.00004347602464 27.003000195280265 194.40804408373697 3.7603387805508532 3.4300815432779075 
258.00020810014195 25.240891165231346 195.20492796537616 2.774952509864818 4.226965424917097 
259.0002081001419 25.980227516766263 196.35678458658202 2.6494910911090415 3.6108667592715733 
260.00020810014183 26.77878263163774 197.1655303978726 2.640195772840059 3.6176725807513606 
261.00002331136193 25.344381939534372 197.6586273980207 3.2627815684212464 3.034715441776882 
262.0002081001417 26.385875021905832 182.72389324194904 3.1524180295868405 3.653284932963402 
263.00020810014166 26.385875021905832 183.8299990030339 3.1524180295868405 3.221499227641857 
264.0002081001416 27.926489354058816 185.02709465829304 3.391189550301135 4.418594882901004 
265.00020810014155 27.413912150670114 185.90342719305136 3.376355321480162 3.8754577404389465 
266.0002081001415 25.025801472606133 186.77886464058184 3.18500044607066 3.709402105597974 
267.00020810014144 25.47432906284763 188.1235283933317 2.4364323810530095 2.6835333424992314 
268.0002081001414 26.837234725223027 188.57855536332147 3.7993380434284063 3.1385603124890054 
269.0002081001413 25.26260634935406 189.58617475649282 3.653279947002545 4.146179705660359 
270.00020810014126 26.318030312776926 191.15091754418467 3.4739158108374113 3.6873905048386177 
271.0002081001412 24.861634584941044 191.87975007477178 3.1591836322522795 3.0533173730503336 
272.00012265830867 25.742790172802813 192.30524109708313 3.032719826942696 3.478808395361682 
273.00001013546455 26.036574993884443 193.40040547149573 2.8671453732136456 3.0185385653932713 
274.00020810014104 24.806382874978226 194.26561905673367 2.7509529291860417 3.2912522933649484 
275.000208100141 25.64414553573158 196.1022856531041 3.163224567628049 2.894682636586708 
276.0002081001409 22.5741538412764 196.8466034501322 3.6058730782089015 3.6390004336147967 
277.00006643550887 23.32845132173398 197.62841267688708 3.4949569734285433 2.997709672929261 
278.0000218688658 24.657569424499258 198.4701492942565 3.823433808257107 3.8394462902986675 
279.00020810014075 23.585835263350134 199.75671198136143 3.034887612338764 5.126008977403615 
280.0002081001407 24.790846539677148 200.49972306251425 3.45808966191089 3.493444512809617 
281.00020810014064 24.790846539677148 201.49860155236848 3.45808966191089 4.492323002663852 
282.0002081001406 25.18986903593327 202.91793010282447 2.593610623983352 3.82823596989698 
283.0002081001405 26.577768693494875 203.9553680670707 3.9815102815449563 3.3130475935532786 
284.000206258322 26.250616489696597 204.78885151185227 3.5172028215192768 4.146531038334842 
285.0002081001404 27.04840128333103 205.92822741004244 2.8956590646977247 3.5779048046976527 
286.00012549780274 25.600991934676927 206.64575814344408 2.8645111844419375 3.2728480440516137 
287.0002081001403 26.452531898749612 208.13517083418168 2.8825677037330593 3.119366460293918 
288.00020810014024 25.883527005218866 208.13517083418168 3.818568735315637 3.119366460293918 
289.0000262170355 26.869938542424904 209.98317943237083 2.948073640929863 4.169590264848637 
290.0002081001401 27.625669341772664 209.98317943237083 2.979583153326132 4.169590264848637 
291.00020810014007 26.205493141075635 212.01782749797786 3.9737494999453133 3.4104072508099534 
292.00020810014 26.212816028987334 212.72937938182633 3.0085012371983453 3.135547597452387 
293.0001777841886 26.212816028987334 213.9618312598925 3.0085012371983453 3.6122686761707996 
294.0002081001399 24.419278394907508 24.407188354696245 2.8220555470466593 2.6801349266717125 
295.00020810013984 25.745668777606284 23.388202397924204 3.4368940458969632 3.0154163117905455 
296.0002081001398 26.045180825840248 24.19933415976567 3.7364060941309276 3.8265480736320114 
297.0001558296769 26.824162690568585 25.166302448897568 2.4557120798868937 2.945313987308566 
298.0002081001397 26.666986189590546 25.47172099567217 2.9651303053139486 3.4909241642141637 
299.0002081001396 25.6433197775209 25.463458327200385 2.123741801921483 3.0157357686414343 
300.00020810013956 26.59501339682589 26.51081186270335 3.075435421226473 4.063089304144398 
#####################################################################
# End of data export. Simulation finished at: 2019-09-17T21:26+0000 #
#####################################################################
