#####################################################################
# Alchemist log file - simulation started at: 2019-09-18T21:39+0000 #
#####################################################################
# seed = 166.0, stage_width = 1000
#
# The columns have the following meaning: 
# time rep-bcast[Sum] rep-ccast[Sum] share-bcast[Sum] share-ccast[Sum] 
0.0 NaN NaN NaN NaN 
1.0000502537897964 NaN NaN NaN NaN 
2.000050253789796 NaN NaN 1.5733490684382065 NaN 
3.000050253789797 NaN NaN 1.5733490684382065 NaN 
4.000050253789798 NaN NaN 2.1700418326983764 1.7922074894893474 
5.000050253789799 NaN NaN 2.1700418326983764 1.1928752670571958 
6.0000502537898 NaN NaN 1.3516715203384013 2.269829545324444 
7.000050253789801 NaN NaN 1.534278865861742 1.5466209372803537 
8.000050253789802 NaN NaN 1.707178829663044 2.5350286699282485 
9.000050253789798 NaN NaN 2.185528796179021 3.382009683406169 
10.000050253789794 NaN NaN 2.2556032875402483 4.439099721117923 
11.00005025378979 NaN NaN 2.2556032875402483 5.68278581031309 
12.000050253789787 NaN NaN 1.6711861495721188 2.0420660589261495 
13.000050253789784 11.821564978999353 NaN 1.4215510904203068 2.8803747737522976 
14.00005025378978 12.298268735121304 NaN 1.9377885256845264 3.578645737272959 
15.000050253789777 12.298268735121304 NaN 1.9377885256845264 2.4606691872301454 
16.000012760496723 13.704786718724407 NaN 1.607973042148755 1.7587006198350075 
17.00005025378977 13.26172364624056 NaN 1.9432666876296683 1.678551333954296 
18.000050253789766 14.635499353336337 NaN 1.968868579834016 2.4097250141460727 
19.000050253789762 14.635499353336337 NaN 1.968868579834016 3.84635352111194 
20.00005025378976 12.97387884714541 NaN 1.633299412014722 3.84635352111194 
21.000037736037754 14.229115673400585 NaN 1.4519077313040292 5.1898014431975135 
22.00005025378975 15.332886816409726 NaN 1.7124555736023552 1.6041088050193686 
23.000050253789748 15.332886816409726 NaN 1.7124555736023552 2.5929518014543547 
24.000050253789745 13.329035878724392 NaN 1.5807316438144383 3.227049280378118 
25.00005025378974 12.726007890085196 NaN 1.6902421157193075 4.077212670875813 
26.000050253789738 14.031796139326978 14.75286473237148 1.5117694955396317 5.587638613755342 
27.000050253789734 14.031796139326978 15.386591908539527 1.5117694955396317 1.9381718727497272 
28.00005025378973 11.331991276380958 14.250720930918071 1.3820205761744084 1.956959528483555 
29.000050253789727 12.572420694661126 13.686402207743075 1.9887228182865293 2.7991587889116616 
30.000050253789723 13.107370927490315 14.514540751692511 1.839665721518525 2.246620309346792 
31.00005025378972 12.356085141980603 15.264413665304563 2.4987129544056828 2.9964932229588435 
32.000050253789716 12.631684180088776 16.326019495965216 1.213624035896153 2.8176696353393282 
33.00005025378973 13.61436098521677 13.145565549781743 2.196300841024147 3.68024011531665 
34.000050253789745 13.413836762259521 14.839002224594068 2.2776187094918185 1.4213121444261532 
35.00005025378976 13.792830301126642 15.514412659026164 1.6633821180107802 2.096722578858248 
36.00005025378977 13.792830301126642 16.156332519944336 1.6633821180107802 2.73864243977642 
37.00005025378979 12.709964389420666 11.895566432266452 1.6778378370277949 1.6403527017638027 
38.0000502537898 12.709964389420666 13.122555438320735 1.6778378370277949 2.8673417078180847 
39.000050253789816 12.083563880099803 14.261759998698505 1.8558733723331855 4.006546268195855 
40.00005025378983 12.567675638932801 11.240251932165037 2.0068952646450384 1.7791380465198117 
41.000050253789844 12.756392950484429 11.948922046068056 1.7573807295112616 2.48780816042283 
42.00005025378986 14.052287452580583 12.566608615427576 1.4392184932016079 3.1054947297823503 
43.00005025378987 14.052287452580583 13.501885885207244 1.4392184932016079 4.040771999562018 
44.00005025378989 13.744889432631162 14.863798607486451 1.249194438490541 1.475658068216788 
45.0000502537899 13.088126862706972 15.291066959046503 1.0419978905598484 2.437876652606029 
46.000050253789915 12.398538806304884 16.488289890959337 2.199677120274046 3.635099584518862 
47.00005025378993 13.565147188698397 13.221363968472147 1.2068439863654845 1.2531765855427963 
48.000050253789944 13.565147188698397 14.049351729843345 1.2068439863654845 2.0811643469139938 
49.00005025378996 13.417211312925375 14.591450207085252 1.650003396590158 2.6232628241559013 
50.00005025378997 12.054333601432525 15.473587234622308 1.481751082759267 2.3387914692994443 
51.000050253789986 12.917048861830999 14.069116378206495 1.8023678659158335 2.329742902308915 
52.00000658605235 13.682350531719251 13.088795359771886 2.309135699550275 1.9235180879833536 
53.000050253790015 12.157019448398387 13.69365789455258 1.5560322490493306 2.783504297366619 
54.00005025379003 12.157019448398387 14.553553300310291 1.5560322490493306 3.643399703124331 
55.00005025379004 13.002323469698212 15.779280893497905 1.296321369926936 4.8691272963119445 
56.00005025379006 13.215426361505521 16.396440909557988 2.444701531513914 5.486287312372028 
57.00005025379007 13.500218410150772 17.441119848191306 1.782930848833459 2.4511405837117906 
58.000050253790086 13.500218410150772 18.617570958848688 1.782930848833459 2.4792115327821946 
59.0000502537901 12.665423930514727 13.012249589811908 1.6685913854656746 3.3584130708596405 
60.000050253790114 12.003622262185026 13.595513307413235 1.951738557364557 3.941676788460967 
61.00005025379013 12.003622262185026 14.120302346193313 1.951738557364557 2.66172240204407 
62.00005025379014 12.796106816914332 14.703033571184548 1.8238563336569982 3.2444536270353055 
63.00005025379016 14.279586747471626 16.07761258383502 1.615938843040702 3.1594343571295127 
64.00005025379016 13.526857414090266 14.390526037974148 1.015202159896596 3.868654858548389 
65.00005025379018 12.916859879612453 15.072276650575802 2.0179912923515246 4.550405471150043 
66.00005025379019 12.916859879612453 12.621626291658025 2.0179912923515246 2.7612424867364425 
67.0000502537902 13.413230646371744 13.59600385511559 1.9871735535610355 3.735620050194008 
68.00005025379022 11.695571291494517 14.984532567775368 2.611445035233615 2.764786075901256 
69.00005025379023 11.695571291494517 13.190309130715406 2.611445035233615 3.5819333910876168 
70.00005025379025 12.42743342389398 13.966447626380159 1.3570320304897479 1.344747051734842 
71.00005025379026 13.318105260947583 13.555300167751156 1.1647283744468382 2.3574519093707096 
72.00005025379028 14.1792741011568 14.954834119153759 1.0131923570201877 3.7569858607733124 
73.00005025379029 13.673954317193491 16.04286581945209 1.925083774375338 4.845017561071643 
74.0000502537903 12.340013565038063 16.55805224051261 1.652749652510451 2.8507285559504822 
75.00005025379032 12.340013565038063 13.428713469189312 1.652749652510451 4.0630705904802795 
76.00005025379033 13.528616426785348 14.777869539813842 1.7625173046336613 5.41222666110481 
77.00005025379035 12.590185275282813 14.406335499647234 1.6955436326706774 1.910926690911353 
78.00005025379036 13.971162809061163 13.916342433904525 1.1549693947593056 1.632138817099431 
79.00005025379038 13.45094557525644 12.456467901732665 1.805852562345649 2.5352067926125414 
80.00001861572933 12.146740556466128 13.118072022305 1.9979733309177874 1.8158333794065271 
81.0000502537904 12.146740556466128 NaN 1.9979733309177874 NaN 
82.00005025379042 NaN NaN NaN NaN 
83.00005025379043 NaN NaN 1.7783590034107988 NaN 
84.00005025379045 NaN NaN 2.3570974641614697 NaN 
85.00005025379046 NaN NaN 1.7801920487371063 NaN 
86.00005025379048 NaN NaN 1.5058536935721918 NaN 
87.00005025379049 NaN NaN 1.1212335622334564 NaN 
88.0000502537905 NaN NaN 1.8532260640322136 NaN 
89.00005025379052 NaN NaN 2.8542401936462483 NaN 
90.00005025379053 NaN NaN 2.5899703094134594 NaN 
91.00005025379055 NaN NaN 2.130275312432147 NaN 
92.00005025379056 NaN NaN 1.5782245016050638 1.865811148049886 
93.00005025379058 NaN NaN 2.3636358195074507 1.5511301492987002 
94.00005025379059 NaN NaN 2.298962663496127 1.7134688585498168 
95.0000502537906 11.674665662689051 NaN 2.218027139228539 3.1837728151605518 
96.00005025379062 12.224389715195215 NaN 1.8787037759390728 3.1837728151605518 
97.00005025379063 12.401144350570632 NaN 1.6727421626362684 1.4559052548573845 
98.00005025379065 13.164373714530157 NaN 2.435971526595793 3.1722949737726367 
99.00005025379066 14.396723471364496 NaN 2.3537402617505734 3.1722949737726367 
100.00005025379068 15.61992361724873 NaN 1.860550688719556 2.7841266053873 
101.00005025379069 14.998266998723494 NaN 2.5415545643169395 1.529146327645421 
102.0000502537907 12.115702708128012 NaN 1.9884879831483744 1.529146327645421 
103.00005025379072 13.212427101352858 NaN 1.9240011253571367 2.2311519261980237 
104.00005025379073 14.044718076635675 NaN 2.7562921006399534 3.6867163227302626 
105.00005025379075 14.729372403945717 NaN 2.844701731667712 3.3075813312894695 
106.00005025379076 15.048493543494345 NaN 1.7082584746841007 1.4229705763384999 
107.00005025379077 13.68485746231049 NaN 1.5725680074427117 1.4229705763384999 
108.00005025379079 14.279612873529388 NaN 2.2226086574579824 1.7772565508834361 
109.0000502537908 13.814906953306888 NaN 1.7511541756947224 1.8527575933737097 
110.0000256554995 14.835183132617829 NaN 1.6569194493399948 1.3733017430682537 
111.00005025379083 14.662118925816202 NaN 1.7940892875088537 1.869648096042198 
112.00005025379085 14.662118925816202 NaN 1.7940892875088537 2.1742671626257533 
113.00005025379086 14.286978534437608 NaN 1.6333942256833325 2.1742671626257533 
114.00005025379087 15.821800208581521 NaN 1.84332065393275 2.2691842674843627 
115.00005025379089 12.379268841381247 NaN 1.2560579819135143 2.3431159587009205 
116.0000502537909 13.289452059030836 NaN 2.1662411995631032 2.203112926351281 
117.00005025379092 14.158304295489728 NaN 1.6199124172687789 2.06482169292363 
118.00005025379093 13.589587304361984 NaN 1.6275184606916753 2.06482169292363 
119.00005025379095 13.870652460541265 NaN 2.0568266531854107 1.8555441006214437 
120.00005025379096 12.833877887570353 NaN 1.7611089135589566 2.3466734114057317 
121.00005025379097 13.468788819862809 NaN 2.396019845851413 2.3349831863595227 
122.00005025379099 13.609000587140912 NaN 2.2727658026064006 2.3349831863595227 
123.000050253791 12.336441611037188 NaN 2.0624229310240736 1.672329739691989 
124.00005025379102 12.7954960226254 NaN 1.275179734807523 1.8583837748068675 
125.00005025379103 12.82341284762559 NaN 1.7328318206075863 2.764429027964013 
126.00005025379104 13.577928506150542 NaN 2.487347479132538 2.0667672823228145 
127.00005025379106 14.02952320279121 NaN 1.4872801996520337 2.0667672823228145 
128.00005025379107 13.934701024273807 NaN 1.6337668849566285 1.5003816435182102 
129.00005025379102 13.24767033288353 NaN 3.241158574301167 2.4038870501910594 
130.00005025379096 13.167079099561704 NaN 2.646082544466637 2.4106285770829317 
131.0000502537909 13.814969850980049 NaN 1.9388731925714637 2.2896312453481755 
132.00005025379085 13.657183526992782 NaN 1.230853146966382 2.2896312453481755 
133.0000502537908 14.5828700416059 NaN 2.156539661579501 2.3520259428293286 
134.00005025379073 13.016471204828306 NaN 1.8891760019822073 1.7854033136651992 
135.00003430414625 13.016471204828306 NaN 1.8891760019822073 1.958546613723371 
136.00005025379062 15.040940158245164 NaN 1.3215754806545306 1.958546613723371 
137.00005025379056 12.435041136753242 NaN 2.308796028183167 2.1739488504521773 
138.00001007079572 13.221483703500851 NaN 1.624183217240926 2.0395925317954777 
139.00005025379045 14.21760908933318 NaN 1.6610622200969942 1.5431074458191745 
140.0000502537904 14.378961657499033 NaN 1.3959381308411594 1.5431074458191745 
141.00005025379033 13.394176283094666 NaN 1.952094847051825 2.499425381447992 
142.00005025379028 14.571347363658887 NaN 1.3865054252396192 1.787699900961627 
143.00005025379022 15.28450178402305 NaN 2.0996598456037816 2.2060813338899834 
144.00005025379016 13.721675662623369 NaN 2.0384326706478078 2.0927704651867316 
145.0000502537901 12.812391151487361 NaN 2.2102420217986776 1.5802036597906977 
146.00005025379005 12.256054637810706 NaN 2.083284956334296 1.5802036597906977 
147.00005025379 12.060720614978493 NaN 1.8455658831803987 2.070469236549343 
148.00005025378994 12.848599028350321 NaN 2.633444296552227 2.4945497712610916 
149.00005025378988 13.694294383484618 NaN 2.1577537200305414 2.2029906948963287 
150.00005025378982 15.267688494212194 NaN 2.5528170462082755 1.2565322443526838 
151.00005025378977 15.679121361608793 NaN 1.7192224670197334 2.320992596001389 
152.0000502537897 15.09857275728345 NaN 1.6188015071359985 2.320992596001389 
153.00005025378965 11.946679179513893 NaN 2.5905165280553604 2.161019928317785 
154.0000502537896 11.975713123161682 NaN 2.5569445450352646 2.927478596154515 
155.00005025378954 12.883298137519859 NaN 2.051108116349468 3.1849067449002746 
156.00005025378948 14.633044439836056 NaN 1.4750279613220698 1.3310138541518768 
157.00005025378942 15.226597934482584 NaN 2.068581455968598 2.653957963032525 
158.00005025378937 14.561816914944984 NaN 1.7610661768578098 2.653957963032525 
159.0000502537893 15.45981091023802 NaN 1.3361160632701967 2.3793791512353835 
160.00005025378925 14.206137745525382 NaN 2.287517975411504 3.5471169478941817 
161.0000502537892 15.58941086871883 NaN 2.1956236080858957 3.5471169478941817 
162.00005025378914 15.596993308681789 NaN 2.356854183046039 1.9539759383378055 
163.00005025378908 13.777477895369884 NaN 2.960697000869118 2.0282572075763596 
164.00005025378903 13.31082403576508 NaN 1.4932882071578035 1.9176970194943408 
165.00005025378897 13.917737894094756 NaN 2.10020206548748 2.0211260697189743 
166.0000502537889 13.37552222216101 NaN 1.7529996530607832 2.108229662267007 
167.00005025378886 13.671274238510051 NaN 1.2695506005144352 2.384775503331582 
168.0000502537888 13.303940195161061 NaN 2.050151479275712 2.384775503331582 
169.00005025378874 12.902750443490817 NaN 2.705257240763217 3.0356807008683973 
170.0000502537887 14.487671436409585 NaN 2.9807014525285638 2.0725425889512508 
171.00005025378863 15.23876903134655 NaN 2.2096880788184876 2.0725425889512508 
172.00005025378857 13.292660375025974 NaN 3.061691021897616 2.071643434295595 
173.00005025378852 14.197246280256223 NaN 2.6751706087013645 1.9706696972939994 
174.00005025378846 15.624892029767778 NaN 2.6019018760593724 1.9789988768091291 
175.0000502537884 13.601574689117257 NaN 1.956573983106665 1.2005282573551312 
176.00005025378834 14.71588308442432 NaN 1.219656910659893 2.0547506982324535 
177.0000502537883 15.630563758195166 NaN 2.134337584430739 1.2354957841360488 
178.00005025378823 15.044498620184982 NaN 1.588736707847005 1.2354957841360488 
179.00005025378817 13.884621992630429 NaN 1.3164775680866967 2.3442925346241736 
180.00005025378812 14.825314501714018 NaN 2.2571700771702865 1.69931728856605 
181.00005025378806 13.878912991963176 NaN 1.6200746520312066 2.355786680951468 
182.000050253788 14.53920219895923 NaN 2.2803638590272612 2.355786680951468 
183.00005025378795 13.655558346311238 NaN 2.91883097502631 2.836510740307716 
184.0000502537879 15.40938713114764 NaN 1.8289703750073727 3.0090388237321406 
185.00005025378783 12.118780644546092 NaN 2.7187216645183128 3.0090388237321406 
186.00005025378778 13.088210809147398 NaN 1.9027277382116097 1.9772346219167787 
187.00005025378772 13.91274239160984 NaN 1.5161471838406442 2.6998045561977335 
188.00005025378766 14.170439067003144 NaN 2.634175981828207 1.6149212765571974 
189.0000502537876 15.06606965674709 NaN 1.9975678681084617 2.1051091564358444 
190.00005025378755 14.86866775288479 NaN 2.016761134934029 2.1051091564358444 
191.0000502537875 13.501321138303837 NaN 1.7898477528079297 1.6393006337453642 
192.00005025378744 14.483923131840498 NaN 2.7724497463445914 2.3868349479615176 
193.00005025378738 14.28015871309998 NaN 2.1296312130511694 3.336412244562581 
194.00005025378732 14.36125596957055 NaN 1.810897396142849 1.386980869159828 
195.00005025378726 14.226333863077485 NaN 2.148670809464221 2.58317646082412 
196.0000502537872 15.353651278022198 NaN 2.2499791943124308 2.3604850663658397 
197.00005025378715 14.59964142087287 NaN 2.9173859056029414 2.3604850663658397 
198.0000502537871 15.127618320776293 NaN 2.249167213842071 2.5060303237760024 
199.00005025378704 14.97733536217379 NaN 1.451811834668149 1.8257446866429916 
200.00005025378698 14.204638908966189 NaN 1.8902275182939547 1.8498934060384329 
201.00005025378692 NaN 123.2292622363633 NaN 1.8498934060384329 
202.00005025378687 NaN 123.61358255131319 NaN NaN 
203.0000502537868 NaN 125.30517930920064 1.3720837698866148 NaN 
204.00005025378675 NaN 125.92540885904236 1.1486995171444505 NaN 
205.0000502537867 NaN 127.33946782703282 1.2043296584530196 NaN 
206.00005025378664 NaN 127.94791328321028 1.2043296584530196 NaN 
207.00005025378658 NaN 129.38500285364046 1.2086969622886556 NaN 
208.00005025378653 NaN 129.38500285364046 1.8191787469930034 NaN 
209.00005025378647 NaN 130.83282172470837 2.6199819546796164 NaN 
210.0000502537864 NaN 132.04264909135009 2.6199819546796164 2.275557061146799 
211.00005025378636 NaN 132.66689381213095 1.5903896092640082 2.899801781927664 
212.0000502537863 NaN 134.10718854853602 2.1974768112170864 4.340096518332729 
213.00005025378624 NaN 134.92962112617406 1.7064505177170872 5.162529095970768 
214.00005025378618 NaN 135.68946821421312 1.7064505177170872 5.922376184009835 
215.00005025378613 NaN 136.93542779375127 1.6599056781369086 7.1683357635479865 
216.00005025378607 13.891870650513056 138.3743283944014 1.8159849876131204 8.607236364198116 
217.00005025378601 12.089591130214075 138.8965806464661 1.1712374945252009 9.129488616262819 
218.00005025378596 12.975966428212018 139.81493109982827 1.2662582782534741 3.2254042955173077 
219.0000502537859 10.312813729857794 140.96017358872 2.2490548081000554 2.205962214063078 
220.00005025378584 10.312813729857794 141.65427032686878 2.2490548081000554 2.9000589522118503 
221.0000064210288 11.582815760068172 142.6721398465095 2.6007063849482677 1.526504391943348 
222.00005025378573 11.882074813845549 144.01234083890603 1.7711422598114837 2.866705384339866 
223.00005025378567 12.97355331457996 145.11647564120952 1.8447512409051683 2.7008381564329795 
224.00005025378562 13.75737109549371 146.04973879511383 1.7876793479377682 2.6243262084335583 
225.00005025378556 12.550705422932708 146.9863439948601 1.952972071123611 2.4694529074454294 
226.0000502537855 12.550705422932708 148.33764196055492 1.952972071123611 2.5376217737111233 
227.00005025378545 13.921167702960076 148.61264793864166 2.390171197246673 2.812627751797862 
228.0000502537854 12.720976510383139 149.52321737720234 1.3187623435794933 3.7231971903585475 
229.00005025378533 12.725103527114015 150.67599931308945 1.5762145443130748 2.2360893207289507 
230.00005025378528 12.725103527114015 152.30250359496796 1.5762145443130748 3.862593602607461 
231.00005025378522 14.06363020666575 152.7950554674835 1.761959287977703 1.6956235459680897 
232.00005025378516 13.68185826051186 153.514581703307 1.825170679916738 2.4151497817915697 
233.0000502537851 13.260980430559556 155.12121551899858 2.61274716246038 4.021783597483164 
234.00005025378505 14.628953543953259 155.94354467477422 1.837628517679093 4.844112753258798 
235.000050253785 12.795522744831857 157.0467089767097 2.19386905244653 2.1314582192813702 
236.00005025378493 12.795522744831857 158.03052059116703 2.19386905244653 1.7472967203449912 
237.00005025378488 13.726240035918323 159.21216767287524 1.7960067004181326 2.9289438020531975 
238.00005025378482 13.726240035918323 159.95294566607478 1.7960067004181326 3.669721795252741 
239.00005025378476 12.150430092494304 160.69616449785175 2.005934764196894 1.8534488207239121 
240.00004227035762 13.165974652140022 161.8459507468875 1.8256769247068974 3.003235069759654 
241.00005025378465 14.240694627824581 163.3258620663624 2.157178068614485 1.5472394755807102 
242.0000502537846 12.601968739095383 164.14956115319677 2.1894599120990392 2.370938562415091 
243.00005025378454 12.601968739095383 164.69356873031396 2.1894599120990392 1.840226163847717 
244.00005025378448 12.64316321481951 166.11663585970572 1.2886575291062456 3.263293293239485 
245.00005025378442 11.854376584674526 166.75808736383834 1.4569481112345954 1.3198686815353255 
246.00005025378437 12.889420303226274 167.75604314363247 1.2525484583865136 2.317824461329451 
247.0000502537843 13.287193175902132 169.10780865358433 1.4746947070438807 2.1322165499112202 
248.00005025378425 13.287193175902132 13.667999559747443 1.4746947070438807 1.9405876083446287 
249.0000502537842 13.800173244109345 14.704313296953842 1.8077492667419222 1.756799317099535 
250.00005025378414 12.75837609145637 14.896474438282894 1.5023779344801937 1.7351473931300916 
251.00005025378408 13.840174577569059 14.31594999475331 2.064805082668414 2.682254055283238 
252.00005025378402 13.840174577569059 15.288688675513441 2.064805082668414 3.6549927360433685 
253.00005025378397 12.79120909233015 13.226965965701964 1.4784941673364926 4.52917693988573 
254.0000502537839 12.996217069413376 12.934463406179958 1.6939393765061084 5.311394356048282 
255.00005025378385 12.566004597403463 13.230999371041037 2.2539847712337746 6.789998413429657 
256.0000502537838 12.566004597403463 14.239176665058437 2.2539847712337746 2.449243594897581 
257.00005025378374 13.831025133155038 14.934262332727485 1.821352743598851 3.144329262566629 
258.0000393072884 12.916194401981528 11.104954763816608 1.3996944417748978 1.8110987510239624 
259.0000502537836 13.98226462980054 12.093137673637301 1.7706790019248615 2.799281660844656 
260.00005025378357 13.24825154170864 12.793025885701951 2.260289155452142 3.499169872909306 
261.0000502537835 14.161408835804423 13.423867735065727 1.2454537530104517 1.9142535921031936 
262.00005025378346 14.161408835804423 14.59614723455482 1.2454537530104517 3.086533091592287 
263.0000502537834 13.759085878173153 13.34205763191494 1.972963731089692 4.572249402607667 
264.00005025378334 12.87010154705348 14.433998565295326 2.2018821337034638 5.664190335988053 
265.0000502537833 12.968369536757962 14.198633951405611 1.7871724931526956 6.510624208211027 
266.00005025378323 12.968369536757962 13.732093198343563 1.7871724931526956 2.3404858186265756 
267.0000502537832 13.508599422084302 14.763538281743223 1.2632117767180375 2.3009242315616234 
268.0000502537831 12.635619320213891 12.968302581493248 1.5327763126802552 3.128102019811422 
269.00005025378306 12.635619320213891 12.968302581493248 1.5327763126802552 3.128102019811422 
270.000050253783 12.488222495580942 13.538117434619494 1.2300195780842955 2.1606819478470243 
271.00005025378294 13.227906080717787 13.333701190294676 2.656654907619611 3.105953605873083 
272.000028431271 13.976278717096818 14.624941926729377 1.3039883754752282 2.8413282052542854 
273.00005025378283 13.976278717096818 14.624941926729377 1.3039883754752282 2.8413282052542854 
274.0000502537828 13.024568621233811 15.610453260047223 1.379950514426639 2.0388339220963303 
275.0000502537827 14.203993476195535 15.610453260047223 1.4290829363131365 2.0388339220963303 
276.00005025378266 14.203993476195535 16.17339371591595 1.4290829363131365 2.4111334005046956 
277.0000502537826 13.628850051477343 14.562245706142278 2.062957033931866 2.3312159610364347 
278.00005025378255 14.628438081647232 13.660617069119837 1.850731870413199 2.830785226116859 
279.0000502537825 14.628438081647232 15.341357317750976 1.850731870413199 1.4290850587918271 
280.00005025378243 14.273718476256931 15.919482775382619 1.8353103900523706 2.00721051642347 
281.0000502537824 15.327572304646822 15.706918940497644 1.2084239698111219 2.8656533520031076 
282.0000502537823 14.043782777405227 17.01121354217821 1.4962309040488435 1.5324389250807258 
283.00005025378226 11.662614150319314 15.475695937574244 1.8721290117439935 2.7991767813189767 
284.0000502537822 11.662614150319314 16.064485474048013 1.8721290117439935 3.3879663177927455 
285.00005025378215 12.945531305833754 15.614036863363822 1.582073231123843 1.7220581203818028 
286.0000502537821 13.7607437569539 15.118639699854839 1.5797202008581621 2.6532962864081355 
287.00005025378204 11.611687909825662 15.537421028662209 1.2905011376619768 3.0720776152155054 
288.000050253782 11.611687909825662 14.227861127416588 1.2905011376619768 1.8470678848893272 
289.0000502537819 11.258475944143186 15.251196186523941 2.026339121624744 1.6366987391527346 
290.00005025378186 12.143580309954416 14.992203351856404 1.2196396179163003 2.5571307594469204 
291.0000502537818 12.856671807482485 16.520965630491446 1.4639092334559223 2.9312737253118257 
292.00005025378175 12.835802069598685 17.091799766801273 1.691289701202777 2.117434230729998 
293.0000502537817 12.457262018884023 17.85629139159579 1.8843901563518557 2.881925855524514 
294.00005025378164 11.00865647963468 13.919245319721142 2.108975805563375 2.129228350578046 
295.0000502537816 11.00865647963468 15.743402574150593 2.108975805563375 3.06217064597314 
296.0000502537815 12.152140743137977 16.491995650416413 2.085926033125702 1.9573156942209948 
297.00005025378147 12.507110620153355 14.327505678495243 1.7192606165409074 3.0053691785086016 
298.0000502537814 12.507110620153355 14.489488030720565 1.7192606165409074 3.779987626695288 
299.00005025378135 14.10634828860509 12.988079639592684 2.569905208726823 4.988672454793573 
300.0000502537813 12.606730575450229 13.504614882570195 1.4385165458609777 5.505207697771084 
#####################################################################
# End of data export. Simulation finished at: 2019-09-18T21:57+0000 #
#####################################################################
