#####################################################################
# Alchemist log file - simulation started at: 2019-09-25T03:58+0000 #
#####################################################################
# seed = 105.0, stage_width = 500
#
# The columns have the following meaning: 
# time rep-bcast[Sum] rep-ccast[Sum] share-bcast[Sum] share-ccast[Sum] rep-bcast-single[Sum] rep-ccast-single[Sum] share-bcast-single[Sum] share-ccast-single[Sum] 
0.0 NaN NaN NaN NaN NaN NaN NaN NaN 
1.0000917448486222 NaN NaN NaN NaN NaN NaN NaN NaN 
2.000091744848622 NaN NaN 0.6663039821866052 NaN NaN NaN 0.6663039821866052 1.632135206872723 
3.000091744848623 NaN NaN 0.6949461588245631 1.7557776513477492 NaN NaN 0.6949461588245631 2.846755570350078 
4.000091744848624 NaN NaN 1.3656830636845205 1.7557776513477492 NaN NaN 1.3656830636845205 2.846755570350078 
5.000091744848625 NaN NaN 1.3793405636948046 0.6315168446678197 NaN NaN 1.3793405636948046 0.6315168446678197 
6.000091744848626 NaN NaN 1.0154390699479805 0.6315168446678197 NaN NaN 1.0154390699479805 0.6315168446678197 
7.000091744848627 6.455488293456846 NaN 2.0225492515598678 1.0146068726588595 6.455488293456846 6.248516850604513 2.0225492515598678 1.0146068726588595 
8.000091744848627 7.530854189420869 NaN 0.5390316810460059 2.182586467244934 7.530854189420869 7.416496445190587 0.5390316810460059 2.182586467244934 
9.000091744848623 8.479422443772007 NaN 1.4875999353971432 1.5907373856088718 8.479422443772007 8.470899615881441 1.4875999353971432 1.5907373856088718 
10.00000911598908 8.479422443772007 NaN 1.4875999353971432 1.7047964992009987 8.479422443772007 6.662506354880348 1.4875999353971432 1.7047964992009987 
11.000091744848616 7.233728841697185 NaN 1.6095847961658212 2.846895836781492 7.233728841697185 6.576327828973202 1.6095847961658212 2.846895836781492 
12.000091744848612 8.515475476985532 NaN 1.7019064218980198 1.437356420928392 8.515475476985532 6.283930855030002 1.7019064218980198 1.437356420928392 
13.000091744848609 7.831342255175091 NaN 1.1711144009121384 0.8474684248259816 7.831342255175091 6.97578949421594 1.1711144009121384 0.8474684248259816 
14.000091744848605 7.3592014488444 NaN 1.39801882728732 2.0030928163085893 7.3592014488444 7.492271814983518 1.39801882728732 2.0030928163085893 
15.000091744848602 7.911907340183193 NaN 0.7951003271435049 2.7206526963170994 7.911907340183193 8.209831694992028 0.7951003271435049 2.7206526963170994 
16.0000917448486 6.881480364955808 7.125775884040214 1.2694962371845389 1.4735857108278942 6.881480364955808 7.125775884040214 1.2694962371845389 1.4735857108278942 
17.000091744848596 6.940976194718958 8.355398948072397 1.5199968098797427 2.7032087748600766 6.940976194718958 8.355398948072397 1.5199968098797427 2.7032087748600766 
18.000091744848593 6.059789921337199 8.743817291793603 1.2667036800038645 1.0466128522247828 6.059789921337199 8.743817291793603 1.2667036800038645 4.04019537293242 
19.0000586025822 6.8696295456849406 8.255282118751058 0.739556706279263 1.7344657106417714 6.8696295456849406 8.255282118751058 0.739556706279263 4.728048231349408 
20.000091744848586 6.16610597644306 8.255282118751058 1.195663309288939 1.7344657106417714 6.16610597644306 8.255282118751058 1.195663309288939 4.728048231349408 
21.000091744848582 6.92329714945031 8.664352126012277 1.952854482296189 2.4489524190350345 6.92329714945031 8.664352126012277 1.952854482296189 1.6391127946872928 
22.00009174484858 7.555341371496288 8.672730508553109 1.6116419418011105 1.8302559023536418 7.555341371496288 8.672730508553109 1.6116419418011105 1.8302559023536418 
23.000091744848575 8.594623301480029 8.461233396668824 1.3158213026918375 3.090227747369269 8.594623301480029 8.461233396668824 1.3158213026918375 3.090227747369269 
24.00000437861764 6.153476500407184 7.170820505655158 1.1797325853319869 1.094614280678968 6.153476500407184 7.170820505655158 1.1797325853319869 1.094614280678968 
25.000091744848568 7.316282659314069 7.170820505655158 1.1920750058836944 1.094614280678968 7.316282659314069 7.170820505655158 1.1920750058836944 1.094614280678968 
26.000091744848564 8.178708994254283 7.569162143229434 2.054501340823908 2.4692858524095485 8.178708994254283 7.569162143229434 2.054501340823908 2.4692858524095485 
27.00009174484856 8.273279741454726 7.843868676575756 1.462253374710759 NaN 8.273279741454726 7.843868676575756 1.462253374710759 3.553832010103612 
28.000091744848557 9.152054874042815 6.327943067451034 1.2564823496047843 2.139545515964418 9.152054874042815 6.327943067451034 1.2564823496047843 2.139545515964418 
29.000091744848554 7.2550477506644455 6.327943067451034 0.6505653105053142 2.139545515964418 7.2550477506644455 6.327943067451034 0.6505653105053142 2.139545515964418 
30.00009174484855 7.137789565542313 7.344672270265239 0.7765497675846049 3.156274718778622 7.137789565542313 7.344672270265239 0.7765497675846049 3.156274718778622 
31.000091744848547 8.281632339848574 8.285467415043325 0.766863718025764 1.2035273071772217 8.281632339848574 8.285467415043325 0.766863718025764 1.2035273071772217 
32.00004149527859 7.9640674680682935 8.285467415043325 0.7732143337039368 1.2035273071772217 7.9640674680682935 8.285467415043325 0.7732143337039368 1.2035273071772217 
33.00009174484856 7.2661414909452375 7.230705293811191 1.4499599283114613 1.2916116982014891 7.2661414909452375 7.230705293811191 1.4499599283114613 1.2916116982014891 
34.000091744848575 7.2661414909452375 7.269783466374509 1.4499599283114613 1.3602173391301235 7.2661414909452375 7.269783466374509 1.4499599283114613 1.3602173391301235 
35.00009174484859 7.7443477003896035 7.087165242318388 0.8792806226158305 2.1620522586719986 7.7443477003896035 7.087165242318388 0.8792806226158305 2.1620522586719986 
36.0000917448486 7.41541161663379 8.45075439585202 0.8065931520742993 1.9628890450672003 7.41541161663379 8.45075439585202 0.8065931520742993 0.556996001459332 
37.00009174484862 7.622492692056099 7.091158406565576 2.0304034303108125 1.4690257603305952 7.622492692056099 7.091158406565576 2.0304034303108125 1.4690257603305952 
38.000051188876576 7.182686993087536 7.091158406565576 1.3805374016737204 1.4690257603305952 7.182686993087536 7.091158406565576 1.3805374016737204 1.4690257603305952 
39.000091744848646 7.165130784327804 7.365780935398224 1.2774996849394498 2.887491063469504 7.165130784327804 7.365780935398224 1.2774996849394498 2.887491063469504 
40.00009174484866 7.271287778915443 7.96151758392827 1.1971185417187087 4.316126578574448 7.271287778915443 7.96151758392827 1.1971185417187087 1.5696011333044027 
41.000091744848675 7.357271696013633 6.930212480330695 0.7559714512154869 1.4397098315346142 7.357271696013633 6.930212480330695 0.7559714512154869 1.4397098315346142 
42.00003001185269 8.322849644368617 6.930212480330695 1.7215493995704705 1.4397098315346142 8.322849644368617 6.930212480330695 1.7215493995704705 1.4397098315346142 
43.0000917448487 7.80031871679131 8.131041579310995 1.4694061279941835 1.6530505059131926 7.80031871679131 8.131041579310995 1.4694061279941835 1.6530505059131926 
44.00009174484872 6.718175526055781 6.820030930766578 1.4620527506832488 2.0061652308581728 6.718175526055781 6.820030930766578 1.4620527506832488 2.0061652308581728 
45.00009174484873 7.883208503668669 7.12184564944441 1.3083930549961735 2.0656534878604518 7.883208503668669 7.12184564944441 1.3083930549961735 2.0656534878604518 
46.000091744848746 7.284866683308977 6.209908836402725 1.1129786942010185 3.3007928768739276 7.284866683308977 6.209908836402725 1.1129786942010185 NaN 
47.00009174484876 7.284866683308977 7.1622933910444075 1.1129786942010185 4.25317743151561 7.284866683308977 7.1622933910444075 1.1129786942010185 1.894668732233356 
48.000091744848774 7.911129491914927 7.169493377151753 0.9803530742567546 5.247865842224677 7.911129491914927 7.169493377151753 0.9803530742567546 2.8893571429424227 
49.00009174484879 6.825430224358755 7.169493377151753 1.3089873531201945 5.247865842224677 6.825430224358755 7.169493377151753 1.3089873531201945 2.8893571429424227 
50.0000917448488 6.449566598281599 8.613632006327272 0.8076777711674836 0.905729341697743 6.449566598281599 8.613632006327272 0.8076777711674836 0.905729341697743 
51.00009174484882 6.449566598281599 8.756634641116115 0.8076777711674836 2.0143099248415695 6.449566598281599 8.756634641116115 0.8076777711674836 2.0143099248415695 
52.00009174484883 6.185811243323343 8.691243460282294 0.7953606599149765 2.904968330579841 6.185811243323343 8.691243460282294 0.7953606599149765 2.904968330579841 
53.000091744848845 7.292750076783996 9.61124548472975 0.9822974689281736 1.0043257919482187 7.292750076783996 9.61124548472975 0.9822974689281736 1.0043257919482187 
54.00009174484886 7.978830868021987 6.150187713689334 1.6683782601661648 2.1568892734216405 7.978830868021987 6.150187713689334 1.6683782601661648 2.1568892734216405 
55.00009174484887 7.081327733242169 6.518174162536177 1.565384609263674 1.1581617146506176 7.081327733242169 6.518174162536177 1.565384609263674 1.1581617146506176 
56.00009174484889 6.785864668421752 7.635570687732304 1.7261644715134068 1.5894774486087542 6.785864668421752 7.635570687732304 1.7261644715134068 1.5894774486087542 
57.000003149593766 7.786342253265509 8.038041833384739 0.6540297615785136 2.544693218191277 7.786342253265509 8.038041833384739 0.6540297615785136 2.544693218191277 
58.000091744848916 7.786342253265509 6.632244194876918 0.6540297615785136 3.9595401427625347 7.786342253265509 6.632244194876918 0.6540297615785136 3.9595401427625347 
59.00009174484893 6.9227565026527955 7.665853777498029 1.7896829998478978 1.7944267456138547 6.9227565026527955 7.665853777498029 1.7896829998478978 1.7944267456138547 
60.000091744848945 7.31338183119172 6.854054040843749 1.68546342826302 1.8335970315665833 7.31338183119172 6.854054040843749 1.68546342826302 NaN 
61.00007762876121 7.537927376599221 7.526634820269884 0.8541393483007198 1.1955504580063376 7.537927376599221 7.526634820269884 0.8541393483007198 1.1955504580063376 
62.00009174484897 8.247072988113018 8.841889932378152 0.8907041803883828 2.5108055701146057 8.247072988113018 8.841889932378152 0.8907041803883828 2.5108055701146057 
63.00009174484899 7.697046070506538 5.437723396712897 0.650077142632604 0.9051881670624127 7.697046070506538 5.437723396712897 0.650077142632604 0.9051881670624127 
64.000091744849 7.690574480372874 6.379444225499846 0.6571004932945144 1.8469089958493612 7.690574480372874 6.379444225499846 0.6571004932945144 1.8469089958493612 
65.00009174484902 8.222677035200434 7.452455752576213 1.1892030481220743 1.8381783321814424 8.222677035200434 7.452455752576213 1.1892030481220743 1.8381783321814424 
66.00009174484903 8.01320845062424 7.452455752576213 1.3215698610407713 1.8381783321814424 8.01320845062424 7.452455752576213 1.3215698610407713 1.8381783321814424 
67.00006591848906 7.96252146962366 9.121527861470923 0.635420353766591 2.0849831426765633 7.96252146962366 9.121527861470923 0.635420353766591 2.0849831426765633 
68.00009174484906 7.449291843250315 6.920235811790278 1.969595031041493 1.9695998163099802 7.449291843250315 6.920235811790278 1.969595031041493 1.9695998163099802 
69.00009174484907 7.449291843250315 6.384277906764481 1.969595031041493 4.962010608364892 7.449291843250315 6.384277906764481 1.969595031041493 0.9074324346468359 
70.00009174484909 7.445313039292358 6.384277906764481 1.6587737707357633 4.962010608364892 7.445313039292358 6.384277906764481 1.6587737707357633 0.9074324346468359 
71.0000917448491 8.08436869299446 7.19881698813662 1.5235367625481047 6.2500728086877615 8.08436869299446 7.19881698813662 1.5235367625481047 2.1954946349697053 
72.00009174484912 7.318269844492363 8.064036139597519 0.48875631384122187 0.3298552613233028 7.318269844492363 8.064036139597519 0.48875631384122187 0.3298552613233028 
73.00009174484913 8.570318093186344 8.064036139597519 0.9221929873706785 0.3298552613233028 8.570318093186344 8.064036139597519 0.9221929873706785 0.3298552613233028 
74.00009174484914 8.570318093186344 7.617138374509764 0.9221929873706785 1.6204383910581726 8.570318093186344 7.617138374509764 0.9221929873706785 1.6204383910581726 
75.00009174484916 6.60256096700958 7.896239974329035 0.9550224088097963 1.6304143438039915 6.60256096700958 7.896239974329035 0.9550224088097963 1.6304143438039915 
76.00009174484917 7.536810037018569 7.896239974329035 0.6272472773789843 1.6304143438039915 7.536810037018569 7.896239974329035 0.6272472773789843 1.6304143438039915 
77.00009174484919 6.163229686533498 8.065322970125848 1.7966590244490703 1.8102594657017193 6.163229686533498 8.065322970125848 1.7966590244490703 1.8102594657017193 
78.0000917448492 6.586477952926387 7.7347251382864215 0.731322897204592 2.7909379420126044 6.586477952926387 7.7347251382864215 0.731322897204592 2.7909379420126044 
79.00009174484921 6.586477952926387 7.611232037439493 0.731322897204592 1.68347691313123 6.586477952926387 7.611232037439493 0.731322897204592 1.68347691313123 
80.00009174484923 7.940219663403198 7.7292396783942365 1.9074763946482278 1.6315180393090714 7.940219663403198 7.7292396783942365 1.9074763946482278 1.6315180393090714 
81.00009174484924 7.940219663403198 NaN 1.9074763946482278 NaN 7.940219663403198 NaN 1.9074763946482278 NaN 
82.00007108762676 NaN NaN 0.4276905766332675 NaN NaN NaN 0.4276905766332675 1.4257156454081041 
83.00009174484927 NaN NaN 1.3777721697850325 NaN NaN NaN 1.3777721697850325 1.3709804016849745 
84.00009174484929 NaN NaN 0.6683433166253252 NaN NaN NaN 0.6683433166253252 1.2713523829811777 
85.00005546194409 NaN NaN 1.2600354567079535 1.1231377441034454 NaN NaN 1.2600354567079535 1.1231377441034454 
86.00009174484931 NaN NaN 1.2600354567079535 1.1231377441034454 NaN NaN 1.2600354567079535 1.1231377441034454 
87.00009174484933 NaN NaN 1.5821028711758487 0.6867122166348167 NaN NaN 1.5821028711758487 1.9498071173835143 
88.00009174484934 6.4097377234178765 NaN 0.5507705965601986 1.7647945253120554 6.4097377234178765 7.594032215820263 0.5507705965601986 1.7647945253120554 
89.00009174484936 6.8932982826956675 NaN 0.7249817122835083 1.2737750676836725 6.8932982826956675 7.255822214468282 0.7249817122835083 1.2737750676836725 
90.00009174484937 7.033327193507944 NaN 1.1484853807246367 1.1486078953952727 7.033327193507944 6.3436247482701305 1.1484853807246367 1.1486078953952727 
91.00009174484939 7.2390159788675845 NaN 1.077501488420097 1.1486078953952727 7.2390159788675845 6.3436247482701305 1.077501488420097 1.1486078953952727 
92.0000917448494 7.2390159788675845 NaN 1.077501488420097 1.1545436220490188 7.2390159788675845 6.708088216857917 1.077501488420097 1.1545436220490188 
93.00009174484941 6.809000767969366 NaN 0.5375308278050994 1.3629377111870866 6.809000767969366 6.07882333259802 0.5375308278050994 1.3629377111870866 
94.00009174484943 7.5680775687118285 NaN 1.2966076285475623 1.0627323184716175 7.5680775687118285 6.441603665679722 1.2966076285475623 1.0627323184716175 
95.00009174484944 5.979564954146596 NaN 0.8117363561505471 1.260589388268187 5.979564954146596 7.398537536218754 0.8117363561505471 1.260589388268187 
96.00009174484946 6.681055856715858 NaN 1.0605780712245405 1.260589388268187 6.681055856715858 7.398537536218754 1.0605780712245405 1.260589388268187 
97.00009174484947 6.681055856715858 NaN 1.0605780712245405 1.0816932871011034 6.681055856715858 7.118548446136089 1.0605780712245405 1.0816932871011034 
98.00009174484948 6.700491722452085 NaN 0.7364868983650155 0.7766662405389724 6.700491722452085 6.938960061689016 0.7364868983650155 0.7766662405389724 
99.0000917448495 6.700491722452085 NaN 0.7364868983650155 0.7766662405389724 6.700491722452085 6.938960061689016 0.7364868983650155 0.7766662405389724 
100.00009174484951 8.338661461694471 NaN 1.4981026622468647 1.9969703246931374 8.338661461694471 6.835138713808945 1.4981026622468647 1.3603711611496863 
101.00009174484953 8.3779597036592 NaN 1.581633269003106 1.619835933036299 8.3779597036592 7.397353317237531 1.581633269003106 1.619835933036299 
102.00009174484954 6.989439543176871 NaN 0.8526756142075271 1.15990134328041 6.989439543176871 7.125861544512347 0.8526756142075271 1.15990134328041 
103.00009174484956 6.989439543176871 NaN 0.8526756142075271 1.1330798780533087 6.989439543176871 7.06194135000564 0.8526756142075271 1.1330798780533087 
104.00009174484957 7.065523102704077 NaN 1.2935856005474449 1.1330798780533087 7.065523102704077 7.06194135000564 1.2935856005474449 1.1330798780533087 
105.00009174484958 8.239313314976172 NaN 1.3255204217132217 1.2198662562536242 8.239313314976172 7.2519567937777225 1.3255204217132217 1.2198662562536242 
106.00006188275727 7.271920442340544 NaN 2.168226354796545 2.186775620056949 7.271920442340544 8.218866157581047 2.168226354796545 2.186775620056949 
107.00009174484961 7.417867684463033 NaN 1.1959718515751234 1.702248754464037 7.417867684463033 9.114236273800103 1.1959718515751234 1.702248754464037 
108.00009174484963 5.69601815288928 7.203938998662778 0.6836876525223801 1.3677045832028512 5.69601815288928 7.203938998662778 0.6836876525223801 1.3677045832028512 
109.00009174484964 6.608836767050718 7.203938998662778 1.596506266683818 1.3677045832028512 6.608836767050718 7.203938998662778 1.596506266683818 1.3677045832028512 
110.00009174484966 7.864492614299607 8.53037738140624 1.8204549589172387 0.7616392710751114 7.864492614299607 8.53037738140624 1.8204549589172387 0.7616392710751114 
111.00009174484967 7.915633114257986 7.040402123285688 0.7235007815311718 1.7251509567824144 7.915633114257986 7.040402123285688 0.7235007815311718 1.7251509567824144 
112.00009174484968 6.620399709304664 7.536501797825139 0.8412132737446711 0.9463891052803746 6.620399709304664 7.536501797825139 0.8412132737446711 0.9463891052803746 
113.0000917448497 4.992259941185168 7.766398048589366 1.032419985922857 0.9757188645831718 4.992259941185168 7.766398048589366 1.032419985922857 0.9757188645831718 
114.00009174484971 4.992259941185168 7.766398048589366 1.032419985922857 0.9757188645831718 4.992259941185168 7.766398048589366 1.032419985922857 0.9757188645831718 
115.00009174484973 6.141751123805378 6.8667087329932315 1.1093089846955166 1.5264292893149758 6.141751123805378 6.8667087329932315 1.1093089846955166 1.5264292893149758 
116.00009174484974 7.516175586359495 6.8667087329932315 0.9974863558593512 1.5264292893149758 7.516175586359495 6.8667087329932315 0.9974863558593512 1.5264292893149758 
117.00009174484975 7.378891382450803 7.576800637483544 0.5637300160423706 3.149339807966726 7.378891382450803 7.576800637483544 0.5637300160423706 3.149339807966726 
118.00009174484977 6.125220900345326 6.593351310015393 1.1991311519754504 2.0906265736378344 6.125220900345326 6.593351310015393 1.1991311519754504 0.901472394803065 
119.00009174484978 7.220022004477812 6.882108932231105 0.8287298452625009 3.4226566203982998 7.220022004477812 6.882108932231105 0.8287298452625009 2.2335024415635303 
120.0000917448498 6.582977407436417 7.860018392415654 2.0086173865489485 1.481209661682513 6.582977407436417 7.860018392415654 2.0086173865489485 1.481209661682513 
121.00009174484981 7.907171191453358 7.958248429693427 1.022871663620876 1.335088824332317 7.907171191453358 7.958248429693427 1.022871663620876 1.335088824332317 
122.00009174484983 7.907171191453358 8.48311433708379 1.022871663620876 3.0398422730091283 7.907171191453358 8.48311433708379 1.022871663620876 3.0398422730091283 
123.00009174484984 7.709181595953083 5.614819978235744 1.2773624555746323 1.380536412866789 7.709181595953083 5.614819978235744 1.2773624555746323 1.380536412866789 
124.00009174484985 7.382878400144563 6.078309145002194 1.2043284058664483 1.1911692196763113 7.382878400144563 6.078309145002194 1.2043284058664483 1.1911692196763113 
125.00009174484987 5.90053677107278 7.182189167749982 1.420328931701036 0.9984419195808698 5.90053677107278 7.182189167749982 1.420328931701036 0.9984419195808698 
126.00006824293745 6.836790501479626 8.06741478232152 1.2527026393600948 1.8836675341524085 6.836790501479626 8.06741478232152 1.2527026393600948 1.8836675341524085 
127.0000917448499 7.803050515253389 7.353760844826155 1.3337370385623188 2.1298114135418587 7.803050515253389 7.353760844826155 1.3337370385623188 1.1935576831350119 
128.0000917448499 6.987565394080647 8.390401511673659 0.968893373586809 1.2639383362087528 6.987565394080647 8.390401511673659 0.968893373586809 1.2639383362087528 
129.00009174484984 6.987565394080647 8.390401511673659 0.968893373586809 1.2639383362087528 6.987565394080647 8.390401511673659 0.968893373586809 1.2639383362087528 
130.00009174484978 7.068186081402601 7.006097882134952 1.3825147666126725 1.2958949436289373 7.068186081402601 7.006097882134952 1.3825147666126725 1.2958949436289373 
131.00009174484973 7.1480498137810855 8.11698242646159 1.3331211513224446 0.9565174280822077 7.1480498137810855 8.11698242646159 1.3331211513224446 0.9565174280822077 
132.00007735770436 8.363006304499805 8.19697444271209 1.4371930977145269 2.3331167671759374 8.363006304499805 8.19697444271209 1.4371930977145269 2.3331167671759374 
133.0000917448496 5.83913255091484 8.19697444271209 1.0868603502787266 2.3331167671759374 5.83913255091484 8.19697444271209 1.0868603502787266 2.3331167671759374 
134.00009174484956 6.749605474955743 7.562504492585759 1.9973332743196295 1.5560808501938368 6.749605474955743 7.562504492585759 1.9973332743196295 1.5560808501938368 
135.0000917448495 7.884880652426702 9.293691516880017 1.5159338429759543 1.350528358789262 7.884880652426702 9.293691516880017 1.5159338429759543 1.350528358789262 
136.0000695263131 6.627955225188629 9.293691516880017 0.79260970865937 1.350528358789262 6.627955225188629 9.293691516880017 0.79260970865937 1.350528358789262 
137.00009174484939 7.488487193789467 8.319787582003201 0.46459455541520356 1.4038003031633082 7.488487193789467 8.319787582003201 0.46459455541520356 1.4038003031633082 
138.00009174484933 8.444019117801531 9.310297764325313 1.4201264794272674 1.3864475955077467 8.444019117801531 9.310297764325313 1.4201264794272674 1.3864475955077467 
139.00009174484927 8.545543591032782 6.624192033616424 1.6420253146630444 1.6837824818681213 8.545543591032782 6.624192033616424 1.6420253146630444 1.6837824818681213 
140.00009174484921 8.225758930137346 6.690788135408241 0.4481104444503785 1.8211132513058033 8.225758930137346 6.690788135408241 0.4481104444503785 1.8211132513058033 
141.00009174484916 7.751967838770554 7.752894653642215 1.5909939618982207 1.6708107519818896 7.751967838770554 7.752894653642215 1.5909939618982207 1.6708107519818896 
142.0000470272816 8.78088332582513 7.215419128461889 1.5578029307188217 0.9793851326672893 8.78088332582513 7.215419128461889 1.5578029307188217 0.9793851326672893 
143.00009174484904 8.78088332582513 7.215419128461889 1.5578029307188217 0.9793851326672893 8.78088332582513 7.215419128461889 1.5578029307188217 0.9793851326672893 
144.000091744849 6.97429251105379 7.9453325488254904 1.162673685755209 2.717161443008564 6.97429251105379 7.9453325488254904 1.162673685755209 2.717161443008564 
145.00009174484893 7.219460309957299 7.801913516235032 1.2465821499221477 1.2922155605964463 7.219460309957299 7.801913516235032 1.2465821499221477 1.2922155605964463 
146.00009174484887 6.338732391752131 6.946748929863475 1.3134640508349662 1.3693139345692202 6.338732391752131 6.946748929863475 1.3134640508349662 1.3693139345692202 
147.00009174484882 7.007903508889882 7.668483555079661 0.6698588127743221 0.7210469295796145 7.007903508889882 7.668483555079661 0.6698588127743221 0.7210469295796145 
148.00009174484876 7.283966127665138 6.716107618696526 1.2862933245673673 1.2991980717048648 7.283966127665138 6.716107618696526 1.2862933245673673 1.2991980717048648 
149.0000917448487 5.263296965755586 6.853485990459063 1.264350790067624 1.1273227935127466 5.263296965755586 6.853485990459063 1.264350790067624 1.1273227935127466 
150.00002346351977 5.263296965755586 7.831106630139203 1.264350790067624 0.8795637084296288 5.263296965755586 7.831106630139203 1.264350790067624 0.8795637084296288 
151.0000917448486 6.804164556072266 8.939493498396615 1.6389245215671906 1.987950576687041 6.804164556072266 8.939493498396615 1.6389245215671906 1.987950576687041 
152.00009174484853 6.2327171451994445 8.939493498396615 1.0113588939655926 1.987950576687041 6.2327171451994445 8.939493498396615 1.0113588939655926 1.987950576687041 
153.00009174484848 6.2327171451994445 6.4030020934871175 1.0113588939655926 0.8834361068182659 6.2327171451994445 6.4030020934871175 1.0113588939655926 0.8834361068182659 
154.00009174484842 6.783179457954731 7.404829736162299 1.1012242940472277 1.1728002865994256 6.783179457954731 7.404829736162299 1.1012242940472277 1.1728002865994256 
155.00009174484836 6.756702947903904 7.882259616600919 1.3202424005842204 1.0472043462043246 6.756702947903904 7.882259616600919 1.3202424005842204 1.0472043462043246 
156.0000917448483 6.862998482853783 8.954315916586836 1.4462307967748416 0.8984148969780676 6.862998482853783 8.954315916586836 1.4462307967748416 0.8984148969780676 
157.00009174484825 6.862998482853783 7.247341265827998 1.4462307967748416 1.7549891079917188 6.862998482853783 7.247341265827998 1.4462307967748416 1.7549891079917188 
158.0000917448482 6.243558132349989 6.266486075989405 0.9841674432090315 1.7883905321447457 6.243558132349989 6.266486075989405 0.9841674432090315 1.7883905321447457 
159.00009174484813 6.645142577501076 7.156535975485895 1.2620926083299366 1.211873274207477 6.645142577501076 7.156535975485895 1.2620926083299366 1.211873274207477 
160.00009174484808 7.610360789638719 7.534191295790805 1.3372609209710902 2.3019920574064088 7.610360789638719 7.534191295790805 1.3372609209710902 2.3019920574064088 
161.00009174484802 7.593606127693533 7.293203961703 1.232215118502154 1.7492856782491515 7.593606127693533 7.293203961703 1.232215118502154 1.7492856782491515 
162.00009174484796 6.438532518046912 8.311976754468645 1.2645892025341539 1.8028402588771542 6.438532518046912 8.311976754468645 1.2645892025341539 1.8028402588771542 
163.0000917448479 5.181201255247373 8.26481445472362 1.1510501759026397 1.991450727614307 5.181201255247373 8.26481445472362 1.1510501759026397 1.991450727614307 
164.00009174484785 5.181201255247373 8.065547731095535 1.1510501759026397 2.001189709837547 5.181201255247373 9.338137124862527 1.1510501759026397 2.001189709837547 
165.0000917448478 6.787736497889597 9.070400837960335 0.5105792989388078 2.100809050568216 6.787736497889597 9.070400837960335 0.5105792989388078 3.0060428167023474 
166.00009174484774 7.444670257161249 9.797560719279062 1.0527098508421489 1.2214336892447193 7.444670257161249 9.797560719279062 1.0527098508421489 1.2214336892447193 
167.00009174484768 7.335935504390363 7.167518715644519 1.3069339999514682 1.0601093794543601 7.335935504390363 7.167518715644519 1.3069339999514682 1.0601093794543601 
168.00009174484762 6.369736207221621 7.077399370174362 1.005057750454256 0.9736789842861526 6.369736207221621 7.077399370174362 1.005057750454256 0.9736789842861526 
169.00009174484757 6.369736207221621 7.885437521573266 1.005057750454256 1.7817171356850565 6.369736207221621 7.885437521573266 1.005057750454256 1.7817171356850565 
170.0000917448475 7.5300087105981675 7.885437521573266 0.46233846717206006 1.7817171356850565 7.5300087105981675 7.885437521573266 0.46233846717206006 1.7817171356850565 
171.00009174484745 6.144711587693308 8.441671497126777 0.7090829072688791 1.1574791962971176 6.144711587693308 8.441671497126777 0.7090829072688791 1.1574791962971176 
172.0000917448474 6.901760319101697 8.338800461721206 0.6637689079487075 1.9598419270256784 6.901760319101697 8.338800461721206 0.6637689079487075 0.8842999484801908 
173.00009174484734 6.5216230271735185 9.439991721763192 1.9105849754057544 1.1944710835016679 6.5216230271735185 9.439991721763192 1.9105849754057544 1.1944710835016679 
174.00009174484728 7.373813872248633 10.354840071940885 0.7467362102611901 1.352270702270971 7.373813872248633 10.354840071940885 0.7467362102611901 1.352270702270971 
175.00009174484723 6.973081219635759 8.50945718772195 1.7268230638194382 1.4135906520053538 6.973081219635759 8.50945718772195 1.7268230638194382 1.4135906520053538 
176.00009174484717 8.147528041859943 7.537552877310503 1.5931338688521919 0.6745757728691615 8.147528041859943 7.537552877310503 1.5931338688521919 0.6745757728691615 
177.0000917448471 8.147528041859943 6.456562539029221 1.5931338688521919 1.8293999165099137 8.147528041859943 6.456562539029221 1.5931338688521919 1.8293999165099137 
178.00009174484705 7.274025440294025 7.268166025943884 0.899400119016434 1.4665565812003933 7.274025440294025 7.268166025943884 0.899400119016434 2.641003403424577 
179.000091744847 7.910892842041534 6.720629003375734 0.7246640338492796 2.4670884150611414 7.910892842041534 6.720629003375734 0.7246640338492796 3.641535237285325 
180.0000455925964 8.487537807195565 6.6369279893272335 1.1031398958711236 2.0758502551675235 8.487537807195565 6.6369279893272335 1.1031398958711236 2.0758502551675235 
181.00009174484688 7.371612928104611 7.246202752744864 0.8401395735913013 2.685125018585154 7.371612928104611 7.246202752744864 0.8401395735913013 2.685125018585154 
182.00009174484683 8.321110804197104 7.2936739204581045 1.1803626862661645 3.5847870313735086 8.321110804197104 7.2936739204581045 1.1803626862661645 1.5689119337434079 
183.00009174484677 7.747887423082517 8.95926728023008 1.0156133095546522 2.334390562386659 7.747887423082517 8.95926728023008 1.0156133095546522 2.334390562386659 
184.0000917448467 6.633908094101912 8.95926728023008 0.4841275839399941 2.334390562386659 6.633908094101912 8.95926728023008 0.4841275839399941 2.334390562386659 
185.0000299162647 7.544136943040172 9.314921169938714 1.3943564328782543 0.8516131593268881 7.544136943040172 9.314921169938714 1.3943564328782543 0.8516131593268881 
186.0000917448466 8.447823986677548 7.819655909049601 0.9623027332487482 2.085147933964123 8.447823986677548 7.819655909049601 0.9623027332487482 2.085147933964123 
187.00009174484654 6.509665703121954 9.001597190822196 1.3751348126575067 0.3462411834334773 6.509665703121954 8.364729789074687 1.3751348126575067 0.3462411834334773 
188.0000917448465 6.509665703121954 6.961264033005847 1.3751348126575067 0.682463140057564 6.509665703121954 6.961264033005847 1.3751348126575067 0.682463140057564 
189.00009174484643 8.79513429552685 8.364931843244818 1.6030054523473325 2.0861309502965355 8.79513429552685 8.364931843244818 1.6030054523473325 2.0861309502965355 
190.00009174484637 8.891573444678244 8.924528274197968 1.1954388040481092 1.3016482137330456 8.891573444678244 8.924528274197968 1.1954388040481092 1.3016482137330456 
191.00009174484632 8.891573444678244 7.021416306408952 1.1954388040481092 1.2756649673824256 8.891573444678244 7.021416306408952 1.1954388040481092 1.2756649673824256 
192.00009174484626 10.239580873487483 8.081286622073236 1.0684436233665622 1.3394341211069616 10.239580873487483 8.081286622073236 1.0684436233665622 1.3394341211069616 
193.0000917448462 7.079257423617236 7.716911309168523 1.0831187355081227 1.4409672719686455 7.079257423617236 7.716911309168523 1.0831187355081227 1.4409672719686455 
194.00009174484615 6.862311150459476 8.712499053174895 2.0481137441229578 1.3620095881691725 6.862311150459476 8.712499053174895 2.0481137441229578 1.3620095881691725 
195.0000917448461 7.913119222131542 8.712499053174895 1.6493812361240998 1.3620095881691725 7.913119222131542 8.712499053174895 1.6493812361240998 1.3620095881691725 
196.00009174484603 8.792067606734065 8.883941262763699 1.5327418767202516 1.6753889288707455 8.792067606734065 8.883941262763699 1.5327418767202516 1.6753889288707455 
197.00009174484597 7.752459236243169 8.233971858556572 1.494083638094395 2.9089334064986474 7.752459236243169 8.233971858556572 1.494083638094395 2.9089334064986474 
198.00009174484592 7.464696012263175 8.86693942920678 1.447778545977286 6.522830838457793 7.464696012263175 8.86693942920678 1.447778545977286 NaN 
199.00009174484586 7.464696012263175 8.86693942920678 1.447778545977286 6.522830838457793 7.464696012263175 8.86693942920678 1.447778545977286 NaN 
200.0000917448458 7.871057830292756 7.982315332802358 1.339653684132685 2.7733023294165378 7.871057830292756 7.982315332802358 1.339653684132685 1.5860629439057448 
201.00009174484575 NaN NaN NaN NaN NaN NaN NaN NaN 
202.0000917448457 NaN NaN 1.0785797334867482 NaN NaN NaN 1.0785797334867482 NaN 
203.00009174484563 NaN NaN 1.4703993421115342 NaN NaN NaN 1.4703993421115342 NaN 
204.00009174484558 NaN NaN 1.5246044797908098 NaN NaN NaN 1.5246044797908098 NaN 
205.00009174484552 NaN NaN 1.6151570704206506 NaN NaN NaN 1.6151570704206506 NaN 
206.00009174484546 NaN NaN 1.4957850971159417 0.7690222497103036 NaN NaN 1.4957850971159417 0.7690222497103036 
207.0000917448454 NaN NaN 1.4957850971159417 1.5189652076728635 NaN NaN 1.4957850971159417 1.5189652076728635 
208.00009174484535 6.710367876451556 NaN 0.9059676941762689 2.3390717790507836 6.710367876451556 NaN 0.9059676941762689 2.3390717790507836 
209.0000917448453 7.269749162101903 NaN 1.389236861942635 3.3086228644742164 7.269749162101903 NaN 1.389236861942635 3.3086228644742164 
210.00009174484524 8.006975823910466 NaN 1.1569124383277654 0.8480326323659995 8.006975823910466 NaN 1.1569124383277654 0.8480326323659995 
211.00009174484518 7.065870154144392 NaN 0.8743718103643232 1.0746356464718758 7.065870154144392 NaN 0.8743718103643232 1.0746356464718758 
212.00009174484512 6.958371329849427 NaN 0.9788578442559697 1.3945597811910204 6.958371329849427 NaN 0.9788578442559697 1.3945597811910204 
213.00009174484507 6.908821368384821 NaN 0.832570753180363 1.3945597811910204 6.908821368384821 NaN 0.832570753180363 1.3945597811910204 
214.000091744845 7.471082462814223 NaN 2.1447748055723252 1.9286639252803752 7.471082462814223 NaN 2.1447748055723252 0.7698491007150778 
215.00009174484495 7.471082462814223 NaN 2.1447748055723252 1.953751560076313 7.471082462814223 NaN 2.1447748055723252 1.953751560076313 
216.0000917448449 7.730523165621918 NaN 1.4075508519246966 1.6787172052215737 7.730523165621918 NaN 1.4075508519246966 1.6787172052215737 
217.00009174484484 8.430145557115168 NaN 1.0700035458807235 0.6196940240608626 8.430145557115168 NaN 1.0700035458807235 0.6196940240608626 
218.00009174484478 8.601987881598149 NaN 1.5194891008005698 1.3139061613921115 8.601987881598149 NaN 1.5194891008005698 1.3139061613921115 
219.00009174484472 8.601987881598149 NaN 1.5194891008005698 1.3139061613921115 8.601987881598149 NaN 1.5194891008005698 1.3139061613921115 
220.00000457602422 7.481197600898412 NaN 1.2737958828316778 1.3885974726755705 7.481197600898412 NaN 1.2737958828316778 1.3885974726755705 
221.0000917448446 8.632467759596665 NaN 0.9108139968782893 2.359229442462265 8.632467759596665 NaN 0.9108139968782893 2.359229442462265 
222.00009174484455 7.475786454496614 NaN 1.5698230352482199 2.4957817085522436 7.475786454496614 NaN 1.5698230352482199 2.4957817085522436 
223.0000917448445 7.475786454496614 NaN 1.5698230352482199 1.0068680673433903 7.475786454496614 NaN 1.5698230352482199 1.0068680673433903 
224.00009174484444 7.342809073514388 NaN 0.5629269268271742 1.3313405681761594 7.342809073514388 NaN 0.5629269268271742 1.3313405681761594 
225.00009174484438 7.897086220922546 NaN 1.1172040742353317 2.3134960845307546 7.897086220922546 NaN 1.1172040742353317 2.3134960845307546 
226.00009174484433 7.333678806260764 NaN 0.9654756720434534 1.4926508022321343 7.333678806260764 7.315970774945953 0.9654756720434534 0.9383736548239767 
227.00009174484427 6.699771709034309 NaN 0.7723984067639265 0.8738484048610644 6.699771709034309 8.962217586570944 0.7723984067639265 0.8738484048610644 
228.0000917448442 8.019742275212138 NaN 1.285296667259587 1.7332344687723378 8.019742275212138 6.374227370578751 1.285296667259587 1.7332344687723378 
229.0000457278118 7.123828476719524 NaN 0.9461478456451573 1.4437479470105075 7.123828476719524 7.40471141499475 0.9461478456451573 1.4437479470105075 
230.0000917448441 7.561632867177025 NaN 1.1637895195256647 1.4437479470105075 7.561632867177025 7.40471141499475 1.1637895195256647 1.4437479470105075 
231.00009174484404 7.561632867177025 NaN 1.1637895195256647 1.71815961101359 7.561632867177025 6.662591134427146 1.1637895195256647 1.71815961101359 
232.00009174484398 6.899326023267832 NaN 2.2897868906108556 1.835667902850588 6.899326023267832 7.473947997152493 2.2897868906108556 1.835667902850588 
233.00009174484393 7.955247619107439 NaN 1.7118850742077143 0.5947587035073525 7.955247619107439 7.584530650571338 1.7118850742077143 0.5947587035073525 
234.0000298730178 7.217821444642169 NaN 0.54830964041426 1.8239588444022274 7.217821444642169 8.813730791466213 0.54830964041426 1.8239588444022274 
235.00009174484381 8.231907809702477 NaN 1.562396005474568 1.8239588444022274 8.231907809702477 8.813730791466213 1.562396005474568 1.8239588444022274 
236.00009174484376 7.668805837979534 NaN 1.4686544627108447 2.4078887647035003 7.668805837979534 9.660384108263912 1.4686544627108447 2.4078887647035003 
237.0000917448437 8.595524253377533 NaN 0.668374613885959 1.3645946586828188 8.595524253377533 10.76663496543469 0.668374613885959 3.5141396218742784 
238.00009174484364 8.658365388911648 NaN 1.7616997938360726 1.3645946586828188 8.658365388911648 10.76663496543469 1.7616997938360726 3.5141396218742784 
239.0000917448436 8.317799169200555 NaN 0.6108775268776867 0.6823796656539685 8.317799169200555 9.425081253336458 0.6108775268776867 0.6823796656539685 
240.00009174484353 8.317799169200555 NaN 0.6108775268776867 1.1837675840773727 8.317799169200555 8.84560327490982 0.6108775268776867 1.1837675840773727 
241.00009174484347 7.328470288901599 NaN 1.9281924242937976 0.867822338111921 7.328470288901599 9.846972926360479 1.9281924242937976 0.867822338111921 
242.00009174484342 7.388991794214007 NaN 1.4232689595460215 0.867822338111921 7.388991794214007 9.846972926360479 1.4232689595460215 0.867822338111921 
243.00009174484336 8.825649173957117 NaN 1.8585566878384725 2.2209770156026423 8.825649173957117 7.987051299029673 1.8585566878384725 2.2209770156026423 
244.0000917448433 6.945345017259484 NaN 1.4583469750437814 3.2334421675895726 6.945345017259484 7.864057852885452 1.4583469750437814 3.2334421675895726 
245.00009174484325 7.852199605687986 NaN 1.3527364114853526 4.0664000220217815 7.852199605687986 8.69701570731766 1.3527364114853526 4.0664000220217815 
246.00007629961215 6.082697189531473 NaN 1.1391462748075583 1.36056826926918 6.082697189531473 7.65046434986337 1.1391462748075583 1.36056826926918 
247.00009174484313 6.578029643042072 NaN 1.40459006978773 1.0472127736325945 6.578029643042072 8.8633311604097 1.40459006978773 1.0472127736325945 
248.00009174484308 7.728173100474606 NaN 0.45028192780844734 1.938797562498081 7.728173100474606 9.754915949275187 0.45028192780844734 1.938797562498081 
249.00009174484302 5.524310751606379 NaN 1.6134090598685304 0.6816299272526862 5.524310751606379 9.593570611804665 1.6134090598685304 0.6816299272526862 
250.00009174484296 5.524310751606379 NaN 1.6134090598685304 1.5249941235314282 5.524310751606379 9.119619910667296 1.6134090598685304 1.5249941235314282 
251.00004810707574 6.148806576458611 NaN 1.0955866878130962 1.2137431957256695 6.148806576458611 9.97149611492162 1.0955866878130962 1.2137431957256695 
252.00009174484285 7.791426454533365 NaN 0.6531788166404908 1.478448123623565 7.791426454533365 7.107476143029032 0.6531788166404908 1.478448123623565 
253.0000917448428 7.791426454533365 NaN 0.6531788166404908 1.478448123623565 7.791426454533365 7.107476143029032 0.6531788166404908 1.478448123623565 
254.00009174484273 8.074310726933845 NaN 1.4205482647454915 1.2659396645569814 8.074310726933845 6.679283811408794 1.4205482647454915 1.2659396645569814 
255.00009174484268 7.145882527173143 NaN 1.1664602453884356 2.434023221606566 7.145882527173143 6.697223911025844 1.1664602453884356 1.1776467113122635 
256.0000917448426 6.403498403398373 NaN 1.2312686159039572 1.3585794118829995 6.403498403398373 8.054180011247695 1.2312686159039572 1.3585794118829995 
257.00009174484256 7.422994646884689 NaN 0.8938087591684223 1.3585794118829995 7.422994646884689 8.054180011247695 0.8938087591684223 1.3585794118829995 
258.0000917448425 6.279921297513454 NaN 0.5356667910472765 0.4062876088288476 6.279921297513454 9.354276379244965 0.5356667910472765 0.4062876088288476 
259.0000774649128 7.158019767299663 NaN 1.413765260833486 1.3640926732189769 7.158019767299663 7.69150063229057 1.413765260833486 1.3640926732189769 
260.0000917448424 7.742793843644023 NaN 1.5297413349770181 1.0613079777511985 7.742793843644023 7.566148928410371 1.5297413349770181 1.0613079777511985 
261.00009174484234 6.938477256610156 NaN 0.6382679927567665 2.034826914917801 6.938477256610156 8.539667865576973 0.6382679927567665 2.034826914917801 
262.0000917448423 6.967950384063869 6.194342183904183 0.8623057400934613 3.354793070755534 6.967950384063869 6.194342183904183 0.8623057400934613 4.232891540541743 
263.0000297696473 8.269206581410657 6.194342183904183 0.8435957816025166 3.354793070755534 8.269206581410657 6.194342183904183 0.8435957816025166 4.232891540541743 
264.00002462841593 8.269206581410657 7.58523025950862 0.8435957816025166 4.745681146359971 8.269206581410657 7.58523025950862 0.8435957816025166 5.62377961614618 
265.0000917448421 7.126105673056998 7.771038548430909 0.9666592658635409 NaN 7.126105673056998 7.771038548430909 0.9666592658635409 NaN 
266.00009174484205 8.086373929319393 7.771038548430909 1.9269275221259363 NaN 8.086373929319393 7.771038548430909 1.9269275221259363 NaN 
267.000091744842 6.7109640672628075 7.54856316125273 1.821286366245431 1.8362227490292184 6.7109640672628075 7.54856316125273 1.821286366245431 1.8362227490292184 
268.00009174484194 6.673435918416146 7.533979045255876 1.1596996720812172 1.9351515153036303 6.673435918416146 7.533979045255876 1.1596996720812172 1.9351515153036303 
269.0000917448419 6.503063569144217 8.521938061283265 1.2500964561102137 1.8234471548029205 6.503063569144217 8.521938061283265 1.2500964561102137 1.8234471548029205 
270.0000917448418 7.8151505389552085 9.769147895250455 1.5742244098938158 0.9850723938843657 7.8151505389552085 9.769147895250455 1.5742244098938158 0.9850723938843657 
271.00009174484177 7.6212187312619335 6.578975878626238 1.5239708438377875 1.1213726811390075 7.6212187312619335 6.578975878626238 1.5239708438377875 1.1213726811390075 
272.00005333867523 8.572074886371922 6.49467011516407 1.0264397418821432 0.8003789060280724 8.572074886371922 6.49467011516407 1.0264397418821432 0.8003789060280724 
273.00009174484165 8.487851485845056 6.561722746329906 1.2715583809636541 1.016238758612019 8.487851485845056 6.561722746329906 1.2715583809636541 1.016238758612019 
274.0000917448416 8.487851485845056 6.561722746329906 1.2715583809636541 1.016238758612019 8.487851485845056 6.561722746329906 1.2715583809636541 1.016238758612019 
275.00009174484154 7.23131742539465 8.068912279749043 1.5050828178402753 1.402347160149418 7.23131742539465 8.068912279749043 1.5050828178402753 1.402347160149418 
276.0000917448415 7.622920813892904 8.362722454750553 1.3774556889467817 0.4572013345396613 7.622920813892904 8.362722454750553 1.3774556889467817 2.63214812347087 
277.0000917448414 6.882587782521568 8.57603285180403 1.3899514930120063 1.2152494779939502 6.882587782521568 8.57603285180403 1.3899514930120063 1.2152494779939502 
278.00009174484137 6.882587782521568 8.090264114314039 1.3899514930120063 2.0415677103149505 6.882587782521568 8.090264114314039 1.3899514930120063 2.0415677103149505 
279.0000917448413 8.04639379081516 9.1875755140548 1.190853297686317 3.1388791100557114 8.04639379081516 9.1875755140548 1.190853297686317 3.1388791100557114 
280.00009174484126 7.898539287204528 9.1875755140548 0.7082989470889629 3.1388791100557114 7.898539287204528 9.1875755140548 0.7082989470889629 3.1388791100557114 
281.0000917448412 7.944570451640232 8.549415764229252 1.9210461192186017 2.2424290075710474 7.944570451640232 8.549415764229252 1.9210461192186017 0.8013537261066404 
282.00009174484114 7.944570451640232 6.205564417105904 1.9210461192186017 0.5407831276666002 7.944570451640232 6.205564417105904 1.9210461192186017 0.5407831276666002 
283.0000917448411 9.317246911870882 7.378360636308912 0.8318933325640501 1.7135793468696079 9.317246911870882 7.378360636308912 0.8318933325640501 1.7135793468696079 
284.00009174484103 6.714288647386468 8.433387993819224 1.156033549236497 1.3959302441492696 6.714288647386468 8.433387993819224 1.156033549236497 1.3959302441492696 
285.00007340117094 7.03726290711154 7.974460466291646 1.2502986837722574 1.2872191082979043 7.03726290711154 7.974460466291646 1.2502986837722574 2.784155544173359 
286.0000917448409 6.8749890310674004 7.974460466291646 0.7971109074447895 1.2872191082979043 6.8749890310674004 7.974460466291646 0.7971109074447895 2.784155544173359 
287.0000329215494 7.632017059458292 8.240707315385862 1.554138935835681 2.717271965685711 7.632017059458292 8.240707315385862 1.554138935835681 4.214208401561166 
288.0000917448408 6.302196882692215 9.157520914265945 1.2560951485669989 0.7927275204322086 6.302196882692215 9.157520914265945 1.2560951485669989 0.7927275204322086 
289.00009174484074 6.302196882692215 9.014692497022907 1.2560951485669989 2.0909743846535775 6.302196882692215 9.014692497022907 1.2560951485669989 2.0909743846535775 
290.0000917448407 7.872611143189204 7.69298523072996 1.909695810183905 3.35469075072092 7.872611143189204 10.278408863090249 1.909695810183905 3.35469075072092 
291.00009174484063 7.8843334458763366 8.721229741033426 0.5322511017853344 1.6805119304082723 7.8843334458763366 8.721229741033426 0.5322511017853344 1.6805119304082723 
292.00004323085557 8.307806209074329 7.202313988237279 0.9825067121901725 1.6233065836435117 8.307806209074329 7.202313988237279 0.9825067121901725 1.6233065836435117 
293.0000917448405 8.307806209074329 7.202313988237279 0.9825067121901725 1.6233065836435117 8.307806209074329 7.202313988237279 0.9825067121901725 1.6233065836435117 
294.00009174484046 9.669313952997015 7.499980187139954 1.216701280987479 1.3775101855345042 9.669313952997015 7.499980187139954 1.216701280987479 1.3775101855345042 
295.0000917448404 7.732627476918367 8.15902001152216 1.782402838601513 2.7935780383076008 7.732627476918367 8.15902001152216 1.782402838601513 2.7935780383076008 
296.00009174484035 7.732627476918367 8.357845003048112 1.782402838601513 0.9644990758166614 7.732627476918367 9.489854073167237 1.782402838601513 0.9644990758166614 
297.0000917448403 7.040383400809901 8.357845003048112 0.905220078363584 0.9644990758166614 7.040383400809901 9.489854073167237 0.905220078363584 0.9644990758166614 
298.00009174484023 8.126049271867032 8.107736371317174 0.6705803206546648 2.2848047045827116 8.126049271867032 8.107736371317174 0.6705803206546648 2.2848047045827116 
299.0000917448402 8.126049271867032 7.2467962646351225 0.6705803206546648 3.339821316601899 8.126049271867032 7.2467962646351225 0.6705803206546648 3.339821316601899 
300.0000917448401 7.190525274963193 8.498511478765636 0.835597397160484 3.4224657088921617 7.190525274963193 8.498511478765636 0.835597397160484 4.591536530732412 
#####################################################################
# End of data export. Simulation finished at: 2019-09-25T04:30+0000 #
#####################################################################
