#####################################################################
# Alchemist log file - simulation started at: 2019-09-22T02:39+0000 #
#####################################################################
# seed = 152.0, stage_width = 750
#
# The columns have the following meaning: 
# time rep-bcast[Sum] rep-ccast[Sum] share-bcast[Sum] share-ccast[Sum] rep-bcast-single[Sum] rep-ccast-single[Sum] share-bcast-single[Sum] share-ccast-single[Sum] 
0.0 NaN NaN NaN NaN NaN NaN NaN NaN 
1.000097480833614 NaN NaN NaN NaN NaN NaN NaN NaN 
2.000097480833614 NaN NaN 1.0110502932491294 NaN NaN NaN 1.0110502932491294 NaN 
3.000097480833614 NaN NaN 1.1467727760217077 0.8303680992253604 NaN NaN 1.1467727760217077 1.7729706447092701 
4.000097480833614 NaN NaN 1.9260935826565508 1.7400201522363306 NaN NaN 1.9260935826565508 2.68262269772024 
5.000037059970254 NaN NaN 1.2004572353807719 1.0602640844278919 NaN NaN 1.2004572353807719 1.0602640844278919 
6.000097480833614 NaN NaN 1.2735324318904153 2.1458115805707068 NaN NaN 1.2735324318904153 2.1458115805707068 
7.000097480833614 NaN NaN 1.1740001946447762 3.138040345527648 NaN NaN 1.1740001946447762 3.138040345527648 
8.000097480833613 NaN NaN 0.9532766052515402 1.5897899949654368 NaN NaN 0.9532766052515402 1.5897899949654368 
9.000097480833613 NaN NaN 1.3257332225329224 2.473852178344611 NaN NaN 1.3257332225329224 2.473852178344611 
10.000097480833613 8.585060481115391 NaN 1.1728382590848732 1.7278883062552435 8.585060481115391 NaN 1.1728382590848732 1.7278883062552435 
11.000097480833613 10.053445368405857 NaN 1.6296665840038251 1.971942483498431 10.053445368405857 NaN 1.6296665840038251 1.971942483498431 
12.000086153843863 10.631982241112723 NaN 0.806146496430026 1.424289837634472 10.631982241112723 10.510976184139029 0.806146496430026 1.424289837634472 
13.000097480833613 11.237400485418833 NaN 1.4115647407361358 2.0165302806779355 11.237400485418833 9.346411654214954 1.4115647407361358 2.0165302806779355 
14.000097480833613 9.711751333502278 NaN 1.2911574040400247 1.6276346866621587 9.711751333502278 10.434364207042126 1.2911574040400247 1.6276346866621587 
15.000035011763337 9.87825197053462 NaN 1.2834726545552293 2.0861550104919964 9.87825197053462 9.979203110578798 1.2834726545552293 2.691573254798106 
16.000097480833613 11.360096319118 NaN 1.7013784350026633 1.2857143974280305 11.360096319118 10.87727629889191 1.7013784350026633 1.2857143974280305 
17.000097480833613 11.333936010847255 NaN 1.25551713902742 1.88203983219225 11.333936010847255 11.47360173365613 1.25551713902742 1.88203983219225 
18.000097480833613 11.333936010847255 NaN 1.25551713902742 1.5798469445849896 11.333936010847255 10.103561274688339 1.25551713902742 1.5798469445849896 
19.000097480833613 10.113021605811968 10.31945225033171 1.359096646233123 2.464374851731751 10.113021605811968 10.31945225033171 1.359096646233123 2.464374851731751 
20.000097480833613 8.992761072392621 9.934695634968092 1.1346171570934303 1.2112853158529298 8.992761072392621 9.934695634968092 1.1346171570934303 1.2112853158529298 
21.000097480833613 9.887193760889492 10.928726132480806 1.1932733894887058 1.9885427857537117 9.887193760889492 10.928726132480806 1.1932733894887058 1.9885427857537117 
22.000097480833613 10.398857559340184 10.415352644510547 1.4644948776482352 1.334305380051081 10.398857559340184 10.415352644510547 1.4644948776482352 1.334305380051081 
23.000097480833613 10.398857559340184 10.415352644510547 1.4644948776482352 1.334305380051081 10.398857559340184 10.415352644510547 1.4644948776482352 1.334305380051081 
24.00001694710155 10.645159584581938 11.734279350846704 1.85744162673355 1.3879801007149943 10.645159584581938 11.734279350846704 1.85744162673355 1.3879801007149943 
25.000097480833613 11.434375846002657 12.938356822132379 1.3277311818181126 1.386984377514704 11.434375846002657 12.938356822132379 1.3277311818181126 1.386984377514704 
26.000037405984724 12.529696848287207 9.558090185385097 1.218974712816987 1.6782476039417702 12.529696848287207 9.558090185385097 1.218974712816987 1.6782476039417702 
27.000097480833613 10.760341733162877 8.34138660541603 1.0061215966224282 1.9558646318690442 10.760341733162877 8.34138660541603 1.0061215966224282 1.9558646318690442 
28.000097480833613 10.225440458905606 9.430137789702158 1.375034806094149 1.9492948138706225 10.225440458905606 9.430137789702158 1.375034806094149 1.9492948138706225 
29.000097480833613 9.507636215243146 10.001302575901843 1.2887837413939174 2.520459600070307 9.507636215243146 10.001302575901843 1.2887837413939174 2.520459600070307 
30.000054217689616 9.507636215243146 10.782099411597663 1.2887837413939174 3.3012564357661276 9.507636215243146 10.782099411597663 1.2887837413939174 3.3012564357661276 
31.000097480833613 10.901829347815088 10.937632659095932 1.3310152520703546 2.2628119931985857 10.901829347815088 10.937632659095932 1.3310152520703546 2.2628119931985857 
32.00009748083362 9.625295932636188 10.904229834059358 1.3849266133201397 3.592367127890814 9.625295932636188 10.904229834059358 1.3849266133201397 3.592367127890814 
33.00009748083362 9.159734671036759 10.845910942817088 2.2382920580568673 2.4026069701629496 9.159734671036759 10.845910942817088 2.2382920580568673 2.4026069701629496 
34.00009748083362 9.90682945710602 9.662036186495857 1.655831709433901 1.8941818805932193 9.90682945710602 9.662036186495857 1.655831709433901 1.8941818805932193 
35.00009748083362 10.304697197339504 9.658896541222699 1.3082235617319284 1.079798265934791 10.304697197339504 9.658896541222699 1.3082235617319284 1.079798265934791 
36.00009748083362 11.110666025999794 11.024416882933846 1.328115774244658 2.4453186076459374 11.110666025999794 11.024416882933846 1.328115774244658 2.4453186076459374 
37.00008339088367 11.941093519715597 12.046966485423123 2.158543267960461 1.8659229986160568 11.941093519715597 12.046966485423123 2.158543267960461 1.8659229986160568 
38.00009748083362 9.518959364824568 10.817181078268955 2.1103230842455787 0.7749843929040807 9.518959364824568 10.817181078268955 2.1103230842455787 0.7749843929040807 
39.00009748083362 9.915319742190128 10.912902711728712 1.4841338591218616 1.729843608310503 9.915319742190128 10.912902711728712 1.4841338591218616 1.729843608310503 
40.00009748083362 9.650539910492324 10.634036307249787 1.9553084073686193 1.4363355202538912 9.650539910492324 10.634036307249787 1.9553084073686193 1.4363355202538912 
41.00009748083362 10.194071642070401 9.970755136635951 1.5439809235402748 1.2303604030398319 10.194071642070401 9.970755136635951 1.5439809235402748 1.2303604030398319 
42.00009748083362 11.061881632131605 9.946647138389952 0.9572452365364015 2.45729775915472 11.061881632131605 9.946647138389952 0.9572452365364015 1.1375021096396907 
43.00009748083362 12.31991384666571 9.798605069778105 0.9883400949556176 0.9750154957033672 12.31991384666571 9.798605069778105 0.9883400949556176 0.9750154957033672 
44.00009748083362 11.743173515150144 10.122127086260328 1.7411548981322795 2.0456322982548514 11.743173515150144 10.122127086260328 1.7411548981322795 2.0456322982548514 
45.00009748083362 10.619913453120859 8.971307871517581 0.7915080166477608 1.2918801059807876 10.619913453120859 8.971307871517581 0.7915080166477608 1.2918801059807876 
46.00009748083362 11.599884433525602 9.52734256832337 1.3004607877633632 1.8479148027865762 11.599884433525602 9.52734256832337 1.3004607877633632 1.8479148027865762 
47.00009748083362 9.896228529545517 9.211468942853351 1.428840131177914 2.232694106038757 9.896228529545517 9.211468942853351 1.428840131177914 2.232694106038757 
48.00009748083362 11.307260576134887 10.861778061541088 1.6287995773232566 1.4325415879538497 11.307260576134887 10.861778061541088 1.6287995773232566 1.4325415879538497 
49.00007203534443 10.009328058967803 10.861778061541088 1.3472164558645403 1.4325415879538497 10.009328058967803 10.861778061541088 1.3472164558645403 1.4325415879538497 
50.00009748083362 11.035739069363657 10.139271594939288 1.9038046161330726 2.896496559259866 11.035739069363657 10.139271594939288 1.9038046161330726 2.896496559259866 
51.00009748083362 10.651687441235289 10.139271594939288 1.8586649381437894 2.896496559259866 10.651687441235289 10.139271594939288 1.8586649381437894 2.896496559259866 
52.00009748083362 10.163318226784128 11.414355622814739 1.7050804730626083 2.405476755809133 10.163318226784128 11.414355622814739 1.7050804730626083 2.405476755809133 
53.00009748083362 10.914490474651352 8.783804841531897 1.1811686930543814 2.170703703480484 10.914490474651352 8.783804841531897 1.1811686930543814 3.1971147138763385 
54.00009748083362 9.874302303121453 9.80774257580648 1.125282742133642 3.1946414377550667 9.874302303121453 9.80774257580648 1.125282742133642 3.1946414377550667 
55.00009748083362 10.74371310834217 10.175753779352895 0.9707558130797764 1.828711500025669 10.74371310834217 10.175753779352895 0.9707558130797764 1.828711500025669 
56.00009748083362 11.705156099994632 9.282981036412508 1.9321988047322378 1.9662343464911203 11.705156099994632 9.282981036412508 1.9321988047322378 1.9662343464911203 
57.00009748083362 11.633734791349092 10.173594683287831 1.606327663979009 1.9874371881457265 11.633734791349092 10.173594683287831 1.606327663979009 1.9874371881457265 
58.00009748083362 11.445499977558704 11.36070216038091 1.7385518037573249 1.1558075002097326 11.445499977558704 11.36070216038091 1.7385518037573249 1.1558075002097326 
59.00009748083362 10.339867536589352 11.36070216038091 1.2141047294275396 1.1558075002097326 10.339867536589352 11.36070216038091 1.2141047294275396 1.1558075002097326 
60.00009748083362 11.141654980299442 11.18946868691112 1.213494407872382 2.3956060733293114 11.141654980299442 11.18946868691112 1.213494407872382 2.3956060733293114 
61.00009748083362 12.091957145263223 8.850967329256385 2.163796572836162 1.4221791556904506 12.091957145263223 8.850967329256385 2.163796572836162 1.4221791556904506 
62.00009748083362 9.673546420948028 9.398842090499777 1.184220604571692 1.0197517519700625 9.673546420948028 9.398842090499777 1.184220604571692 1.0197517519700625 
63.00009748083362 10.713272641691624 9.948907189568352 1.6760720640718958 1.3707071772734878 10.713272641691624 9.948907189568352 1.6760720640718958 1.3707071772734878 
64.00009748083362 10.520868663630388 9.742335844333255 1.2063684733494426 2.063482970739585 10.520868663630388 9.742335844333255 1.2063684733494426 2.063482970739585 
65.00009748083362 9.507857598862508 10.595764094373237 2.260936762931742 1.0456512438226255 9.507857598862508 10.595764094373237 2.260936762931742 1.0456512438226255 
66.00009748083362 8.894251255365354 10.595764094373237 1.3550481011860143 1.0456512438226255 8.894251255365354 10.595764094373237 1.3550481011860143 1.0456512438226255 
67.00009748083362 8.894251255365354 9.831338510224626 1.3550481011860143 2.422771589078131 8.894251255365354 9.831338510224626 1.3550481011860143 2.422771589078131 
68.00009748083362 9.998451048863252 10.409438628147598 1.0821275494284066 3.5624769828463982 9.998451048863252 10.409438628147598 1.0821275494284066 3.5624769828463982 
69.00009748083362 11.075936719669926 10.419834101597118 1.8223055917320607 1.09081110444302 11.075936719669926 10.419834101597118 1.8223055917320607 4.595710242949558 
70.00009748083362 9.3679807318357 10.263170521722635 1.7167899073575086 2.2806116459970127 9.3679807318357 10.263170521722635 1.7167899073575086 2.2806116459970127 
71.00009748083362 9.3679807318357 9.813695771931982 1.7167899073575086 1.851837546730593 9.3679807318357 9.813695771931982 1.7167899073575086 1.851837546730593 
72.00009748083362 10.487768831021285 10.256921649280216 1.6467774649890998 2.073161522016207 10.487768831021285 10.256921649280216 1.6467774649890998 2.073161522016207 
73.00009748083362 11.832000527189265 10.256921649280216 2.087774585594971 2.073161522016207 11.832000527189265 10.256921649280216 2.087774585594971 2.073161522016207 
74.00009748083362 11.832000527189265 9.579594027105408 2.087774585594971 3.2670938767983415 11.832000527189265 9.579594027105408 2.087774585594971 3.2670938767983415 
75.00009748083362 11.20611973744947 10.801368709512566 1.8187487041267048 1.476974002608543 11.20611973744947 10.801368709512566 1.8187487041267048 1.476974002608543 
76.0000907019981 10.991155484762345 11.973193161681841 2.4572127014795626 1.3378142858455817 10.991155484762345 11.973193161681841 2.4572127014795626 1.3378142858455817 
77.00009748083362 9.320608083556024 11.213747727107346 2.0817163568898565 2.2884789990488628 9.320608083556024 11.213747727107346 2.0817163568898565 2.2884789990488628 
78.00009748083362 10.743595276744145 11.970781046159331 1.3822143847054207 1.6440844653521367 10.743595276744145 11.970781046159331 1.3822143847054207 1.6440844653521367 
79.00009748083362 10.3613987262395 11.108191818696568 2.0332510943039352 1.7300058908006832 10.3613987262395 11.108191818696568 2.0332510943039352 1.7300058908006832 
80.00009748083362 8.831756387440379 11.932156748976453 1.455285551546325 2.5539708210805685 8.831756387440379 11.932156748976453 1.455285551546325 2.5539708210805685 
81.00009748083362 NaN NaN NaN NaN NaN NaN NaN NaN 
82.00009748083362 NaN NaN NaN NaN NaN NaN NaN NaN 
83.00009748083362 NaN NaN 1.4301239832416996 NaN NaN NaN 1.4301239832416996 2.2470141423923167 
84.00009748083362 NaN NaN 1.488730248947192 NaN NaN NaN 1.488730248947192 2.206723646148191 
85.00009748083362 NaN NaN 1.8808473404535562 NaN NaN NaN 1.8808473404535562 1.5842330109839793 
86.00009748083362 NaN NaN 1.1266017776606674 NaN NaN NaN 1.1266017776606674 1.4110543160658438 
87.00006466421172 NaN NaN 2.0484403479841546 NaN NaN NaN 2.0484403479841546 1.8456647162011706 
88.00009748083362 NaN NaN 1.3665567634846525 1.3957861418833204 NaN NaN 1.3665567634846525 1.3957861418833204 
89.00009748083362 NaN NaN 1.7308649514312435 1.0586915527736664 NaN NaN 1.7308649514312435 1.0586915527736664 
90.00009748083362 8.94721354535109 NaN 0.981612773942814 2.249428069608996 8.94721354535109 NaN 0.981612773942814 2.249428069608996 
91.00009748083362 9.753814811802002 NaN 1.222730120035024 1.4742023118470797 9.753814811802002 NaN 1.222730120035024 1.4742023118470797 
92.00009748083362 10.613149727020811 NaN 1.456812438777206 1.6726823540031006 10.613149727020811 10.052588013624572 1.456812438777206 1.6726823540031006 
93.00009748083362 11.09894163487067 NaN 1.3758555668910333 1.0288023319345427 11.09894163487067 11.074644173225735 1.3758555668910333 1.0288023319345427 
94.00009748083362 9.865863544259625 NaN 1.662187222766022 2.5624351505294385 9.865863544259625 11.74546089430855 1.662187222766022 2.5624351505294385 
95.00003709387626 10.626402081480634 NaN 1.5828556312526416 2.0798898070952703 10.626402081480634 10.380953534391708 1.5828556312526416 3.462491546319683 
96.00009748083362 9.72164227337305 NaN 1.65179945083743 1.4260061933772619 9.72164227337305 11.035457736149851 1.65179945083743 1.4260061933772619 
97.00009748083362 10.332849200991447 NaN 1.362949982665583 2.15262261697292 10.332849200991447 9.310391217280696 1.362949982665583 2.15262261697292 
98.00009748083362 9.581977442322625 NaN 1.4177146903051607 1.2270282789485947 9.581977442322625 9.758710316320062 1.4177146903051607 1.2270282789485947 
99.00009748083362 10.520025338539341 NaN 1.2065602925352295 2.6046587759193187 10.520025338539341 11.136340813290786 1.2065602925352295 2.6046587759193187 
100.00003407450592 9.619612159508549 NaN 1.1963103956988164 3.5887556166814107 9.619612159508549 10.080133327336398 1.1963103956988164 2.0932149414143026 
101.00009748083362 10.395727261069041 NaN 2.0497055032716816 4.090741481272431 10.395727261069041 9.775517925476507 2.0497055032716816 1.657152909788607 
102.00009748083362 11.18021291203435 NaN 1.3481084488838775 5.366867586067457 11.18021291203435 10.192309115052723 1.3481084488838775 2.9332790145836327 
103.00004632165324 10.096270080317481 NaN 2.208889401994327 3.0523852028884306 10.096270080317481 9.83258318439536 2.208889401994327 3.0523852028884306 
104.00009748083362 10.3683101037159 NaN 2.044673449332109 1.2951753334456555 10.3683101037159 8.968719653776105 2.044673449332109 1.2951753334456555 
105.00009748083362 10.130354329478365 NaN 1.1725981301003685 1.398597177863465 10.130354329478365 9.421345140881428 1.1725981301003685 1.398597177863465 
106.00009748083362 8.825332690485098 NaN 2.0092356536819125 1.6107547615410738 8.825332690485098 10.288879319308222 2.0092356536819125 1.6107547615410738 
107.00009748083362 9.47753545201408 NaN 1.4461064186602783 2.2963468216928504 9.47753545201408 10.974471379459999 1.4461064186602783 2.2963468216928504 
108.00009748083362 9.082618733590195 NaN 1.5459941379476305 1.5180761538774163 9.082618733590195 11.122118024271742 1.5459941379476305 1.5180761538774163 
109.00009748083362 10.349738718957724 NaN 1.368668490733242 1.963085377828719 10.349738718957724 10.72378933448492 1.368668490733242 1.963085377828719 
110.00009748083362 10.282575333289472 NaN 1.652000940218855 2.8091497495825166 10.282575333289472 11.569853706238717 1.652000940218855 2.8091497495825166 
111.00009748083362 10.282575333289472 NaN 1.652000940218855 1.893252778548728 10.282575333289472 8.945189363397404 1.652000940218855 1.893252778548728 
112.00009748083362 11.428019451113428 NaN 1.134721638832147 1.9397576149466005 11.428019451113428 10.372238634761175 1.134721638832147 1.9397576149466005 
113.00005655897496 9.94185137981232 NaN 1.1885372305280413 1.317945538393218 9.94185137981232 9.425165435379512 1.1885372305280413 1.317945538393218 
114.00009748083362 10.771952464403569 NaN 1.3506072941205929 1.996318899856206 10.771952464403569 8.747675485429284 1.3506072941205929 1.996318899856206 
115.00009748083362 10.727478905897257 NaN 1.4855786518305933 2.1149367236334626 10.727478905897257 9.679127151267508 1.4855786518305933 2.1149367236334626 
116.00009748083362 11.31119156335454 10.246449990351778 1.3909179478248888 1.5282067381364328 11.31119156335454 10.246449990351778 1.3909179478248888 1.5282067381364328 
117.00009748083362 10.232224911793807 10.246449990351778 1.0213404793765335 1.5282067381364328 10.232224911793807 10.246449990351778 1.0213404793765335 1.5282067381364328 
118.00009748083362 10.892496993364148 11.336609543649729 1.4052695844596457 1.682956872089406 10.892496993364148 11.988812305178712 1.4052695844596457 1.682956872089406 
119.00009748083362 9.991825432467536 9.005922209375171 1.244806391268014 1.2078531602795124 9.991825432467536 9.005922209375171 1.244806391268014 2.5537173020016297 
120.00009748083362 10.992504152223333 8.578597561887435 1.6189799864023229 2.2471391352150505 10.992504152223333 8.578597561887435 1.6189799864023229 3.593003276937168 
121.00009748083362 10.15208893913153 9.451680141369906 2.0725136271999816 3.1202217146975215 10.15208893913153 9.451680141369906 2.0725136271999816 4.466085856419639 
122.00009748083362 10.440416440544126 10.200149504424871 1.2074908245596419 3.868691077752487 10.440416440544126 10.200149504424871 1.2074908245596419 1.9126183609828757 
123.00009748083362 10.892010588670587 10.406207029382685 1.5786466306298337 1.3888397290833012 10.892010588670587 10.406207029382685 1.5786466306298337 2.7131337997931837 
124.00009748083362 10.058068376783282 12.097894572406375 1.6481802472568035 2.0331815203293218 10.058068376783282 12.097894572406375 1.6481802472568035 2.0331815203293218 
125.00009748083362 9.551283707418946 11.31329446810814 1.4310171706682553 2.8915163426833033 9.551283707418946 11.31329446810814 1.4310171706682553 1.7718911735581457 
126.00009748083362 10.58766980689603 11.54776658646739 1.859571126210895 4.286577724614148 10.58766980689603 11.54776658646739 1.859571126210895 1.4302111775510156 
127.00009748083362 11.393776092806974 12.275995778444226 1.8073425897678561 1.1220542700507679 11.393776092806974 12.275995778444226 1.8073425897678561 1.1220542700507679 
128.00009748083363 11.3358735322131 12.6214187218674 1.316313683882143 1.2450835850202822 11.3358735322131 12.6214187218674 1.316313683882143 1.2450835850202822 
129.00009748083363 11.261000589790584 13.319367360059289 1.6290687396882362 1.0389997471670398 11.261000589790584 13.319367360059289 1.6290687396882362 1.0389997471670398 
130.00009748083363 11.3881660001895 14.442830609357458 1.6264154655485186 2.1624629964652087 11.3881660001895 14.442830609357458 1.6264154655485186 2.1624629964652087 
131.00009748083363 11.3881660001895 12.748369621797849 1.6264154655485186 1.776781426261465 11.3881660001895 12.748369621797849 1.6264154655485186 1.776781426261465 
132.00009748083363 11.318259119077595 12.478688531855866 2.345413889556454 1.8387420881564651 11.318259119077595 12.478688531855866 2.345413889556454 1.8387420881564651 
133.00009748083363 10.495251285516943 13.195247963985722 1.47286393754149 2.5553015202863207 10.495251285516943 13.195247963985722 1.47286393754149 1.5052627878574754 
134.00009748083363 10.080657694192837 10.653883097457395 1.3989583612193996 0.9367630037599781 10.080657694192837 10.653883097457395 1.3989583612193996 1.6627399720645997 
135.00009748083363 10.178096792148068 11.73051022605668 1.2961048682488183 1.3441283245941236 10.178096792148068 11.73051022605668 1.2961048682488183 1.3441283245941236 
136.00009748083363 10.749362338513606 9.72842270236383 1.8673704146143564 2.1151682783163324 10.749362338513606 9.72842270236383 1.8673704146143564 2.1151682783163324 
137.00009748083363 9.03389891873988 10.410865159813184 1.356666087307275 1.2340046715220296 9.03389891873988 10.410865159813184 1.356666087307275 1.2340046715220296 
138.00009748083363 9.851567322267442 9.561412554743754 1.4918920333854828 1.2274467748116535 9.851567322267442 9.561412554743754 1.4918920333854828 1.2274467748116535 
139.00009748083363 10.144423637048988 10.136794261598169 1.4856926646669137 0.9851600781385059 10.144423637048988 10.136794261598169 1.4856926646669137 0.9851600781385059 
140.00009748083363 10.081468518813892 10.187960891246547 1.066153005898002 0.8459369419122993 10.081468518813892 10.187960891246547 1.066153005898002 0.8459369419122993 
141.00006449321924 10.564692927510777 10.42205314970505 1.353098275426845 1.9040449782045812 10.564692927510777 10.42205314970505 1.353098275426845 1.9040449782045812 
142.00009748083363 10.382800513063131 10.06777756776998 1.0563220674273168 2.5998081286983563 10.382800513063131 10.06777756776998 1.0563220674273168 1.5392999976352826 
143.00009748083363 10.899622012351529 9.791529446797568 1.6205478003091685 2.31218650733382 10.899622012351529 9.791529446797568 1.6205478003091685 2.31218650733382 
144.00009748083363 10.899622012351529 10.253199511969086 1.6205478003091685 1.3762265411406247 10.899622012351529 10.253199511969086 1.6205478003091685 1.3762265411406247 
145.00004961755403 11.430393513115092 9.888625413182098 1.4446951971408453 1.9515678262936262 11.430393513115092 9.888625413182098 1.4446951971408453 1.9515678262936262 
146.00009748083363 11.236816510317283 10.762165761689573 1.1287133574856512 2.8251081748011018 11.236816510317283 10.762165761689573 1.1287133574856512 2.8251081748011018 
147.00009748083363 11.236816510317283 8.399609239785633 1.1287133574856512 1.9820222528003058 11.236816510317283 8.399609239785633 1.1287133574856512 1.9820222528003058 
148.00009748083363 11.77249451120204 9.063679993694507 0.8901882850574907 2.6460930067091795 11.77249451120204 9.063679993694507 0.8901882850574907 2.6460930067091795 
149.00009748083363 10.281170790073134 10.124536793992661 1.8759166754525722 1.5596565188609475 10.281170790073134 10.124536793992661 1.8759166754525722 1.5596565188609475 
150.00009748083363 10.983389606255685 10.008206678423505 1.9140647377262496 1.7789172846434553 10.983389606255685 10.008206678423505 1.9140647377262496 1.7789172846434553 
151.00009748083363 10.720763562572273 9.745243546248417 1.4421637104919114 2.654481238744438 10.720763562572273 9.745243546248417 1.4421637104919114 2.654481238744438 
152.00009748083363 11.863024176983174 10.380550845993838 1.6402463094088944 2.3631731602049797 11.863024176983174 10.380550845993838 1.6402463094088944 2.3631731602049797 
153.00009748083363 10.067315749198201 10.370851654144928 1.7251416242781943 1.2585557839533124 10.067315749198201 10.370851654144928 1.7251416242781943 1.2585557839533124 
154.00009748083363 10.445601208025494 9.390048543343426 1.6159050410727218 1.245855246621062 10.445601208025494 9.390048543343426 1.6159050410727218 1.245855246621062 
155.00009748083363 11.175555764664153 10.809057515930988 1.2331719200218174 1.3774616743759225 11.175555764664153 10.809057515930988 1.2331719200218174 2.6648642192086243 
156.00009748083363 9.032625151512462 10.809057515930988 1.5620055464398774 1.3774616743759225 9.032625151512462 10.809057515930988 1.5620055464398774 2.6648642192086243 
157.00009748083363 9.879904608006825 12.044653792812483 1.648747924783578 1.3264877044342143 9.879904608006825 12.044653792812483 1.648747924783578 1.3264877044342143 
158.00009748083363 10.779555698787078 12.594136301848494 1.170516238897335 1.8759702134702252 10.779555698787078 12.594136301848494 1.170516238897335 1.8759702134702252 
159.00009748083363 9.001623553141087 11.435493860875482 1.0586150737938453 1.1176905133689843 9.001623553141087 11.435493860875482 1.0586150737938453 1.1176905133689843 
160.00009748083363 9.843456408088969 10.425029487885979 0.911797081568352 1.3324358566790693 9.843456408088969 9.836073714822163 0.911797081568352 1.3324358566790693 
161.00009748083363 10.059926805093596 11.145063796563335 2.0038314326739624 2.052470165356425 10.059926805093596 10.556108023499519 2.0038314326739624 2.052470165356425 
162.00009748083363 10.115889246073266 11.533514201210409 1.3339986097149108 1.096009137013823 10.115889246073266 11.533514201210409 1.3339986097149108 1.096009137013823 
163.00009748083363 11.096838135687108 10.451697950524334 1.3375413216178629 2.1169127697089323 11.096838135687108 10.451697950524334 1.3375413216178629 2.1169127697089323 
164.000037513653 11.510268605939075 11.63194826432317 1.3566671703977704 0.8636126248760831 11.510268605939075 11.63194826432317 1.3566671703977704 3.297163083507769 
165.00009748083363 11.510268605939075 12.078525756989563 1.3566671703977704 1.3101901175424757 11.510268605939075 12.078525756989563 1.3566671703977704 3.7437405761741616 
166.00009748083363 11.148319351721028 9.896366119262382 0.9741207357894268 2.5943631673131335 11.148319351721028 9.896366119262382 0.9741207357894268 1.5543336858381167 
167.00009748083363 12.2907422151265 10.077238273664136 2.116543599194898 1.338203924877348 12.2907422151265 10.077238273664136 2.116543599194898 1.338203924877348 
168.00009748083363 10.290396805732144 10.876792770330184 1.24184928904387 2.1377584215433956 10.290396805732144 10.876792770330184 1.24184928904387 2.1377584215433956 
169.00009748083363 8.319026993211708 11.059919728047532 1.5820102190076568 2.078113606635526 8.319026993211708 11.059919728047532 1.5820102190076568 2.078113606635526 
170.00009748083363 9.33392624821579 11.28432093378126 1.5141314255141367 2.0525392018429613 9.33392624821579 11.28432093378126 1.5141314255141367 2.0525392018429613 
171.00009748083363 10.320952698153604 10.361273516006207 1.0891019297287698 3.063358990121401 10.320952698153604 10.361273516006207 1.0891019297287698 3.063358990121401 
172.00009748083363 11.242466102437504 10.361273516006207 2.0106153340126696 3.063358990121401 11.242466102437504 10.361273516006207 2.0106153340126696 3.063358990121401 
173.00009748083363 8.920111361735735 10.148156356508508 1.8560009292372968 2.14822871800763 8.920111361735735 10.148156356508508 1.8560009292372968 2.14822871800763 
174.00009748083363 9.821796654587757 10.419021972862055 1.518201812569174 1.4915033697533033 9.821796654587757 10.419021972862055 1.518201812569174 1.4915033697533033 
175.00009748083363 8.811684722480408 10.77042283358844 1.5397594490690096 2.0267283284516395 8.811684722480408 10.77042283358844 1.5397594490690096 2.0267283284516395 
176.00009748083363 8.811684722480408 10.51008517882326 1.5397594490690096 3.0106720455433447 8.811684722480408 10.51008517882326 1.5397594490690096 2.1089867526913224 
177.00009748083363 9.99091895933421 11.484681506803753 1.3275633437214083 1.810210938204591 9.99091895933421 11.484681506803753 1.3275633437214083 3.083583080671815 
178.00005975013045 11.433999761498171 12.18167504274362 1.7867004287936652 2.5072044741444586 11.433999761498171 12.18167504274362 1.7867004287936652 3.7805766166116825 
179.00009748083363 10.795175211469257 10.659983034446185 1.4482521262088994 3.565565679768241 10.795175211469257 10.659983034446185 1.4482521262088994 4.838937822235465 
180.00009748083363 10.225566799242756 11.648961542527445 2.08000730333427 4.554544187849501 10.225566799242756 11.648961542527445 2.08000730333427 5.827916330316725 
181.00009748083363 11.04065127926566 10.937626488782627 0.8314279062523156 1.4106120382598704 11.04065127926566 10.937626488782627 0.8314279062523156 1.4106120382598704 
182.00009748083363 8.364063605501372 10.83986580431565 1.3410672484999395 2.299877803730709 8.364063605501372 10.83986580431565 1.3410672484999395 2.299877803730709 
183.00009748083363 9.278560031874576 11.347305771121313 1.4250850793129075 1.395756421584423 9.278560031874576 11.347305771121313 1.4250850793129075 1.395756421584423 
184.00009748083363 10.609678088482099 11.240445268552378 1.6753890913979888 1.6424789381816254 10.609678088482099 11.240445268552378 1.6753890913979888 1.6424789381816254 
185.00009748083363 9.743011272333149 11.240445268552378 1.2006888284659283 1.6424789381816254 9.743011272333149 11.240445268552378 1.2006888284659283 1.6424789381816254 
186.00009748083363 10.465379904378324 11.801254978814683 1.2516629642775854 1.4579641969343697 10.465379904378324 11.801254978814683 1.2516629642775854 1.4579641969343697 
187.00009748083363 9.000571771044036 8.857190181531621 1.3729048533528214 1.1624544230386675 9.000571771044036 8.857190181531621 1.3729048533528214 1.1624544230386675 
188.00009748083363 9.997937937740005 9.73008243415049 1.025637191335079 2.035346675657536 9.997937937740005 9.73008243415049 1.025637191335079 2.035346675657536 
189.00009748083363 10.950746689004745 10.440401975531728 1.9784459425998193 1.1937226280607547 10.950746689004745 10.440401975531728 1.9784459425998193 1.1937226280607547 
190.00009748083363 9.33894042620176 8.436253765687383 1.301395166183255 1.48671507121648 9.33894042620176 8.436253765687383 1.301395166183255 1.48671507121648 
191.00009748083363 10.188918194126131 8.436253765687383 1.6573983743592748 1.48671507121648 10.188918194126131 8.436253765687383 1.6573983743592748 1.48671507121648 
192.00009748083363 10.365756080368925 9.364155486786302 1.4189136617418399 1.4308009675333153 10.365756080368925 9.364155486786302 1.4189136617418399 1.4308009675333153 
193.00009748083363 11.355277872541592 10.45321422677975 2.4084354539145068 2.519859707526763 11.355277872541592 10.45321422677975 2.4084354539145068 2.519859707526763 
194.00009748083363 8.356231812442843 9.174115154026197 1.3377221658134033 1.4156956312115483 8.356231812442843 9.174115154026197 1.3377221658134033 1.4156956312115483 
195.00009748083363 9.3900556935086 9.60936189350059 1.14914121036432 2.573311002731117 9.3900556935086 9.60936189350059 1.14914121036432 2.573311002731117 
196.00009748083363 7.748152933320171 8.357515917016372 2.1842460940252977 1.5564954735183392 7.748152933320171 8.357515917016372 2.1842460940252977 1.5564954735183392 
197.00009748083363 8.699592541475027 9.24951756177407 1.9780703306605858 0.8016165601414968 8.699592541475027 9.24951756177407 1.9780703306605858 0.8016165601414968 
198.00009748083363 9.803245262045664 10.049413082270405 1.2534757685839963 1.601512080637832 9.803245262045664 10.049413082270405 1.2534757685839963 1.601512080637832 
199.00009748083363 9.573673529072408 9.994462113847646 1.3580728591564935 1.5479302553249568 9.573673529072408 9.994462113847646 1.3580728591564935 1.5479302553249568 
200.00009748083363 10.330830336600627 11.250643918441227 1.2173718838427305 2.8041120599185376 10.330830336600627 11.250643918441227 1.2173718838427305 2.8041120599185376 
201.00006774470933 NaN NaN NaN NaN NaN NaN NaN NaN 
202.00009748083363 NaN NaN NaN NaN NaN NaN NaN NaN 
203.00009748083363 NaN NaN 1.3677218506615247 NaN NaN NaN 1.3677218506615247 1.3600226260899149 
204.00009748083363 NaN NaN 1.1961898300819485 NaN NaN NaN 1.1961898300819485 1.5030146024155329 
205.00009748083363 NaN NaN 1.6927785080405044 NaN NaN NaN 1.6927785080405044 1.5030146024155329 
206.00009748083363 NaN NaN 1.50568673733693 NaN NaN NaN 1.50568673733693 1.5180343957981108 
207.0000697830868 NaN NaN 1.9263592350279453 NaN NaN NaN 1.9263592350279453 2.4826423124514747 
208.00009748083363 NaN NaN 1.5763396567778898 1.4309028899693885 NaN NaN 1.5763396567778898 1.4309028899693885 
209.00009748083363 NaN NaN 1.0084732060572037 2.0941187438091333 NaN NaN 1.0084732060572037 2.0941187438091333 
210.00009748083363 8.870194559654152 NaN 1.4857501369052954 3.004216491833404 8.870194559654152 NaN 1.4857501369052954 3.004216491833404 
211.00009748083363 9.90058286629332 NaN 1.6060406955201927 2.365337849056374 9.90058286629332 10.358909204208715 1.6060406955201927 2.365337849056374 
212.00009748083363 10.761925331028266 NaN 1.4942858243985597 1.0067678769305246 10.761925331028266 10.413876787460794 1.4942858243985597 1.0067678769305246 
213.00009748083363 10.90928426310714 NaN 1.0068573352536703 1.6131719390576507 10.90928426310714 11.02028084958792 1.0068573352536703 1.6131719390576507 
214.00009748083363 10.234910509701393 NaN 1.5918921574274805 1.9340787101167507 10.234910509701393 9.149728951251547 1.5918921574274805 1.9340787101167507 
215.00009748083363 9.697678845473973 NaN 1.1413344486908557 1.853134682442061 9.697678845473973 10.221067671026105 1.1413344486908557 1.853134682442061 
216.00009748083363 10.8163722445301 NaN 2.260027847746983 0.7836147830503251 10.8163722445301 10.24453008247221 2.260027847746983 0.7836147830503251 
217.00009748083363 9.860029414783554 NaN 2.1216040562089233 1.9206950149203124 9.860029414783554 9.69201462536634 2.1216040562089233 1.9206950149203124 
218.00009748083363 10.950427330382496 NaN 1.2213112279712561 1.9222161865397425 10.950427330382496 10.812229196041898 1.2213112279712561 1.9222161865397425 
219.00009748083363 9.603087355997104 NaN 1.0193814513384893 1.8340622454536515 9.603087355997104 11.08235992011268 1.0193814513384893 1.8340622454536515 
220.00009748083363 10.275577623414136 NaN 1.6918717187555217 2.793364368999704 10.275577623414136 9.812116626474051 1.6918717187555217 2.793364368999704 
221.00009748083363 10.360453692286399 NaN 0.9457820127879017 1.6847334864677634 10.360453692286399 10.712168453583843 0.9457820127879017 1.6847334864677634 
222.00009748083363 9.718873760173835 NaN 1.9439133172694767 1.1875139360125502 9.718873760173835 10.915024268635335 1.9439133172694767 1.1875139360125502 
223.00009748083363 9.216254992045805 NaN 1.0966518982621665 1.9040298956145136 9.216254992045805 9.077419909427704 1.0966518982621665 1.9040298956145136 
224.00009748083363 8.984318795619487 NaN 1.9360544216104074 2.922929943072603 8.984318795619487 9.445376179210257 1.9360544216104074 2.922929943072603 
225.00005404866204 10.178633142877317 NaN 1.3949527618081845 1.7602391652096117 10.178633142877317 9.83515970856456 1.3949527618081845 1.7602391652096117 
226.00009748083363 10.39458202900434 NaN 1.3430371034901043 1.6325206134979737 10.39458202900434 10.546843680201164 1.3430371034901043 2.4719231368462147 
227.00003507608002 9.238089872873473 NaN 1.7321557782681793 1.821451544905841 9.238089872873473 10.811395559810734 1.7321557782681793 1.821451544905841 
228.00009748083363 9.91299722768133 NaN 2.4070631330760364 1.9818980364610752 9.91299722768133 11.108486521223114 2.4070631330760364 1.9818980364610752 
229.00009748083363 10.104776169676654 NaN 2.0603577835560714 2.8850794148600016 10.104776169676654 10.002985189980308 2.0603577835560714 2.8850794148600016 
230.00009748083363 10.181277665534395 NaN 0.9629741349120593 1.8023186694039737 10.181277665534395 10.695934445746815 0.9629741349120593 1.8023186694039737 
231.00009748083363 10.94011991637393 NaN 1.7218163857515947 1.5287835124179878 10.94011991637393 11.458939217906561 1.7218163857515947 1.5287835124179878 
232.00009748083363 9.795005824295117 NaN 2.017048986706726 1.5577553976591219 9.795005824295117 10.793251050405615 2.017048986706726 1.5577553976591219 
233.00009748083363 10.511359626668707 NaN 1.622138471877605 1.2629818260518562 10.511359626668707 10.283028491203822 1.622138471877605 1.2629818260518562 
234.00009748083363 11.043598221945274 NaN 1.2647793999054784 2.4606477700469895 11.043598221945274 10.3195991727317 1.2647793999054784 2.4606477700469895 
235.00009748083363 8.962657526394821 NaN 1.473244911156229 1.8165575278220842 8.962657526394821 11.108378692482347 1.473244911156229 1.8165575278220842 
236.00009748083363 10.259657551646882 10.44994267817313 1.5725789924131561 2.2239894781076828 10.259657551646882 10.44994267817313 1.5725789924131561 2.2239894781076828 
237.00009748083363 10.838927815524528 11.479115819462862 1.3630697365401545 1.1850442141893893 10.838927815524528 11.479115819462862 1.3630697365401545 1.1850442141893893 
238.00009748083363 9.467533158561395 9.080596793030907 1.665255702329432 1.6852720397281473 9.467533158561395 9.080596793030907 1.665255702329432 1.6852720397281473 
239.00009748083363 10.710243155728335 10.22049782245503 1.8787925582066407 1.5833165578008277 10.710243155728335 10.22049782245503 1.8787925582066407 1.5833165578008277 
240.00009748083363 10.007165637911072 10.22049782245503 1.6923475851384069 1.5833165578008277 10.007165637911072 10.22049782245503 1.6923475851384069 1.5833165578008277 
241.00009748083363 10.285665629724633 10.391995773220003 1.5939513196875907 2.7906181279695943 10.285665629724633 10.391995773220003 1.5939513196875907 2.7906181279695943 
242.00009748083363 8.86692805906776 8.261846544975356 2.129586920924339 5.082219280613117 8.86692805906776 8.261846544975356 2.129586920924339 3.8403627692616737 
243.00009748083363 10.527349286922913 9.362345097860697 1.532961937318646 1.7635934446585964 10.527349286922913 9.362345097860697 1.532961937318646 1.7635934446585964 
244.00009748083363 10.99573703900603 9.707286671967012 1.4635040052216368 2.10513801280473 10.99573703900603 9.707286671967012 1.4635040052216368 2.6407736140414784 
245.00009748083363 11.613023902653083 9.80953321380889 2.0807908688686894 1.2165742742030545 11.613023902653083 9.80953321380889 2.0807908688686894 1.2165742742030545 
246.00009748083363 10.462529943782869 10.458927904854647 2.039562204361374 1.6161489386098538 10.462529943782869 10.458927904854647 2.039562204361374 1.6161489386098538 
247.00009748083363 10.486359689338713 11.0491732807902 1.2001643854375743 2.206394314545406 10.486359689338713 11.0491732807902 1.2001643854375743 2.206394314545406 
248.00009748083363 10.856186999578028 11.983047596712623 1.5823033089127705 1.3408168344742535 10.856186999578028 11.983047596712623 1.5823033089127705 1.3408168344742535 
249.00009748083363 11.66383441801841 11.983047596712623 0.8658310354951766 1.3408168344742535 11.66383441801841 11.983047596712623 0.8658310354951766 1.3408168344742535 
250.00009748083363 8.446689057980848 9.554261859742212 2.1251310057589876 2.8689209862480425 8.446689057980848 9.554261859742212 2.1251310057589876 1.4699205347189945 
251.00009748083363 9.209853158152612 9.639082290354423 1.3601909541569626 1.7885983108641312 9.209853158152612 9.639082290354423 1.3601909541569626 1.7885983108641312 
252.00009748083363 10.087846088804525 10.531603788051115 2.238183884808876 2.6811198085608225 10.087846088804525 10.531603788051115 2.238183884808876 2.6811198085608225 
253.00009748083363 9.175079627298146 9.800538951573031 1.2842494532885098 1.6676938888479356 9.175079627298146 9.800538951573031 1.2842494532885098 1.6676938888479356 
254.00009748083363 9.634744147622115 10.510523090134626 1.6776537783262313 0.890726677886903 9.634744147622115 10.510523090134626 1.6776537783262313 0.890726677886903 
255.00009748083363 10.504692016739085 11.458777025620265 1.3816636669904767 1.8389806133725415 10.504692016739085 11.458777025620265 1.3816636669904767 1.8389806133725415 
256.00009748083363 11.440174802252074 10.535560714837771 1.3688925170178265 2.508901120587751 11.440174802252074 10.535560714837771 1.3688925170178265 1.1276529470236198 
257.00009748083363 10.1270909617065 11.76788868809129 0.961973056538568 2.3599809202771382 10.1270909617065 11.76788868809129 0.961973056538568 2.3599809202771382 
258.00009748083363 10.691713571714189 11.76788868809129 1.5265956665462568 2.3599809202771382 10.691713571714189 11.76788868809129 1.5265956665462568 2.3599809202771382 
259.00009748083363 11.170049757990427 13.765680764359189 1.7064781954913997 1.7035243829751607 11.170049757990427 13.765680764359189 1.7064781954913997 1.7035243829751607 
260.00009748083363 9.577313417029586 13.765680764359189 1.6938409767284384 1.7035243829751607 9.577313417029586 13.765680764359189 1.6938409767284384 1.7035243829751607 
261.00009748083363 10.842467413969985 15.118397414521638 2.0355331215623664 2.235478966247854 10.842467413969985 15.118397414521638 2.0355331215623664 2.235478966247854 
262.00009748083363 10.842467413969985 10.835151246033234 2.0355331215623664 1.491703588575092 10.842467413969985 10.835151246033234 2.0355331215623664 3.1448450292824646 
263.00009748083363 10.517458840010477 10.87284317093173 1.3500014828251778 2.407388444125502 10.517458840010477 10.87284317093173 1.3500014828251778 4.060529884832874 
264.00009748083363 10.25826643302804 9.956702466243343 1.341062200745057 2.1821481745718074 10.25826643302804 9.956702466243343 1.341062200745057 2.1821481745718074 
265.00009748083363 11.649283906317407 11.570145849957754 1.6921659466477195 2.2190404838263476 11.649283906317407 11.570145849957754 1.6921659466477195 2.2190404838263476 
266.00009748083363 10.770667229219498 12.01056364036711 1.7460607556219543 3.1707585786828645 10.770667229219498 12.01056364036711 1.7460607556219543 3.1707585786828645 
267.00009748083363 11.106034372905015 12.01056364036711 2.0447896435350117 3.1707585786828645 11.106034372905015 12.01056364036711 2.0447896435350117 3.1707585786828645 
268.00009748083363 11.90091034134224 10.407722475276671 1.8879475171157196 2.794350849519617 11.90091034134224 10.407722475276671 1.8879475171157196 2.794350849519617 
269.00009748083363 11.695819487677227 10.833094709146906 1.6021246677296404 4.040485150279608 11.695819487677227 10.833094709146906 1.6021246677296404 2.074418069677904 
270.00009748083363 10.994098865864032 11.668671847643509 1.043766472802531 4.876062288776211 10.994098865864032 11.668671847643509 1.043766472802531 2.9099952081745073 
271.00009748083363 11.532147947285239 11.668671847643509 1.5818155542237378 4.876062288776211 11.532147947285239 11.668671847643509 1.5818155542237378 2.9099952081745073 
272.00009748083363 10.477625054275677 11.200094472820808 1.9537982359146326 1.3015987227200299 10.477625054275677 11.200094472820808 1.9537982359146326 1.3015987227200299 
273.00009748083363 10.401139891061405 9.518283118083161 1.29230170587482 1.297405120102951 10.401139891061405 9.518283118083161 1.29230170587482 1.297405120102951 
274.00009748083363 11.12029372939304 9.518283118083161 1.4643146281352415 1.297405120102951 11.12029372939304 9.518283118083161 1.4643146281352415 1.297405120102951 
275.00009748083363 9.223169923254204 10.620790774099703 2.220547933097521 2.3999127761194927 9.223169923254204 10.620790774099703 2.220547933097521 2.3999127761194927 
276.00009748083363 8.800896133409708 10.176905544933447 1.7571783334971656 1.9641164946093568 8.800896133409708 10.176905544933447 1.7571783334971656 1.9641164946093568 
277.00009748083363 8.800896133409708 11.11589799829369 1.7571783334971656 1.8901970350441957 8.800896133409708 11.11589799829369 1.7571783334971656 1.8901970350441957 
278.00009748083363 10.377589398100213 10.797171259922322 1.4550810440677537 1.7762867062165242 10.377589398100213 10.797171259922322 1.4550810440677537 1.7762867062165242 
279.00009748083363 9.73371889114378 11.836595815049918 1.7266477331328929 1.5470397557866136 9.73371889114378 11.836595815049918 1.7266477331328929 1.5470397557866136 
280.00009748083363 10.336179111013394 9.670566732547172 1.6134259207689752 1.3774058154025397 10.336179111013394 9.670566732547172 1.6134259207689752 1.3774058154025397 
281.00009748083363 8.927126157345242 9.098890173721884 1.5012217728457813 1.22502347789532 8.927126157345242 9.098890173721884 1.5012217728457813 1.22502347789532 
282.00009748083363 10.51663848925375 10.127190350055116 1.2917092612175907 2.5803866134529585 10.51663848925375 10.127190350055116 1.2917092612175907 2.5803866134529585 
283.00009748083363 11.19286720996746 10.20249332848499 1.9679379819312999 0.9781565451060601 11.19286720996746 10.20249332848499 1.9679379819312999 0.9781565451060601 
284.00009748083363 10.243901070929155 10.20249332848499 1.41411584097699 0.9781565451060601 10.243901070929155 10.20249332848499 1.41411584097699 0.9781565451060601 
285.00009748083363 9.101251044080698 11.505156232893228 1.666842117537783 1.6045907288005878 9.101251044080698 11.505156232893228 1.666842117537783 1.6045907288005878 
286.00009748083363 10.315166706127627 10.99989272663396 1.5780948751764754 2.5747143658352343 10.315166706127627 10.99989272663396 1.5780948751764754 2.5747143658352343 
287.00009748083363 11.631574661736579 11.34404651906425 1.9243791937507808 1.297666520409507 11.631574661736579 11.34404651906425 1.9243791937507808 1.297666520409507 
288.00009748083363 9.962495509812754 12.18025997385763 1.2243280580262308 1.585307922007246 9.962495509812754 12.18025997385763 1.2243280580262308 1.585307922007246 
289.00009748083363 11.060257132481354 10.867465239574415 1.4858762259014497 2.678798813475737 11.060257132481354 10.867465239574415 1.4858762259014497 2.678798813475737 
290.0000586891304 10.333432675663232 10.809583651233538 1.6571408927201219 1.858053842320146 10.333432675663232 10.809583651233538 1.6571408927201219 1.858053842320146 
291.00009748083363 11.211177992548755 11.64479049641568 1.38220865552114 2.6932606875022884 11.211177992548755 11.64479049641568 1.38220865552114 2.6932606875022884 
292.00008859812726 10.78471277664022 12.556245832971513 0.9674059779894719 1.7629894323887356 10.78471277664022 12.556245832971513 0.9674059779894719 3.6047160240581206 
293.00009748083363 8.264708608468709 12.007081725189948 2.019930520549849 2.743505951681186 8.264708608468709 12.007081725189948 2.019930520549849 4.585232543350571 
294.00009748083363 9.852840362800464 10.245856198254387 1.7160904190333213 1.178097855588419 9.852840362800464 10.245856198254387 1.7160904190333213 1.178097855588419 
295.00009748083363 9.848790933433918 9.953930261647997 1.3761081064114364 2.0534008663088343 9.848790933433918 9.953930261647997 1.3761081064114364 2.0534008663088343 
296.00009748083363 10.719288168174273 10.178464804983207 1.3713023304313765 2.943279018495332 10.719288168174273 10.178464804983207 1.3713023304313765 2.943279018495332 
297.00009748083363 9.99647275431846 11.048057711735282 1.1156744697447607 2.516795514527587 9.99647275431846 11.048057711735282 1.1156744697447607 2.516795514527587 
298.00009748083363 10.182359474773648 10.718517852855996 1.2681817382412532 3.757852495633074 10.182359474773648 10.424134684036176 1.2681817382412532 3.757852495633074 
299.00004562259534 9.813049856205623 10.92492370183328 1.9923630111417197 1.1306788302924815 9.813049856205623 10.92492370183328 1.9923630111417197 1.1306788302924815 
300.00009748083363 9.62225956186785 8.677514620697195 1.390596547536859 1.3993509740972172 9.62225956186785 8.677514620697195 1.390596547536859 1.3993509740972172 
#####################################################################
# End of data export. Simulation finished at: 2019-09-22T03:06+0000 #
#####################################################################
