#####################################################################
# Alchemist log file - simulation started at: 2019-09-19T00:54+0000 #
#####################################################################
# seed = 184.0, stage_width = 2000
#
# The columns have the following meaning: 
# time rep-bcast[Sum] rep-ccast[Sum] share-bcast[Sum] share-ccast[Sum] 
0.0 NaN NaN NaN NaN 
1.000068410801839 NaN NaN NaN NaN 
2.000068410801839 NaN NaN NaN NaN 
3.000039802594788 NaN NaN 2.5455114202766023 NaN 
4.00006841080184 NaN NaN 2.629221790039578 NaN 
5.000068410801841 NaN NaN 2.416233307706018 NaN 
6.000068410801842 NaN NaN 3.312190859476524 2.7924834817198567 
7.000068410801843 NaN NaN 3.6368278921764565 3.5912046704459364 
8.000068410801843 NaN NaN 3.298612217486057 3.6229682619508736 
9.0000398113373 NaN NaN 2.621405391361609 4.651979632130386 
10.000068410801836 NaN NaN 3.5021428218866557 3.1812625509022654 
11.000068410801832 NaN NaN 4.642833490069226 3.223879608990118 
12.000068410801829 NaN NaN 3.7869017357081027 4.019882411980745 
13.000068410801825 NaN NaN 3.0742426783867742 4.019882411980745 
14.000068410801822 NaN NaN 2.4604294226268166 4.980678442430836 
15.000068410801818 NaN NaN 3.4983914879729365 3.1721980874335003 
16.000013002439253 NaN NaN 3.5752116411617862 3.265573447174763 
17.000068410801813 NaN NaN 3.960601203702515 3.265573447174763 
18.00006841080181 NaN NaN 3.012116322066065 3.80636320620256 
19.000068410801806 NaN NaN 3.2975085994283084 2.857116195075612 
20.000037302719807 NaN NaN 4.016479973194791 4.25665882024143 
21.0000684108018 NaN NaN 3.379168874458866 3.6026376966315645 
22.000068410801795 NaN NaN 3.473669577022502 3.376479167524714 
23.00006841080179 NaN NaN 3.123512094562521 4.024607160007836 
24.000029213856067 NaN NaN 2.9472379886745763 3.344205034011509 
25.000068410801784 24.949820945719118 NaN 3.265796966592138 4.083208861290849 
26.00006841080178 25.86404526449363 NaN 1.968985406278506 3.0916146902060184 
27.000068410801777 25.25710387724241 NaN 2.6424003802121554 3.0916146902060184 
28.000068410801774 24.404573555763285 NaN 2.8257666648145445 3.5181541367876648 
29.00006841080177 25.889137652927335 NaN 3.196501077395304 3.0738153239923385 
30.000068410801767 25.889137652927335 NaN 3.196501077395304 3.603417596677783 
31.000035739710928 27.382046436778058 NaN 3.409488943690196 4.089919816290298 
32.00000714855413 26.63959830541541 NaN 3.953956937700415 3.8480893309328543 
33.000068410801774 25.329805152873227 NaN 3.394888704877136 3.5570025393699005 
34.00006841080179 25.85811851584633 NaN 3.9232020678502373 4.589522704218627 
35.0000684108018 27.156370933076346 NaN 3.3809976650098044 3.201062619624551 
36.000068410801816 25.81751261700399 NaN 3.1894628677854797 3.494348386935595 
37.00006841080183 26.831553760510175 NaN 4.203504011291663 3.3246164175550135 
38.000068410801845 23.101203973002114 NaN 3.2342943660379007 3.120714576920534 
39.00006841080186 24.220993931732842 NaN 3.2406985737022964 3.120714576920534 
40.00006841080187 25.006630178689363 NaN 2.7829950684296207 3.1306339045872207 
41.00006841080189 26.35838233741709 NaN 3.04039665056181 4.116432117864569 
42.0000684108019 27.009848732384285 NaN 3.6918630455290042 3.6722134932324195 
43.000068410801916 25.787884923995914 NaN 3.940255101077234 3.689165802336568 
44.00006841080193 26.705841399289373 NaN 2.6124636464826665 2.668437321768536 
45.000068410801944 24.78498223777911 NaN 3.0526851205368715 3.669641752114174 
46.00006841080196 25.71381981595146 NaN 2.8447804308743443 3.669641752114174 
47.00006841080197 26.181273628731038 NaN 3.225229895399835 3.7312875808285284 
48.00006841080199 25.957598783061414 NaN 3.1219524363402087 3.0190270113012048 
49.000068410802 25.001748937812486 NaN 2.9099895614486684 3.019786153104512 
50.000068410802015 25.43347595623328 NaN 3.3417165798694626 3.7354262995923833 
51.00006841080203 26.65890889479715 22.899170636909282 3.217192918622743 3.6153051963159086 
52.000068410802044 27.599225829640268 24.122843308383487 3.2279131334902047 4.838977867790113 
53.00006841080206 28.601233226504483 24.914392497019165 3.5142803838665486 3.045687032879769 
54.00006841080207 27.53660256062948 23.957533533336047 2.9254949434889426 3.422480955506302 
55.000068410802086 27.853996753071698 23.957533533336047 4.522810053486992 3.422480955506302 
56.0000684108021 25.1441224093511 25.4583489225094 3.397279616740505 3.9829794098365383 
57.000068410802115 25.635949903906425 26.424189736626467 2.9674198766297124 3.9468128270893885 
58.00006841080213 25.635949903906425 23.842605843897005 2.9674198766297124 3.01241213856035 
59.000030887069535 27.633550692642277 24.995911167892494 3.46420527619221 3.5047650562088606 
60.00006841080216 28.45124653851118 25.18158605611734 3.316060307944049 4.099000938300328 
61.00006841080217 27.26841241119208 25.839507150734917 3.569058789965112 3.584554911838296 
62.000068410802186 27.31350363642715 26.590296226823995 4.43878870678963 4.335343987927374 
63.0000684108022 28.273990161723802 25.79650091887327 4.245969908090792 3.559931543123753 
64.00006841080221 28.036421788682723 27.252844528932577 2.9799388860436054 3.5300835241287203 
65.00006841080223 26.783393772527084 28.129068210784965 3.3138121226236237 2.5190785313676827 
66.00006841080224 27.6242600776935 26.322257371728575 4.154678427790039 3.187987781729923 
67.00006841080226 28.46904724893964 26.322257371728575 2.32093364504464 3.187987781729923 
68.00006841080227 27.61520158106905 24.16206487667003 2.6167672748713073 3.8848407801798714 
69.00006841080229 27.276814551562445 25.26308019997336 3.707909045194313 3.06032748564769 
70.0000684108023 26.36856943905238 26.346465273330608 4.066501547820067 3.2989253877588 
71.00006189125892 27.354633769740502 26.346465273330608 3.4798955020329885 3.2989253877588 
72.00004846055651 27.99907447332697 26.80725029109749 4.124336205619457 3.674262630394921 
73.00006841080234 28.24166292069245 25.569722727153845 3.183728686669994 3.089518935785435 
74.00006841080236 25.70478927804698 26.745911097991623 2.8461627182263527 3.2082460398790005 
75.00006841080237 26.701547437086226 27.98073673830865 3.8429208772655983 3.8513328639679827 
76.00006841080238 26.701547437086226 28.982111479481418 3.8429208772655983 4.208266901554282 
77.0000684108024 27.71630487918315 26.78842239664658 3.208710691142201 4.057187678905947 
78.00006841080241 28.51937918139665 26.78842239664658 4.011784993355704 4.057187678905947 
79.00006841080243 27.029897582660404 27.63641554754733 2.886763970969099 3.22246430910819 
80.00006841080244 27.357496067860154 25.828250161734623 4.005911644804527 4.144826100990443 
81.00006841080246 NaN NaN NaN NaN 
82.00006841080247 NaN NaN NaN NaN 
83.00006841080248 NaN NaN NaN NaN 
84.00000300808985 NaN NaN 2.8866219267972326 NaN 
85.00006841080251 NaN NaN 2.6184465898523683 NaN 
86.00006841080253 NaN NaN 2.7663207579264935 NaN 
87.00006841080254 NaN NaN 3.5096513690531594 NaN 
88.00006841080256 NaN NaN 2.931555530853828 NaN 
89.00006841080257 NaN NaN 2.6298475737872593 NaN 
90.00006841080258 NaN NaN 2.311858164671108 NaN 
91.0000684108026 NaN NaN 3.643972655033764 NaN 
92.00006841080261 NaN NaN 3.752158087489562 NaN 
93.00006841080263 NaN NaN 2.935411279738787 NaN 
94.00006841080264 NaN NaN 2.935411279738787 NaN 
95.00006841080265 NaN NaN 2.60094575420527 NaN 
96.00006841080267 NaN NaN 3.00478109605541 NaN 
97.00006841080268 NaN NaN 3.183187650002438 NaN 
98.0000684108027 NaN NaN 3.183187650002438 NaN 
99.00004327731078 NaN NaN 2.5753140037952846 2.7827784525296693 
100.00006841080273 NaN NaN 3.7326823478806404 3.7936450829748054 
101.00006841080274 NaN NaN 3.4779962543364036 4.8911170921883524 
102.00006841080275 NaN NaN 3.9052848560497466 3.1791678720257153 
103.00006841080277 NaN NaN 2.9008671961461374 3.3110370520601577 
104.00006841080278 NaN NaN 3.925692056296228 3.2954928772115863 
105.0000684108028 24.3484786326798 NaN 3.491937371397512 2.992872004097947 
106.00006841080281 24.890801201890056 NaN 3.3941005075989352 3.914195534823918 
107.00006841080283 25.712007539587958 NaN 2.6269073924062525 3.5365872462351007 
108.00006841080284 25.135549506439006 NaN 3.6411115021763436 2.916594614829364 
109.00006841080285 26.20001660809642 NaN 3.016322698823359 3.7576414060330734 
110.00006841080287 24.21239632553271 NaN 3.264114439436554 2.1411206660352917 
111.00006841080288 25.390053001451165 NaN 3.4336996587835813 2.6354376763198246 
112.0000684108029 25.412373531959076 NaN 2.8441651391453604 2.6354376763198246 
113.00006841080291 25.185151868208862 NaN 3.459261798837474 2.247150995195639 
114.00006841080292 25.185151868208862 NaN 3.459261798837474 2.81769376671555 
115.00006841080294 25.560397464641156 NaN 3.921758264804197 3.390504181655004 
116.00006841080295 25.560397464641156 NaN 3.921758264804197 3.930441988516506 
117.00006841080297 26.26076431210892 NaN 3.2059538079044216 3.9455045124713166 
118.00006841080298 27.78579004035649 NaN 2.7047897174104207 3.0667344247920454 
119.000068410803 27.050119450043837 NaN 3.3026758465597936 3.0667344247920454 
120.00006841080301 28.218613033090847 NaN 2.712150705938214 3.884998020792949 
121.00006841080302 24.705080407487344 NaN 2.8411637471771627 4.2299532312705 
122.00006841080304 25.836861118261552 NaN 2.835807998442931 3.5381033854916666 
123.00006841080305 25.836861118261552 NaN 2.835807998442931 2.799118339572729 
124.00002633695226 27.350382332382125 NaN 3.1505682090568854 3.7665371252714834 
125.00006841080308 28.417176735866065 NaN 2.4072340302743243 4.171430100098405 
126.0000684108031 25.00635857949372 NaN 2.78740165931157 3.4680158124893694 
127.00006841080311 26.369598879168123 NaN 3.1832231732872174 3.443572808788957 
128.00006841080312 27.40416220472858 NaN 3.3848578627491435 3.8080114038396857 
129.00006841080307 26.304249351594365 NaN 3.594458749624181 3.3336369005088073 
130.000068410803 24.53640886277168 NaN 2.966117317171353 3.7968719327252103 
131.00006841080295 25.63192293084279 NaN 2.809445364452671 3.1224369929056195 
132.0000684108029 25.63192293084279 NaN 2.809445364452671 3.8279703251316732 
133.00001366682372 26.790854556995413 NaN 2.8299220815964645 3.145882540813176 
134.00006841080278 23.5590435805492 NaN 2.8837729398291287 3.6517347279126966 
135.00000902049203 24.49153386839029 NaN 2.7505797630331585 3.707115338473983 
136.00006841080267 25.545223136849103 NaN 3.8042690314919696 3.6132699861555295 
137.0000684108026 25.913501976721037 NaN 3.377118761179844 3.1209165810172976 
138.00006841080256 27.007639203656524 NaN 3.3203613094829336 2.9170494645987617 
139.0000684108025 27.007639203656524 NaN 3.3203613094829336 3.7773670214182573 
140.00006841080244 28.121701534654918 NaN 3.0046791055411006 3.6561636308502727 
141.00006841080238 27.000434262461795 NaN 3.422229840900627 3.198383762440045 
142.00006841080233 28.272340100356246 NaN 3.1051949505530274 3.9155915826467265 
143.00006841080227 26.48551671758021 NaN 3.185657585169679 3.5900016570340654 
144.0000684108022 26.48551671758021 NaN 3.185657585169679 3.3757922626614345 
145.00006841080216 26.792393022119313 NaN 3.733023649305693 3.8711384734105536 
146.0000684108021 25.973747380563395 NaN 2.870623126267361 3.607847169887407 
147.00006841080204 26.88927080110693 NaN 2.5381071224120433 4.74723668724701 
148.000068410802 25.24856202424202 NaN 2.6342473772610617 3.005911423785392 
149.00006841080193 25.24856202424202 NaN 2.6342473772610617 3.517237690863084 
150.00006841080187 26.739267091537286 NaN 2.9855629271967246 4.597640732189859 
151.00006841080182 27.749350806510577 NaN 2.6874521792286146 4.327077724683335 
152.00006841080176 24.509992016088432 NaN 3.1303997839669364 3.8826962972252375 
153.0000684108017 25.626355634296402 NaN 3.166360360848131 2.5418031349337866 
154.00006841080165 26.558864424922007 NaN 2.744390444468422 3.212714768780046 
155.0000684108016 25.559976992241644 NaN 2.54566361801983 3.3456616840181255 
156.00006841080153 25.559976992241644 NaN 2.54566361801983 4.24709102008697 
157.00006841080148 26.77773868741059 NaN 3.0708583380030063 3.1765021452265216 
158.00006841080142 25.422293450341073 NaN 2.3861826976744567 2.795292360963657 
159.00006841080136 24.836093241588316 NaN 2.696862250496963 3.5500483580966886 
160.0000684108013 26.02621865751567 NaN 3.338017932366313 4.381394631245087 
161.00006841080125 27.241878438445553 NaN 3.11382020052568 2.9064240995093655 
162.0000684108012 25.6281820695051 NaN 3.3260070480248203 4.351003233798764 
163.00006841080113 25.6281820695051 NaN 3.3260070480248203 3.7969922030083865 
164.00002681246102 26.02195452275305 NaN 3.7210163329455384 3.973111113999721 
165.00006841080102 26.945391140338586 NaN 3.199873816241677 3.479080152149862 
166.00006841080096 26.213961890414794 NaN 3.603150142927234 4.122497543902767 
167.0000684108009 26.99763965599078 NaN 3.020583581584532 3.729939741352524 
168.00006841080085 28.24281071106566 NaN 3.544125817579385 4.009057125756897 
169.0000684108008 24.437016800905212 NaN 4.014927404848123 4.805210818943607 
170.00006841080074 25.299995824158117 NaN 3.267546191715951 3.9603970913774447 
171.00006841080068 25.67005892005875 NaN 3.2124069488087343 4.3800096550730245 
172.00006841080062 25.67005892005875 NaN 3.2124069488087343 2.7208069458958732 
173.00006841080057 25.069739206248414 NaN 3.4465051484997105 3.4523183230550103 
174.00005444494025 26.38156308474106 NaN 2.9033581083198783 2.726474234049249 
175.00006841080045 26.38156308474106 NaN 2.9033581083198783 3.346814325233254 
176.0000684108004 25.95500480900003 NaN 3.3086024933675446 3.1518340623870245 
177.00006841080034 26.172064082314648 NaN 3.864757572402482 3.1518340623870245 
178.00006841080028 25.794671644974812 NaN 3.2947420741691076 3.806820832589068 
179.0000297076428 25.794671644974812 NaN 3.2947420741691076 3.117106015994011 
180.00006841080017 27.24465319746278 NaN 3.4211355112206263 4.183607637068661 
181.0000684108001 27.48846312598974 NaN 2.8580304110300006 3.0810719215329243 
182.00006841080005 26.304244993286886 NaN 2.631593889349716 3.920022625318353 
183.00006160586628 24.566676717889777 NaN 3.6376088579141594 5.163694580482655 
184.00006841079994 24.566676717889777 NaN 3.6376088579141594 4.481987722073683 
185.00006841079988 25.954098112596512 NaN 2.802444463211202 5.362379774998232 
186.00006841079983 24.33182670956984 NaN 2.9790514507828334 3.099093465311853 
187.00006841079977 25.080674405647272 NaN 2.558844835765939 3.8541661988360545 
188.0000684107997 26.05796779673085 NaN 2.490385933536487 4.8941811322706315 
189.00006841079966 27.276157924865345 NaN 3.708576061670982 4.0796959101635935 
190.0000684107996 27.276157924865345 NaN 3.708576061670982 3.264765296144759 
191.00004396122068 26.817134177042618 NaN 3.232669323127908 4.357344020118887 
192.00006841079949 24.30264102428103 NaN 3.441010891467812 3.1351872672076126 
193.00006841079943 25.833755127777806 NaN 2.353193690611562 4.049784401928463 
194.00006841079937 26.937352025798106 NaN 3.4567905886318613 5.163961149459425 
195.00006841079932 26.937352025798106 NaN 3.4567905886318613 3.6461176761932563 
196.00006841079926 25.53611293295515 NaN 3.346412833287843 3.6461176761932563 
197.0000684107992 26.413200635874063 NaN 3.2208647100828784 3.7890298763308863 
198.00006841079914 26.413200635874063 NaN 3.2208647100828784 3.631069231719408 
199.0000684107991 27.848039752280187 NaN 3.1071742930881783 3.4569111361796274 
200.00006841079903 28.14030862391752 NaN 2.409517378592227 4.063380097971361 
201.00006841079897 NaN 126.9480863178279 NaN NaN 
202.00006841079892 NaN 126.9480863178279 NaN NaN 
203.00006841079886 NaN 128.59598541669067 NaN NaN 
204.0000684107988 NaN 129.77143303854552 NaN NaN 
205.00006841079875 NaN 129.77143303854552 3.547755984667532 NaN 
206.0000684107987 NaN 131.27751888430834 4.108609613674474 NaN 
207.00006841079863 NaN 132.53828787892934 3.924483760168357 NaN 
208.00006841079858 NaN 133.93662264697036 3.367355627584544 NaN 
209.00006841079852 NaN 134.80075703118388 2.3476721030268664 NaN 
210.00006841079846 NaN 135.66902508678078 2.9199004948624747 NaN 
211.0000684107984 NaN 136.68410466788248 3.8110571585642674 NaN 
212.00006841079835 NaN 137.68955428806862 3.153790034899515 NaN 
213.0000684107983 NaN 138.8533103344322 3.037250269176468 NaN 
214.00006841079824 NaN 139.90186801027488 4.0834871236235415 NaN 
215.00006841079818 NaN 140.93712644322517 3.156524309307514 NaN 
216.00005088264442 NaN 140.93712644322517 3.156524309307514 NaN 
217.00006841079806 NaN 143.00567193641524 3.2793454292850583 3.253159726010921 
218.000068410798 NaN 143.00567193641524 4.037897587801808 3.253159726010921 
219.00006841079795 NaN 144.1817428823553 3.4488264816965852 3.335664284979174 
220.0000684107979 NaN 145.3333751030146 2.539280669188912 3.2007193392973363 
221.00006841079784 NaN 146.50693567476054 3.2099253810364416 4.374279911043288 
222.00006841079778 NaN 147.49681296739618 2.5859962395467164 1.9518603617920292 
223.00006841079772 NaN 148.79084486417133 3.3792595275753854 2.575247546719652 
224.00006841079767 NaN 149.86253020982042 3.2159548625552645 2.73865631536745 
225.0000684107976 NaN 150.65881118799956 2.9423849139762126 3.5349372935465624 
226.00006841079755 NaN 150.65881118799956 3.731332853410322 3.5349372935465624 
227.0000684107975 26.02228344944777 152.14487796357054 3.107839557455236 3.4322433329805335 
228.00006841079744 25.256012597181183 153.03411608111213 3.1931868258722886 3.8284557305111377 
229.00006841079738 25.937626503084886 154.55064785542845 2.388733956205016 3.3225020346219196 
230.00006841079733 25.73229812886248 155.5114336058091 3.358853203837498 4.283287785002585 
231.00006841079727 24.457413793039336 156.59936266477064 3.961585590856515 3.236093961659293 
232.0000684107972 24.457413793039336 157.7106104419185 3.961585590856515 3.176998522142952 
233.00006841079716 26.037212613357212 157.7106104419185 3.064066886477434 3.176998522142952 
234.0000684107971 27.128733085395794 159.06745113676857 3.0676582995544663 2.846832048646462 
235.00006841079704 24.22906743747629 160.71823710410507 3.2025616634402923 4.497618015982965 
236.00006841079698 25.22472811350889 161.9612360183218 4.198222339472892 3.385735526035262 
237.00006841079693 26.046647276347926 161.9612360183218 3.6633008074618374 3.385735526035262 
238.00006841079687 27.24639843984545 163.12541728190143 3.212266003622858 3.45839631757633 
239.0000684107968 28.270305327583117 164.13620452399442 4.236172891360525 2.7757497606777406 
240.0000329824859 28.270305327583117 165.88402105474404 4.236172891360525 3.1532691105136337 
241.0000684107967 28.089528041294614 165.88402105474404 2.806633851732414 3.1532691105136337 
242.00006841079664 27.79746205149769 167.24396835419822 2.6217886496517906 3.3134652464702867 
243.0000684107966 25.587060380716935 168.4190018409933 2.7087112623881353 3.4645918455276785 
244.00006841079653 26.975871143385802 169.2436901497769 2.737574725602826 3.2207544664899785 
245.00006841079647 27.592167634553334 170.46766928923904 3.353871216770358 3.5248309135122327 
246.00004122385997 26.510251795657695 171.81062773852528 2.599936748895402 4.111297676752713 
247.00006841079636 27.321359374505533 171.81062773852528 3.411044327743241 4.111297676752713 
248.0000684107963 27.499452745531556 173.2244918490482 3.538719131053057 3.9228617423384264 
249.00006841079625 28.206323663090018 174.30052745547425 4.245590048611518 3.7026878845056785 
250.0000684107962 25.211398930876612 175.2925553845044 2.6457182698279382 2.6378209069842455 
251.00006841079613 25.943266863730372 176.81329655422297 2.3015505962556517 4.15856207670285 
252.00006841079608 25.943266863730372 177.55498866898165 2.3015505962556517 4.900254191461528 
253.00006841079602 25.493160635305543 177.55498866898165 3.234721331913306 4.900254191461528 
254.00006841079596 26.30348956338341 179.17165671342798 4.0450502599911715 3.301446594551834 
255.0000684107959 27.27737289768902 180.14517480941828 3.4981924245781784 3.543096757688346 
256.00006841079585 26.47166447343824 181.21951351512217 4.428109410265677 3.18120236273154 
257.0000684107958 26.965233021421454 182.37547748719248 3.3050099138025644 3.037871842696944 
258.00006841079573 26.20807227730623 183.5361451501202 2.6991692041025317 4.198539505624666 
259.0000684107957 27.128845056720166 179.94948479168215 3.619941983516469 2.984751588205768 
260.0000684107956 27.77981831924498 180.87862801539927 3.1149512739709735 2.3350797022401935 
261.00006841079556 26.21234110727039 181.90129031281856 3.3944330612552562 3.000972469364797 
262.0000684107955 24.840300134223583 182.9340523232329 4.429572266004811 4.0337344797791275 
263.00006841079545 25.582559910772602 182.9340523232329 2.8109843015038223 4.0337344797791275 
264.0000684107954 26.101998153168665 184.1186298712547 2.3077602464805977 3.646565985862196 
265.00006841079534 26.748822370132217 185.53428499857148 2.9326096951227782 4.322037948379716 
266.0000324034365 25.736290299228358 186.83989489904866 3.6678941549685646 2.630844339749501 
267.0000684107952 25.687943045661143 186.83989489904866 3.794916652833706 2.630844339749501 
268.00006841079517 26.63246572916995 188.18193649827634 3.323784209025746 3.9728859389771856 
269.0000684107951 26.033121073565468 189.44664161188825 3.8994730402163214 3.5799795935325847 
270.00006841079505 24.604230000502355 190.43197702044637 3.2136395149217947 3.3545272603292347 
271.000068410795 26.33354616097671 191.76687733920562 3.600914076168465 3.8533308151172037 
272.00006841079494 26.818066203994476 192.92517475284473 4.085434119186232 2.871640338874272 
273.0000684107949 26.883755942624987 192.92517475284473 3.2440417849329606 2.871640338874272 
274.0000684107948 26.442376253647694 194.03360551534706 4.216526206478591 3.980071101376609 
275.00006841079477 27.209893931476074 195.20460113379886 3.6491435655477176 2.9372305163362853 
276.00003610992013 26.604288410191117 196.43377747758683 3.9533041660798176 3.3983532883703447 
277.00006841079465 25.88378920108528 197.67521201352628 3.6451153641902465 3.9991932081469486 
278.0000684107946 27.007979575663626 197.67521201352628 3.598310120316796 3.9991932081469486 
279.00006841079454 27.85339718437075 199.8009519524706 3.21455138523595 2.922473033546055 
280.0000684107945 25.2017716351576 199.8009519524706 3.8948040912180772 2.922473033546055 
281.0000684107944 26.383792612165593 201.21957657064632 2.518501138690226 3.540855691109016 
282.00006841079437 27.33874571143943 202.52887918093893 3.473454237964063 2.88055031811615 
283.0000684107943 28.148494454182384 203.81897778472495 3.474352435359094 3.4903962159200432 
284.00006841079426 29.103018854611975 204.5983916428217 4.428876835788685 4.269810074016789 
285.0000684107942 27.820151985628456 205.5655220625158 3.957688026403673 3.099966417429073 
286.00006841079414 25.955512373451427 206.95780774930233 3.0151626041257487 3.682503361472641 
287.0000684107941 26.804056744454726 206.95780774930233 3.0842931170323027 3.682503361472641 
288.00006841079403 26.698601750402077 208.57436239625218 4.001500420398941 4.344533607992901 
289.000068410794 26.87328269263884 209.23215179665948 2.849527266569396 4.054887199609482 
290.0000684107939 26.542159499304773 210.12883423265237 3.702981621257152 3.2946938438016673 
291.00003509361494 25.02147523212335 211.19703484200943 3.2870077349198255 3.514350082155431 
292.0000684107938 25.69669812667763 212.41378714102086 3.3044412290668106 3.1045900410097147 
293.0000323864904 25.190289008503953 213.87262990931657 3.24339127412793 3.2118405387570874 
294.0000684107937 26.5437634279196 213.87262990931657 3.528665084186514 3.2118405387570874 
295.00006176717216 27.479991249565614 26.28797470549887 2.4557332274449095 3.582792136539922 
296.0000684107936 26.141551960416052 26.999864132445794 2.700899071545848 3.061396664453298 
297.0000684107935 27.002804861591642 24.453468264179378 2.414455293976175 2.7631925271999194 
298.00006841079346 25.299269003234485 25.588861343594658 3.204117168017376 3.8985856066151996 
299.0000684107934 26.513818219973587 24.420103793104317 3.717260228531643 3.2625957169952358 
300.00003786408905 27.197228404794657 24.318975738684287 3.6887809864057886 4.1934709454468475 
#####################################################################
# End of data export. Simulation finished at: 2019-09-19T01:13+0000 #
#####################################################################
