#####################################################################
# Alchemist log file - simulation started at: 2019-09-25T11:19+0000 #
#####################################################################
# seed = 188.0, stage_width = 500
#
# The columns have the following meaning: 
# time rep-bcast[Sum] rep-ccast[Sum] share-bcast[Sum] share-ccast[Sum] rep-bcast-single[Sum] rep-ccast-single[Sum] share-bcast-single[Sum] share-ccast-single[Sum] 
0.0 NaN NaN NaN NaN NaN NaN NaN NaN 
1.0003178883423938 NaN NaN NaN NaN NaN NaN NaN 0.7494432946207719 
2.0003178883423938 NaN NaN 1.025351456045081 NaN NaN NaN 1.025351456045081 0.9678782252770635 
3.0003109157451386 NaN NaN 0.7384863419312133 NaN NaN NaN 0.7384863419312133 2.036029112800791 
4.000317888342395 NaN NaN 1.1036232270531503 1.0047379828368652 NaN NaN 1.1036232270531503 1.0047379828368652 
5.000317888342396 NaN NaN 1.125474659427478 1.0433504042702717 NaN NaN 1.125474659427478 1.0433504042702717 
6.000317888342397 NaN NaN 0.9302671846377919 1.0745489665001293 NaN NaN 0.9302671846377919 1.0745489665001293 
7.000317888342398 6.059437052281644 NaN 1.7703183975065473 1.674164049042223 6.059437052281644 6.335101901556641 1.7703183975065473 1.674164049042223 
8.000317888342398 6.950152229947655 NaN 1.3644936230117857 1.293326538850346 6.950152229947655 7.262155672884006 1.3644936230117857 1.293326538850346 
9.000317888342394 7.516081202175545 NaN 1.0033688239123109 1.7402039504880777 7.516081202175545 6.77428954672464 1.0033688239123109 1.7402039504880777 
10.00031788834239 8.50250593475869 NaN 1.9897935564954548 2.066175697205212 8.50250593475869 7.9909764711077855 1.9897935564954548 0.5138219923941776 
11.000317888342387 8.562783266478176 NaN 1.8059378374065442 1.6168158114796825 8.562783266478176 6.904752057963405 1.8059378374065442 1.6168158114796825 
12.000317888342384 6.645221187106219 NaN 1.2271154035158958 1.6168158114796825 6.645221187106219 6.904752057963405 1.2271154035158958 1.6168158114796825 
13.00031788834238 7.160887231488989 NaN 1.3306841400257134 2.7628727924609784 7.160887231488989 8.050809038944701 1.3306841400257134 2.7628727924609784 
14.000317888342376 8.495952037495652 NaN 1.5196919650510807 0.8389305664244091 8.495952037495652 9.074366764413528 1.5196919650510807 0.8389305664244091 
15.000317888342373 8.334981010720002 NaN 1.6317031649673766 1.8052687263712848 8.334981010720002 7.195837560353726 1.6317031649673766 1.8052687263712848 
16.00028278276271 8.236030048196984 NaN 1.4934678138248483 2.474682989617282 8.236030048196984 7.912948781568598 1.4934678138248483 2.474682989617282 
17.000044363295608 8.941357809630622 NaN 2.1987955752584867 2.474682989617282 8.941357809630622 7.912948781568598 2.1987955752584867 2.474682989617282 
18.000317888342362 8.484133552295662 6.635441507040198 1.42067354354913 1.492277920756246 8.484133552295662 6.635441507040198 1.42067354354913 1.492277920756246 
19.00031788834236 8.045424406559587 7.716339324817952 0.8428279878037408 1.0381436099288344 8.045424406559587 7.716339324817952 0.8428279878037408 1.0381436099288344 
20.000317888342355 8.844741416794623 6.940519495623263 1.642144998038777 1.151265781410185 8.844741416794623 6.940519495623263 1.642144998038777 1.151265781410185 
21.000310719712942 8.390897970962357 7.58724855297393 1.2657513162946756 1.8109204220749433 8.390897970962357 7.58724855297393 1.2657513162946756 1.8109204220749433 
22.000317888342348 8.058196870294847 8.607084985953696 0.7560651901994611 2.830756855054709 8.058196870294847 8.607084985953696 0.7560651901994611 1.339226309670643 
23.000317888342344 8.957104342216418 8.118516689754781 1.2168759469991208 1.692022984427311 8.957104342216418 8.118516689754781 1.2168759469991208 1.692022984427311 
24.00000557984048 8.369255345929714 7.933601436156705 1.1932000500353155 1.2416535655790852 8.369255345929714 7.933601436156705 1.1932000500353155 1.2416535655790852 
25.000317888342337 7.958448373351384 7.779517101573582 1.5171248579509253 2.622601359601127 7.958448373351384 7.779517101573582 1.5171248579509253 2.622601359601127 
26.000317888342334 8.78478828817094 7.943349436351021 2.3434647727704814 3.7419187397903464 8.78478828817094 7.943349436351021 2.3434647727704814 3.7419187397903464 
27.00031788834233 9.551980125253266 8.030518561661466 1.7297088158307652 1.1694560790720203 9.551980125253266 8.030518561661466 1.7297088158307652 1.1694560790720203 
28.000317888342327 7.078261329039901 8.030518561661466 1.486720424995596 1.1694560790720203 7.078261329039901 8.030518561661466 1.486720424995596 1.1694560790720203 
29.000317888342323 7.845800288333493 8.632551492901086 1.6262021487469696 2.5708060205466765 7.845800288333493 8.632551492901086 1.6262021487469696 0.9272851941103006 
30.00031788834232 8.457177702084152 7.465611287106995 0.8362296210229729 1.0848347209384386 8.457177702084152 7.465611287106995 0.8362296210229729 1.0848347209384386 
31.000219079372204 8.02079540035881 8.781627967677721 1.1536501236246295 1.7894739877585053 8.02079540035881 8.781627967677721 1.1536501236246295 1.7894739877585053 
32.000317888342316 8.445552434639634 8.783235462738254 0.9055780325409977 2.5627701406329884 8.445552434639634 8.783235462738254 0.9055780325409977 2.5627701406329884 
33.00031788834233 8.105100515447432 6.143327071995866 1.1727777544963551 0.8084312472090396 8.105100515447432 6.143327071995866 1.1727777544963551 0.8084312472090396 
34.00011463178535 8.105100515447432 7.262031282201061 1.1727777544963551 1.9271354574142343 8.105100515447432 7.262031282201061 1.1727777544963551 1.9271354574142343 
35.00031788834236 8.192828618415387 8.357222817034991 1.4391101107779747 3.022326992248164 8.192828618415387 8.357222817034991 1.4391101107779747 3.022326992248164 
36.00031788834237 8.22210046958309 8.272673944819292 1.3623334293717235 3.588458973537602 8.22210046958309 8.272673944819292 1.3623334293717235 1.3409176155505875 
37.0000665483508 7.893558284077713 7.853118818645996 0.7738176692176353 1.2572204978098753 7.893558284077713 7.853118818645996 0.7738176692176353 1.2572204978098753 
38.000002731228435 7.5683054014341025 9.050086750054511 0.8000213037265453 2.454188429218391 7.5683054014341025 9.050086750054511 0.8000213037265453 2.454188429218391 
39.000246332912845 7.173678329294095 7.781948007071719 1.2977391336232316 1.367292729262246 7.173678329294095 7.781948007071719 1.2977391336232316 1.367292729262246 
40.00016686264278 8.149114454638767 6.854756418353276 1.3028291573876274 1.7178923408556983 8.149114454638767 7.895252293183116 1.3028291573876274 1.7178923408556983 
41.000317888342444 7.978756297263331 6.854756418353276 2.073184126887746 1.7178923408556983 7.978756297263331 7.895252293183116 2.073184126887746 1.7178923408556983 
42.00031788834246 7.638369378756899 8.275541841463983 1.6702525429880168 1.299205141321572 7.638369378756899 8.275541841463983 1.6702525429880168 1.299205141321572 
43.00031788834247 7.734587101994201 7.314417360086551 1.4408763779485412 1.0383814107013762 7.734587101994201 7.314417360086551 1.4408763779485412 1.0383814107013762 
44.00031788834249 8.911657538117346 7.031596846078102 1.330098283493001 1.8283686526622063 8.911657538117346 7.031596846078102 1.330098283493001 1.8283686526622063 
45.0003178883425 7.140787815370928 6.582455150775125 1.490571642541937 1.478174925780884 7.140787815370928 6.582455150775125 1.490571642541937 1.478174925780884 
46.000317888342515 8.04999297653405 7.052060919468687 1.0338351894358553 1.2090122377209909 8.04999297653405 7.052060919468687 1.0338351894358553 1.2090122377209909 
47.00031788834253 8.88407516781637 6.755643896527843 1.8679173807181755 1.8880313401248188 8.88407516781637 6.755643896527843 1.8679173807181755 1.8880313401248188 
48.00031788834254 6.556303419456469 7.810034643906391 1.0998646642501981 2.942422087503367 6.556303419456469 7.810034643906391 1.0998646642501981 2.942422087503367 
49.00009416867415 6.482945658253222 8.230939221057028 1.2599646862470877 4.133681634154122 6.482945658253222 8.230939221057028 1.2599646862470877 NaN 
50.00031788834257 7.092958714398748 8.887003222070888 1.8699777423926136 4.789745635167982 7.092958714398748 8.887003222070888 1.8699777423926136 NaN 
51.00021658905586 7.986107143446446 7.021745365971086 0.9158026237756971 5.418940411917468 7.986107143446446 7.021745365971086 0.9158026237756971 NaN 
52.00002802166232 9.183881510618775 7.997985153842848 1.4843822141985399 1.5827803698932499 9.183881510618775 7.997985153842848 1.4843822141985399 1.5827803698932499 
53.000317888342614 7.994457786663631 7.447817346677866 1.4746475586016672 1.7422690877341864 7.994457786663631 7.447817346677866 1.4746475586016672 1.7422690877341864 
54.00031788834263 8.644256099938652 7.554631949339665 1.0718087249880526 2.758288851559108 8.644256099938652 7.554631949339665 1.0718087249880526 2.758288851559108 
55.00031788834264 8.144571228929834 7.483412506991499 1.5687654585518658 1.9631235525410844 8.144571228929834 7.483412506991499 1.5687654585518658 1.9631235525410844 
56.00004261277377 7.87317772802276 6.883029837390929 2.35176270502334 1.0528140420867302 7.87317772802276 6.883029837390929 2.35176270502334 1.0528140420867302 
57.00031788834267 8.432243151540845 7.605510870201741 1.5417139281122303 1.7752950748975422 8.432243151540845 7.605510870201741 1.5417139281122303 1.7752950748975422 
58.000317888342686 7.5754264398131 8.729686831346427 0.5572744310288869 1.5574083660526696 7.5754264398131 8.729686831346427 0.5572744310288869 1.5574083660526696 
59.00017917951886 8.198439711890181 8.259131207074965 1.809482479855454 1.5995073910375623 8.198439711890181 8.259131207074965 1.809482479855454 2.590014226974432 
60.000317888342714 8.113904905976241 7.851298391504507 1.5770115006685899 2.389448942639433 8.113904905976241 7.851298391504507 1.5770115006685899 3.379955778576303 
61.000027474538165 8.103122897954435 8.342586301944387 1.5862607786136564 1.7033289545698125 8.103122897954435 8.342586301944387 1.5862607786136564 0.6614738157029834 
62.000201142753156 6.1209751145489975 8.342586301944387 0.9939776653550965 1.7033289545698125 6.1209751145489975 8.342586301944387 0.9939776653550965 0.6614738157029834 
63.00024399520962 6.823456192855247 9.715831846028479 1.6964587436613456 1.1826962314246572 6.823456192855247 9.715831846028479 1.6964587436613456 1.1826962314246572 
64.00031788834276 7.6025494348624605 7.842665536953582 1.1023064415844672 2.2553019794849902 7.6025494348624605 7.842665536953582 1.1023064415844672 2.2553019794849902 
65.00031788834278 7.684728717965548 8.751959309535877 0.8343610094380338 0.8795930790581608 7.684728717965548 8.751959309535877 0.8343610094380338 0.8795930790581608 
66.0000495561873 7.09894827032867 7.24962050633404 1.4960686112853097 2.1790345841378453 7.09894827032867 7.24962050633404 1.4960686112853097 1.3743742682239457 
67.0003178883428 7.932244946267552 8.114475239380354 1.0299237821445075 1.265267131028196 7.932244946267552 8.114475239380354 1.0299237821445075 1.265267131028196 
68.00018039134787 8.765412473327707 8.228709637417786 0.998236576158348 2.2712065110234505 8.765412473327707 8.228709637417786 0.998236576158348 1.674167006835944 
69.00031788834283 9.018550214749105 7.812589254339144 1.035376489186362 2.8969412668116377 9.018550214749105 7.812589254339144 1.035376489186362 2.299901762624131 
70.00031788834285 8.141204186401872 8.919452019330052 0.9900887477657108 0.6972210315927327 8.141204186401872 8.919452019330052 0.9900887477657108 0.6972210315927327 
71.00005154024092 6.663501257590319 7.476440463059902 0.8513743461076757 1.0316950203193755 6.663501257590319 7.476440463059902 0.8513743461076757 1.0316950203193755 
72.0002288113332 7.706460678459287 7.834108300787612 0.9794127638824648 1.2003077367214274 7.706460678459287 7.834108300787612 0.9794127638824648 1.2003077367214274 
73.00031788834289 8.28246179871833 7.238066752868605 1.3279465769888787 1.339928954089416 8.28246179871833 7.238066752868605 1.3279465769888787 1.339928954089416 
74.0003178883429 9.152193948646456 7.1928675531886626 1.0150980886800482 1.2397710416945245 9.152193948646456 7.1928675531886626 1.0150980886800482 1.2397710416945245 
75.00031788834292 7.369574101857339 7.1928675531886626 1.0175768795657376 1.2397710416945245 7.369574101857339 7.1928675531886626 1.0175768795657376 1.2397710416945245 
76.00031788834293 7.815297309917696 7.248888154468673 0.8054270866930437 1.6453139368082077 7.815297309917696 7.248888154468673 0.8054270866930437 2.302306313129833 
77.00031788834295 7.378791077537798 7.248888154468673 0.8271239546618574 1.6453139368082077 7.378791077537798 7.248888154468673 0.8271239546618574 2.302306313129833 
78.00031788834296 8.003113114661971 7.959115925081491 1.4514459917860307 0.4635508303184963 8.003113114661971 7.959115925081491 1.4514459917860307 0.4635508303184963 
79.00009170586334 6.75026895559985 8.291131189663915 0.9596091305726588 1.7637144582337925 6.75026895559985 8.291131189663915 0.9596091305726588 1.7637144582337925 
80.00031788834299 8.274550413542315 9.743391501490493 1.1837269605998273 3.2159747700603702 8.274550413542315 9.743391501490493 1.1837269605998273 0.7530214224605061 
81.000317888343 NaN NaN 0.4830127593148177 NaN NaN NaN 0.4830127593148177 NaN 
82.00031788834302 NaN NaN 0.4830127593148177 NaN NaN NaN 0.4830127593148177 NaN 
83.00003102611618 NaN NaN 1.58830367804687 NaN NaN NaN 1.58830367804687 1.8968592985957997 
84.00031788834305 NaN NaN 0.9190525110981724 NaN NaN NaN 0.9190525110981724 1.708084332857581 
85.00026221297246 NaN NaN 1.4531396153952727 NaN NaN NaN 1.4531396153952727 1.9740482663774657 
86.00031788834308 NaN NaN 0.6582673863311612 1.3000891241367327 NaN NaN 0.6582673863311612 1.3000891241367327 
87.00031788834309 NaN NaN 1.8801735748852195 1.9129413603914998 NaN NaN 1.8801735748852195 1.9129413603914998 
88.0003178883431 NaN NaN 1.8801735748852195 1.1149421776345463 NaN NaN 1.8801735748852195 1.1149421776345463 
89.00031788834312 7.782599969154873 NaN 1.1346896586289148 1.794046124970123 7.782599969154873 7.7650890514060364 1.1346896586289148 1.794046124970123 
90.00031788834313 7.454861671720693 NaN 0.887541194389712 0.6776170652701836 7.454861671720693 7.821574317331013 0.887541194389712 0.6776170652701836 
91.00031788834315 7.395471016703155 NaN 1.5272412638929183 1.2521915696453618 7.395471016703155 8.799530896709058 1.5272412638929183 1.2521915696453618 
92.00031788834316 8.646786438890956 NaN 1.6167805014236905 1.2521915696453618 8.646786438890956 8.799530896709058 1.6167805014236905 1.2521915696453618 
93.00031788834318 7.108523836625423 NaN 1.853790059312118 1.8254434822758725 7.108523836625423 9.000952712401599 1.853790059312118 1.8254434822758725 
94.00017710094114 7.736415082901999 NaN 0.7047946491337171 1.7509149706640983 7.736415082901999 8.944561794159782 0.7047946491337171 1.7509149706640983 
95.0003178883432 6.942291847838504 NaN 0.8465933098862877 1.663368585939466 6.942291847838504 7.929519946341301 0.8465933098862877 1.663368585939466 
96.00031788834322 6.942291847838504 NaN 0.8465933098862877 2.3385235240003226 6.942291847838504 7.276130600998016 0.8465933098862877 1.5763624535535001 
97.00031788834323 7.59867161542013 NaN 0.7880428559880954 1.4570073181784124 7.59867161542013 8.185697060247321 0.7880428559880954 1.4570073181784124 
98.00022623338069 8.13950439784604 NaN 0.9247950472023945 1.624619603118873 8.13950439784604 8.335750024149291 0.9247950472023945 1.624619603118873 
99.00004253863621 8.13950439784604 NaN 0.9247950472023945 1.4958471451069357 8.13950439784604 9.000743943069637 0.9247950472023945 1.4958471451069357 
100.00031788834328 8.595727495120556 NaN 1.5121690406166266 1.5448858642005519 8.595727495120556 6.852643623356428 1.5121690406166266 1.5448858642005519 
101.00031788834329 8.162535409660777 NaN 1.6269350183702187 2.4843424983218227 8.162535409660777 7.792100257477699 1.6269350183702187 1.050162821669261 
102.0003178883433 9.31683885583712 NaN 0.8839005211810189 1.2804722557096682 9.31683885583712 7.561426105660701 0.8839005211810189 1.2804722557096682 
103.00031788834332 8.14013813088198 NaN 1.4799195407139223 1.0381095711000938 8.14013813088198 7.444445272603076 1.4799195407139223 1.0381095711000938 
104.00031788834333 8.406477373877195 NaN 0.8156149335143112 1.36304908125814 8.406477373877195 7.701369515739998 0.8156149335143112 1.0244291789069706 
105.00031788834335 8.406477373877195 NaN 0.8156149335143112 0.8042082756763023 8.406477373877195 7.628876416633119 0.8156149335143112 0.8042082756763023 
106.00031788834336 6.517494886141023 NaN 1.1057388924402431 1.7104560242564304 6.517494886141023 8.535124165213247 1.1057388924402431 1.7104560242564304 
107.00031788834337 7.500219262601206 7.426416138026212 0.9427922556122326 1.756096373581471 7.500219262601206 7.426416138026212 0.9427922556122326 1.756096373581471 
108.00031788834339 6.754717009307299 7.638214589677716 1.6127779325665301 2.747654721906912 6.754717009307299 7.638214589677716 1.6127779325665301 1.7649303454467287 
109.00003051565693 7.878764190923064 5.754469680753502 1.5025108745661129 1.1511216405233 7.878764190923064 5.754469680753502 1.5025108745661129 1.1511216405233 
110.00031788834342 6.800830317584726 6.283645081343792 0.8170017600352395 0.8948697618489945 6.800830317584726 6.283645081343792 0.8170017600352395 0.8948697618489945 
111.00031788834343 7.8773165547227535 7.643961113136214 1.0256926942318074 1.4111095746986422 7.8773165547227535 7.643961113136214 1.0256926942318074 1.4111095746986422 
112.00014002174075 8.123007286827885 8.763760066180609 0.6049254212334318 1.4544222906050095 8.123007286827885 8.763760066180609 0.6049254212334318 1.4544222906050095 
113.00008492639662 7.040967550590196 7.591671363660424 1.567106629649146 1.472952900637992 7.040967550590196 7.591671363660424 1.567106629649146 1.472952900637992 
114.00031788834347 7.959922925477713 7.733584530780206 1.3662630514922682 1.6354092358022427 7.959922925477713 7.733584530780206 1.3662630514922682 1.6354092358022427 
115.00031788834349 6.734818949416763 8.708130379348702 1.8908023076632503 1.690999709483222 6.734818949416763 8.708130379348702 1.8908023076632503 1.690999709483222 
116.0003178883435 7.2049913041449685 7.129144706479607 0.7998182553912017 0.9052782833035167 7.2049913041449685 7.129144706479607 0.7998182553912017 0.9052782833035167 
117.00010675782816 7.255374524464642 7.819097625148515 1.0210995798340292 1.5952312019724246 7.255374524464642 7.819097625148515 1.0210995798340292 1.5952312019724246 
118.00020692735546 6.9949379630334505 7.261770197520008 1.4310261315263517 1.032088367287173 6.9949379630334505 7.261770197520008 1.4310261315263517 1.032088367287173 
119.00031788834355 6.131929594485797 7.6042469291345185 1.2826610563978278 1.2142343873344998 6.131929594485797 7.6042469291345185 1.2826610563978278 1.2142343873344998 
120.00031788834356 7.1959478990068675 6.624451704051069 1.064653870510341 0.9007057922305108 7.1959478990068675 6.624451704051069 1.064653870510341 2.115575745554281 
121.00031788834357 7.997447796979003 6.273451606443217 1.8661537684824765 1.5552268414918728 7.997447796979003 6.273451606443217 1.8661537684824765 1.5552268414918728 
122.00031788834359 7.6024562536558875 7.382581796808196 1.6944584105195446 0.7988388293636461 7.6024562536558875 7.382581796808196 1.6944584105195446 0.7988388293636461 
123.00003510784428 7.0642191828639085 6.796975676121477 1.0640131474880263 0.9688835264252873 7.0642191828639085 6.796975676121477 1.0640131474880263 0.9688835264252873 
124.00031788834362 7.835192081636563 8.385106036478035 1.6252482676110986 1.4238079101870227 7.835192081636563 8.385106036478035 1.6252482676110986 1.4238079101870227 
125.00002263077866 8.747518641311189 8.385106036478035 0.9494444669291653 1.4238079101870227 8.747518641311189 8.385106036478035 0.9494444669291653 1.4238079101870227 
126.00031788834364 7.00631118701709 8.212099363363038 1.8534975314959183 0.8956068535782009 7.00631118701709 8.212099363363038 1.8534975314959183 1.807933413252826 
127.00002613171007 7.00631118701709 8.879319290986075 1.8534975314959183 0.6587737166344851 7.00631118701709 8.879319290986075 1.8534975314959183 0.6587737166344851 
128.00031788834366 8.32445349256929 7.127728040676203 1.3265885165407525 1.9875706221415896 8.32445349256929 7.127728040676203 1.3265885165407525 1.9875706221415896 
129.0003178883436 6.952144842228435 7.270867955246757 1.3683990053312982 2.860356536968993 6.952144842228435 7.270867955246757 1.3683990053312982 1.5422142314167928 
130.00031788834355 8.356774326581288 7.821208480054366 0.6047586756337182 0.7998708087191346 8.356774326581288 7.821208480054366 0.6047586756337182 0.7998708087191346 
131.0003178883435 8.325376778039526 8.908876977812923 1.4730518244104474 1.8875393064776915 8.325376778039526 8.908876977812923 1.4730518244104474 1.8875393064776915 
132.00005354915075 6.403349598238108 8.762557329164494 1.116138302769599 1.4697961500712324 6.403349598238108 8.762557329164494 1.116138302769599 1.4697961500712324 
133.00011407169904 7.4528577579965685 8.499500532446618 1.1787601345816654 1.0686170459004813 7.4528577579965685 8.499500532446618 1.1787601345816654 1.0686170459004813 
134.00031788834332 7.179562457117228 8.795165123397922 1.1552152655464738 1.2271000367679505 7.179562457117228 8.795165123397922 1.1552152655464738 1.2271000367679505 
135.00031158747024 6.862364768359328 8.418824123261203 0.9588233316697483 1.7548121011979845 6.862364768359328 8.418824123261203 0.9588233316697483 1.7548121011979845 
136.0003178883432 6.8418184366094295 7.546586081397152 1.2833508503172197 1.3074769439537022 6.8418184366094295 7.546586081397152 1.2833508503172197 2.319076160702906 
137.00031788834315 8.227464754072543 8.522781092661717 1.8225913273898868 1.4314323721407618 8.227464754072543 8.522781092661717 1.8225913273898868 1.4314323721407618 
138.0003178883431 8.227464754072543 8.522781092661717 1.8225913273898868 1.4314323721407618 8.227464754072543 8.522781092661717 1.8225913273898868 1.4314323721407618 
139.00031788834303 7.706313568056714 8.210090511985555 1.0710717818726891 2.0060181071310694 7.706313568056714 8.210090511985555 1.0710717818726891 2.0060181071310694 
140.00031788834298 8.950763219167698 7.426357229394057 1.214604316085314 1.8856901238654018 8.950763219167698 7.426357229394057 1.214604316085314 1.8856901238654018 
141.0003151744173 9.009368712833236 8.03809674744511 1.4007812021421842 1.2529799908054713 9.009368712833236 8.03809674744511 1.4007812021421842 2.4974296419164546 
142.00031788834286 10.09582043808362 7.224965772993642 0.8789635560568456 1.5802805631797696 10.09582043808362 7.224965772993642 0.8789635560568456 1.5802805631797696 
143.0003178883428 7.064077950492759 8.02897968886549 1.62719914463608 2.3842944790516185 7.064077950492759 8.02897968886549 1.62719914463608 2.3842944790516185 
144.00031788834275 8.09896967175169 7.800440660103703 0.9983669292621187 1.1733077195377177 8.09896967175169 7.800440660103703 0.9983669292621187 1.1733077195377177 
145.0003178883427 8.216687249530253 7.795922414271303 0.8714839503027463 0.5096441213279661 8.216687249530253 9.181568731734416 0.8714839503027463 0.5096441213279661 
146.00031788834264 6.227749389517641 9.104945515841848 1.0402185829721304 1.8186672228985117 6.227749389517641 10.490591833304961 1.0402185829721304 1.8186672228985117 
147.00031788834258 7.3136461778620685 9.104945515841848 1.0670427502618622 1.8186672228985117 7.3136461778620685 10.490591833304961 1.0670427502618622 1.8186672228985117 
148.00031788834252 6.024174580743306 6.363418206098828 0.8237503181829595 1.5370049556293282 6.024174580743306 6.363418206098828 0.8237503181829595 1.5370049556293282 
149.00025686689798 6.024174580743306 7.381601483055022 0.8237503181829595 0.8635980643823302 6.024174580743306 7.381601483055022 0.8237503181829595 0.8635980643823302 
150.0003178883424 7.220201676206614 8.309925969286809 1.3506123080371708 1.7919225506141174 7.220201676206614 8.309925969286809 1.3506123080371708 1.7919225506141174 
151.00031788834235 7.25769428565053 7.418953424613704 0.8693116244806731 1.4880502203158699 7.25769428565053 7.418953424613704 0.8693116244806731 1.4880502203158699 
152.00000780995714 6.745534884379026 8.613404012842011 1.302824650134795 2.6825008085441766 6.745534884379026 8.613404012842011 1.302824650134795 2.6825008085441766 
153.00031788834224 6.745534884379026 7.702751369586252 1.302824650134795 0.9383624471246605 6.745534884379026 7.702751369586252 1.302824650134795 0.9383624471246605 
154.0002830332402 8.110276726901901 6.721335436928911 1.4731159044293634 1.8929768348946538 8.110276726901901 6.721335436928911 1.4731159044293634 1.8929768348946538 
155.00031788834212 7.037228813167246 7.8460460141443775 1.2882140819456538 1.6529455695872457 7.037228813167246 7.8460460141443775 1.2882140819456538 1.6529455695872457 
156.00020016906694 7.586208721607136 8.056086746968646 1.5517447082246463 2.7044429385317983 7.586208721607136 8.056086746968646 1.5517447082246463 2.7044429385317983 
157.000317888342 7.866668693231134 8.38565370710927 0.6741800106448181 0.9540301980759978 7.866668693231134 8.38565370710927 0.6741800106448181 0.9540301980759978 
158.00016742985562 8.618795801608996 9.114215289913773 1.0967401588820564 1.6825917808805002 8.618795801608996 9.114215289913773 1.0967401588820564 1.6825917808805002 
159.0003178883419 8.489213828808744 8.337957221473488 1.1669210895090885 1.5167975305769517 8.489213828808744 8.337957221473488 1.1669210895090885 1.5167975305769517 
160.00031788834184 8.702653619453656 7.799214807574145 2.2725156453190607 1.5049803940652566 8.702653619453656 7.799214807574145 2.2725156453190607 1.5049803940652566 
161.00007990235406 7.749715819699674 9.001701295665868 1.6757888361700282 1.6018723263470065 7.749715819699674 9.001701295665868 1.6757888361700282 1.6018723263470065 
162.00031788834173 8.816987170035873 7.547326655019987 0.7536483214946657 1.0858249172659669 8.816987170035873 7.547326655019987 0.7536483214946657 2.37407421477144 
163.00031788834167 6.960916546469093 8.094648492361415 0.7088763060920371 1.6331467546073952 6.960916546469093 8.094648492361415 0.7088763060920371 1.6331467546073952 
164.0003178883416 7.4490116474800345 8.205799577935466 1.526538367243603 2.652362512353733 7.4490116474800345 8.205799577935466 1.526538367243603 2.652362512353733 
165.00031788834156 6.670044102487424 8.137333461685103 0.8168759351194126 1.0329348647092615 6.670044102487424 8.137333461685103 0.8168759351194126 1.0329348647092615 
166.0003178883415 6.670044102487424 9.102717174762972 0.8168759351194126 0.8648896966473387 6.670044102487424 9.102717174762972 0.8168759351194126 0.8648896966473387 
167.00031788834144 7.1361728073055986 7.1119146441808425 1.2677639845753106 1.5305513436845786 7.1361728073055986 7.1119146441808425 1.2677639845753106 1.5305513436845786 
168.00031788834139 8.132176208132876 7.387122265822256 1.298383672324718 0.9307348938594089 8.132176208132876 7.387122265822256 1.298383672324718 0.9307348938594089 
169.00031788834133 7.209083147812635 7.387122265822256 0.9077857992563452 0.9307348938594089 7.209083147812635 7.387122265822256 0.9077857992563452 0.9307348938594089 
170.0000361851717 7.209083147812635 9.294262148318012 0.9077857992563452 0.9993540832394103 7.209083147812635 9.294262148318012 0.9077857992563452 0.9993540832394103 
171.00031788834121 6.908604052122513 7.667154580444446 2.1738442986539894 1.714269576065277 6.908604052122513 7.667154580444446 2.1738442986539894 1.714269576065277 
172.00031788834116 7.4701325168094 7.956310686158702 0.9371929435368997 2.8210877429310983 7.4701325168094 7.956310686158702 0.9371929435368997 1.555029243533454 
173.0001089549508 7.480342020996943 9.160902979678752 1.6637843664133243 1.3742175168489723 7.480342020996943 9.160902979678752 1.6637843664133243 1.3742175168489723 
174.00031788834104 8.25099501406774 10.030417776672408 1.0884106121761192 1.5171408909662034 8.25099501406774 8.896988895532616 1.0884106121761192 1.5171408909662034 
175.000317888341 7.642372762194185 8.576476677819102 1.0828323233135393 1.4130725595932176 7.642372762194185 8.576476677819102 1.0828323233135393 1.4130725595932176 
176.0001007710708 7.642372762194185 7.545485311984692 1.0828323233135393 1.6213172806638454 7.642372762194185 7.545485311984692 1.0828323233135393 1.6213172806638454 
177.00031788834087 7.504651951759058 8.40667968437856 1.2596042214485692 1.6185751449266377 7.504651951759058 8.40667968437856 1.2596042214485692 1.6185751449266377 
178.00031788834082 7.814324169263784 8.938613796989301 1.217075950818213 1.761020657704961 7.814324169263784 8.938613796989301 1.217075950818213 0.9436016462496184 
179.00031788834076 8.348436583738675 9.902162897630802 1.1240923628146504 1.0884846451276076 8.348436583738675 9.902162897630802 1.1240923628146504 1.0884846451276076 
180.0003178883407 6.776576869667537 7.857660590446528 0.9000940084878835 1.6954448575455103 6.776576869667537 7.857660590446528 0.9000940084878835 1.6954448575455103 
181.00031788834065 7.198478477546416 7.505831956295708 1.3219956163667632 1.0324550744598753 7.198478477546416 7.505831956295708 1.3219956163667632 1.0324550744598753 
182.00025235566665 7.599345471243765 7.947468208185541 1.0541349257925674 1.8374003428152434 7.599345471243765 7.947468208185541 1.0541349257925674 1.8374003428152434 
183.00023167963639 7.212437844472532 8.062494712659117 0.8862869169508372 1.5459815647288906 7.212437844472532 8.062494712659117 0.8862869169508372 1.5459815647288906 
184.00013580639248 8.187322486491155 6.812100173080438 1.8611715589694597 0.8592665500564749 8.187322486491155 6.812100173080438 1.8611715589694597 0.8592665500564749 
185.00031788834042 8.12193052549108 7.626086744960787 0.9114205033559415 1.673253121936824 8.12193052549108 7.626086744960787 0.9114205033559415 1.673253121936824 
186.00031788834036 8.704951350574731 8.639943936587429 0.6804547565592429 2.6871103135634655 8.704951350574731 8.639943936587429 0.6804547565592429 2.6871103135634655 
187.00015092815386 7.767012238386428 9.213329958787227 1.0342190486901188 1.7254545590307089 7.767012238386428 9.213329958787227 1.0342190486901188 1.7254545590307089 
188.00031788834025 8.771010226995344 8.103389761067803 1.0823106978869816 1.2364715311692578 8.771010226995344 8.103389761067803 1.0823106978869816 1.2364715311692578 
189.0003178883402 7.838733808784724 8.628728261034581 1.646437578072863 1.1797136504060006 7.838733808784724 8.628728261034581 1.646437578072863 1.1797136504060006 
190.00031788834013 7.260506212798276 7.14673783896373 1.416418402424597 1.4211378233640914 7.260506212798276 7.14673783896373 1.416418402424597 0.7725185431162913 
191.00003968970142 7.506336989796296 7.14673783896373 1.6939720841816097 1.4211378233640914 7.506336989796296 7.14673783896373 1.6939720841816097 0.7725185431162913 
192.00031788834002 8.016377066600342 8.994106647114052 1.728905777693086 1.3950935616639413 8.016377066600342 8.019222005095429 1.728905777693086 1.3950935616639413 
193.00031788833996 8.079536742249047 7.832303804452607 0.7586832170718196 2.0039777724149133 8.079536742249047 7.249282979368957 0.7586832170718196 2.0039777724149133 
194.0003178883399 6.505151069065391 8.467186290367493 0.9813226487271436 1.3622297271230934 6.505151069065391 7.884165465283843 0.9813226487271436 1.3622297271230934 
195.00031788833985 7.714776860437382 7.901358314196699 1.5560659541842483 1.869897812264412 7.714776860437382 7.901358314196699 1.5560659541842483 1.869897812264412 
196.0003178883398 6.9512189189889 8.593620260475547 0.5413102975282698 1.7306361161369637 6.9512189189889 8.593620260475547 0.5413102975282698 2.5621597585432596 
197.00031788833974 8.181607057204644 7.58078248707227 0.690587269096568 1.0987418626623082 8.181607057204644 7.58078248707227 0.690587269096568 1.0987418626623082 
198.00031788833968 6.702894319732934 8.153781543577736 0.6081573962974289 1.6717409191677746 6.702894319732934 8.153781543577736 0.6081573962974289 1.6717409191677746 
199.00031788833962 6.702894319732934 6.865851734389196 0.6081573962974289 1.6548472925728674 6.702894319732934 6.865851734389196 0.6081573962974289 1.6548472925728674 
200.00031788833957 7.549333376581302 7.810724187754772 0.8019446726493413 1.5502095686889845 7.549333376581302 7.810724187754772 0.8019446726493413 1.5502095686889845 
201.0003178883395 NaN NaN NaN NaN NaN NaN NaN NaN 
202.00031788833945 NaN NaN 1.3908224710296793 NaN NaN NaN 1.3908224710296793 NaN 
203.0003178883394 NaN NaN 1.0913715120151153 NaN NaN NaN 1.0913715120151153 NaN 
204.00031788833934 NaN NaN 0.8238690089733325 NaN NaN NaN 0.8238690089733325 NaN 
205.00031788833928 NaN NaN 1.5261179760076118 NaN NaN NaN 1.5261179760076118 NaN 
206.00031788833923 NaN NaN 1.707064046625817 NaN NaN NaN 1.707064046625817 NaN 
207.00031788833917 NaN NaN 0.8265079003570008 NaN NaN NaN 0.8265079003570008 2.2500842139411077 
208.0003178883391 NaN NaN 1.7308937963670417 NaN NaN NaN 1.7308937963670417 1.3647331919110286 
209.00031788833905 8.60050418785832 NaN 1.1009767961706416 NaN 8.60050418785832 NaN 1.1009767961706416 1.3647331919110286 
210.00003585481116 8.461265027558824 NaN 1.9989997143002256 NaN 8.461265027558824 NaN 1.9989997143002256 1.743783977999783 
211.00031788833894 7.7809929744840645 NaN 0.5676315755130759 2.8741497155889704 7.7809929744840645 NaN 0.5676315755130759 2.8741497155889704 
212.00031788833888 8.767420201439137 NaN 1.5540588024681483 0.6705212302267682 8.767420201439137 NaN 1.5540588024681483 0.6705212302267682 
213.00031788833883 7.30542244952855 NaN 1.8866389572150126 1.6471628035819776 7.30542244952855 NaN 1.8866389572150126 1.6471628035819776 
214.00031788833877 8.153115049223004 NaN 1.6401172618037378 2.2159582904431545 8.153115049223004 NaN 1.6401172618037378 2.2159582904431545 
215.0003178883387 8.081072457428917 NaN 0.8738961554953448 3.3774423013031765 8.081072457428917 NaN 0.8738961554953448 3.3774423013031765 
216.00031788833866 9.325438839647234 NaN 0.9567785268536397 1.3990985333292372 9.325438839647234 NaN 0.9567785268536397 1.3990985333292372 
217.0003178883386 6.915846790247116 NaN 0.8728350085112311 2.544463144428903 6.915846790247116 NaN 0.8728350085112311 2.544463144428903 
218.00013361953657 7.762877549835537 NaN 1.7198657680996519 2.031778071067805 7.762877549835537 NaN 1.7198657680996519 3.276144453286122 
219.0003178883385 6.725537581925039 NaN 1.030059912927186 1.1054941927362165 6.725537581925039 NaN 1.030059912927186 1.1054941927362165 
220.00028251204148 6.70620694755624 NaN 1.0390568110346123 1.8171631471932699 6.70620694755624 NaN 1.0390568110346123 1.8171631471932699 
221.00031788833837 7.299038208900328 NaN 1.4890146047828239 1.0078604026886637 7.299038208900328 NaN 1.4890146047828239 1.0078604026886637 
222.00031788833832 8.13097316845915 NaN 0.9857013050754233 0.8840018218106138 8.13097316845915 NaN 0.9857013050754233 0.8840018218106138 
223.00031788833826 9.09682526536966 NaN 0.9137852346587181 2.113953623783516 9.09682526536966 NaN 0.9137852346587181 2.113953623783516 
224.0003178883382 6.414289930936349 NaN 1.649609200149655 2.113953623783516 6.414289930936349 NaN 1.649609200149655 2.113953623783516 
225.00031788833815 7.271701662209836 NaN 1.2770691294502399 1.6694700641837699 7.271701662209836 NaN 1.2770691294502399 1.6694700641837699 
226.0000668169302 8.42637272375336 NaN 1.0784366941241785 2.703244139696693 8.42637272375336 NaN 1.0784366941241785 2.703244139696693 
227.00019583998994 7.8212996850369905 NaN 1.1195849296310882 3.5802274057700174 7.8212996850369905 NaN 1.1195849296310882 3.5802274057700174 
228.00031788833797 8.194856001494344 NaN 1.3278269344721707 1.0419858448910304 8.194856001494344 NaN 1.3278269344721707 1.0419858448910304 
229.00004770864632 7.855576634160457 NaN 1.039208317955712 2.2606492411067336 7.855576634160457 6.083478310434515 1.039208317955712 1.6152175398716224 
230.00031788833786 7.99242760372988 NaN 0.9951640586366466 0.8353452788740867 7.99242760372988 6.73936851104861 0.9951640586366466 0.8353452788740867 
231.0003178883378 7.579179366209132 NaN 1.155977422474706 2.26147925216884 7.579179366209132 7.429678518852427 1.155977422474706 1.0868601152722022 
232.00031788833775 7.52838414388026 NaN 1.0323517237206659 2.021210439343804 7.52838414388026 8.364028842924029 1.0323517237206659 2.021210439343804 
233.0003178883377 6.852573338398798 NaN 1.3903149937521277 2.021210439343804 6.852573338398798 8.364028842924029 1.3903149937521277 2.021210439343804 
234.00031788833763 7.581806694842271 NaN 2.062181292197323 1.8877419062790466 7.581806694842271 7.815185607481851 2.062181292197323 1.007274887694308 
235.00031788833758 8.515409312532597 NaN 1.532544352512815 2.2943005671446883 8.515409312532597 7.381857274677287 1.532544352512815 2.2943005671446883 
236.00031788833752 9.439574600928268 NaN 1.1696839614581052 1.7116545249019168 9.439574600928268 8.405427854951313 1.1696839614581052 1.7116545249019168 
237.00031788833746 7.788981525831758 NaN 0.9987712107520679 1.966828782810751 7.788981525831758 8.158442268938842 0.9987712107520679 1.0426634944150805 
238.00007239548665 8.290082957261944 NaN 0.9669859671971892 2.8720919913348553 8.290082957261944 9.063705477462946 0.9669859671971892 1.947926702939185 
239.00031788833735 7.686048247500793 NaN 0.8838220222066866 3.9141230367332582 7.686048247500793 8.114413821512557 0.8838220222066866 2.989957748337588 
240.0003178883373 8.482644731084548 NaN 1.680418505790442 4.627027867065067 8.482644731084548 7.524810377303652 1.680418505790442 1.6932131170571267 
241.00011195008818 8.738618040989849 NaN 1.1158062640371327 1.185010173911877 8.738618040989849 7.327867049210113 1.1158062640371327 1.185010173911877 
242.00031788833718 9.861660383221647 NaN 1.1283558022968236 0.8479617069487801 9.861660383221647 8.181142216223918 1.1283558022968236 0.8479617069487801 
243.00006682501981 8.502412949762089 NaN 0.8749405196623457 2.471243743603253 8.502412949762089 7.289912586309782 0.8749405196623457 2.471243743603253 
244.0002535436303 9.469034657859055 NaN 1.0094381100911676 2.471243743603253 9.469034657859055 7.289912586309782 1.0094381100911676 2.471243743603253 
245.000317888337 8.133095786409967 NaN 1.8858466945152657 1.921398306307907 8.133095786409967 6.662930381010568 1.8858466945152657 1.921398306307907 
246.00031788833695 8.133095786409967 NaN 1.8858466945152657 2.7804501632033976 8.133095786409967 6.699882974372457 1.8858466945152657 2.7804501632033976 
247.0003178883369 8.048327033584883 NaN 1.5066530824041422 1.2409757134798554 8.048327033584883 7.584986269159032 1.5066530824041422 1.2409757134798554 
248.00031788833684 8.571134456345135 NaN 0.715543597216822 1.1211664199131235 8.571134456345135 8.726704712651838 0.715543597216822 1.1211664199131235 
249.00006588868922 7.669745467208799 NaN 0.7591073567790261 1.538983878162611 7.669745467208799 8.948923451355455 0.7591073567790261 1.538983878162611 
250.00031788833672 7.669745467208799 NaN 0.7591073567790261 0.7901578289243787 7.669745467208799 6.866015858291064 0.7591073567790261 0.7901578289243787 
251.00031788833667 7.802025683368356 NaN 1.4747408750721434 1.5007779787637219 7.802025683368356 7.504425007323846 1.4747408750721434 1.5007779787637219 
252.0001111522992 8.481262682172911 NaN 0.9340212728548636 1.7359154591913182 8.481262682172911 8.870730448512006 0.9340212728548636 1.7359154591913182 
253.000128717219 9.060625716918054 NaN 1.5133843076000062 1.6994962058289786 9.060625716918054 6.354147457622531 1.5133843076000062 1.6994962058289786 
254.0003178883365 7.815951387496995 NaN 0.5561486115082062 2.394332091933478 7.815951387496995 7.728220342531586 0.5561486115082062 1.8149690571883355 
255.00031788833644 7.995034539651726 NaN 1.6203350584495126 1.9645930189680314 7.995034539651726 8.874889088098769 1.6203350584495126 1.9645930189680314 
256.0003178883364 9.167912072213767 NaN 1.4191397061024986 1.9645930189680314 9.167912072213767 8.874889088098769 1.4191397061024986 1.9645930189680314 
257.0003178883363 8.50739832871426 NaN 1.7724908828159869 2.110511170053769 8.50739832871426 7.185904687146291 1.7724908828159869 3.1746976169950756 
258.00031788833627 7.240882849147937 7.810561173507324 1.555756140765368 1.9130368233576291 7.240882849147937 7.810561173507324 1.555756140765368 1.9130368233576291 
259.0003178883362 7.047248822323667 7.474910737769704 1.2235076049363443 1.168049161476631 7.047248822323667 7.474910737769704 1.2235076049363443 1.168049161476631 
260.0002047750266 7.233475529199183 7.474910737769704 1.1588298148831768 1.168049161476631 7.233475529199183 7.474910737769704 1.1588298148831768 1.168049161476631 
261.0003178883361 8.381766393602078 7.992749252161076 0.829913313720283 0.9063525893737392 8.381766393602078 7.992749252161076 0.829913313720283 0.9063525893737392 
262.00031788833604 9.146165488737978 8.931564123759728 1.594312408856183 2.842212244759878 9.146165488737978 8.931564123759728 1.594312408856183 1.8399097111256992 
263.000317888336 9.752438646502384 9.39509139067016 2.200585566620589 3.3057395116703105 9.752438646502384 9.39509139067016 2.200585566620589 2.3034369780361317 
264.00021928231774 9.638173391841008 7.61749985647964 1.061006274571696 1.4386950622445056 9.638173391841008 7.61749985647964 1.061006274571696 1.4386950622445056 
265.00031788833587 7.263646303286464 8.140091051641548 2.1096005312174384 1.9612862574064138 7.263646303286464 8.140091051641548 2.1096005312174384 1.9612862574064138 
266.0003178883358 7.408431222123397 7.74992123230021 1.1813769938394785 3.2840849550664757 7.408431222123397 7.74992123230021 1.1813769938394785 3.2840849550664757 
267.0002274218105 7.734748849708751 8.198140342046372 1.1528767788851724 1.323740279343781 7.734748849708751 8.198140342046372 1.1528767788851724 1.323740279343781 
268.0003178883357 8.441737486421175 8.562850513164847 0.6775468400743989 2.3132491059246263 8.441737486421175 8.562850513164847 0.6775468400743989 2.3132491059246263 
269.00031788833564 6.9415429709347904 9.852854086477691 1.2209047025298219 1.6019655598192912 6.9415429709347904 9.852854086477691 1.2209047025298219 1.6019655598192912 
270.0003178883356 7.194879968824125 9.852854086477691 1.937768967329589 1.6019655598192912 7.194879968824125 9.852854086477691 1.937768967329589 1.6019655598192912 
271.0001582101973 7.1602600104135945 8.44682156133456 1.8530391421747368 1.9639710145344793 7.1602600104135945 8.44682156133456 1.8530391421747368 1.9639710145344793 
272.0003178883355 7.531823194316928 9.310064801118472 1.6525610481531885 1.916383476618364 7.531823194316928 9.916337958882878 1.6525610481531885 1.916383476618364 
273.0002673308093 8.285095765164328 8.994460036000305 0.9363172214522706 1.6553125935898834 8.285095765164328 10.86054082401239 0.9363172214522706 1.6553125935898834 
274.000124599432 7.944188543133237 8.069774113467702 0.9740058319517289 1.7193279129902521 7.944188543133237 8.069774113467702 0.9740058319517289 1.7193279129902521 
275.0003178883353 8.738143590941831 7.500938843088306 1.7679608797603237 2.4447911253166126 8.738143590941831 7.500938843088306 1.7679608797603237 2.4447911253166126 
276.00031788833525 9.522157542381933 7.990505061180443 1.5938051327348148 3.641345980121173 9.522157542381933 7.990505061180443 1.5938051327348148 3.641345980121173 
277.0002332586841 7.187018166982114 7.878011652263979 1.9950335204255225 1.7485862145159103 7.187018166982114 7.878011652263979 1.9950335204255225 1.7485862145159103 
278.00031788833513 7.7725644417485 7.878011652263979 1.0582841333543342 1.7485862145159103 7.7725644417485 7.878011652263979 1.0582841333543342 1.7485862145159103 
279.0003178883351 7.142589969754795 8.759738058244068 1.8978260589089473 1.3392795507897972 7.142589969754795 8.759738058244068 1.8978260589089473 0.540306537425522 
280.000317888335 8.295927779865849 7.2485647703055065 1.4525731982401453 1.8818339475575954 8.295927779865849 7.2485647703055065 1.4525731982401453 1.8818339475575954 
281.00031788833496 8.966771535653947 7.512208689939655 2.1234169540282437 1.1344896071550465 8.966771535653947 7.512208689939655 2.1234169540282437 1.1344896071550465 
282.0000420707337 7.232068475593962 8.436475312122468 1.675022259757668 1.3879124735497612 7.232068475593962 8.436475312122468 1.675022259757668 1.3879124735497612 
283.00013547291707 8.046075785300616 8.595377740558547 1.243494174201203 1.4476372339329373 8.046075785300616 8.595377740558547 1.243494174201203 1.4476372339329373 
284.0003178883348 8.909235495693054 7.480046478859606 1.1823872624108276 2.243011523691166 8.909235495693054 7.480046478859606 1.1823872624108276 2.243011523691166 
285.000039723397 9.527406484972971 7.45041389197894 1.248881340492403 1.41741765120031 9.527406484972971 7.45041389197894 1.248881340492403 1.41741765120031 
286.0003178883347 7.624472447807989 8.563961903220843 1.5133381066188463 2.530965662442213 7.624472447807989 8.563961903220843 1.5133381066188463 2.530965662442213 
287.0000187984281 8.643744422710995 8.188143809361975 1.4190620702799492 3.7936625075022334 8.643744422710995 8.188143809361975 1.4190620702799492 3.7936625075022334 
288.00010528736965 8.643744422710995 7.897478010818929 1.4190620702799492 NaN 8.643744422710995 7.897478010818929 1.4190620702799492 4.656334519070242 
289.0003178883345 8.317183743210023 9.035308824953063 1.1713319558510307 1.8441376004822132 8.317183743210023 9.035308824953063 1.1713319558510307 1.8441376004822132 
290.00031788833445 8.103745837058568 9.035308824953063 1.127193241443365 1.8441376004822132 8.103745837058568 9.035308824953063 1.127193241443365 1.8441376004822132 
291.0002170962882 7.97808967306031 7.8434388143032265 1.9543945536897809 2.0152846405575247 7.97808967306031 7.8434388143032265 1.9543945536897809 2.0152846405575247 
292.0002815611567 7.976844009899025 8.8505075078005 1.5624094095803116 3.022353334054799 7.976844009899025 8.8505075078005 1.5624094095803116 3.022353334054799 
293.0003178883343 8.398353009825257 7.423547411363472 0.577497405577617 0.6955847419568499 8.398353009825257 10.101432965840388 0.577497405577617 0.6955847419568499 
294.0000068155241 9.244780719633127 8.421159658172087 0.426312868576872 1.6931969887654645 9.244780719633127 11.099045212649003 0.426312868576872 1.6931969887654645 
295.00031788833417 7.009398597768211 7.752614366218893 1.4298476145818881 0.7556694668617752 7.009398597768211 7.752614366218893 1.4298476145818881 0.7556694668617752 
296.0003178883341 7.367550856794935 8.893797123719992 1.0689500131574619 1.896852224362874 7.367550856794935 8.893797123719992 1.0689500131574619 1.896852224362874 
297.00031788833405 8.05842144234623 7.48632389281903 1.2935361803542946 1.824953310213857 8.05842144234623 7.48632389281903 1.2935361803542946 1.824953310213857 
298.00014458592403 6.738191495795377 8.489761831328565 1.2348528661511295 0.93609830641077 6.738191495795377 8.489761831328565 1.2348528661511295 0.93609830641077 
299.00022656582735 7.699496329108399 8.198521409204318 2.196157699464152 2.094494520547869 7.699496329108399 8.198521409204318 2.196157699464152 2.094494520547869 
300.0003178883339 7.262449541919352 7.091008468544544 1.712037715405927 3.0541923540195057 7.262449541919352 7.091008468544544 1.712037715405927 3.0541923540195057 
#####################################################################
# End of data export. Simulation finished at: 2019-09-25T11:47+0000 #
#####################################################################
