#####################################################################
# Alchemist log file - simulation started at: 2019-09-21T06:12+0000 #
#####################################################################
# seed = 74.0, stage_width = 1500
#
# The columns have the following meaning: 
# time rep-bcast[Sum] rep-ccast[Sum] share-bcast[Sum] share-ccast[Sum] rep-bcast-single[Sum] rep-ccast-single[Sum] share-bcast-single[Sum] share-ccast-single[Sum] 
0.0 NaN NaN NaN NaN NaN NaN NaN NaN 
1.0002886914910423 NaN NaN NaN NaN NaN NaN NaN NaN 
2.000054177354368 NaN NaN NaN NaN NaN NaN NaN NaN 
3.000039177820217 NaN NaN 2.4571978856095678 NaN NaN NaN 2.4571978856095678 NaN 
4.000288691491043 NaN NaN 2.0709940217975533 NaN NaN NaN 2.0709940217975533 2.375633687704154 
5.000057322086137 NaN NaN 2.1640128611061855 3.5263572945146557 NaN NaN 2.1640128611061855 3.5263572945146557 
6.000288691491045 NaN NaN 1.939314560619814 2.3770418240596882 NaN NaN 1.939314560619814 2.3770418240596882 
7.000288691491046 NaN NaN 2.664823319817156 2.3770418240596882 NaN NaN 2.664823319817156 2.3770418240596882 
8.000288691491047 NaN NaN 1.9439423672873222 3.8130802609807715 NaN NaN 1.9439423672873222 2.6120527609715873 
9.000288691491043 NaN NaN 2.4560755541953787 2.2820593370247657 NaN NaN 2.4560755541953787 2.2820593370247657 
10.00028869149104 NaN NaN 3.8847667770523495 2.8525217964650977 NaN NaN 3.8847667770523495 2.8525217964650977 
11.000288691491036 NaN NaN 2.975318455829285 2.6093606533475127 NaN NaN 2.975318455829285 2.6093606533475127 
12.000288691491033 NaN NaN 2.4128223994564486 3.531854544492872 NaN NaN 2.4128223994564486 3.531854544492872 
13.00008881514621 NaN NaN 3.107964431440882 2.006100812771505 NaN NaN 3.107964431440882 2.006100812771505 
14.000288691491026 NaN NaN 2.4518480918064665 3.0167734820395538 NaN NaN 2.4518480918064665 3.0167734820395538 
15.000288691491022 NaN NaN 2.7921361799567244 2.922954126199418 NaN NaN 2.7921361799567244 2.2278120942149844 
16.00028869149102 NaN NaN 2.7921361799567244 3.2792251660843057 NaN NaN 2.7921361799567244 3.2792251660843057 
17.000288691491015 NaN NaN 3.0104908818222693 3.027721229074613 NaN NaN 3.0104908818222693 3.027721229074613 
18.00028869149101 17.132481878098304 NaN 1.8315265009710053 3.0205664861046273 17.132481878098304 NaN 1.8315265009710053 4.302515367996564 
19.000288691491008 18.68664476361722 NaN 3.385689386489922 2.8160532856006633 18.68664476361722 16.37218685770411 3.385689386489922 2.8160532856006633 
20.000288691491004 18.461959176435936 NaN 3.058557097917422 2.8160532856006633 18.461959176435936 16.37218685770411 3.058557097917422 2.8160532856006633 
21.000288691491 19.516477750880743 NaN 1.8137673628106477 4.077048509186152 19.516477750880743 17.6331820812896 1.8137673628106477 4.077048509186152 
22.000288691490997 16.970574395774683 NaN 2.688333922591365 3.013857070719965 16.970574395774683 18.614157996769844 2.688333922591365 3.013857070719965 
23.000015022137607 18.13560529580745 NaN 2.5923695990386406 2.964474963331213 18.13560529580745 18.154412617960414 2.5923695990386406 3.8664637313935124 
24.00028869149099 18.69412780888107 NaN 2.169916196632016 2.964474963331213 18.69412780888107 18.154412617960414 2.169916196632016 3.8664637313935124 
25.000288691490987 18.832053905590033 NaN 1.853655611680125 2.4941308932044848 18.832053905590033 18.676114335169856 1.853655611680125 2.4941308932044848 
26.000288691490983 20.120772025016734 NaN 1.6836326670080304 3.5571530316503512 20.120772025016734 17.55621912916725 1.6836326670080304 3.5571530316503512 
27.00028869149098 17.554515456531533 NaN 2.4564316770241135 3.6262070264986903 17.554515456531533 19.348826537121973 2.4564316770241135 3.6262070264986903 
28.000288691490976 18.976963563695904 NaN 1.8857137249283227 4.487858838122214 18.976963563695904 20.210478348745497 1.8857137249283227 4.487858838122214 
29.000288691490972 18.976963563695904 NaN 1.8857137249283227 2.363814397212895 18.976963563695904 18.846028539495343 1.8857137249283227 2.363814397212895 
30.00028869149097 20.87173329115729 NaN 2.0563681536257583 2.363814397212895 20.87173329115729 18.846028539495343 2.0563681536257583 2.363814397212895 
31.000288691490965 18.627663229714788 NaN 2.8907002192038433 2.438219703736493 18.627663229714788 19.002360867975945 2.8907002192038433 2.438219703736493 
32.000288691490965 19.818992028330833 NaN 2.979064301606993 2.468189416425062 19.818992028330833 20.065291492073648 2.979064301606993 2.468189416425062 
33.00000596940021 19.818992028330833 NaN 2.979064301606993 1.9154009167796175 19.818992028330833 20.51350184207411 2.979064301606993 1.9154009167796175 
34.000047672879575 16.60083902152797 15.600901525407899 2.801966408255563 1.8472404021138153 16.60083902152797 15.600901525407899 2.801966408255563 1.8472404021138153 
35.00028869149101 17.775361439788018 16.7779770078115 1.7702058204330129 3.024315884517417 17.775361439788018 16.7779770078115 1.7702058204330129 3.024315884517417 
36.00028869149102 17.42997057955398 16.7779770078115 2.699609099120927 3.024315884517417 17.42997057955398 16.7779770078115 2.699609099120927 3.024315884517417 
37.000288691491036 18.639779641773032 18.132278274269623 2.7862498773897357 1.8843392123789542 18.639779641773032 18.132278274269623 2.7862498773897357 1.8843392123789542 
38.00028869149105 19.979262208856937 19.137042353645484 2.9486569620700394 2.8891032917548145 19.979262208856937 19.137042353645484 2.9486569620700394 2.8891032917548145 
39.000288691491065 19.979262208856937 20.083912696087566 2.9486569620700394 2.9065703555089826 19.979262208856937 20.083912696087566 2.9486569620700394 2.9065703555089826 
40.00020121879331 18.993401104048118 20.083912696087566 2.894003985018216 2.9065703555089826 18.993401104048118 20.083912696087566 2.894003985018216 2.9065703555089826 
41.00028869149109 18.932898817284347 19.301862685596593 2.8097135343588278 2.7099343756603176 18.932898817284347 19.301862685596593 2.8097135343588278 2.1608820101799324 
42.000224586805345 17.14939509557065 18.28547930342075 3.0198331469331663 3.184096087817572 17.14939509557065 19.450510203453515 3.0198331469331663 3.184096087817572 
43.00028869149112 18.192873741332047 19.58208261970634 2.2597085087206565 4.480699404103163 18.192873741332047 20.747113519739106 2.2597085087206565 3.1810511146968636 
44.000288691491136 19.471461983426853 18.010733661787675 2.5150826731778224 2.5449712332250556 19.471461983426853 18.010733661787675 2.5150826731778224 2.5449712332250556 
45.00025058828967 18.187766927542217 19.07559666519394 1.927950360267758 2.566355590869925 18.187766927542217 19.07559666519394 1.927950360267758 2.566355590869925 
46.00019344875435 18.61715390911303 18.738141374934212 3.2198008289789968 1.6178871588290207 18.61715390911303 18.738141374934212 3.2198008289789968 1.6178871588290207 
47.000217977208855 18.687131984123205 19.319155018366697 2.7100470133516126 2.1989008022615053 18.687131984123205 19.319155018366697 2.7100470133516126 2.1989008022615053 
48.00028869149119 19.80235276157473 20.53624211212311 2.7604047873968725 3.415987896017917 19.80235276157473 20.53624211212311 2.7604047873968725 3.415987896017917 
49.00028869149121 20.870892157788454 20.714418489812882 2.7893533701811677 4.412365287198988 20.870892157788454 20.714418489812882 2.7893533701811677 4.412365287198988 
50.00028869149122 18.131353995598246 18.811521604925865 3.1315503185570392 5.238570195351443 18.131353995598246 19.64585367050395 3.1315503185570392 5.238570195351443 
51.000288691491235 19.20154820129477 18.75929103577715 2.984657430497151 1.9704278958085837 19.20154820129477 18.75929103577715 2.984657430497151 1.9704278958085837 
52.00010776935632 20.359490443010756 20.00757339744779 2.3200173728796116 3.2187102574792235 20.359490443010756 20.00757339744779 2.3200173728796116 3.2187102574792235 
53.00003420953577 20.359490443010756 20.00757339744779 2.3200173728796116 3.2187102574792235 20.359490443010756 20.00757339744779 2.3200173728796116 3.2187102574792235 
54.00028869149128 19.911099018949628 16.850828495703794 2.9990483852862937 2.7020508377339 19.911099018949628 16.850828495703794 2.9990483852862937 2.7020508377339 
55.00028869149129 19.599496773436975 18.018121446533442 2.616239260506603 2.7114015468475614 19.599496773436975 18.018121446533442 2.616239260506603 2.7114015468475614 
56.000288691491306 20.848512727961733 18.954922019487178 2.3885098372718048 3.6482021198012973 20.848512727961733 18.954922019487178 2.3885098372718048 3.6482021198012973 
57.00021406893083 18.70627885143525 18.954922019487178 2.38491869819174 3.6482021198012973 18.70627885143525 18.954922019487178 2.38491869819174 3.6482021198012973 
58.000288691491335 19.20203744942141 19.8288872975427 1.9438767232241645 3.494468357586328 19.20203744942141 19.8288872975427 1.9438767232241645 2.6289951206953788 
59.00028869149135 20.386993630207115 20.919203082248025 3.128832904009869 2.470294950875946 20.386993630207115 20.919203082248025 3.128832904009869 2.470294950875946 
60.00028869149136 21.05142500116692 19.19645407455532 2.1288687953106304 2.3530184150368143 21.05142500116692 19.19645407455532 2.1288687953106304 2.3530184150368143 
61.00028869149138 19.385859713377783 20.18807815983552 2.199805084427716 2.8488839023308543 19.385859713377783 20.18807815983552 2.199805084427716 2.8488839023308543 
62.0002188971351 20.57916477846984 20.99281138096613 3.393110149519771 3.6536171234614656 20.57916477846984 20.99281138096613 3.393110149519771 3.6536171234614656 
63.000288691491406 18.901282644990864 18.971097971165896 2.415165673396821 3.261573004788346 18.901282644990864 18.971097971165896 2.415165673396821 3.261573004788346 
64.00028869149142 17.693880287741585 18.169280892181426 2.507483911852624 2.1065202589761753 17.693880287741585 18.169280892181426 2.507483911852624 2.1065202589761753 
65.00028869149143 18.932819549422362 18.169280892181426 2.2890797404610126 2.1065202589761753 18.932819549422362 18.169280892181426 2.2890797404610126 2.1065202589761753 
66.00028869149145 19.377261224685967 19.616699081244825 2.115030666054807 2.493833562971872 19.377261224685967 19.616699081244825 2.115030666054807 3.553938448039574 
67.00028869149146 19.377261224685967 20.699634974349458 2.115030666054807 3.576769456076505 19.377261224685967 20.699634974349458 2.115030666054807 3.576769456076505 
68.00027440047876 21.25161598727209 18.690798074082956 2.541967239577531 1.5218765761456723 21.25161598727209 19.75933747029668 2.541967239577531 1.5218765761456723 
69.00007889219472 19.350602469213513 19.87437134775201 2.597687221504259 2.705449849814727 19.350602469213513 20.942910743965733 2.597687221504259 2.705449849814727 
70.0002886914915 20.194638458410495 20.16208360549431 2.3351700506687934 3.9163726993653825 20.194638458410495 20.16208360549431 2.3351700506687934 3.9163726993653825 
71.00028869149152 20.103740858771722 20.16208360549431 2.1997974068282957 3.9163726993653825 20.103740858771722 20.16208360549431 2.1997974068282957 3.9163726993653825 
72.00028869149153 19.91839390068533 18.87236501916729 3.262732810412544 3.101305843597828 19.91839390068533 18.87236501916729 3.262732810412544 2.257269854400846 
73.00028869149155 18.035840161003875 19.576909303721436 2.813294549769637 2.961814138954992 18.035840161003875 19.576909303721436 2.813294549769637 2.961814138954992 
74.00028869149156 16.24706370066616 20.26731911015314 2.384403980846983 3.16262663666771 16.24706370066616 20.26731911015314 2.384403980846983 4.210827266496267 
75.00028869149158 17.119667988623817 17.99902421370605 2.3003746481524274 2.348102750893915 17.119667988623817 17.99902421370605 2.3003746481524274 2.348102750893915 
76.00028869149159 18.103966440283358 17.99902421370605 2.5801288152578223 2.348102750893915 18.103966440283358 17.99902421370605 2.5801288152578223 2.348102750893915 
77.00000872347013 17.982356002441634 19.415570884132592 3.548834162121423 2.952229829045393 17.982356002441634 19.415570884132592 3.548834162121423 2.952229829045393 
78.00017769096158 17.148833245158706 19.23685675131609 2.49445153176967 2.5973277353835584 17.148833245158706 19.23685675131609 2.49445153176967 2.5973277353835584 
79.00028869149163 17.730577731547505 19.23685675131609 3.0761960181584698 2.5973277353835584 17.730577731547505 19.23685675131609 3.0761960181584698 2.5973277353835584 
80.0000024728525 18.716639042404374 19.85524423490245 2.645710658588797 3.8801465899297227 18.716639042404374 19.85524423490245 2.645710658588797 3.8801465899297227 
81.00028869149166 NaN NaN NaN NaN NaN NaN NaN NaN 
82.00019356574701 NaN NaN NaN NaN NaN NaN NaN NaN 
83.00028869149169 NaN NaN 2.9431107282103 NaN NaN NaN 2.9431107282103 NaN 
84.0002886914917 NaN NaN 1.942709386043731 NaN NaN NaN 1.942709386043731 2.616216964162348 
85.00028869149172 NaN NaN 1.942709386043731 NaN NaN NaN 1.942709386043731 2.029917808292538 
86.00028869149173 NaN NaN 2.421978240046087 NaN NaN NaN 2.421978240046087 2.950853739111338 
87.00028869149175 NaN NaN 2.9844351053848612 NaN NaN NaN 2.9844351053848612 2.831372995568543 
88.00028869149176 NaN NaN 2.5041596565003488 NaN NaN NaN 2.5041596565003488 3.676941995417266 
89.00028869149178 NaN NaN 1.7394109558399151 NaN NaN NaN 1.7394109558399151 2.236610492313048 
90.00028869149179 NaN NaN 2.9108014553131056 NaN NaN NaN 2.9108014553131056 2.236610492313048 
91.0002886914918 NaN NaN 1.8986831215890732 NaN NaN NaN 1.8986831215890732 2.550535619956918 
92.00028869149182 NaN NaN 1.8986831215890732 NaN NaN NaN 1.8986831215890732 3.016500693203156 
93.00028869149183 NaN NaN 3.2007633499581374 NaN NaN NaN 3.2007633499581374 2.8957087053217094 
94.00028869149185 NaN NaN 3.342004715606862 NaN NaN NaN 3.342004715606862 3.0776200826807383 
95.00014676356294 NaN NaN 2.3487493486092177 2.6337293480545725 NaN NaN 2.3487493486092177 3.9358095764236367 
96.00028869149187 NaN NaN 2.0713243067325493 2.317826291475285 NaN NaN 2.0713243067325493 2.317826291475285 
97.00028869149189 NaN NaN 2.0713243067325493 3.273215092996722 NaN NaN 2.0713243067325493 3.273215092996722 
98.0002886914919 NaN NaN 2.320851139842759 3.0350504616751977 NaN NaN 2.320851139842759 3.0350504616751977 
99.00028869149192 NaN NaN 2.6636681522765002 3.0350504616751977 NaN NaN 2.6636681522765002 3.0350504616751977 
100.00028869149193 19.75929825925877 NaN 3.116354637695082 3.3334710060571524 19.75929825925877 19.049446549656352 3.116354637695082 3.3334710060571524 
101.00028869149195 19.75929825925877 NaN 3.116354637695082 3.5393551560006102 19.75929825925877 20.363047026452918 3.116354637695082 3.5393551560006102 
102.00028869149196 18.249232074843036 NaN 3.3291639138576983 1.90907716404746 18.249232074843036 18.72526469509593 3.3291639138576983 1.90907716404746 
103.00028869149197 19.063622416408634 NaN 2.719254187113222 1.90907716404746 19.063622416408634 18.72526469509593 2.719254187113222 1.90907716404746 
104.00001223909918 18.285423006907706 NaN 2.672044174689532 3.3374483696302093 18.285423006907706 20.15363590067868 2.672044174689532 3.3374483696302093 
105.000288691492 18.326297421192677 NaN 2.551886465208085 4.3799388923494575 18.326297421192677 17.484139269056342 2.551886465208085 4.3799388923494575 
106.00028869149202 18.7225374601247 NaN 2.28398768393086 3.151478932055909 18.7225374601247 18.488442128541692 2.28398768393086 3.151478932055909 
107.00028869149203 19.751178533394906 NaN 2.27013823448182 2.3335634243305066 19.751178533394906 19.898727430292936 2.27013823448182 2.3335634243305066 
108.00021878684956 19.074261764075402 NaN 2.2354208693676156 1.9734136916733718 19.074261764075402 20.699050121941326 2.2354208693676156 1.9734136916733718 
109.00028869149206 20.035589675835396 NaN 2.373472737855508 2.9615391400184308 20.035589675835396 21.687175570286385 2.373472737855508 2.9615391400184308 
110.00028869149207 20.035589675835396 NaN 2.373472737855508 2.2927615560966785 20.035589675835396 20.102724128549625 2.373472737855508 2.2927615560966785 
111.00014941624197 21.312968315846845 NaN 1.862403237873508 3.5990479303325174 21.312968315846845 21.409010502785463 1.862403237873508 3.5990479303325174 
112.0002886914921 17.380919719085497 NaN 2.9066578453819716 2.277508585521815 17.380919719085497 21.635808328213898 2.9066578453819716 2.277508585521815 
113.00028869149212 18.455721722633754 NaN 2.6520108652106273 2.475576721108496 18.455721722633754 20.587781686997204 2.6520108652106273 2.475576721108496 
114.00028869149213 19.696578964352838 NaN 2.359783907265438 2.7349152468287343 19.696578964352838 20.61411801648201 2.359783907265438 2.7349152468287343 
115.00028869149214 19.13230769431945 NaN 2.139609102541428 2.5021964160112873 19.13230769431945 18.886593831912492 2.139609102541428 2.5021964160112873 
116.00028869149216 19.13230769431945 NaN 2.139609102541428 2.5021964160112873 19.13230769431945 18.886593831912492 2.139609102541428 2.5021964160112873 
117.00028869149217 19.4921278375233 NaN 2.1512249140380106 3.2712179200965465 19.4921278375233 19.788756250863727 2.1512249140380106 3.2712179200965465 
118.00028869149219 19.558646777308837 NaN 2.581223883143423 3.1593375665280803 19.558646777308837 19.62797710857103 2.581223883143423 4.4146095374022 
119.0002886914922 18.27150592494604 NaN 2.8275086757688968 2.6015430924587974 18.27150592494604 20.385391579227033 2.8275086757688968 2.6015430924587974 
120.00028869149222 18.27150592494604 NaN 2.8275086757688968 2.437873863794536 18.27150592494604 15.62476557620343 2.8275086757688968 2.437873863794536 
121.00028869149223 19.461464891949745 NaN 2.0686721797809753 3.2897589960056166 19.461464891949745 16.47665070841451 2.0686721797809753 3.2897589960056166 
122.00028869149224 20.002332468992208 NaN 2.9340933407526535 3.2897589960056166 20.002332468992208 16.47665070841451 2.9340933407526535 3.2897589960056166 
123.0002745608305 18.750840107296455 NaN 2.1931646619758567 3.144816758907723 18.750840107296455 17.78246816406046 2.1931646619758567 3.144816758907723 
124.00028869149227 18.750840107296455 NaN 2.1931646619758567 2.976518924725312 18.750840107296455 18.804129296881754 2.1931646619758567 2.976518924725312 
125.0001754775052 20.277062401045868 NaN 2.413569500079319 2.481552029104776 20.277062401045868 19.9319980328889 2.413569500079319 2.481552029104776 
126.0002886914923 18.07767310125611 NaN 2.407429920353252 2.6611828420759025 18.07767310125611 21.33099821246627 2.407429920353252 2.6611828420759025 
127.00028869149232 18.804223228451477 NaN 3.1339800475486186 3.608438719070662 18.804223228451477 20.089140591885297 3.1339800475486186 3.608438719070662 
128.00028869149233 16.640332377868518 NaN 3.466081267259014 2.3262287425165056 16.640332377868518 17.55337315755405 3.466081267259014 2.3262287425165056 
129.00028869149227 17.8038079697032 NaN 2.283300802521566 2.419829566371959 17.8038079697032 18.37352410860487 2.283300802521566 2.419829566371959 
130.00028869149222 18.688459353834787 NaN 1.9084183163626705 3.2449954738763154 18.688459353834787 19.198690016109225 1.9084183163626705 3.2449954738763154 
131.00028869149216 19.382359547888257 NaN 2.8291163358445743 3.05762948083067 19.382359547888257 18.3522373677244 2.8291163358445743 3.05762948083067 
132.00023835402473 19.382359547888257 NaN 2.8291163358445743 2.7351509825644484 19.382359547888257 19.19323446129286 2.8291163358445743 1.8504995984328616 
133.00028869149205 20.031749466762648 NaN 2.036032209090024 3.974670722831405 20.031749466762648 19.191896959840733 2.036032209090024 3.0900193386998183 
134.000288691492 18.66569310559069 NaN 1.974655060309118 2.9649273627306343 18.66569310559069 19.987503003353453 1.974655060309118 2.9649273627306343 
135.00028869149193 19.860441581112156 NaN 3.1694035358305825 2.2167449994270214 19.860441581112156 16.851492552573717 3.1694035358305825 2.2167449994270214 
136.00028869149187 19.860441581112156 NaN 3.1694035358305825 2.2065177617465395 19.860441581112156 18.290986984193808 3.1694035358305825 2.2065177617465395 
137.00014121786415 18.13104477195769 NaN 1.8515986993505464 3.097771693869049 18.13104477195769 19.182240916316317 1.8515986993505464 1.9030232183475846 
138.00028869149176 19.2987732945502 NaN 3.0193272219430582 2.7568933601042716 19.2987732945502 20.036111058073004 3.0193272219430582 2.7568933601042716 
139.0002886914917 19.2987732945502 NaN 3.0193272219430582 4.2746926667913385 19.2987732945502 20.103150672016227 3.0193272219430582 4.2746926667913385 
140.00028869149165 18.296336368814025 NaN 2.403854448503324 4.720746682371555 18.296336368814025 19.35924572059274 2.403854448503324 4.720746682371555 
141.0002886914916 19.356830313864805 NaN 2.610478251797417 3.111615705025116 19.356830313864805 17.499511821560418 2.610478251797417 3.111615705025116 
142.00028869149153 19.23124353798721 NaN 2.2729096248787073 2.5711728471935373 19.23124353798721 18.674344554031705 2.2729096248787073 2.5711728471935373 
143.00000593860094 19.52998887202733 NaN 2.164790976958301 2.56997630600614 19.52998887202733 19.733641957895088 2.164790976958301 2.56997630600614 
144.00028869149142 16.879754427712086 NaN 2.9886813252223305 2.3310174515611664 16.879754427712086 18.133169936373832 2.9886813252223305 3.5112481313295234 
145.00028869149136 18.422579561421017 NaN 2.297376322596591 1.8583768818027409 18.422579561421017 18.98093583347682 2.297376322596591 1.8583768818027409 
146.0002886914913 18.422579561421017 NaN 2.297376322596591 2.220745086519173 18.422579561421017 17.980674303544376 2.297376322596591 2.220745086519173 
147.00028869149125 18.33031413419654 NaN 2.5233729403392147 3.1127019182950164 18.33031413419654 18.87263113532022 2.5233729403392147 3.1127019182950164 
148.0002886914912 19.35176804351771 NaN 2.6970609525573934 2.400731541905401 19.35176804351771 19.703485892639534 2.6970609525573934 2.400731541905401 
149.00023419327457 19.978995316552442 NaN 2.0662237918866424 2.567415101433312 19.978995316552442 21.037437895233452 2.0662237918866424 2.567415101433312 
150.00028869149108 19.978995316552442 20.05777831861633 2.0662237918866424 2.614428591461291 19.978995316552442 20.05777831861633 2.0662237918866424 2.614428591461291 
151.00026691550948 18.553859248927893 20.784928612779765 2.7489999306874893 3.3415788856247275 18.553859248927893 20.784928612779765 2.7489999306874893 3.3415788856247275 
152.00028869149097 17.530088159304768 18.240384062319407 2.426402622250123 4.622188993906349 17.530088159304768 18.240384062319407 2.426402622250123 3.1748107698207946 
153.0002886914909 18.91323365541146 19.166260215999813 2.7410807190076696 2.5870560273810383 18.91323365541146 19.166260215999813 2.7410807190076696 2.5870560273810383 
154.00028869149085 16.923380540178357 18.932229305470344 1.780768171727999 2.536418898216482 16.923380540178357 18.932229305470344 1.780768171727999 2.536418898216482 
155.0002886914908 18.257464038339265 18.932229305470344 2.188975516208501 2.536418898216482 18.257464038339265 18.932229305470344 2.188975516208501 2.536418898216482 
156.00028869149074 18.257464038339265 19.06581836759355 2.188975516208501 2.710736018188527 18.257464038339265 19.06581836759355 2.188975516208501 2.710736018188527 
157.00028869149068 19.72457760708616 20.13554377479568 2.695371519963402 2.7330135702252676 19.72457760708616 20.13554377479568 2.695371519963402 2.7330135702252676 
158.00028869149062 18.308309446490284 20.070082812656523 4.0968268233914955 3.8352811306786236 18.308309446490284 20.070082812656523 4.0968268233914955 3.8352811306786236 
159.00028869149057 18.308309446490284 18.37822777318752 4.0968268233914955 4.9191956265632655 18.308309446490284 19.4387217182383 4.0968268233914955 4.9191956265632655 
160.0001395538663 19.90701274072103 19.239694048294552 3.068342094341375 2.9794648347624957 19.90701274072103 20.300187993345332 3.068342094341375 2.9794648347624957 
161.00028869149045 19.118637812473338 17.605836538783137 2.251088941428577 3.8462444718808513 19.118637812473338 17.605836538783137 2.251088941428577 3.8462444718808513 
162.0002886914904 18.75730476814894 18.64830291281413 2.949053300967563 3.4872555424837515 18.75730476814894 18.64830291281413 2.949053300967563 3.4872555424837515 
163.0001810749239 19.611279910760146 19.824707020119263 2.9415621684717337 3.064956355558138 19.611279910760146 19.824707020119263 2.9415621684717337 3.064956355558138 
164.00028869149028 19.157630305628487 18.924475648157312 2.367704274617097 3.1625115621439477 19.157630305628487 18.924475648157312 2.367704274617097 3.1625115621439477 
165.00028869149023 19.257608389430516 18.924475648157312 2.4775368040944556 3.1625115621439477 19.257608389430516 18.924475648157312 2.4775368040944556 3.1625115621439477 
166.00011142087004 19.257608389430516 18.630906301999005 2.4775368040944556 5.0576645683728145 19.257608389430516 18.630906301999005 2.4775368040944556 5.0576645683728145 
167.0002886914901 19.54905220523301 18.630906301999005 2.1944533416617844 5.0576645683728145 19.54905220523301 18.630906301999005 2.1944533416617844 5.0576645683728145 
168.00028869149006 20.032247856507354 19.88488808508572 2.2456997440572195 2.1380820952321358 20.032247856507354 19.88488808508572 2.2456997440572195 3.424318732014626 
169.00028869149 21.472905563058504 18.81956667645875 3.054008450577726 2.8503691592325424 21.472905563058504 18.81956667645875 3.054008450577726 2.8503691592325424 
170.00028869148994 21.472905563058504 17.143263318913057 3.054008450577726 2.2545155833564365 21.472905563058504 17.143263318913057 3.054008450577726 2.2545155833564365 
171.00028869148989 18.771544160246975 17.143263318913057 2.434574755564171 2.2545155833564365 18.771544160246975 17.143263318913057 2.434574755564171 2.2545155833564365 
172.00028869148983 18.771544160246975 18.721271298754573 2.434574755564171 3.8325235631979524 18.771544160246975 18.721271298754573 2.434574755564171 3.8325235631979524 
173.00028869148977 20.419538702324758 20.00512622609392 2.542955066849089 3.6757207839861508 20.419538702324758 20.00512622609392 2.542955066849089 3.6757207839861508 
174.00028869148971 19.830878304003335 18.801540883751727 3.840888387200067 3.1448483933936586 19.830878304003335 18.801540883751727 3.840888387200067 3.1448483933936586 
175.00027426042664 19.490103182128905 19.482750372919327 2.195712974223511 3.8260578825612583 19.490103182128905 19.482750372919327 2.195712974223511 3.8260578825612583 
176.0002886914896 17.326495325777017 20.94724281346231 2.110066570427648 3.6425557810264593 17.326495325777017 20.94724281346231 2.110066570427648 3.6425557810264593 
177.00028869148954 17.326495325777017 20.94724281346231 2.110066570427648 3.6425557810264593 17.326495325777017 20.94724281346231 2.110066570427648 3.6425557810264593 
178.00012980823354 18.84442535323882 18.66506033247967 2.94678710872185 2.220725044706029 18.84442535323882 18.66506033247967 2.94678710872185 2.220725044706029 
179.00012953059732 19.684459718036805 18.66506033247967 3.7868214735198364 2.220725044706029 19.684459718036805 18.66506033247967 3.7868214735198364 2.220725044706029 
180.0002310033192 19.64858592697101 19.91430153358499 2.6670499186957386 3.4699662458113494 19.64858592697101 19.91430153358499 2.6670499186957386 3.4699662458113494 
181.00028869148932 18.48169581316907 19.010076485301227 2.8815918362475372 4.632634460491772 18.48169581316907 19.010076485301227 2.8815918362475372 2.274670068231984 
182.0001046370578 18.41836686665667 19.84301776867926 2.625579369862038 3.107611351610018 18.41836686665667 19.84301776867926 2.625579369862038 3.107611351610018 
183.0002886914892 17.199489592944985 17.425559984703142 2.5491133164775874 4.165753464322307 17.199489592944985 17.425559984703142 2.5491133164775874 4.165753464322307 
184.00028869148915 17.199489592944985 18.38457964171957 2.5491133164775874 2.380420632644956 17.199489592944985 18.38457964171957 2.5491133164775874 2.380420632644956 
185.0002886914891 18.651454342003348 18.067222364909753 2.1099946694456264 2.2532352686936576 18.651454342003348 18.067222364909753 2.1099946694456264 3.246464003413479 
186.00020969163558 19.733321279366038 19.7569018154866 2.23284194979189 2.8567125579745323 19.733321279366038 19.7569018154866 2.23284194979189 2.8567125579745323 
187.00013375054337 19.40297412437795 20.48421935710124 3.1564765778905155 2.1320653505308087 19.40297412437795 20.48421935710124 3.1564765778905155 2.1320653505308087 
188.00028869148892 20.210669229685067 21.30245682080087 3.098128312429111 2.95030281423044 20.210669229685067 21.30245682080087 3.098128312429111 2.95030281423044 
189.00028869148886 20.317811137925588 22.613276421331847 2.589861083596219 2.255620849300101 20.317811137925588 22.613276421331847 2.589861083596219 2.255620849300101 
190.0002886914888 21.3335555570078 20.759934470337328 2.060050497364159 2.3492919081432717 21.3335555570078 20.759934470337328 2.060050497364159 2.3492919081432717 
191.0002174339348 19.39141814703413 20.759934470337328 3.235535298024871 2.3492919081432717 19.39141814703413 20.759934470337328 3.235535298024871 2.3492919081432717 
192.00028040668482 17.93935046844001 22.262502239476532 2.934448957223225 3.8518596772824765 17.93935046844001 22.262502239476532 2.934448957223225 3.8518596772824765 
193.00028869148863 18.768153174301546 19.97958741181668 2.8618854989344698 2.7286011524508353 18.768153174301546 19.97958741181668 2.8618854989344698 2.7286011524508353 
194.00023841524785 19.51958504943252 21.70053183710388 3.6133173740654456 2.2643275173479935 19.51958504943252 21.70053183710388 3.6133173740654456 2.2643275173479935 
195.00028869148852 19.925856851961072 20.316886715601186 3.198230896622391 2.56650050453905 19.925856851961072 20.316886715601186 3.198230896622391 2.56650050453905 
196.00017010233148 18.41931128101686 21.272642741225525 2.369651562338447 2.7708246550324134 18.41931128101686 21.272642741225525 2.369651562338447 2.7708246550324134 
197.00014648762294 19.396769044071164 21.272642741225525 2.6864442234344494 2.7708246550324134 19.396769044071164 21.272642741225525 2.6864442234344494 2.7708246550324134 
198.00028869148835 20.42127067060872 20.16664214326957 2.5799701569194156 3.187572400030348 20.42127067060872 20.16664214326957 2.5799701569194156 3.187572400030348 
199.0002886914883 20.916903330780713 17.52296119432401 1.9109992952128607 2.822680199537075 20.916903330780713 17.52296119432401 1.9109992952128607 2.822680199537075 
200.00028869148824 20.916903330780713 18.298264717911252 1.9109992952128607 2.6205259600700117 20.916903330780713 18.298264717911252 1.9109992952128607 2.6205259600700117 
201.00028869148818 NaN NaN NaN NaN NaN NaN NaN NaN 
202.00000810991241 NaN NaN NaN NaN NaN NaN NaN NaN 
203.00028869148807 NaN NaN 2.7389422540577755 NaN NaN NaN 2.7389422540577755 NaN 
204.000288691488 NaN NaN 2.4435173382553614 NaN NaN NaN 2.4435173382553614 3.4671877959178516 
205.00028869148795 NaN NaN 3.1954932194202854 NaN NaN NaN 3.1954932194202854 3.444814211470657 
206.0002886914879 NaN NaN 2.707954449440308 NaN NaN NaN 2.707954449440308 4.37231322964135 
207.00028869148784 NaN NaN 2.5200133407739713 NaN NaN NaN 2.5200133407739713 2.098969317692365 
208.00028869148778 NaN NaN 2.3693220277939986 NaN NaN NaN 2.3693220277939986 2.453051909161246 
209.00028869148773 NaN NaN 3.0348934615208805 NaN NaN NaN 3.0348934615208805 3.6912508564450377 
210.00028869148767 NaN NaN 2.505911149221049 NaN NaN NaN 2.505911149221049 2.5463447509781645 
211.0002886914876 NaN NaN 2.5831439934588047 NaN NaN NaN 2.5831439934588047 2.5463447509781645 
212.0002462337494 NaN NaN 2.375689414093074 NaN NaN NaN 2.375689414093074 3.21257056176853 
213.0002886914875 NaN NaN 2.7417946379577813 NaN NaN NaN 2.7417946379577813 2.3193663018953714 
214.0001027180508 NaN NaN 3.589652670399545 2.125703385932212 NaN NaN 3.589652670399545 2.125703385932212 
215.00028869148738 NaN NaN 3.2293698505765462 3.5744840567893164 NaN NaN 3.2293698505765462 3.5744840567893164 
216.00028869148733 NaN NaN 2.174929840885113 2.3575729434689663 NaN NaN 2.174929840885113 2.3575729434689663 
217.00028869148727 NaN NaN 2.854198191035408 2.3575729434689663 NaN NaN 2.854198191035408 2.3575729434689663 
218.0002886914872 NaN NaN 3.9472800089185682 2.593151048713935 NaN 16.794461628496748 3.9472800089185682 2.593151048713935 
219.00028869148716 18.150681806461478 NaN 2.5459890254988125 2.3951455433384012 18.150681806461478 17.780486410120403 2.5459890254988125 2.3951455433384012 
220.0002886914871 19.549630770687372 NaN 2.7378454597854898 3.574300413149359 19.549630770687372 18.95964127993136 2.7378454597854898 3.574300413149359 
221.00028869148704 19.2171185639624 NaN 2.663567548683602 2.948219410422439 19.2171185639624 20.105910445237896 2.663567548683602 2.948219410422439 
222.00028218545154 19.071109314003905 NaN 2.421280954058801 2.851762522334525 19.071109314003905 20.985120646390868 2.421280954058801 2.851762522334525 
223.00016942374938 19.690958083035156 NaN 3.0411297230900516 4.56453938907859 19.690958083035156 18.275468898873044 3.0411297230900516 4.56453938907859 
224.00028869148687 20.805844939547143 NaN 3.0097474142955036 4.56453938907859 20.805844939547143 18.275468898873044 3.0097474142955036 4.56453938907859 
225.00028869148682 21.5587035206662 NaN 2.883395794261588 2.5315612575454907 21.5587035206662 19.490054877273764 2.883395794261588 2.5315612575454907 
226.00028869148676 19.986244036625692 NaN 1.7257362691775882 3.8375080055878925 19.986244036625692 20.20066287015149 1.7257362691775882 3.8375080055878925 
227.00017541385847 20.114018537815866 NaN 2.722932978234468 5.146153964441595 20.114018537815866 18.76770603099402 2.722932978234468 2.658559757779301 
228.00028869148665 20.13544104195381 NaN 3.6937768290059694 5.146153964441595 20.13544104195381 18.76770603099402 3.6937768290059694 2.658559757779301 
229.0002886914866 17.71186347214197 NaN 2.1567280029164806 3.331870193029033 17.71186347214197 19.464843800993464 2.1567280029164806 2.853933121455526 
230.00028869148653 18.711922127443188 NaN 3.1567866582176975 4.056459140086929 18.711922127443188 18.609971260835493 3.1567866582176975 4.056459140086929 
231.00018934732594 19.572315770706552 NaN 2.052103617744052 4.056459140086929 19.572315770706552 18.609971260835493 2.052103617744052 4.056459140086929 
232.00028869148642 20.446978746728377 NaN 2.9267665937658762 4.3537376255466995 20.446978746728377 19.904446455352144 2.9267665937658762 4.3537376255466995 
233.00028869148636 17.429593114139863 NaN 2.3941059100936855 3.6613378905901754 17.429593114139863 21.260434451973737 2.3941059100936855 3.6613378905901754 
234.00018474003477 18.141568816402014 NaN 3.106081612355837 3.8999255273556344 18.141568816402014 19.382477804222276 3.106081612355837 3.8999255273556344 
235.00028869148625 18.290324741753892 NaN 2.8885397449946026 3.8999255273556344 18.290324741753892 19.382477804222276 2.8885397449946026 3.8999255273556344 
236.0002886914862 18.183939438847204 NaN 2.633258975405539 3.6244806401133474 18.183939438847204 17.885709081232534 2.633258975405539 3.6244806401133474 
237.00028869148613 19.264023500255064 NaN 2.4746967447467227 2.2245923184194396 19.264023500255064 18.944595123915406 2.4746967447467227 2.2245923184194396 
238.00028869148608 19.435693982374886 NaN 2.1727802764472983 3.466410888939805 19.435693982374886 20.18641369443577 2.1727802764472983 3.466410888939805 
239.00028869148602 20.289849122506865 NaN 3.0269354165792777 2.3806804323725146 20.289849122506865 21.28147452630887 3.0269354165792777 2.3806804323725146 
240.00028869148596 18.739572500492358 NaN 2.743196786999391 3.3342163572292236 18.739572500492358 22.23501045116558 2.743196786999391 3.3342163572292236 
241.0002886914859 17.40930625196077 NaN 2.7630990358444762 2.451667749462956 17.40930625196077 20.989696193807987 2.7630990358444762 2.451667749462956 
242.00028869148585 18.445272542874534 NaN 1.7504685700284313 2.451667749462956 18.445272542874534 20.989696193807987 1.7504685700284313 2.451667749462956 
243.0002886914858 19.654406125869173 NaN 2.95960215302307 3.9512803985766425 19.654406125869173 20.64069369721375 2.95960215302307 3.1761329854736573 
244.00028869148574 20.585090206058823 NaN 2.760984437103531 3.046700187425273 20.585090206058823 17.515684191807736 2.760984437103531 3.046700187425273 
245.00028869148568 20.519448842832276 NaN 2.4103164031640176 3.3712318900716127 20.519448842832276 17.87898547631096 2.4103164031640176 3.3712318900716127 
246.00026705080197 19.93828666292407 NaN 2.0028129499811484 3.3712318900716127 19.93828666292407 17.87898547631096 2.0028129499811484 3.3712318900716127 
247.00028869148557 19.603644865688636 NaN 2.9768171115994164 2.6223225275175253 19.603644865688636 19.26989377694116 2.9768171115994164 2.6223225275175253 
248.0002886914855 18.981584401701326 NaN 2.959335337789014 3.485793259008119 18.981584401701326 20.133364508431754 2.959335337789014 3.485793259008119 
249.00028869148545 18.916793209501122 NaN 2.7061618635900118 2.8820602741157586 18.916793209501122 17.494520676705065 2.7061618635900118 4.755789457424129 
250.0002886914854 19.89627883037477 NaN 2.822176752973064 3.792100510623527 19.89627883037477 18.404560913212833 2.822176752973064 5.665829693931897 
251.00028869148534 20.886548947093814 NaN 2.5424506712761 4.9486359522567795 20.886548947093814 19.561096354846086 2.5424506712761 6.82236513556515 
252.00028869148528 16.58422992817046 NaN 2.6788126310927964 1.7731963829169501 16.58422992817046 19.275369303198033 2.6788126310927964 1.7731963829169501 
253.00028869148522 17.27546867766867 NaN 3.3700513805910077 2.776306084014294 17.27546867766867 18.48956997487781 3.3700513805910077 2.776306084014294 
254.00028869148517 18.29323630883647 NaN 3.231283570125555 2.632459296871417 18.29323630883647 19.33599330445398 3.231283570125555 2.632459296871417 
255.00006902193414 19.70537979391267 NaN 2.3815160947714276 2.9358303679455844 19.70537979391267 20.68576657185261 2.3815160947714276 2.9358303679455844 
256.0002886914851 20.246736737236006 NaN 2.076449708518595 3.397218501096063 20.246736737236006 21.8383934545013 2.076449708518595 3.397218501096063 
257.000288691485 21.235840681226705 NaN 3.065553652509294 4.218010754818891 21.235840681226705 18.466544015908283 3.065553652509294 4.218010754818891 
258.00028869148497 21.235840681226705 NaN 3.065553652509294 4.218010754818891 21.235840681226705 18.466544015908283 3.065553652509294 4.218010754818891 
259.0002886914849 19.06459043979416 NaN 2.7412046309624714 2.8718348034517476 19.06459043979416 19.31648871100549 2.7412046309624714 4.825335231851284 
260.00028869148485 20.063964107327394 NaN 2.919786044772877 1.6425522976419415 20.063964107327394 19.358095213241654 2.919786044772877 1.6425522976419415 
261.0002886914848 18.050442811864514 NaN 3.5351791945328728 1.6425522976419415 18.050442811864514 19.358095213241654 3.5351791945328728 1.6425522976419415 
262.00028869148474 18.929320521719944 NaN 4.414056904388303 2.3050464231164938 18.929320521719944 20.655134583795984 4.414056904388303 2.3050464231164938 
263.0002886914847 19.378446111008344 NaN 3.067051085191963 3.7614775281737707 19.378446111008344 17.786837119581037 3.067051085191963 3.7614775281737707 
264.0002886914846 19.378446111008344 NaN 3.067051085191963 3.522926841265871 19.378446111008344 19.163053249966367 3.067051085191963 3.522926841265871 
265.0002657109663 18.67517255457207 NaN 2.361713347334387 3.522926841265871 18.67517255457207 19.163053249966367 2.361713347334387 3.522926841265871 
266.0002886914845 18.67517255457207 NaN 2.361713347334387 4.839688987697514 18.67517255457207 20.47981539639801 2.361713347334387 4.839688987697514 
267.00006269778316 17.77792576033889 NaN 2.221717352622477 6.350117972466251 17.77792576033889 20.29145565141428 2.221717352622477 1.841693914251323 
268.0002886914844 18.912539080123707 NaN 3.356330672407296 2.970610936877563 18.912539080123707 21.42037267404052 3.356330672407296 2.970610936877563 
269.0002017175375 20.076618511289183 NaN 3.203647957141129 2.5722872885814354 20.076618511289183 20.915252941668115 3.203647957141129 2.5722872885814354 
270.000253266991 18.362984455198813 NaN 2.1760448311297864 3.541804149068014 18.362984455198813 21.884769802154693 2.1760448311297864 3.541804149068014 
271.0000724724589 18.93592747870693 19.62945350012518 2.748987854637903 4.393978411062392 18.93592747870693 19.62945350012518 2.748987854637903 4.393978411062392 
272.0002886914842 20.187668740072837 19.29771028262971 2.1933157681399393 2.703681649848761 20.187668740072837 19.29771028262971 2.1933157681399393 2.703681649848761 
273.00011949753286 21.009783171913085 19.680578528474058 2.1632559379858094 2.2723087529000168 21.009783171913085 19.680578528474058 2.1632559379858094 2.2723087529000168 
274.0002591399504 21.009783171913085 17.93982404103366 2.1632559379858094 3.502822325026955 21.009783171913085 17.93982404103366 2.1632559379858094 3.502822325026955 
275.000288691484 18.998261919759244 18.76732922293661 2.714901892381249 4.330327506929905 18.998261919759244 18.76732922293661 2.714901892381249 4.330327506929905 
276.00028869148395 20.01118782015223 20.066731975386745 2.497314220647297 2.982931542665767 20.01118782015223 20.066731975386745 2.497314220647297 2.982931542665767 
277.0002886914839 20.01118782015223 20.766333028317717 2.497314220647297 2.2775820906760487 20.01118782015223 20.766333028317717 2.497314220647297 2.2775820906760487 
278.0002493923868 21.230593674281664 18.854864679973332 2.889214892873781 2.597807391176559 21.230593674281664 18.854864679973332 2.889214892873781 2.597807391176559 
279.00020404550503 19.907467882744072 19.95657693300211 2.0129696578781022 3.6995196442053384 19.907467882744072 19.95657693300211 2.0129696578781022 3.6995196442053384 
280.0002886914837 18.00203141857139 21.244525711071105 2.707899885861366 3.9745425218813466 18.00203141857139 21.244525711071105 2.707899885861366 2.7551366677519127 
281.00028869148366 18.457002891168372 21.836737157778487 2.2619034863400316 3.347348114459294 18.457002891168372 21.836737157778487 2.2619034863400316 3.347348114459294 
282.0002886914836 18.92130762215504 22.713207527795362 2.7262082173267004 3.10105991409074 18.92130762215504 22.713207527795362 2.7262082173267004 3.10105991409074 
283.00008731024485 18.435290436658136 18.60188436404661 1.7362469374387501 4.310591992133197 18.435290436658136 18.60188436404661 1.7362469374387501 4.310591992133197 
284.0002076073085 19.430148052909487 19.76626759695614 2.731104553690102 2.4043376884185363 19.430148052909487 19.76626759695614 2.731104553690102 2.4043376884185363 
285.00028869148343 19.278258618215204 19.76626759695614 3.0195068954105864 2.4043376884185363 19.278258618215204 19.76626759695614 3.0195068954105864 2.4043376884185363 
286.0002886914834 20.355363899403642 20.990242691378228 2.8870800985565666 2.7381138379521985 20.355363899403642 20.990242691378228 2.8870800985565666 3.6283127828406236 
287.0002886914833 18.73793295744497 18.181133448700393 2.744611931083341 3.2713954993636776 18.73793295744497 18.181133448700393 2.744611931083341 3.2713954993636776 
288.00028869148326 19.1801991266521 18.181133448700393 2.800799493245677 3.2713954993636776 19.1801991266521 18.181133448700393 2.800799493245677 3.2713954993636776 
289.0002886914832 19.79695014993945 19.824788878644654 3.4175505165330264 3.7501782175705785 19.79695014993945 19.824788878644654 3.4175505165330264 3.7501782175705785 
290.0000940541894 19.54091499040669 19.437739921826505 2.6028929398240166 2.8758517955113234 19.54091499040669 19.437739921826505 2.6028929398240166 2.8758517955113234 
291.0002886914831 21.198898403941996 20.77865185925532 2.6172209234150614 4.216763732940137 21.198898403941996 20.77865185925532 2.6172209234150614 2.3198500530683646 
292.00028869148304 21.198898403941996 20.083138201325312 2.6172209234150614 3.4490206800123815 21.198898403941996 20.083138201325312 2.6172209234150614 3.4490206800123815 
293.000288691483 20.246404391405804 20.901779029038437 2.6981049766349656 4.2676615077255065 20.246404391405804 20.901779029038437 2.6981049766349656 4.2676615077255065 
294.0002886914829 20.75279683399424 20.901779029038437 3.5873656650677503 4.2676615077255065 20.75279683399424 20.901779029038437 3.5873656650677503 4.2676615077255065 
295.00028869148287 18.42359629118073 22.432981644530912 3.2746746913054494 4.1750678336482565 18.42359629118073 22.432981644530912 3.2746746913054494 5.798864123217982 
296.0002886914828 19.507857088307503 20.378838945498728 3.2297648614882064 2.3409440038857383 19.507857088307503 20.378838945498728 3.2297648614882064 6.907247784593039 
297.00028869148275 20.01149813142564 19.393507262571006 2.0831635143317158 3.5879440754804364 20.01149813142564 19.393507262571006 2.0831635143317158 2.5597231118139234 
298.0002107011012 19.706431767582103 19.36607974178048 3.0337838746349917 3.6550541614088274 19.706431767582103 19.36607974178048 3.0337838746349917 3.6550541614088274 
299.00028869148264 19.790388351575302 20.5476714892298 3.1110690502819125 2.5491430156822616 19.790388351575302 20.5476714892298 3.1110690502819125 2.5491430156822616 
300.0002886914826 18.69642589434693 20.5476714892298 2.650266746235218 2.5491430156822616 18.69642589434693 20.5476714892298 2.650266746235218 2.5491430156822616 
#####################################################################
# End of data export. Simulation finished at: 2019-09-21T06:39+0000 #
#####################################################################
