#####################################################################
# Alchemist log file - simulation started at: 2019-09-18T18:13+0000 #
#####################################################################
# seed = 148.0, stage_width = 1500
#
# The columns have the following meaning: 
# time rep-bcast[Sum] rep-ccast[Sum] share-bcast[Sum] share-ccast[Sum] 
0.0 NaN NaN NaN NaN 
1.0002189913093706 NaN NaN NaN NaN 
2.0002189913093704 NaN NaN NaN NaN 
3.0002189913093713 NaN NaN NaN NaN 
4.000136160772275 NaN NaN 3.071189204167586 NaN 
5.000218991309373 NaN NaN 2.652012011315203 NaN 
6.0002189913093735 NaN NaN 2.652012011315203 1.9912797430526865 
7.000218991309374 NaN NaN 2.660388510061744 1.9912797430526865 
8.000218991309374 NaN NaN 2.779390887201993 3.4776736211345485 
9.000053380177725 NaN NaN 2.8769129075524926 4.915146601516151 
10.000218991309367 NaN NaN 2.3284041897660517 4.915146601516151 
11.000218991309364 NaN NaN 2.3284041897660517 3.063381478766372 
12.000214053489882 NaN NaN 3.5428217734242606 3.063381478766372 
13.000218991309357 NaN NaN 3.177983908830827 4.55204787324346 
14.000218991309353 NaN NaN 2.5483419554681 3.9223630593487577 
15.00021899130935 NaN NaN 2.7510797158021596 3.9223630593487577 
16.000136851180713 NaN NaN 2.7510797158021596 2.9472109944761495 
17.000218991309342 NaN NaN 2.5110289919112123 4.682093819679983 
18.00021899130934 NaN NaN 2.3486959954119158 4.682093819679983 
19.000218991309335 17.86457569892776 NaN 3.7530449899370453 3.286347403142166 
20.000218991309332 17.86457569892776 NaN 3.7530449899370453 4.796007288634311 
21.00021899130933 19.334111637654345 NaN 2.1990930504168453 4.796007288634311 
22.000218991309325 17.922228159790496 NaN 1.8924330462450953 3.614539633830123 
23.00021899130932 19.133034724876467 NaN 3.103239611331066 2.6115940573800493 
24.000218991309318 19.133034724876467 NaN 3.103239611331066 2.6115940573800493 
25.000218991309314 20.515074141454036 NaN 3.055191162405528 3.8428053640165487 
26.00021899130931 19.555454237416726 NaN 2.6722174896026054 2.887707289107084 
27.000218991309307 19.555454237416726 NaN 2.6722174896026054 2.525281095523564 
28.000218991309303 21.0696130700356 NaN 2.9551650155849813 3.8873584702339627 
29.0002189913093 20.932383826413577 NaN 2.8456212785479167 3.8873584702339627 
30.000218991309296 20.65563437356447 NaN 2.986731583086364 3.702057067707468 
31.000218991309293 19.942739833126012 NaN 3.896426310780253 3.5586022584293744 
32.00012877035051 19.942739833126012 NaN 3.896426310780253 3.5586022584293744 
33.00018604523359 20.05110002791896 NaN 2.828711243867666 5.16317118551142 
34.00021899130932 21.28204340733539 NaN 2.6889505999433148 6.3204695541513765 
35.00021899130933 22.489006352865164 NaN 3.895913545473089 7.778150082118355 
36.000218991309346 20.85838070921916 NaN 3.6746582154425766 2.6771011699733904 
37.00021899130936 18.852469577282662 20.7578026340725 3.53493659311291 3.688826824772093 
38.000218991309374 18.852469577282662 20.7578026340725 3.53493659311291 3.688826824772093 
39.00021899130939 20.0763113778862 19.371959264323937 2.1545939195217443 2.266623545041824 
40.0002189913094 20.176585985358475 20.88420540224224 2.752802757687462 3.778869682960128 
41.00021899130942 20.176585985358475 21.804872933424367 2.752802757687462 4.699537214142254 
42.00021899130943 21.769348893889426 22.59182627244922 3.177492403367374 3.245072006253281 
43.000218991309445 21.769348893889426 23.746251838417916 3.177492403367374 4.399497572221975 
44.00021899130946 20.370728985934342 25.02813852901374 1.8600327095917564 4.0714497698533805 
45.000218991309474 19.213449652025766 25.02813852901374 3.39267305381658 4.0714497698533805 
46.00021899130949 20.268419461827293 26.22878338922629 3.293217297649413 3.679331721534979 
47.0002189913095 20.268419461827293 20.99995927559525 3.293217297649413 3.301447779263512 
48.00021899130952 21.72329692096708 21.808286385494068 2.2655632059808255 4.109774889162331 
49.00021899130953 23.43109456360139 23.110273435406437 2.448837476536937 2.8241517850483504 
50.000218991309545 23.43109456360139 23.110273435406437 2.448837476536937 2.8241517850483504 
51.000123368701566 21.223968846730394 20.634586734934416 3.117739528943794 2.9176346200477496 
52.00021899130957 22.472276646474718 20.634586734934416 3.0640602787757487 2.9176346200477496 
53.00021899130959 23.748724474848423 21.604543615447035 2.792147813010267 4.797286228254258 
54.0002189913096 23.748724474848423 22.948996643699175 2.792147813010267 2.9567124515664105 
55.000218991309616 19.82841037782751 21.473001335447236 2.5824339548126076 3.0603793122566145 
56.00021899130963 19.82841037782751 21.473001335447236 2.5824339548126076 3.0603793122566145 
57.000218991309644 20.05665338112491 21.83380160867099 2.612727876085593 4.628142531010141 
58.00021899130966 20.419471106683666 23.229362110606537 2.635296596008523 3.0773174545631363 
59.00021899130967 19.178609600896607 23.95450048252743 2.506991272237279 2.427708876958903 
60.00001406325715 19.178609600896607 21.036758302611673 2.506991272237279 3.1346988410085075 
61.0002189913097 20.56963636464878 20.93077841383988 2.502457534053903 4.638653445201136 
62.000218991309715 20.143112024283184 20.93077841383988 3.058415691974396 4.638653445201136 
63.00021899130973 20.215340940774247 22.561401481771682 2.07412560619192 6.269276513132937 
64.0001299772957 20.215340940774247 22.28498359050667 2.07412560619192 3.3805934913069606 
65.00021899130975 21.655653849050708 23.629572881442442 1.8838154465365804 2.217431769941591 
66.00021899130977 20.478090048785177 23.629572881442442 3.188783197079424 2.217431769941591 
67.00021899130978 20.478090048785177 23.068671681957078 3.188783197079424 3.558937884805893 
68.0000981019608 22.118991421781175 22.978495869078245 2.1687502618737113 5.001402416151883 
69.00021899130981 21.45038493471337 23.1608441758162 2.491488141918623 3.493439873872063 
70.00021899130982 21.244698797225183 23.878268130970547 3.5877890543428066 4.210863829026408 
71.00021899130984 21.244698797225183 25.057556746779177 3.5877890543428066 5.390152444835039 
72.00021899130985 20.96889193538493 25.057556746779177 2.180559838756267 5.390152444835039 
73.00021899130986 22.367967508598426 21.68262743489236 2.862211456815416 3.349982029122785 
74.00021899130988 22.367967508598426 23.40852205969083 2.862211456815416 3.9795757414970723 
75.0002189913099 20.855117364179236 23.40852205969083 3.394177333046244 3.9795757414970723 
76.00021899130991 22.06638657660224 20.374689691669985 3.340471593276291 5.140436751603104 
77.0001755022539 23.482005816612087 21.477818421601015 1.8693351983816342 1.8606819839822464 
78.00006712117458 23.482005816612087 22.49991936245449 1.8693351983816342 2.8827829248357233 
79.00021899130995 20.113121657257786 21.056249116495707 1.415658121287322 2.977133796336517 
80.00021899130996 20.113121657257786 21.056249116495707 1.415658121287322 2.977133796336517 
81.00021899130998 NaN NaN NaN NaN 
82.00021899130999 NaN NaN NaN NaN 
83.00021899131 NaN NaN NaN NaN 
84.00021899131002 NaN NaN 2.68246773764092 NaN 
85.0001140202185 NaN NaN 2.68246773764092 NaN 
86.00021899131005 NaN NaN 2.905270126334784 NaN 
87.00021899131006 NaN NaN 3.1497023906463397 NaN 
88.00021899131008 NaN NaN 2.868361485436523 NaN 
89.00021899131009 NaN NaN 2.528901532967325 NaN 
90.0002189913101 NaN NaN 2.3760812747129876 NaN 
91.00021899131012 NaN NaN 2.3760812747129876 NaN 
92.00021899131013 NaN NaN 3.5611144070214635 NaN 
93.00021899131015 NaN NaN 3.5630475229868637 NaN 
94.00021899131016 NaN NaN 3.22921502743516 NaN 
95.00021899131018 NaN NaN 3.018497372636304 3.5757421838426353 
96.00001003379231 NaN NaN 3.018497372636304 3.1180359787674092 
97.0002189913102 NaN NaN 2.8729015127719464 3.1180359787674092 
98.00021899131022 NaN NaN 2.8827569862449423 2.4618190705739806 
99.00021899131023 NaN NaN 3.3160674149703624 2.1159427764849426 
100.00021899131025 NaN NaN 3.3160674149703624 3.2585987359616126 
101.00021899131026 20.018050654567517 NaN 1.923520599323325 3.4913280272810567 
102.0001335824665 18.378379656386343 NaN 2.234051413587565 3.4913280272810567 
103.00021899131029 19.11879322897191 NaN 2.974464986173132 4.961074504563939 
104.0002189913103 20.31178276917045 NaN 2.5020143448057865 4.961074504563939 
105.00021899131032 21.723254218963035 NaN 2.44373931731549 3.954149579824019 
106.00021899131033 20.074740452201482 NaN 1.8843796825792936 4.051779097011092 
107.00021899131035 20.074740452201482 NaN 1.8843796825792936 3.4711382334832166 
108.00021899131036 20.484292709034236 NaN 2.352960775611365 3.4711382334832166 
109.00010433737448 20.484292709034236 NaN 2.352960775611365 2.437537256151643 
110.00021899131039 21.553542558445358 NaN 2.0694483757662567 2.6183323959631224 
111.0002189913104 22.656862044709627 NaN 3.1727678620305255 2.657093633531886 
112.00021899131042 21.2008648434701 NaN 1.9888715085606208 2.657093633531886 
113.00021899131043 20.42520617508302 NaN 2.4470731395172436 3.0156536864313637 
114.00021899131045 18.880306154964615 NaN 2.8757764032625914 3.292947542587669 
115.00021899131046 20.12890446300196 NaN 2.6965648089893364 3.202301368429133 
116.00021899131048 20.12890446300196 NaN 2.6965648089893364 3.202301368429133 
117.00002671860638 21.473351163788166 NaN 2.6603981673549697 2.6001105144584074 
118.0002189913105 21.965652683556854 NaN 2.754746109102058 3.2487800297577394 
119.00021899131052 22.843018053520936 NaN 3.6321114790661397 3.2487800297577394 
120.00021899131053 21.320434056502435 NaN 3.406006259562858 3.3658874192364863 
121.00021899131055 21.320434056502435 NaN 3.406006259562858 2.759818534107424 
122.00021899131056 21.726071672129322 NaN 3.0570320113297385 2.404609265968844 
123.00020562563134 21.43682948371368 NaN 2.9716759142150266 2.404609265968844 
124.0001353217538 22.40031364868443 NaN 3.012588676894154 4.016218687026708 
125.0002189913106 22.531867440209908 NaN 3.084666736064065 4.016218687026708 
126.00021899131062 22.531867440209908 NaN 3.084666736064065 2.712852485998795 
127.00021899131063 22.025213478674985 NaN 2.566230914293186 2.9890118140354076 
128.00021899131065 20.34597902748058 NaN 2.1694496360571094 2.945533941011874 
129.0002189913106 21.550920845456076 NaN 3.3743914540326045 2.945533941011874 
130.00021899131053 22.17265000141775 NaN 2.7564771169869147 4.593406561483903 
131.00021899131048 20.950143885442074 NaN 2.6849834785284514 3.329156490530849 
132.00021899131042 22.163368821512208 NaN 2.2503357941265563 3.329156490530849 
133.00021899131036 22.163368821512208 NaN 2.2503357941265563 3.0392149959882033 
134.0002189913103 21.2552539571693 NaN 2.665220501355492 4.535847733736688 
135.0000581711188 22.45514619435569 NaN 2.3283832591473583 2.80149123442456 
136.0002189913102 20.806989931320388 NaN 1.9984999464577413 2.5866110751831854 
137.00021899131013 20.806989931320388 NaN 1.9984999464577413 2.3525936383430803 
138.00021899131008 22.164012373736156 NaN 2.390325194789142 3.4951205909807186 
139.00021899131002 22.206932782273142 NaN 2.4131447653310545 3.4951205909807186 
140.00003642251943 19.47922939635245 NaN 3.000959894957333 2.5773993713449954 
141.0002189913099 19.47922939635245 NaN 3.000959894957333 2.4549372445200675 
142.00020682047446 20.97400172207577 NaN 1.7471546202040997 3.5203883429359166 
143.0002189913098 20.7174145360502 NaN 3.019789643816978 3.5203883429359166 
144.00021899130974 20.7174145360502 NaN 3.019789643816978 3.637506377194825 
145.00021899130968 22.281107809729292 NaN 2.364402210051935 3.5558078904606134 
146.00021899130962 20.334722952984777 NaN 3.6507521415911697 3.5558078904606134 
147.00021899130957 20.186585179372727 NaN 3.071449896755013 3.9566578073036 
148.00015790950215 21.593734230255663 NaN 3.065525108648842 3.9566578073036 
149.00021899130945 21.593734230255663 NaN 3.065525108648842 2.5952705927628585 
150.0002189913094 19.86231877637948 NaN 2.8663197305736503 2.933794397104009 
151.00021899130934 21.049009358408284 NaN 2.564354321924867 4.025435907747692 
152.00021899130928 21.917400052124407 NaN 2.0027154919045245 4.025435907747692 
153.00021899130923 20.57682426648725 NaN 2.160495292341949 4.293016074202626 
154.0000249842232 20.57682426648725 NaN 2.160495292341949 3.3509706944409174 
155.0002189913091 20.4178777370133 NaN 1.8234522832786126 3.3509706944409174 
156.00021899130905 19.606919320516283 NaN 3.2309632261772663 2.6001557939024735 
157.00014981323184 20.990900524579388 NaN 2.896019665592604 2.9037466678705073 
158.00021899130894 20.990900524579388 NaN 2.896019665592604 2.9037466678705073 
159.00021899130888 21.293322587855158 NaN 2.797319424955873 2.8778765953645404 
160.00021899130883 22.623659949021032 NaN 2.48637970387918 2.7864747756305803 
161.00008749642612 22.391507526959032 NaN 2.015113364062131 2.7757918037269462 
162.00014279694824 20.48807063273881 NaN 2.8713567267091094 2.7757918037269462 
163.00021899130866 20.648261687532823 NaN 2.8044194955898263 3.2743729245976 
164.0002189913086 20.147316477090158 NaN 2.716668357660211 3.2743729245976 
165.00008578792267 21.098176985573303 NaN 3.667528866143357 4.14251742424301 
166.0001559883544 20.822994313575975 NaN 2.9765015510986075 3.508345795504738 
167.00021899130843 20.822994313575975 NaN 2.9765015510986075 3.508345795504738 
168.00021899130837 19.925401320197125 NaN 3.462530458632159 3.8394745608323717 
169.00021899130832 19.925401320197125 NaN 3.462530458632159 3.8394745608323717 
170.00003599001545 19.680498950243816 NaN 3.199943725296748 3.283499639479004 
171.00020591083475 21.057544496428505 NaN 3.075997752364998 2.4798703817864975 
172.00021899130815 22.030532408558486 NaN 2.5162089103734218 3.3667302843097104 
173.00004629692995 18.771503277317066 NaN 2.2815565916992284 4.481876137961365 
174.00021899130803 18.771503277317066 NaN 2.2815565916992284 4.481876137961365 
175.00012343345642 20.381788649825182 NaN 3.0049820616841316 3.503824364428567 
176.00021899130792 21.49814064552126 NaN 3.0061882037285557 2.6071649253865132 
177.00021899130786 19.71667849213361 NaN 2.64887931040721 3.719696532836423 
178.0002189913078 19.71667849213361 NaN 2.64887931040721 2.50427219650922 
179.00021899130775 21.296184295148663 NaN 2.9257902789464367 2.03633083294352 
180.00016459498943 19.923143741749215 NaN 3.11443837281891 3.1071195438432824 
181.00021899130763 19.68456213676353 NaN 4.133470659551648 3.1071195438432824 
182.00015192117743 20.886296917534935 NaN 1.9943330279982945 2.9389270080648657 
183.00021899130752 20.886296917534935 NaN 1.9943330279982945 3.203865986565006 
184.00021899130746 20.452815381108707 NaN 3.389769973608594 3.203865986565006 
185.0002189913074 21.28922560301777 NaN 2.8148669282810204 2.1963407400933477 
186.00021899130735 19.963523640352804 NaN 3.1492792031331476 3.831103154334869 
187.0001341118421 19.963523640352804 NaN 3.1492792031331476 2.9199324606165646 
188.00021899130724 19.966738284449917 NaN 3.4402435453142175 2.9199324606165646 
189.0001316908153 19.62050901006441 NaN 2.9920286108087453 3.3530636071900517 
190.00021899130712 20.56006038820047 NaN 2.6109035151437467 3.716083063315267 
191.00021899130707 19.636688783529223 NaN 2.5085090109409123 3.716083063315267 
192.000218991307 19.636688783529223 NaN 2.5085090109409123 2.4157556150432242 
193.00021899130695 21.09914353604475 NaN 2.8010836881999808 2.9309033463731566 
194.0002189913069 22.277180423521116 NaN 2.5886943809987883 2.9309033463731566 
195.00021899130684 22.277180423521116 NaN 2.5886943809987883 3.1011265543430966 
196.00021899130678 20.9711979223421 NaN 2.5272795504404826 3.4135836034846534 
197.00021899130672 19.818100918010288 NaN 3.7893089880344064 3.4135836034846534 
198.00021899130667 18.856718205698257 NaN 3.50337979126337 3.6284692441831226 
199.0002189913066 20.091886167898622 NaN 2.9636359518066513 2.0721600940543965 
200.00021899130655 20.091886167898622 NaN 2.9636359518066513 2.0933026141859727 
201.0002189913065 NaN 128.9515915909696 NaN NaN 
202.00021899130644 NaN 130.0627637360936 NaN NaN 
203.00005771826247 NaN 131.7611598152361 2.527987429800504 NaN 
204.00021899130633 NaN 131.7611598152361 2.692638242639674 NaN 
205.00021899130627 NaN 133.17941252035263 2.692638242639674 NaN 
206.0002189913062 NaN 134.34526534068704 2.2055806294461604 NaN 
207.00021899130616 NaN 135.5068928651831 2.635658974508715 NaN 
208.0002189913061 NaN 136.71535099918174 2.635658974508715 NaN 
209.00021899130604 NaN 136.71535099918174 2.664248026295269 NaN 
210.00020820316948 NaN 138.10609410226766 3.0160386898308786 NaN 
211.00021899130593 NaN 139.48136235365524 3.022447422236098 NaN 
212.00021899130587 NaN 140.32821828291605 3.022447422236098 NaN 
213.00021899130581 NaN 141.58214178145863 3.085400504903106 NaN 
214.00021899130576 NaN 142.52237140573777 3.2330551965360996 2.7845729843199365 
215.0002189913057 NaN 143.71706638579963 3.2330551965360996 2.525571778628887 
216.00021899130564 NaN 143.71706638579963 2.772385844684095 2.525571778628887 
217.0002189913056 NaN 144.9026548126825 3.1924073727685993 2.188237262491185 
218.00020324657734 NaN 145.9659280609166 3.1924073727685993 1.6114004347738842 
219.000107878996 NaN 147.41472916258726 2.463679496388721 3.0602015364445663 
220.00021899130542 NaN 148.60598594785336 2.463679496388721 2.891207169346984 
221.00021899130536 20.103241444308082 148.60598594785336 3.0889049743610997 2.891207169346984 
222.0002189913053 21.375284361955693 150.38152613200953 2.912146790338028 4.666747353503126 
223.00020813231203 21.375284361955693 151.69994687172442 2.912146790338028 4.333612562653201 
224.00019982372552 22.95564382635058 151.69994687172442 3.301249469466825 4.333612562653201 
225.00021899130513 20.01706687570956 153.0711419587879 2.8149532640526616 2.744266005862613 
226.00021899130508 21.57392329397848 153.93403074376977 3.0533889426066594 3.6071547908444472 
227.00021899130502 21.57392329397848 155.0446305826813 3.0533889426066594 3.1373951653610845 
228.00021899130496 22.826053653958184 156.54125671576867 2.934324215522878 3.344777319706509 
229.00008610553286 21.688627869677134 156.54125671576867 2.1508901521789596 3.344777319706509 
230.00021899130485 20.314192755282505 157.9173126994874 3.3756562748688737 3.1639768851563304 
231.0002189913048 18.146241468704574 159.22542608136672 3.1871265343945083 4.472090267035611 
232.00021899130473 18.146241468704574 160.4073426004062 3.1871265343945083 5.654006786075115 
233.00021899130468 19.835715958655896 161.60297672785475 2.1924316587478074 6.849640913523672 
234.00013873425 21.003816618253012 162.67131248328735 2.178615799305419 2.942929233124147 
235.00021899130456 21.003816618253012 162.67131248328735 2.178615799305419 2.942929233124147 
236.00018556712737 20.741932152723052 164.0993437921312 2.856021810667926 2.6814860520166803 
237.00021899130445 20.243252345333417 165.33022023983148 2.4745946747285927 2.744261840119833 
238.0002189913044 20.77570868605366 166.38118337240047 1.4114165071387959 1.9221848338777932 
239.00021899130434 20.77570868605366 166.38118337240047 1.4114165071387959 1.9221848338777932 
240.00021899130428 20.979974859337574 168.69172037617204 3.06448378209339 3.545813218156127 
241.00021899130422 20.979974859337574 168.69172037617204 3.06448378209339 3.545813218156127 
242.00021899130417 22.41599147005593 169.92045285033504 1.99207565935194 3.178816103364767 
243.0000223567955 23.651986981365866 170.96449231509513 2.374995767781087 2.5697882931702622 
244.00021899130405 23.720108086617643 172.60898952217593 2.4056411841359875 4.214285500251066 
245.000218991304 23.720108086617643 172.60898952217593 2.4056411841359875 4.214285500251066 
246.00021899130394 20.797804477805443 173.98860029185698 2.9044541214982473 2.921884147903853 
247.00021899130388 21.818406780613003 175.6485030824889 1.7638372325257592 4.581786938535743 
248.00021899130383 21.818406780613003 176.63728396646775 1.7638372325257592 2.7683375298743726 
249.00021899130377 23.23416155471878 176.63728396646775 3.1795920066315375 2.7683375298743726 
250.0002189913037 20.576428699141786 178.0494079738059 2.8452383161403247 4.180461537212523 
251.00021899130365 21.54843576604145 179.05334784217132 2.828464499061141 5.184401405577944 
252.0002189913036 21.54843576604145 180.20241201077903 2.828464499061141 6.333465574185681 
253.00021899130354 20.76569202999579 181.0061321984952 2.1196867882306947 2.5123907998660115 
254.00021899130348 21.947370092310024 182.48359544328133 3.3013648505449282 3.0178469777524697 
255.00015839516266 21.01927525184979 182.48359544328133 2.684455536641906 3.0178469777524697 
256.00021899130337 21.01927525184979 184.01206898156113 2.684455536641906 4.546320516032239 
257.0002189913033 21.0417353629895 185.50033573700557 2.6574837118393475 3.1456230442893514 
258.00021899130326 20.205339571861543 185.50033573700557 2.5744539627009146 3.1456230442893514 
259.0002189913032 20.205339571861543 186.9084304409854 2.5744539627009146 3.217842705848284 
260.00021899130314 19.45750305810924 188.44958768287347 2.648887697275711 4.758999947736356 
261.0002189913031 21.126549683147516 189.82258469847278 2.9098396183341606 1.6733612641914988 
262.0000730765627 21.126549683147516 189.82258469847278 2.9098396183341606 1.6733612641914988 
263.000218991303 21.37138602194605 190.88591561854844 2.842251189407591 2.736692184267156 
264.0002189913029 22.338635684694196 192.07238836249866 3.809500852155736 3.923164928217375 
265.00021899130286 23.655103495882344 193.18179648351526 2.689640727668916 5.032573049233974 
266.0002189913028 23.655103495882344 194.58885743958598 2.689640727668916 3.2970185673049173 
267.00021899130275 22.363525173860552 195.80704126659487 2.9001263335377985 3.5479527315656583 
268.0002189913027 20.032521129447474 196.7788809994932 3.4880086123999376 3.2033246532758426 
269.00021899130263 20.032521129447474 196.7788809994932 3.4880086123999376 3.2033246532758426 
270.0002189913026 20.167643388379673 198.08677226935436 2.4100100955906782 4.5112159231370015 
271.0000155451074 20.167643388379673 199.12626143952593 2.4100100955906782 5.550705093308579 
272.00021899130246 19.663288263119284 21.77034801930313 3.0868192744051157 6.688533071714971 
273.0002189913024 20.253086817272617 21.84689928120133 2.1329575762418926 7.737091400512838 
274.00021899130235 20.27447522250236 22.984629458741722 2.493981247851366 2.584677650372271 
275.0002189913023 19.541244376985304 19.925474508110085 2.240665611816212 3.750361969348887 
276.00021899130223 19.541244376985304 19.925474508110085 2.240665611816212 3.750361969348887 
277.0002189913022 20.84383227434958 21.40415084144132 2.4055233316400972 2.336667910794745 
278.0000128959024 20.847746207540354 21.49266940168536 2.732019701298725 3.080435198259636 
279.00021899130206 20.847746207540354 21.49266940168536 2.732019701298725 3.080435198259636 
280.000218991302 21.016445209579842 22.85474914350158 2.830137073986805 4.442514940075853 
281.00021899130195 21.136275213886336 19.62898963715736 2.9521143399537664 3.099177751930995 
282.0002189913019 21.136275213886336 19.62898963715736 2.9521143399537664 3.099177751930995 
283.00021899130184 22.440751545920648 19.5881876217548 2.8945109301718617 2.9551508434706193 
284.0002189913018 23.66104685764401 20.549787704846324 2.663374844040561 3.9167509265621447 
285.0002189913017 22.167156172655496 21.990736875079108 2.1730452971680734 2.392236518566051 
286.00021899130167 21.11553279554164 22.196203512667807 2.4557027019295106 3.5649528189028956 
287.0002189913016 20.008904473227688 22.145514415958758 2.533369992462383 3.610436221658631 
288.00021899130155 20.008904473227688 22.145514415958758 2.533369992462383 3.610436221658631 
289.0002189913015 21.65915194633527 20.488061083324794 1.7451224507540246 2.8605369001830923 
290.00021899130144 21.65915194633527 21.77704666944385 1.7451224507540246 2.63090602553649 
291.0002189913014 18.896437229135472 21.522875051136623 3.439455884891686 3.9239806734996137 
292.0002189913013 18.0279397436708 21.522875051136623 3.3204514887013943 3.9239806734996137 
293.00021899130127 18.0279397436708 21.339903959766843 3.3204514887013943 3.7394110207350195 
294.0001940074666 19.50320457733187 22.806497161141692 3.506730736243412 5.206004222109868 
295.00021899130115 19.89308022500063 22.806497161141692 2.3035382345826747 5.206004222109868 
296.0002189913011 19.89308022500063 20.36106735964904 2.3035382345826747 3.436063050254063 
297.00000545686356 19.982799140058944 20.887195198823008 2.4053402815973755 3.789513953131234 
298.000218991301 20.18900214292455 20.887195198823008 1.7189863122956694 3.789513953131234 
299.0000555283839 20.18900214292455 22.279448257512854 1.7189863122956694 5.18176701182108 
300.00021899130087 21.604942834533063 23.282390698416577 3.134927003904181 3.0607542376898778 
#####################################################################
# End of data export. Simulation finished at: 2019-09-18T18:32+0000 #
#####################################################################
