#####################################################################
# Alchemist log file - simulation started at: 2019-09-18T02:12+0000 #
#####################################################################
# seed = 62.0, stage_width = 1500
#
# The columns have the following meaning: 
# time rep-bcast[Sum] rep-ccast[Sum] share-bcast[Sum] share-ccast[Sum] 
0.0 NaN NaN NaN NaN 
1.0001198106869569 NaN NaN NaN NaN 
2.000119810686957 NaN NaN NaN NaN 
3.0001198106869578 NaN NaN 2.024416452677486 NaN 
4.000119810686958 NaN NaN 2.3628412156757204 NaN 
5.000119810686959 NaN NaN 2.240607852774951 2.623478257909568 
6.00011981068696 NaN NaN 2.240607852774951 3.6651035303374035 
7.000005881753948 NaN NaN 3.087152191332083 2.341909678249669 
8.00011981068696 NaN NaN 3.2208056823801856 2.768550154239171 
9.000119810686957 NaN NaN 2.5880064735673356 2.3652428772697673 
10.000119810686954 NaN NaN 2.8325638526132977 2.240608953941573 
11.00011981068695 NaN NaN 2.0140803365573525 3.3920878383552715 
12.000119810686947 NaN NaN 2.0140803365573525 3.0629522839223426 
13.000119810686943 NaN NaN 2.532659527298563 3.642090804089106 
14.00011981068694 NaN NaN 2.202414966197388 2.8226590481864005 
15.000119810686936 NaN NaN 2.415501093104476 3.803556964213886 
16.000119810686932 NaN NaN 2.415501093104476 2.9846592987513763 
17.00011981068693 NaN NaN 2.772104308361019 3.5535846257207098 
18.000119810686925 17.33454433209366 NaN 2.603140324549667 2.985009150141588 
19.000119810686922 17.33454433209366 NaN 2.603140324549667 2.456324187821295 
20.00009834400237 19.038115797304282 NaN 2.550758335646563 3.0498823875227146 
21.00003299955389 19.94075723635066 NaN 3.45339977469294 2.314686104585636 
22.00011981068691 20.705220168010754 NaN 2.32543611251457 3.3515529161004736 
23.000119810686908 20.522692244336945 NaN 2.8505219587672883 2.6615902433106484 
24.000119810686904 20.84181997621178 NaN 2.9138795222198155 2.6615902433106484 
25.0001198106869 21.744096436350482 NaN 1.8999057508913424 2.484446445307327 
26.000119810686897 21.744096436350482 NaN 1.8999057508913424 2.2158074232342386 
27.000119810686893 21.240585030583034 NaN 3.4325333685218595 3.307039501394353 
28.00011981068689 19.216015665624727 NaN 2.167784847889088 2.620044801292341 
29.000119810686886 19.474785741587908 NaN 2.4200511790082473 3.295274744351886 
30.000119810686883 17.40860124656734 NaN 2.7428057947802458 2.6034681995299955 
31.00011981068688 18.525244635050743 NaN 2.685814504462048 2.7616386492023217 
32.000119810686876 18.44737618854791 NaN 2.856318388382519 2.8675672317007965 
33.00011981068689 19.367437987716702 NaN 2.769745919492241 2.7484922884726117 
34.000119810686904 20.315141492255417 NaN 2.2680224322532077 2.8265829952280157 
35.00011981068692 20.32940817031357 NaN 2.2424059545330337 3.4597443103329155 
36.00011981068693 20.32940817031357 NaN 2.2424059545330337 3.6137553072471746 
37.00011981068695 21.100872087960916 20.63790728962904 1.8891893058054094 4.96263540944215 
38.00011981068696 19.56393730038927 21.703921342146522 2.979458598251675 3.165719564166487 
39.000119810686975 19.160621539966 21.03107732179794 2.2767152716349344 4.008024320002775 
40.00011981068699 19.947428111639972 22.098412325109987 2.0733416502639557 5.075359323314821 
41.000119810687 19.947428111639972 20.360631393983315 2.0733416502639557 2.2714891469364673 
42.00011981068702 17.232270509527627 21.465975772960537 2.5458093568894284 2.3595502873855523 
43.00011981068703 18.30139557101013 20.983073390061346 2.547599415059885 2.581128897688153 
44.000119810687046 19.347044897512983 19.774931733207243 2.7248167684324116 2.4634774928401626 
45.00011981068706 17.99826849352267 20.086581057054428 1.6272729443561857 2.7751268166873473 
46.000119810687075 19.351256936182626 19.53681015115232 1.7831403294023715 2.5454856005691013 
47.00011981068709 19.374461612803906 20.127330749181926 1.858006432658314 2.357151207001486 
48.0001198106871 20.3420480266428 20.952654063792725 2.8255928464972087 3.182474521612285 
49.00011981068712 19.92042181207954 20.250482911066516 2.3965592624276084 1.9805663422668047 
50.00011981068713 19.92042181207954 20.994937970233476 2.3965592624276084 2.7250214014337644 
51.000119810687146 18.540023865472552 21.699438868582444 1.8845854542120932 2.461935885943838 
52.00011981068716 20.004593249564213 20.659167373619248 2.621677570198493 2.58373899319313 
53.000119810687174 20.004593249564213 19.18165763896677 2.621677570198493 2.9096562057474245 
54.00011981068719 18.679603704638687 20.13994922648348 2.6964085499065575 3.867947793264136 
55.0001198106872 20.15925961338609 20.923319878282022 2.068294981614315 4.651318445062678 
56.00011981068722 20.896633021693106 19.154659114247757 2.295629432622647 2.364244715414479 
57.00011981068723 19.703374462705014 20.03831016228314 2.658295341956176 3.2478957634498613 
58.000119810687245 20.88884246124696 19.293139303478284 1.7081951978013237 2.4833189754831864 
59.00011981068726 20.88884246124696 20.07755598914342 1.7081951978013237 1.946778164298081 
60.00011981068727 19.37560467687193 20.941296944839294 2.1326994783661632 2.8105191199939554 
61.00011981068729 20.248407856040437 20.445475271928167 2.3583257263682924 2.6959885134626447 
62.0001198106873 19.254001618444953 18.35578585977286 2.553279155215222 2.5734299244636674 
63.000119810687316 20.25533800045948 18.762935095579962 2.690874581533876 1.9072608581874206 
64.00011981068732 19.434353434445867 19.356602159434765 2.767128117819624 2.500927922042223 
65.00011981068734 19.220169389902047 19.451868614001235 2.4769313433533853 2.947846437254121 
66.00011981068735 17.969254762053573 20.097583757350826 2.388794188085896 3.593561580603712 
67.00011981068737 18.055464127886452 19.26421027157908 2.7364448676170667 4.0988989064573005 
68.00011981068738 18.055464127886452 19.948755997103717 2.7364448676170667 2.456312381562043 
69.0001198106874 16.671991338372045 19.948755997103717 2.053531275129899 2.456312381562043 
70.00011981068741 17.835124780516928 20.983768996331236 3.2166647172747815 3.0097497413217837 
71.00011981068742 19.16022361638864 21.73639455278584 2.889631413782965 2.480664221220664 
72.00011981068744 19.16022361638864 19.765808764884575 2.889631413782965 3.0503111306408925 
73.00011981068745 18.979924392093828 21.39924427574754 2.187140945801957 4.683746641503859 
74.00011981068747 18.979924392093828 22.042760052527093 2.187140945801957 5.327262418283411 
75.00011981068748 18.607722850706175 19.72906413213792 2.488063063182935 2.089104910761776 
76.0001198106875 19.779171062380364 21.30013160619133 2.2753575617225437 2.920171650896421 
77.00011981068751 19.779171062380364 20.405508537521477 2.2753575617225437 2.320512886074681 
78.00011981068752 19.603901751884727 20.405508537521477 2.1693415450396003 2.320512886074681 
79.00011981068754 20.81404593989523 21.726581276479173 2.7346067174941027 2.470137413358188 
80.00004749003263 20.823598770946894 20.69423827382532 3.5285762342109024 4.085678436537066 
81.00006547716866 NaN 20.69423827382532 NaN 4.085678436537066 
82.00011981068758 NaN NaN NaN NaN 
83.0001198106876 NaN NaN NaN NaN 
84.00011981068761 NaN NaN 2.929908887843766 NaN 
85.00003468428244 NaN NaN 2.145114959910785 NaN 
86.00007855206204 NaN NaN 2.463153370995542 NaN 
87.00011981068765 NaN NaN 2.4335855598938707 NaN 
88.00008132631677 NaN NaN 2.8277878407353825 NaN 
89.00011981068768 NaN NaN 3.5634773721242965 NaN 
90.00011981068769 NaN NaN 2.576985284348808 NaN 
91.0001198106877 NaN NaN 3.277574500289262 NaN 
92.00011981068772 NaN NaN 3.8882717923537484 NaN 
93.00011981068774 NaN NaN 3.258960186758671 NaN 
94.00011981068775 NaN NaN 1.5134576843870775 2.817964365002368 
95.00011981068776 NaN NaN 2.4183894915564395 2.076669507561917 
96.00011981068778 NaN NaN 2.5237384719749514 2.9200071205157343 
97.00011981068779 NaN NaN 2.926469953032864 2.1260766860813476 
98.0001198106878 NaN NaN 2.449137834870271 3.14598094509779 
99.00011981068782 NaN NaN 2.3203424428541837 3.2064053462187303 
100.00011981068783 NaN NaN 2.353766936435335 3.2064053462187303 
101.00011981068785 20.222220736467065 NaN 1.8891009301647728 2.9010203118774456 
102.00011981068786 21.084519326701752 NaN 2.7513995203994597 4.175393532020109 
103.00011981068788 22.510756660136934 NaN 2.848098928021244 2.6814386019553496 
104.00011981068789 19.538723125517322 NaN 2.4673945611252037 2.3663636835926667 
105.0001198106879 20.69007908229618 NaN 2.368809052514152 2.3663636835926667 
106.00011981068792 18.9458513384063 NaN 2.1117415926378555 3.693159941021193 
107.00011981068793 19.42734565562273 NaN 2.593235909854286 2.403098732404615 
108.00011981068795 20.07294827920711 NaN 1.9120422760101405 2.1138671705712113 
109.00011981068796 19.374170983832045 NaN 2.5435166290912576 3.4990861007437672 
110.00011981068798 19.688403836337628 NaN 2.8577494815968407 2.6666616549004942 
111.00011981068799 20.329464690941833 NaN 2.494722737372399 2.6666616549004942 
112.00008550137775 20.92426147185199 NaN 3.0895195182825574 2.5167277708355726 
113.00011981068802 19.60689353180092 NaN 3.2198558501860077 2.4034131612520184 
114.00011981068803 20.262687310058084 NaN 2.3642641813617473 2.762403778627032 
115.00011981068805 21.391369587124842 NaN 3.4929464584285057 2.762403778627032 
116.00011981068806 20.174180135760693 NaN 2.0180232471768704 2.2591624468630016 
117.00011981068808 19.3541506176569 NaN 3.193923410008864 2.89405169733881 
118.00004209830179 20.09328974893708 NaN 2.4096551325120714 2.830114430687672 
119.0001198106881 20.597146435879935 NaN 2.913511819454925 2.8078404694033594 
120.00011981068812 20.601436422791792 NaN 2.8084717046785244 2.1410962269691396 
121.00011981068813 20.393080437570205 NaN 2.8649086348547144 2.1410962269691396 
122.00011981068815 21.93781348304593 NaN 2.2143183599978187 2.9861299211085566 
123.00011981068816 19.102727510943254 NaN 1.8185672849916017 3.108672119813235 
124.00010903970859 19.75479910022804 NaN 2.470638874276389 2.7437945787702915 
125.00011981068819 20.44934445463504 NaN 3.165184228683387 2.7437945787702915 
126.00005443194439 19.673879035520955 NaN 2.0649103369354123 2.555252117027777 
127.00011981068822 20.76272753193058 NaN 3.1537588333450373 2.555252117027777 
128.00011981068823 20.70933128054348 NaN 2.2701172830116576 3.0414093199803887 
129.00011981068818 20.242967375817145 NaN 3.1889723084578776 2.6983866841877955 
130.00011981068812 19.812419986467603 NaN 2.2271664001913365 2.8253182836185573 
131.00011981068806 21.062750892928506 NaN 2.2393441260651628 2.8253182836185573 
132.00004298691917 21.95427021125579 NaN 1.9150833485520593 2.3722020005060642 
133.00011981068795 20.209615661886758 NaN 2.869116647229731 2.7034195491111745 
134.0001198106879 19.820017557613753 NaN 2.4619746972899748 2.630065681490805 
135.00011981068783 20.426689664779403 NaN 3.068646804455625 3.0369901226131333 
136.00011981068778 20.516487493386393 NaN 2.3026892160160912 2.4386478518463264 
137.00011981068772 20.22967562642596 NaN 2.0081166183390167 2.4386478518463264 
138.00011981068766 20.165227701814814 NaN 3.008413704143493 2.181251804689765 
139.0001198106876 20.489793960946628 NaN 3.0569922680667787 2.018626211682033 
140.0000330707905 21.21912267020923 NaN 2.4119761899138723 2.018626211682033 
141.0000621087962 22.35045228581012 NaN 3.5433058055147626 2.3643394789500576 
142.00011981068744 19.30819529029472 NaN 2.9770372766784874 3.353539686614539 
143.00011981068738 18.813647546464807 NaN 1.5205435675779881 3.1696310390925078 
144.00011981068732 19.615931954602246 NaN 2.322827975715427 2.022338328432909 
145.00011981068727 18.81026068203606 NaN 2.1218405167765297 2.8005876245404124 
146.0001198106872 20.012026076618397 NaN 3.323605911358868 2.0292358770454086 
147.00011981068715 21.436130690170742 NaN 2.39298206469374 3.5770108330035555 
148.0001198106871 22.23942514359301 NaN 3.196276518116008 3.3728091880914235 
149.00011981068704 19.992282168396628 NaN 3.110411357872181 3.3728091880914235 
150.00011981068698 20.061760441069794 NaN 2.165397994014171 2.893473430671861 
151.00011981068693 21.1698187929739 NaN 1.7218787603068506 2.893473430671861 
152.0000036829392 21.1698187929739 NaN 1.7218787603068506 4.174518896743621 
153.0001198106868 19.49445403929829 NaN 3.7001437183468227 2.7602295701433945 
154.00011981068675 20.112498559222303 NaN 2.442186107095381 3.9384045664404823 
155.0001198106867 21.067647695770177 NaN 1.8992873962725696 2.7174453387442554 
156.00011981068664 21.825467423673047 NaN 2.6571071241754396 2.7174453387442554 
157.00011981068658 20.45969905793757 NaN 2.634623485455677 3.6774356117666684 
158.00011981068653 19.98537135798884 NaN 2.4953736927763543 2.5633130390287704 
159.00011981068647 20.847412373674672 NaN 3.357414708462187 2.5633130390287704 
160.0001198106864 21.263813212804337 NaN 2.200219339573181 2.8103429569628418 
161.00011981068636 19.500411318643415 NaN 2.7720280061492417 2.316049631626754 
162.0001198106863 20.764459259269216 NaN 2.633354671263646 2.357857565267267 
163.0000879594995 21.342790923419443 NaN 3.211686335413873 2.3813714336498606 
164.0001198106862 22.47510649503215 NaN 2.0358301940057117 2.3813714336498606 
165.00011981068613 17.770709481678608 NaN 3.2312719893711517 2.725990719657716 
166.00011981068607 18.405292207531403 NaN 3.8658547152239464 2.75849335257746 
167.00011981068602 19.679069183885787 NaN 2.578458631956181 2.652600099467321 
168.00011981068596 19.744949902363743 NaN 2.226001211499238 2.440330016412503 
169.0001198106859 19.33487197513358 NaN 3.3675008698805016 3.1561977271021533 
170.00011981068585 20.58018218203577 NaN 2.603217045969501 2.3743552028411443 
171.0001198106858 20.58018218203577 NaN 2.603217045969501 2.3743552028411443 
172.00011981068573 22.002391012214332 NaN 2.6749754396056176 3.2561369624020244 
173.00011981068567 19.869336230902633 NaN 2.675658689855311 3.2561369624020244 
174.00011981068562 20.90988123903128 NaN 2.3846918866042586 3.2726785956463686 
175.00011981068556 22.212173458798503 NaN 2.9952144998090375 3.0770817247296236 
176.0001198106855 20.97572452742415 NaN 2.714355604731338 3.461498137237186 
177.00011981068545 21.918299567316353 NaN 2.4303186853617262 3.134085469844365 
178.0001198106854 19.94134362607946 NaN 2.1094447891391894 3.134085469844365 
179.00011981068533 20.500111487686524 NaN 2.6682126507462556 3.2470049900055074 
180.00011981068528 21.628842785624812 NaN 2.8052962399533783 2.555184193601008 
181.00011981068522 18.908008690633437 NaN 2.380143393565902 2.3423696944417145 
182.00011981068516 20.398988717313415 NaN 2.63937623168934 2.320962343827773 
183.0001198106851 18.91648929640465 NaN 2.346074162430824 2.320962343827773 
184.00010012194403 19.726484536519905 NaN 3.1560694025460805 2.370705680305406 
185.000119810685 18.616242512448054 NaN 3.0657606650007665 2.723691467262057 
186.00011981068494 19.198070876431956 NaN 1.949112836859996 3.841150811462853 
187.00011981068488 19.567739636748087 NaN 3.3019533094867484 3.841150811462853 
188.00011981068482 20.777156316044426 NaN 2.208618793051812 5.668295484295555 
189.00000602599218 18.857499826008564 NaN 2.879724686543142 3.1725858910302804 
190.0001198106847 19.957686139761137 NaN 2.152766327463013 3.1717836613904637 
191.00011981068465 20.925273628732015 NaN 3.120353816433891 4.207075329038474 
192.0001198106846 21.995099775782506 NaN 3.1983771041580837 4.207075329038474 
193.00011981068454 19.731252047805043 NaN 2.8676243912823622 3.741812289420153 
194.00011981068448 20.926075694065958 NaN 3.027156369895266 2.6515943531478854 
195.00011981068442 21.754528933537614 NaN 2.440350076197575 3.12616634765439 
196.00002629720504 21.08009730257507 NaN 2.992530404496847 3.0442555860630875 
197.0001198106843 20.382969488870714 NaN 3.6563906748191357 2.7700565780567104 
198.00008138886554 20.382969488870714 NaN 3.6563906748191357 3.0381805692610726 
199.0001198106842 20.177906461668925 NaN 2.382766477468806 3.0381805692610726 
200.00011981068414 21.35996109780126 NaN 2.644196475346604 3.2922076844172636 
201.00006071166928 NaN 128.33959905755165 NaN NaN 
202.00011981068403 NaN 129.32860409032145 NaN NaN 
203.00011981068397 NaN 130.37227895087483 2.356697942891998 NaN 
204.0001198106839 NaN 131.17525745330136 2.356697942891998 NaN 
205.00011981068386 NaN 132.68208434447428 2.659179468853779 NaN 
206.00006551387185 NaN 133.7072366836466 2.5532461316969943 NaN 
207.00011981068374 NaN 134.58242969633625 2.5369003093375113 NaN 
208.00011981068369 NaN 135.70480371088473 2.783838870399336 NaN 
209.00011981068363 NaN 136.7782833707259 2.1992551350703593 NaN 
210.00011981068357 NaN 137.55563690358184 2.1992551350703593 NaN 
211.00011981068351 NaN 138.3188332879542 2.3045217864869585 NaN 
212.00011981068346 NaN 139.6470760616408 3.4778676077122554 NaN 
213.0001198106834 NaN 140.5800835944995 1.9350662657665794 NaN 
214.00011981068334 NaN 141.48365816695207 2.7021173233990226 NaN 
215.0001198106833 NaN 142.4912002273627 1.5570717349093002 2.237300673641897 
216.00011981068323 NaN 143.3788767305606 1.5570717349093002 3.124977176839792 
217.00011981068317 NaN 144.3844176911386 2.505000437940737 2.7318652866715922 
218.00011981068312 NaN 145.4683791003992 2.062511630981078 2.6170524777471087 
219.00011981068306 NaN 146.4926876100318 1.947776155622023 3.64136098737967 
220.000119810683 19.002280434451507 147.13054422903804 2.9574618008645928 3.14188562414526 
221.00011981068295 17.690726453434564 148.0817503219501 2.373296296704126 2.640361960408427 
222.0001198106829 18.586770201404477 149.41698274504233 2.631483425667767 3.328054758150415 
223.0000808663433 18.586770201404477 150.06924858916528 2.631483425667767 2.727369097162125 
224.00011981068278 18.392948235552666 151.78256440039127 1.658049834984638 2.0205367456854333 
225.00011981068272 19.678429620150894 152.47912399220132 2.2912653754598864 2.717096337495491 
226.00011981068266 19.96872242070387 153.20151934551217 1.8933947039592454 3.4394916908063635 
227.0001198106826 19.96872242070387 154.23030463990358 1.8933947039592454 3.155272059876637 
228.00011981068255 19.660707589803422 155.86104101699243 3.101509584799146 3.5005270523672607 
229.0001198106825 20.52305303709383 156.7492214330718 1.9975521080749843 3.0732623287212846 
230.00003013006412 17.756057892723277 157.85014939622255 2.192197488428036 2.9660754110321648 
231.00011981068238 18.634640896221327 158.4857902980213 2.4206759408696996 3.601716312830888 
232.00011981068232 19.712555492927066 159.26246430530034 1.509482158345321 1.859330350936233 
233.00011981068226 17.870533654234322 160.18675052938846 2.511584485374442 2.783616575024354 
234.0001198106822 19.02773383259708 161.83984160225765 2.2564697546594346 2.480210047689752 
235.00011981068215 19.46551436189833 162.3783668417155 1.9166983143364291 3.0187352871476207 
236.00009617554642 19.46551436189833 163.06760246917906 1.9166983143364291 2.705868587582046 
237.00011981068204 20.960649439590128 163.89878134621358 3.411833392028228 2.3798472862538347 
238.00011981068198 21.152001818084216 165.72132547283127 2.914786807638592 4.202391412871492 
239.00011981068192 17.906788612014168 166.7671257244192 2.9314313362503412 2.427599554268511 
240.00011981068187 17.906788612014168 167.56271402059645 2.9314313362503412 2.2695603712423633 
241.0001198106818 19.18931534342704 168.57028634969453 2.391413941045556 3.277132700340445 
242.00011981068175 20.683390076039416 169.7652714480771 2.839688422069969 2.935058765613178 
243.0001198106817 20.683390076039416 170.77987080096614 2.839688422069969 3.9496581185021853 
244.00011981068164 18.62056667943085 170.77987080096614 2.529404321937619 3.9496581185021853 
245.00011981068158 20.119948676843023 172.81530760798972 2.833801220967217 3.2084934615005523 
246.00011981068153 19.61279416462901 173.72722681269528 3.063228003566479 2.627536141063132 
247.00011981068147 20.43287440390705 174.5384268386225 2.7777961824955355 3.438736166990367 
248.0000136291841 19.9210727960577 175.20735383937495 2.054887000354853 2.6082811703305993 
249.00011981068135 19.9210727960577 176.2992554169719 2.054887000354853 2.456156612439287 
250.0001198106813 20.26935981013864 177.24656352288656 2.711665443665737 3.4034647183539732 
251.00011981068124 19.940925700923742 178.24326267196966 2.127460581973139 2.4611488589195005 
252.00011981068118 21.141552816260713 179.60840479657588 2.3807795913954237 3.8262909835257517 
253.00011981068113 22.145411923523795 179.92756638694885 2.387939549575435 4.145452573898723 
254.00011981068107 22.145411923523795 181.68577978071892 2.387939549575435 3.2590637817739037 
255.000119810681 20.444047589694605 182.32267888035932 1.7651816508972047 3.8959628814142775 
256.000119810681 20.444047589694605 183.54272957505822 1.7651816508972047 3.915386460776233 
257.00008157658743 20.17086649932284 184.66357121279435 2.3838680648175057 2.7655206224570463 
258.00011981068087 19.7012139857423 185.79693623772283 2.3957500698566037 2.9745218063127083 
259.0001198106808 18.986674313685825 186.64033712432575 1.8858171214879462 3.81792269291563 
260.00011981068076 20.300029738166444 187.18263568422196 2.0658075210400852 4.36022125281184 
261.0001198106807 20.300029738166444 188.1429248899185 2.0658075210400852 2.720385431344937 
262.0000955103863 21.60999577187542 189.79770907282534 2.532372668146138 3.2483207385430433 
263.0001198106806 21.053328617891253 189.79770907282534 1.8900863395092529 3.2483207385430433 
264.00011981068053 21.053328617891253 191.16823205451635 1.8900863395092529 1.9955222620444601 
265.0001198106805 21.36624025531404 192.16168615212905 3.2175973298210465 2.9889763596571584 
266.0000539033218 19.71336694521753 193.81722594246366 2.2723617033964842 4.644516149991773 
267.00011981068036 21.026955180055865 194.32957505967283 2.592495840622121 2.1834640033926576 
268.0001198106803 20.429551991876735 195.28337961335257 2.727646960802417 3.137268557072389 
269.00011981068025 20.429551991876735 196.10389198859826 2.727646960802417 2.6632982306854274 
270.0001198106802 19.829697068254546 197.86370435785938 1.7928809777885704 3.109522365108205 
271.00011981068013 20.923342812653885 198.51118895576548 2.8865267221879094 3.7570069630143053 
272.0001198106801 20.048593313656994 199.15774703689777 1.793293752373529 3.520841205646093 
273.00011981068 21.246550309585217 21.032984304992027 2.343766150395652 2.4904210837335654 
274.00011981067996 19.947781435804444 22.085991101806457 2.4758141796256155 3.543427880547995 
275.0001198106799 19.947781435804444 19.69985891814767 2.4758141796256155 4.352367014017318 
276.00011981067985 19.548608697484696 20.54624779675916 2.4310108532689014 2.5137071220081566 
277.0001198106798 19.816397977938664 21.606934830229676 2.766634974644546 3.5743941554786716 
278.00011981067973 20.748034995920648 22.388032565531176 2.042943980545715 4.355491890780172 
279.0001198106797 20.06038427837416 21.23742068181849 2.2713721410601124 2.179990949659043 
280.0001198106796 20.706283615679865 21.974937064417077 2.136173743064319 1.985870314275644 
281.00011981067956 18.583365091520534 23.336773940000853 1.7211140239538167 3.3477071898594204 
282.0001198106795 19.81479534123571 18.995665783171944 2.952544273668991 2.4676451091347076 
283.00011981067945 20.81452949371942 19.66141160649505 2.682853880930736 2.098937508117558 
284.00002913176655 20.81452949371942 19.38431356247844 2.682853880930736 3.1493504544127404 
285.00011981067934 22.157006136497387 20.456418274578255 3.195401810748308 2.990024916797381 
286.0001198106793 19.189070734623442 21.241601721114762 2.5262850046236736 3.7752083633338884 
287.0001198106792 20.441247182497648 22.02476727159791 2.728048506202697 4.558373913817036 
288.00011981067917 21.044363963604667 20.439250084393393 1.9862262458825626 2.187135400057457 
289.0001198106791 21.044363963604667 20.690283335549907 1.9862262458825626 3.320892489714481 
290.00001996180816 20.786467011210675 21.750275854447068 2.719480671930853 3.1287085607374365 
291.000119810679 21.862253205409502 17.766259461996583 2.7727131168632013 3.2472755448802104 
292.00011981067894 20.479764379258654 18.472287908391877 2.663764168222542 2.4368840147440665 
293.0001198106789 20.076117265853043 19.66335433321592 2.601246397654677 3.62795043956811 
294.0001198106788 20.59374715802636 19.572457749168507 2.6328600091426893 4.315659965882958 
295.00011981067877 21.688601482730633 20.442213755958733 3.0216858874516674 3.084821637457992 
296.0001198106787 20.148174700422885 19.151690470357096 2.3108179629002734 3.6432315777366853 
297.00011981067865 19.698704310081155 19.089687896413636 2.052278599238832 3.2472195278282356 
298.00011713302894 18.95540173499643 19.953574819341554 2.6760858905485634 4.111106450756154 
299.00011981067854 18.95540173499643 21.286971210614013 2.6760858905485634 2.570523847608058 
300.0001198106785 20.36398150133914 20.006484854951168 3.392281980641087 1.7377437195683 
#####################################################################
# End of data export. Simulation finished at: 2019-09-18T02:31+0000 #
#####################################################################
