#####################################################################
# Alchemist log file - simulation started at: 2019-09-25T07:03+0000 #
#####################################################################
# seed = 115.0, stage_width = 100
#
# The columns have the following meaning: 
# time rep-bcast[Sum] rep-ccast[Sum] share-bcast[Sum] share-ccast[Sum] rep-bcast-single[Sum] rep-ccast-single[Sum] share-bcast-single[Sum] share-ccast-single[Sum] 
0.0 NaN NaN NaN NaN NaN NaN NaN NaN 
1.000111111306615 NaN NaN NaN NaN NaN NaN NaN NaN 
2.000018778833167 0.715724229144481 NaN 0.715724229144481 0.2686452472936116 0.715724229144481 1.2133806556624964 0.715724229144481 0.2686452472936116 
3.000284168966005 1.3925706605421322 NaN 0.4082011841040396 0.2686452472936116 1.3925706605421322 1.2133806556624964 0.4082011841040396 0.2686452472936116 
4.000284168966005 2.1679909933395116 NaN 1.183621516901419 NaN 2.1679909933395116 1.7141405659089148 1.183621516901419 0.2618738017138842 
5.000284168966006 2.4079118151459085 NaN 0.9624164965306052 0.5524234302361632 2.4079118151459085 2.552134061278032 0.9624164965306052 0.5524234302361632 
6.000284168966007 3.212261318760608 NaN 0.25192607337853623 0.5524234302361632 3.212261318760608 2.552134061278032 0.25192607337853623 0.5524234302361632 
7.000284168966008 3.063875053374316 2.124452869452062 1.5490351266075475 1.3201033658373627 3.063875053374316 2.124452869452062 1.5490351266075475 1.3201033658373627 
8.000284168966008 2.547035397034608 2.124452869452062 0.9750059578187091 1.3201033658373627 2.547035397034608 2.124452869452062 0.9750059578187091 1.3201033658373627 
9.000284168966004 3.6051781226454027 2.8891918426079686 0.4640602066588979 1.5920827893789573 3.6051781226454027 2.8891918426079686 0.4640602066588979 0.5940825189518968 
10.000284168966001 3.2520552511356016 2.585887056874385 0.6891625068695681 2.585887056874385 3.2520552511356016 2.585887056874385 0.6891625068695681 NaN 
11.000284168965997 2.7455385522479574 1.7900149716874587 0.4914633739016008 0.571108403981361 2.7455385522479574 1.7900149716874587 0.4914633739016008 0.571108403981361 
12.000284168965994 2.5894701350623794 1.8270675348021594 0.07324009339065185 0.7644957569191977 2.5894701350623794 1.8270675348021594 0.07324009339065185 1.8270675348021594 
13.00028416896599 2.135483815495247 1.2182868564909644 0.8795246846744487 0.41200226520716754 2.135483815495247 1.2182868564909644 0.8795246846744487 0.41200226520716754 
14.000284168965987 2.19225011660847 1.2182868564909644 0.9007231667268538 0.41200226520716754 2.19225011660847 1.2182868564909644 0.9007231667268538 0.41200226520716754 
15.000284168965983 2.9835948112667268 2.588617637087399 0.3217370807886759 0.46960761386958083 2.9835948112667268 2.588617637087399 0.3217370807886759 0.46960761386958083 
16.00028416896598 2.9457074918922324 3.5590450232523967 0.6049493251308 0.6486903053763218 2.9457074918922324 3.5590450232523967 0.6049493251308 0.6486903053763218 
17.000284168965976 2.556688873798999 3.994622477804679 0.3443994417979219 0.6369127207052792 2.556688873798999 3.994622477804679 0.3443994417979219 0.6369127207052792 
18.000284168965972 2.409633467743909 5.055928819175627 1.1677714219078297 1.6982190620762267 2.409633467743909 5.055928819175627 1.1677714219078297 1.6982190620762267 
19.00028416896597 2.4898905159008677 1.8418170576719923 0.3036740164309535 1.0184450775620846 2.4898905159008677 1.8418170576719923 0.3036740164309535 1.0184450775620846 
20.000284168965965 2.4898905159008677 3.198520416260749 0.3036740164309535 3.198520416260749 2.4898905159008677 3.198520416260749 0.3036740164309535 NaN 
21.000201194810185 2.585792942434942 3.198520416260749 0.10417942574721906 3.198520416260749 2.585792942434942 3.198520416260749 0.10417942574721906 NaN 
22.00028416896596 3.2328560432711733 NaN 0.6307810068161999 1.1411922521189979 3.2328560432711733 NaN 0.6307810068161999 1.1411922521189979 
23.000284168965955 3.2328560432711733 1.414789843007732 0.6307810068161999 NaN 3.2328560432711733 1.414789843007732 0.6307810068161999 NaN 
24.00028416896595 3.174116702320891 2.6274557935173846 0.5773410624450577 0.635324888064595 3.174116702320891 NaN 0.5773410624450577 0.635324888064595 
25.000284168965948 3.287242978184544 2.6274557935173846 0.7231730656652751 0.635324888064595 3.287242978184544 NaN 0.7231730656652751 0.635324888064595 
26.000284168965944 3.0525842153403246 3.4927240712984506 0.28048309923529047 2.1947600536599765 3.0525842153403246 3.4927240712984506 0.28048309923529047 2.1947600536599765 
27.00028416896594 2.425549461010821 3.4927240712984506 0.8661142954154393 2.1947600536599765 2.425549461010821 3.4927240712984506 0.8661142954154393 2.1947600536599765 
28.000232014531182 3.2892421977209736 2.6108013823723866 1.729807032125592 NaN 3.2892421977209736 NaN 1.729807032125592 0.04473225031668804 
29.000284168965933 3.3619286232258716 1.907242867234725 0.5885714605757073 NaN 3.3619286232258716 1.907242867234725 0.5885714605757073 NaN 
30.00028416896593 2.763138226929506 2.4013751198503925 0.40649535739580145 NaN 2.763138226929506 3.2650678565605453 0.40649535739580145 0.42160930484795855 
31.000284168965926 2.4243737671906196 1.9458188703907453 1.0665487778647993 0.7700699842448309 2.4243737671906196 1.9458188703907453 1.0665487778647993 0.7700699842448309 
32.000284168965926 2.065802556912228 1.797188519066232 0.8892372152715957 1.797188519066232 2.065802556912228 1.797188519066232 0.8892372152715957 1.797188519066232 
33.00001731361255 2.210127273818685 1.797188519066232 1.1830087389972839 1.797188519066232 2.210127273818685 1.797188519066232 1.1830087389972839 1.797188519066232 
34.000284168965955 3.160113110972077 2.5828068913641964 0.6873227833837134 1.0832216611303167 3.160113110972077 2.5828068913641964 0.6873227833837134 1.0832216611303167 
35.00028416896597 2.914249642316708 1.9205069499352447 1.468577849549746 1.752508344352897 2.914249642316708 1.9205069499352447 1.468577849549746 NaN 
36.0000955440025 2.7489017670560614 2.891476250893973 1.091057870890495 NaN 2.7489017670560614 2.891476250893973 1.091057870890495 NaN 
37.000284168966 2.7489017670560614 2.891476250893973 1.091057870890495 NaN 2.7489017670560614 2.891476250893973 1.091057870890495 NaN 
38.00028416896601 2.972845428782364 2.695090049189652 0.4670214262085324 1.4147661316833364 2.972845428782364 2.695090049189652 0.4670214262085324 1.4147661316833364 
39.000284168966026 2.8819641852880125 2.695090049189652 1.515108089255257 1.4147661316833364 2.8819641852880125 2.695090049189652 1.515108089255257 1.4147661316833364 
40.000114807324614 2.5058700000393657 NaN 0.5513825114641691 NaN 2.5058700000393657 NaN 0.5513825114641691 NaN 
41.000284168966054 2.5058700000393657 NaN 0.5513825114641691 NaN 2.5058700000393657 NaN 0.5513825114641691 NaN 
42.000001300360815 1.866972330049677 NaN 0.650384273840487 NaN 1.866972330049677 NaN 0.650384273840487 NaN 
43.00028416896608 1.9741612021522954 1.789739826255989 0.9162978141642384 0.46596289794418055 1.9741612021522954 1.789739826255989 0.9162978141642384 0.46596289794418055 
44.0002841689661 2.084334922883656 2.6635303802641914 0.7020742107752369 0.17171634323296558 2.084334922883656 2.6635303802641914 0.7020742107752369 0.17171634323296558 
45.00009578556726 1.5687553493501127 2.6635303802641914 0.6949647953419102 0.17171634323296558 1.5687553493501127 2.6635303802641914 0.6949647953419102 0.17171634323296558 
46.000284168966125 2.2335344802289043 2.6560133142988107 0.9172746178824767 1.4879762055793933 2.2335344802289043 2.6560133142988107 0.9172746178824767 NaN 
47.00028416896614 1.913336904231869 2.5878447026966 0.8134684071146623 0.18259387923473014 1.913336904231869 2.5878447026966 0.8134684071146623 0.18259387923473014 
48.000284168966154 2.648079828788127 1.936736975087051 1.5482113316709203 NaN 2.648079828788127 1.936736975087051 1.5482113316709203 0.20593176418140047 
49.00028416896617 2.961593073111416 2.015412453027963 1.8617245759942094 0.967156284148416 2.961593073111416 2.015412453027963 1.8617245759942094 NaN 
50.00028416896618 3.0768297977076386 2.015412453027963 0.24794893756501324 0.967156284148416 3.0768297977076386 2.015412453027963 0.24794893756501324 NaN 
51.000022576189814 2.668431765171974 2.305718833496883 0.2551314515332024 1.0906136117834535 2.668431765171974 2.305718833496883 0.2551314515332024 0.13141844861996788 
52.00015129563593 2.522351147317039 2.729874849248773 1.1837885979685723 2.729874849248773 2.522351147317039 2.729874849248773 1.1837885979685723 NaN 
53.000284168966225 3.3666914158790604 2.729874849248773 0.38886762906527395 2.729874849248773 3.3666914158790604 2.729874849248773 0.38886762906527395 NaN 
54.00028416896624 3.12602266205802 3.121634115394258 0.13580699528372975 0.9620868002436964 3.12602266205802 3.121634115394258 0.13580699528372975 0.9620868002436964 
55.00028416896625 2.9892264924182683 4.009502032817927 0.7504041456856285 0.7520609221399397 2.9892264924182683 4.009502032817927 0.7504041456856285 0.7520609221399397 
56.00028416896627 2.9892264924182683 NaN 0.7504041456856285 NaN 2.9892264924182683 NaN 0.7504041456856285 NaN 
57.00028416896628 2.770289374181651 NaN 0.48214988058699504 NaN 2.770289374181651 NaN 0.48214988058699504 NaN 
58.000090682090885 2.125671093663186 NaN 0.714199429664113 0.25545589333316343 2.125671093663186 NaN 0.714199429664113 0.25545589333316343 
59.00028416896631 3.3764385041666785 NaN 0.9953115171703288 0.25545589333316343 3.3764385041666785 NaN 0.9953115171703288 0.25545589333316343 
60.000284168966324 2.7341469969981276 2.065400958024938 1.7644916740008512 2.6526534599280893 2.7341469969981276 2.065400958024938 1.7644916740008512 2.6526534599280893 
61.00028416896634 3.5548069277117804 2.065400958024938 0.7752065400227295 2.6526534599280893 3.5548069277117804 2.065400958024938 0.7752065400227295 2.6526534599280893 
62.00028416896635 3.7331568184229624 2.450897876419063 0.2869474248335706 0.8610577888748878 3.7331568184229624 2.450897876419063 0.2869474248335706 NaN 
63.00028416896637 3.080516240274342 2.2770358322973863 1.4442519113767247 1.1290306185889278 3.080516240274342 2.2770358322973863 1.4442519113767247 1.1290306185889278 
64.00018598235133 2.325948895260119 2.2770358322973863 0.9099708518376204 1.1290306185889278 2.325948895260119 2.2770358322973863 0.9099708518376204 1.1290306185889278 
65.00028416896639 1.7061954347764043 2.5699914007897178 0.2652346525756144 NaN 1.7061954347764043 2.5699914007897178 0.2652346525756144 NaN 
66.0002841689664 2.86917677551223 2.4675273741548693 0.37337553340313434 0.7896058073326913 2.86917677551223 2.4675273741548693 0.37337553340313434 0.7896058073326913 
67.00028416896642 2.3466011001886073 2.312514101219648 1.2917606402803017 1.1495327604838224 2.3466011001886073 2.312514101219648 1.2917606402803017 0.231147653606655 
68.00028416896643 3.1488844943522594 2.312514101219648 0.571135740556997 1.1495327604838224 3.1488844943522594 2.312514101219648 0.571135740556997 0.231147653606655 
69.00028416896645 3.2053609972295902 2.3294462274823786 0.5025392363440773 0.6087777264415593 3.2053609972295902 2.3294462274823786 0.5025392363440773 0.6087777264415593 
70.00010054588354 2.3241602759915025 1.45330610042393 1.1442468089929463 0.4138518441755821 2.3241602759915025 1.45330610042393 1.1442468089929463 0.4138518441755821 
71.00028416896647 2.1492446374351175 1.45330610042393 0.5911459842665892 0.4138518441755821 2.1492446374351175 1.45330610042393 0.5911459842665892 0.4138518441755821 
72.00028416896649 2.32352316401942 1.8977088322985765 0.8396661758964257 0.8927110038564052 2.32352316401942 1.8977088322985765 0.8396661758964257 0.8927110038564052 
73.0002841689665 2.32352316401942 1.3764548374027612 0.8396661758964257 NaN 2.32352316401942 1.3764548374027612 0.8396661758964257 NaN 
74.00028416896652 2.7755154398699347 1.9901288649074473 0.5193213960099854 NaN 2.7755154398699347 1.9901288649074473 0.5193213960099854 NaN 
75.00028416896653 2.105892801084579 1.9901288649074473 1.4922187735798929 NaN 2.105892801084579 1.9901288649074473 1.4922187735798929 NaN 
76.00028416896654 2.105892801084579 1.7290239603954376 1.4922187735798929 NaN 2.105892801084579 1.7290239603954376 1.4922187735798929 0.17487864748136417 
77.00028416896656 3.3816850790100688 3.176515117008222 0.26709650133602736 NaN 3.3816850790100688 3.176515117008222 0.26709650133602736 0.2702358552854207 
78.00022621141436 2.7162606151244972 3.176515117008222 1.2687694585117129 NaN 2.7162606151244972 3.176515117008222 1.2687694585117129 0.2702358552854207 
79.00028416896659 3.4850534049930957 1.9759196490391844 0.33187845462654764 NaN 3.4850534049930957 1.9759196490391844 0.33187845462654764 0.4369143352420508 
80.0002841689666 4.314152246777255 3.2958362732309467 1.1609772964107066 0.9880381695652147 4.314152246777255 3.2958362732309467 1.1609772964107066 0.1589393277810558 
81.00020318742042 NaN NaN 0.30906288044577934 NaN NaN NaN 0.30906288044577934 0.199386515076867 
82.0002232353851 NaN NaN 0.30906288044577934 NaN NaN NaN 0.30906288044577934 1.1062700084471118 
83.00028416896664 1.9728237798497616 NaN 0.5574908909568705 NaN 1.9728237798497616 NaN 0.5574908909568705 NaN 
84.00028416896666 2.2327544428575976 NaN 0.48824317256131167 NaN 2.2327544428575976 NaN 0.48824317256131167 NaN 
85.00028416896667 1.9406939354998656 NaN 0.059265585465610116 NaN 1.9406939354998656 2.161565236003426 0.059265585465610116 NaN 
86.00028416896669 2.0345258882699113 NaN 0.5256962617107632 NaN 2.0345258882699113 2.673819139615432 0.5256962617107632 NaN 
87.0002841689667 2.3707787645006846 NaN 0.22473583172660483 1.1080927674513106 2.3707787645006846 3.5392281102470236 0.22473583172660483 1.1080927674513106 
88.00014752292086 1.9404534030734197 NaN 0.4352860491195685 0.5987668012894005 1.9404534030734197 2.910279980324475 0.4352860491195685 0.5987668012894005 
89.00028416896673 1.9404534030734197 1.7485680667247863 0.4352860491195685 0.7145152163158173 1.9404534030734197 1.7485680667247863 0.4352860491195685 0.7145152163158173 
90.00028416896674 2.4129348430824393 2.7396223997788667 0.27207924459297317 0.38424891497170677 2.4129348430824393 2.7396223997788667 0.27207924459297317 0.38424891497170677 
91.00028416896676 2.4129348430824393 2.610965730927731 0.27207924459297317 0.6333169369648601 2.4129348430824393 2.610965730927731 0.27207924459297317 0.6333169369648601 
92.00028416896677 2.8905756112235252 2.417519820519203 0.4666381852222372 0.13374962737805163 2.8905756112235252 2.417519820519203 0.4666381852222372 0.13374962737805163 
93.00028416896679 2.0679094564385707 3.2553166183298146 0.10223793463829622 NaN 2.0679094564385707 3.2553166183298146 0.10223793463829622 NaN 
94.0002841689668 2.0679094564385707 2.4142702060431276 0.10223793463829622 1.3404858462161684 2.0679094564385707 2.4142702060431276 0.10223793463829622 1.3404858462161684 
95.00028416896681 2.407670121013581 3.026364241512667 0.12714954234850495 NaN 2.407670121013581 3.026364241512667 0.12714954234850495 NaN 
96.00028416896683 2.6981642730820425 NaN 0.6433464567580387 0.11107717329366551 2.6981642730820425 NaN 0.6433464567580387 0.11107717329366551 
97.00028416896684 2.014197791672359 2.3089982639046553 0.19014402088873794 NaN 2.014197791672359 2.3089982639046553 0.19014402088873794 NaN 
98.00028416896686 2.014197791672359 3.2202844219949185 0.19014402088873794 0.7211421372015252 2.014197791672359 3.2202844219949185 0.19014402088873794 NaN 
99.00028416896687 1.8638115038534409 3.7163559196172145 0.9525253457631777 0.6718371017381912 1.8638115038534409 3.7163559196172145 0.9525253457631777 0.6718371017381912 
100.00028416896689 1.1564323369558736 3.7163559196172145 0.59172730657356 0.6718371017381912 1.1564323369558736 3.7163559196172145 0.59172730657356 0.6718371017381912 
101.0002841689669 2.140280803002156 2.4814105059566316 0.4143535499181894 NaN 2.140280803002156 2.4814105059566316 0.4143535499181894 NaN 
102.00028416896691 1.7350519105923468 3.1269350459920986 0.4411761890400925 NaN 1.7350519105923468 3.1269350459920986 0.4411761890400925 NaN 
103.00000670916965 1.7350519105923468 2.812716704468741 0.4411761890400925 NaN 1.7350519105923468 2.812716704468741 0.4411761890400925 NaN 
104.00028416896694 1.8518191782467994 4.4170222627449505 0.9024731114584057 0.7018324468178037 1.8518191782467994 4.4170222627449505 0.9024731114584057 0.7018324468178037 
105.00012289773954 1.1904311620888564 4.994430031688779 0.5779432885397995 NaN 1.1904311620888564 4.994430031688779 0.5779432885397995 NaN 
106.00006086537822 1.1904311620888564 NaN 0.5779432885397995 NaN 1.1904311620888564 NaN 0.5779432885397995 NaN 
107.00013251428375 2.1201384826369605 NaN 0.5225173034445447 NaN 2.1201384826369605 NaN 0.5225173034445447 NaN 
108.00011241278962 3.0147391101402263 NaN 1.0506388291505573 NaN 3.0147391101402263 NaN 1.0506388291505573 NaN 
109.00028416896701 3.0147391101402263 NaN 1.0506388291505573 NaN 3.0147391101402263 NaN 1.0506388291505573 NaN 
110.00021200088837 2.518736341062592 NaN 0.405404669212416 0.1508760958462858 2.518736341062592 NaN 0.405404669212416 0.1508760958462858 
111.00019337284627 2.025151693685217 4.097216982211705 0.4626359506202249 1.157111073852576 2.025151693685217 4.097216982211705 0.4626359506202249 1.157111073852576 
112.00028416896706 2.025151693685217 5.075240349094088 0.4626359506202249 0.5153874162621577 2.025151693685217 5.075240349094088 0.4626359506202249 0.5153874162621577 
113.00028416896707 2.7853448565678463 NaN 0.6885025455231926 0.20922111522484954 2.7853448565678463 NaN 0.6885025455231926 0.20922111522484954 
114.00028416896708 2.7853448565678463 1.8734506788295988 0.6885025455231926 0.9757270180815567 2.7853448565678463 1.8734506788295988 0.6885025455231926 0.9757270180815567 
115.0002841689671 2.2786900526116938 2.5372777208547603 0.6144604890069445 0.04936655301821702 2.2786900526116938 2.5372777208547603 0.6144604890069445 0.04936655301821702 
116.00000601042133 2.393968957451918 3.854252730316688 0.939152214775433 0.3778227946864945 2.393968957451918 3.854252730316688 0.939152214775433 0.3778227946864945 
117.0001837165961 2.393968957451918 NaN 0.939152214775433 0.9989471727531907 2.393968957451918 NaN 0.939152214775433 0.9989471727531907 
118.00028416896714 2.5227790436420747 3.0598878162955145 0.5846796561134511 0.4877422196352228 2.5227790436420747 3.0598878162955145 0.5846796561134511 0.4877422196352228 
119.00028416896716 2.4109930022331127 2.8545797168552554 0.7174467484177427 1.2709528879886136 2.4109930022331127 2.8545797168552554 0.7174467484177427 1.2709528879886136 
120.00021385016571 1.954089320731157 4.017967385107269 1.1708786523777661 1.229151588187662 1.954089320731157 4.017967385107269 1.1708786523777661 1.229151588187662 
121.00028416896718 1.954089320731157 2.0760234907071435 1.1708786523777661 2.0760234907071435 1.954089320731157 2.0760234907071435 1.1708786523777661 2.0760234907071435 
122.0002841689672 2.674590058645947 3.99312290593609 0.6643304878744516 2.7879339378831247 2.674590058645947 3.99312290593609 0.6643304878744516 2.7879339378831247 
123.00028416896721 2.1192922978734856 NaN 0.5001960305783228 NaN 2.1192922978734856 NaN 0.5001960305783228 NaN 
124.00028416896723 2.771618443137257 2.5045511592815473 0.31464724315723913 NaN 2.771618443137257 2.5045511592815473 0.31464724315723913 NaN 
125.00028416896724 2.771618443137257 NaN 0.31464724315723913 NaN 2.771618443137257 NaN 0.31464724315723913 NaN 
126.00028416896726 1.8976769509103093 NaN 0.6599291614226672 0.1350580764417515 1.8976769509103093 NaN 0.6599291614226672 0.1350580764417515 
127.00028416896727 2.5306010141476207 NaN 0.3941791348536583 0.14493518902956737 2.5306010141476207 NaN 0.3941791348536583 0.14493518902956737 
128.00028416896728 2.5306010141476207 NaN 0.3941791348536583 1.2341274299705276 2.5306010141476207 NaN 0.3941791348536583 1.2341274299705276 
129.00028416896723 1.9207151309969959 NaN 0.29240856617280997 2.1871589209784474 1.9207151309969959 NaN 0.29240856617280997 2.1871589209784474 
130.00028087873898 2.3418354370011087 NaN 0.29961170505222867 0.22134655197314146 2.3418354370011087 NaN 0.29961170505222867 0.22134655197314146 
131.0002841689671 1.8039207674489717 NaN 0.665803652479525 0.838505409917218 1.8039207674489717 NaN 0.665803652479525 0.838505409917218 
132.00009177770218 1.9124697089701215 NaN 0.2651163896843798 2.4858587292029597 1.9124697089701215 NaN 0.2651163896843798 NaN 
133.00027512403622 1.9124697089701215 NaN 0.2651163896843798 0.7063306791575314 1.9124697089701215 NaN 0.2651163896843798 0.7063306791575314 
134.00028416896694 1.7960486552436237 NaN 0.8246015864017124 0.08373839237214042 1.7960486552436237 NaN 0.8246015864017124 0.08373839237214042 
135.00003537414415 1.6024955292388938 NaN 0.694155550465041 0.16476458091401014 1.6024955292388938 NaN 0.694155550465041 0.16476458091401014 
136.00028416896683 2.0295928535834094 1.92321765552677 0.19011359042877984 1.1453237126895885 2.0295928535834094 1.92321765552677 0.19011359042877984 1.1453237126895885 
137.00028416896677 2.0295928535834094 2.821430923185744 0.19011359042877984 2.043536980348563 2.0295928535834094 2.821430923185744 0.19011359042877984 2.043536980348563 
138.00005280223397 1.8375277150525733 3.864532182172155 0.939314447393599 3.086638239334974 1.8375277150525733 3.864532182172155 0.939314447393599 3.086638239334974 
139.00028416896666 2.1562632460037605 4.800243176882077 0.17745099230742767 NaN 2.1562632460037605 4.800243176882077 0.17745099230742767 NaN 
140.0002841689666 2.1562632460037605 NaN 0.17745099230742767 NaN 2.1562632460037605 NaN 0.17745099230742767 NaN 
141.00001258440756 2.7370316639745056 NaN 0.3856461418677668 0.45109204533468983 2.7370316639745056 NaN 0.3856461418677668 0.45109204533468983 
142.0002841689665 2.7370316639745056 NaN 0.3856461418677668 NaN 2.7370316639745056 NaN 0.3856461418677668 NaN 
143.00028416896643 1.7558033057533748 2.3613388735703325 0.7828891534932438 NaN 1.7558033057533748 2.3613388735703325 0.7828891534932438 NaN 
144.00028416896637 1.75457723191235 NaN 0.8172445559368384 0.21334284195165765 1.75457723191235 NaN 0.8172445559368384 0.21334284195165765 
145.00028416896632 1.75457723191235 2.319614695771577 0.8172445559368384 NaN 1.75457723191235 2.319614695771577 0.8172445559368384 NaN 
146.00028416896626 2.495850929141966 NaN 0.33067975585265685 NaN 2.495850929141966 NaN 0.33067975585265685 NaN 
147.0002841689662 1.6823372140553658 NaN 0.8636508403400285 0.05069303417334936 1.6823372140553658 NaN 0.8636508403400285 0.05069303417334936 
148.00028416896615 1.4705137343252943 2.8024272487048734 0.0704369779964793 1.4507697905021644 1.4705137343252943 2.8024272487048734 0.0704369779964793 1.4507697905021644 
149.0002841689661 1.4705137343252943 NaN 0.0704369779964793 0.6457627605296921 1.4705137343252943 NaN 0.0704369779964793 0.6457627605296921 
150.000272589151 1.6380319087780606 NaN 0.9218321702518892 0.22314039649515394 1.6380319087780606 NaN 0.9218321702518892 0.22314039649515394 
151.00021621859858 1.6380319087780606 NaN 0.9218321702518892 1.2896071111725291 1.6380319087780606 NaN 0.9218321702518892 1.2896071111725291 
152.00028416896592 2.666038932726451 NaN 0.4545996513020327 2.4468566483649568 2.666038932726451 NaN 0.4545996513020327 2.4468566483649568 
153.00028416896586 2.025429402567198 NaN 0.8681798653747705 NaN 2.025429402567198 NaN 0.8681798653747705 NaN 
154.0002841689658 2.025429402567198 NaN 0.8681798653747705 NaN 2.025429402567198 NaN 0.8681798653747705 NaN 
155.0002150616496 2.409138083616199 NaN 0.3879735018069823 0.44406204525657245 2.409138083616199 NaN 0.3879735018069823 0.44406204525657245 
156.0002841689657 2.5586028706689206 NaN 0.5771095460592903 0.5636404017942027 2.5586028706689206 NaN 0.5771095460592903 1.5848119931100655 
157.00028416896563 2.0543459377361444 NaN 0.3923400762851941 1.08489631539166 2.0543459377361444 NaN 0.3923400762851941 2.1060679067075228 
158.00028416896558 2.0543459377361444 2.5111165132092594 0.3923400762851941 1.0338801215324054 2.0543459377361444 2.5111165132092594 0.3923400762851941 1.0338801215324054 
159.00011061653285 2.2530479802056504 3.463012932282396 0.826827782388051 0.12506863668508572 2.2530479802056504 3.463012932282396 0.826827782388051 0.12506863668508572 
160.00028416896546 2.2530479802056504 4.543772954197891 0.826827782388051 1.2058286586005806 2.2530479802056504 4.543772954197891 0.826827782388051 1.2058286586005806 
161.0002263388672 2.3242709895975793 NaN 0.29161454860894764 0.40074675017254435 2.3242709895975793 NaN 0.29161454860894764 0.40074675017254435 
162.00028416896535 2.6428182795926034 3.041984643342147 0.8696969588956165 0.2740977270644578 2.6428182795926034 3.041984643342147 0.8696969588956165 0.2740977270644578 
163.0002841689653 2.477224141668586 2.2971676282080296 0.6410681569270196 1.0267239191398687 2.477224141668586 2.2971676282080296 0.6410681569270196 1.0267239191398687 
164.00028416896524 2.077416408385716 2.0313639940925157 0.32015014135765796 NaN 2.077416408385716 2.0313639940925157 0.32015014135765796 NaN 
165.000180481151 2.077416408385716 3.332421224779665 0.32015014135765796 NaN 2.077416408385716 3.332421224779665 0.32015014135765796 NaN 
166.00028416896512 1.0961997060549038 4.271126792155542 0.6525474627002836 0.286158104675593 1.0961997060549038 4.271126792155542 0.6525474627002836 0.286158104675593 
167.00028416896507 2.2125513502720366 5.153091419508286 0.39188115554341607 NaN 2.2125513502720366 5.153091419508286 0.39188115554341607 NaN 
168.00014011861333 2.2125513502720366 6.039566098133292 0.39188115554341607 0.49459352308159055 2.2125513502720366 6.039566098133292 0.39188115554341607 0.49459352308159055 
169.00028416896495 2.062574352397945 NaN 0.03452756172234217 NaN 2.062574352397945 NaN 0.03452756172234217 NaN 
170.0001837910157 2.062574352397945 2.9201100047878583 0.03452756172234217 1.2494168079333292 2.062574352397945 2.9201100047878583 0.03452756172234217 1.2494168079333292 
171.00028416896484 2.592481015555336 3.5156729785239804 0.16696453384906818 NaN 2.592481015555336 3.5156729785239804 0.16696453384906818 NaN 
172.00028416896478 2.8458769709602905 2.7857394685906343 0.966369627568497 NaN 2.8458769709602905 2.7857394685906343 0.966369627568497 NaN 
173.00028416896473 2.281281800537357 NaN 0.4459283615295533 NaN 2.281281800537357 NaN 0.4459283615295533 NaN 
174.00028416896467 2.281281800537357 2.3988012662844085 0.4459283615295533 1.0838890933155483 2.281281800537357 2.3988012662844085 0.4459283615295533 NaN 
175.0002841689646 1.2864009645490455 2.3988012662844085 0.5749689589879665 1.0838890933155483 1.2864009645490455 2.3988012662844085 0.5749689589879665 NaN 
176.00000372090466 2.5793356232698272 NaN 0.1168267069564024 NaN 2.5793356232698272 NaN 0.1168267069564024 NaN 
177.00012194265372 1.70816912486859 NaN 0.20184756501785728 NaN 1.70816912486859 NaN 0.20184756501785728 NaN 
178.00028416896444 1.70816912486859 NaN 0.20184756501785728 1.1035715243298796 1.70816912486859 NaN 0.20184756501785728 1.1035715243298796 
179.0000939808386 1.631714073135754 2.756952876315836 0.32629498378801713 0.1907431173384282 1.631714073135754 2.756952876315836 0.32629498378801713 0.1907431173384282 
180.00028416896433 1.8248089655529327 3.599214128229164 0.46550961251315925 1.0330043692517563 1.8248089655529327 3.599214128229164 0.46550961251315925 1.0330043692517563 
181.00019040746866 1.8248089655529327 NaN 0.46550961251315925 0.7939539862228173 1.8248089655529327 NaN 0.46550961251315925 0.7939539862228173 
182.0002746782197 1.0435275636861547 NaN 0.403739829343408 1.2081598621782632 1.0435275636861547 NaN 0.403739829343408 NaN 
183.00028416896416 1.922860130906372 NaN 0.6497229886932132 NaN 1.922860130906372 NaN 0.6497229886932132 NaN 
184.0002841689641 1.922860130906372 NaN 0.6497229886932132 0.7599171680682275 1.922860130906372 NaN 0.6497229886932132 0.7599171680682275 
185.00028416896404 1.508080858213134 2.9334826148717923 0.20229951533022472 NaN 1.508080858213134 2.9334826148717923 0.20229951533022472 NaN 
186.000284168964 2.23285219772535 4.314772224282478 0.1971174430740632 1.1789900940804614 2.23285219772535 4.314772224282478 0.1971174430740632 1.1789900940804614 
187.00020076396257 2.23285219772535 NaN 0.1971174430740632 NaN 2.23285219772535 NaN 0.1971174430740632 NaN 
188.00028416896387 2.801582999360363 NaN 0.41703991868962476 0.810713626318261 2.801582999360363 NaN 0.41703991868962476 NaN 
189.00028416896382 2.0032889154439317 NaN 0.1927031502748946 1.3935458464794124 2.0032889154439317 NaN 0.1927031502748946 NaN 
190.00028416896376 1.6269737351872209 2.588955009613045 1.0441415150260696 NaN 1.6269737351872209 2.588955009613045 1.0441415150260696 0.151267648107563 
191.0002841689637 2.2610215261128417 1.7925780470289965 0.2757403288089506 NaN 2.2610215261128417 1.7925780470289965 0.2757403288089506 0.9411396822778215 
192.00004222304838 2.2610215261128417 2.543916888444187 0.2757403288089506 NaN 2.2610215261128417 2.543916888444187 0.2757403288089506 1.692478523693012 
193.0002841689636 1.7287120969390912 3.5804226167225863 0.9773732555239008 0.05913247275449862 1.7287120969390912 3.5804226167225863 0.9773732555239008 0.05913247275449862 
194.00028416896353 2.5296837471980496 2.727039295984241 0.2782429638200483 NaN 2.5296837471980496 2.727039295984241 0.2782429638200483 NaN 
195.00028416896347 2.5296837471980496 NaN 0.2782429638200483 0.42570707516321704 2.5296837471980496 NaN 0.2782429638200483 0.42570707516321704 
196.00028416896342 2.7661523411868245 NaN 0.8472672471039573 0.28673238608743645 2.7661523411868245 NaN 0.8472672471039573 1.5597067083546108 
197.00028416896336 2.919096894499461 2.833598586495526 1.0811472223248018 2.833598586495526 2.919096894499461 2.833598586495526 1.0811472223248018 2.833598586495526 
198.0002841689633 2.919096894499461 NaN 1.0811472223248018 NaN 2.919096894499461 NaN 1.0811472223248018 NaN 
199.00028416896325 2.1577020476652535 NaN 0.3302541418417775 NaN 2.1577020476652535 NaN 0.3302541418417775 NaN 
200.0002841689632 2.1577020476652535 NaN 0.3302541418417775 0.4258777560937119 2.1577020476652535 NaN 0.3302541418417775 0.4258777560937119 
201.00028416896313 NaN NaN 0.1506898777501533 NaN NaN NaN 0.1506898777501533 NaN 
202.00028416896308 NaN NaN 1.2514187252839406 NaN NaN NaN 1.2514187252839406 NaN 
203.00028416896302 NaN NaN 1.284468196000546 NaN NaN NaN 1.284468196000546 NaN 
204.0002736264534 3.4505119293328903 NaN 0.41249457040723314 NaN 3.4505119293328903 NaN 0.41249457040723314 0.3121918935084409 
205.0002841689629 3.076661085577058 NaN 0.2777392516830446 NaN 3.076661085577058 NaN 0.2777392516830446 0.26382652065390744 
206.00028416896285 2.2583531333850146 NaN 1.0560913889999881 1.0645519901284786 2.2583531333850146 1.6061177624654306 1.0560913889999881 0.28619985281153504 
207.0002841689628 2.1396729347336247 NaN 0.7973816929221016 1.0645519901284786 2.1396729347336247 1.6061177624654306 0.7973816929221016 0.28619985281153504 
208.00028416896274 2.052249582869024 NaN 0.5516697692633556 NaN 2.052249582869024 2.565131803734147 0.5516697692633556 1.7867796664172033 
209.0000748497653 3.021053814739588 NaN 1.5204740011339197 NaN 3.021053814739588 1.6041271616034294 1.5204740011339197 0.19958426024192022 
210.00028416896262 3.872751233924589 NaN 0.6521131589430809 NaN 3.872751233924589 1.6041271616034294 0.6521131589430809 0.19958426024192022 
211.00028416896257 3.7341526295217022 2.7397118008836685 0.8785097288656232 0.48347148033715825 3.7341526295217022 2.7397118008836685 0.8785097288656232 0.48347148033715825 
212.0002841689625 3.7341526295217022 1.3261597617676273 0.8785097288656232 NaN 3.7341526295217022 1.3261597617676273 0.8785097288656232 2.807848060606773 
213.0002282568763 2.2355854718637715 2.693973344761332 0.762906310779158 0.6049072722145468 2.2355854718637715 2.693973344761332 0.762906310779158 0.6049072722145468 
214.0002841689624 2.4613089818157903 1.5722396760669142 1.0934953988220855 0.5922044378282578 2.4613089818157903 1.5722396760669142 1.0934953988220855 0.5922044378282578 
215.00007573703127 1.9402944851406687 2.50107473925641 0.04412701809880559 0.8026720682197777 1.9402944851406687 2.50107473925641 0.04412701809880559 0.8026720682197777 
216.00005189578724 2.3575608295418533 2.50107473925641 0.4613933624999902 0.8026720682197777 2.3575608295418533 2.50107473925641 0.4613933624999902 0.8026720682197777 
217.00028416896222 3.0085063968548127 2.538702009921394 0.34364139196370047 1.2746365792016263 3.0085063968548127 2.538702009921394 0.34364139196370047 1.2746365792016263 
218.00028416896217 3.206230712231985 2.374806704880058 0.37003064485193704 2.374806704880058 3.206230712231985 2.374806704880058 0.37003064485193704 2.374806704880058 
219.0002841689621 3.206230712231985 2.607275353630399 0.37003064485193704 0.867413725011204 3.206230712231985 2.607275353630399 0.37003064485193704 0.867413725011204 
220.00028416896205 2.9779804131743504 2.607275353630399 0.6403659176327778 0.867413725011204 2.9779804131743504 2.607275353630399 0.6403659176327778 0.867413725011204 
221.000284168962 3.0832737829032624 3.3949531533362745 0.444849363281719 NaN 3.0832737829032624 3.3949531533362745 0.444849363281719 NaN 
222.00006591086563 2.963405943252326 2.8952572380914887 1.5624258934939235 NaN 2.963405943252326 2.8952572380914887 1.5624258934939235 NaN 
223.00028416896188 2.963405943252326 2.8952572380914887 1.5624258934939235 NaN 2.963405943252326 2.8952572380914887 1.5624258934939235 NaN 
224.00028416896183 3.6992542555291834 2.685828207910106 0.5685766843373585 NaN 3.6992542555291834 2.685828207910106 0.5685766843373585 NaN 
225.00028416896177 2.852429130001667 1.694782652897345 1.4206668411603118 0.7736966230361872 2.852429130001667 1.694782652897345 1.4206668411603118 0.7736966230361872 
226.0002841689617 2.4058114228854492 2.0294236383504938 1.0635381155119035 0.19218889980240306 2.4058114228854492 2.0294236383504938 1.0635381155119035 0.19218889980240306 
227.0000185180919 2.228060710506867 2.0294236383504938 0.9723336951925603 0.19218889980240306 2.228060710506867 2.0294236383504938 0.9723336951925603 0.19218889980240306 
228.00003691699308 3.043665925414416 2.617498784557114 0.3477736070705362 0.46783160783701305 3.043665925414416 2.617498784557114 0.3477736070705362 0.46783160783701305 
229.00028416896154 2.5718738774737915 1.7081934023138103 1.1317085744442181 0.8925881874062611 2.5718738774737915 1.7081934023138103 1.1317085744442181 0.8925881874062611 
230.00028416896149 3.423133034118024 2.221347596888478 0.7426059366116533 0.5861534728705635 3.423133034118024 2.221347596888478 0.7426059366116533 0.5861534728705635 
231.00028416896143 3.1316088645809828 2.221347596888478 0.5624876606219686 0.5861534728705635 3.1316088645809828 2.221347596888478 0.5624876606219686 0.5861534728705635 
232.00028416896137 2.0032665244771977 NaN 0.4447510856629435 0.9960277781922855 2.0032665244771977 NaN 0.4447510856629435 0.4558110273679574 
233.00028416896131 2.9289252053508505 NaN 1.3704097665365964 0.9960277781922855 2.9289252053508505 NaN 1.3704097665365964 0.4558110273679574 
234.00028416896126 3.866875508314905 2.2985924433323532 0.46557865353625516 1.0078454096364453 3.866875508314905 2.2985924433323532 0.46557865353625516 0.4723716494277994 
235.0002841689612 2.861145078243851 2.2985924433323532 1.0183636622794552 1.0078454096364453 2.861145078243851 2.2985924433323532 1.0183636622794552 0.4723716494277994 
236.00028416896114 3.752719114706565 1.2168664620598975 0.2274925831460166 1.2168664620598975 3.752719114706565 1.2168664620598975 0.2274925831460166 0.6640814533166974 
237.0002841689611 3.2034856166172005 1.8753452109888258 0.3097767433489196 NaN 3.2034856166172005 1.8753452109888258 0.3097767433489196 NaN 
238.00028416896103 2.3647351540473096 3.1051107225156613 1.1534713963751813 0.919988768177916 2.3647351540473096 3.1051107225156613 1.1534713963751813 0.919988768177916 
239.00028416896097 3.289379122807759 2.1913073333342936 0.848349853608795 0.42296871154758264 3.289379122807759 2.1913073333342936 0.848349853608795 0.42296871154758264 
240.00028416896092 3.3459083552484117 3.2974195298164375 0.8448242785651985 NaN 3.3459083552484117 3.2974195298164375 0.8448242785651985 NaN 
241.00028416896086 1.9121544141734432 3.2974195298164375 0.8060422176912994 NaN 1.9121544141734432 3.2974195298164375 0.8060422176912994 NaN 
242.00005577966354 2.6957817158388764 1.9896857484333452 1.5896695193567325 NaN 2.6957817158388764 1.9896857484333452 1.5896695193567325 0.13872831115966733 
243.00028416896075 3.0927652176924028 1.9896857484333452 1.364367387176003 NaN 3.0927652176924028 1.9896857484333452 1.364367387176003 0.13872831115966733 
244.0002841689607 3.0927652176924028 2.385299857741728 1.364367387176003 1.601672556076295 3.0927652176924028 2.385299857741728 1.364367387176003 NaN 
245.00028416896063 2.5678483386138 3.7961948714990115 1.1049040936971721 0.3059909200601112 2.5678483386138 3.7961948714990115 1.1049040936971721 0.3059909200601112 
246.00028416896058 2.5166484404380753 2.9983350385338383 1.105753426680792 4.501430736869509 2.5166484404380753 2.9983350385338383 1.105753426680792 0.38310974035513823 
247.00008795383323 3.1810553407586895 2.9983350385338383 0.2812971599654759 4.501430736869509 3.1810553407586895 2.9983350385338383 0.2812971599654759 0.38310974035513823 
248.00028416896046 3.06291558687019 1.8992133003496292 1.5740524198342598 1.234806400029015 3.06291558687019 1.8992133003496292 1.5740524198342598 1.234806400029015 
249.0002841689604 3.94642179683251 1.8992133003496292 0.9414550698020889 1.234806400029015 3.94642179683251 1.8992133003496292 0.9414550698020889 1.234806400029015 
250.00028416896035 4.0252602610020745 3.5701336952967893 0.8382363060604234 0.7294653251450711 4.0252602610020745 3.5701336952967893 0.8382363060604234 0.7294653251450711 
251.0002841689603 3.2315182487739946 2.6157344905598165 0.5578348983744092 0.1645266493920019 3.2315182487739946 2.6157344905598165 0.5578348983744092 0.1645266493920019 
252.00028416896023 2.4976403336555677 1.7322172626477084 1.4948773782031424 1.0098557148812972 2.4976403336555677 1.7322172626477084 1.4948773782031424 NaN 
253.00028416896018 2.2720379774216894 1.7322172626477084 0.704347364165983 1.0098557148812972 2.2720379774216894 1.7322172626477084 0.704347364165983 NaN 
254.00028416896012 3.545220511976538 2.498840516268274 0.488545097333855 0.7846374372209937 3.545220511976538 2.498840516268274 0.488545097333855 0.7846374372209937 
255.00028416896006 2.9833131914528224 3.0788097086877144 1.4943283900658457 1.0284665749143187 2.9833131914528224 3.0788097086877144 1.4943283900658457 1.0284665749143187 
256.00028416896004 2.4965546873375217 3.0788097086877144 0.979543015089348 1.0284665749143187 2.4965546873375217 3.0788097086877144 0.979543015089348 1.0284665749143187 
257.00028416896 3.716479205635494 1.6438789351189484 0.5782718804506999 0.6416526378472724 3.716479205635494 1.6438789351189484 0.5782718804506999 0.6416526378472724 
258.0000353354101 3.0071094058320966 1.5114868065822975 1.3859137528954761 0.71890340129778 3.0071094058320966 1.5114868065822975 1.3859137528954761 0.71890340129778 
259.00028416895987 2.366378592187232 1.5114868065822975 1.069203310438752 0.71890340129778 2.366378592187232 1.5114868065822975 1.069203310438752 0.71890340129778 
260.0002841689598 2.1949471934941585 2.213477023075825 0.7003735717161135 NaN 2.1949471934941585 2.213477023075825 0.7003735717161135 0.42537031133929304 
261.00028416895975 3.203949638183701 2.1565580434327103 1.7093760164056562 NaN 3.203949638183701 2.1565580434327103 1.7093760164056562 NaN 
262.0002841689597 2.6302179526777536 2.1565580434327103 0.8990302205843363 NaN 2.6302179526777536 2.1565580434327103 0.8990302205843363 NaN 
263.00028416895964 3.3692249695394025 0.9071936084731647 1.6380372374459853 0.6395996550578502 3.3692249695394025 0.9071936084731647 1.6380372374459853 0.6395996550578502 
264.0002841689596 3.070208856246495 0.9071936084731647 1.5315789806043085 0.6395996550578502 3.070208856246495 0.9071936084731647 1.5315789806043085 0.6395996550578502 
265.00010638042727 2.5361235198678855 1.6655035782650884 0.7712125797989984 1.6655035782650884 2.5361235198678855 1.6655035782650884 0.7712125797989984 1.0071326626804193 
266.00028416895947 3.489659872832476 1.5848114611301867 0.37326943109798094 0.5802669218666097 3.489659872832476 1.5848114611301867 0.37326943109798094 0.5802669218666097 
267.0002841689594 2.321438627166515 1.5848114611301867 0.9699591255009068 0.5802669218666097 2.321438627166515 1.5848114611301867 0.9699591255009068 0.5802669218666097 
268.00028416895935 2.008601512232417 1.1913306783754933 0.44400140275894273 NaN 2.008601512232417 1.1913306783754933 0.44400140275894273 NaN 
269.0001418880601 3.4015115916687364 1.0264932769754296 0.3664168024608898 NaN 3.4015115916687364 1.0264932769754296 0.3664168024608898 0.4080783660279508 
270.0001985377675 2.8976992502485928 1.0264932769754296 1.4272045705142204 NaN 2.8976992502485928 1.0264932769754296 1.4272045705142204 0.4080783660279508 
271.0002841689592 3.7568592827703924 2.5345546858169428 0.7783031941945069 1.1416446063806234 3.7568592827703924 2.5345546858169428 0.7783031941945069 1.1416446063806234 
272.00006243138745 2.954419972427104 2.979018350153126 0.38347998830192864 0.28457538108915514 2.954419972427104 2.979018350153126 0.38347998830192864 NaN 
273.00028416895907 2.226101857837932 1.7616009971426365 1.16322328255427 1.0935456277515527 2.226101857837932 1.7616009971426365 1.16322328255427 NaN 
274.0000191661936 3.000078630542305 1.6901415826746415 0.46017443920516143 NaN 3.000078630542305 1.6901415826746415 0.46017443920516143 NaN 
275.00028416895896 2.0900684390653623 1.6901415826746415 0.7137291898899321 NaN 2.0900684390653623 1.6901415826746415 0.7137291898899321 NaN 
276.0002841689589 1.5890997370888158 1.0530881239184282 0.45472213371618864 0.4206484134826951 1.5890997370888158 1.0530881239184282 0.45472213371618864 0.4206484134826951 
277.00028416895884 2.5093010259010384 2.2816243344286136 0.1463872120182259 NaN 2.5093010259010384 2.2816243344286136 0.1463872120182259 NaN 
278.0002841689588 2.0704033353462705 1.642995331114662 0.8418671248360852 NaN 2.0704033353462705 1.642995331114662 0.8418671248360852 NaN 
279.00028416895873 3.2541580117334092 3.2182132958708394 1.1564405469025587 NaN 3.2541580117334092 3.2182132958708394 1.1564405469025587 0.41877741785361877 
280.0002841689587 2.443726437575833 3.2182132958708394 0.8685084728196557 NaN 2.443726437575833 3.2182132958708394 0.8685084728196557 0.41877741785361877 
281.0002841689586 3.014353245319967 1.3427102781365647 1.4391352805637894 NaN 3.014353245319967 1.3427102781365647 1.4391352805637894 2.629996168809839 
282.0000271015347 2.616112315250575 2.2718180092466014 0.40489356429435475 0.5242141668156819 2.616112315250575 2.2718180092466014 0.40489356429435475 0.5242141668156819 
283.0002841689585 1.9642032098614663 2.2718180092466014 1.0350954787514297 0.5242141668156819 1.9642032098614663 2.2718180092466014 1.0350954787514297 0.5242141668156819 
284.00028416895844 2.599773733150869 1.8248217914693896 0.37005837738712444 0.265512145902278 2.599773733150869 1.8248217914693896 0.37005837738712444 0.265512145902278 
285.00022516610943 3.548006661706097 2.487703482173913 1.3182913059423527 NaN 3.548006661706097 2.487703482173913 1.3182913059423527 0.11151112944548913 
286.0002314572022 3.337286169999743 2.487703482173913 0.6068761099581934 NaN 3.337286169999743 2.487703482173913 0.6068761099581934 0.11151112944548913 
287.0002841689583 3.660397590868115 1.9119851586962113 0.430121126229551 1.1935979192925288 3.660397590868115 1.9119851586962113 0.430121126229551 0.1926890097374212 
288.0002841689582 3.660397590868115 1.9119851586962113 0.430121126229551 1.1935979192925288 3.660397590868115 1.9119851586962113 0.430121126229551 0.1926890097374212 
289.00028416895816 3.460355781929593 1.9951217669006382 1.6598817526788707 NaN 3.460355781929593 1.9951217669006382 1.6598817526788707 NaN 
290.00004796097363 3.45082857843812 3.3662278900636124 0.27728969811192883 NaN 3.45082857843812 3.3662278900636124 0.27728969811192883 NaN 
291.00028416895805 2.5584046148125594 4.620714312487053 1.1872984916495852 0.9771967243115114 2.5584046148125594 4.620714312487053 1.1872984916495852 0.06718793077385499 
292.000284168958 3.360293281487543 4.620714312487053 0.7347007359011286 0.9771967243115114 3.360293281487543 4.620714312487053 0.7347007359011286 0.06718793077385499 
293.00028416895793 2.030726939714498 2.171485421073328 0.8364382429526813 NaN 2.030726939714498 2.171485421073328 0.8364382429526813 1.2614766275356715 
294.0002841689579 2.8764085948046727 3.605432303256748 0.24817301585943596 0.5975086392307389 2.8764085948046727 3.605432303256748 0.24817301585943596 2.6954235097190917 
295.0002284962989 2.608171571001435 1.582704918882996 0.1890284091657577 NaN 2.608171571001435 1.582704918882996 0.1890284091657577 NaN 
296.0002356759671 2.0190818074846675 3.4704171575613714 1.0338855278324104 0.3585396541982959 2.0190818074846675 3.4704171575613714 1.0338855278324104 0.3585396541982959 
297.0002841689577 1.8303469050968033 3.4704171575613714 0.437921723066097 0.3585396541982959 1.8303469050968033 3.4704171575613714 0.437921723066097 0.3585396541982959 
298.00028416895765 1.5987831788181097 1.580568455777211 0.3767543772391946 0.7841070785128181 1.5987831788181097 1.580568455777211 0.3767543772391946 0.7841070785128181 
299.0002841689576 2.306460119212545 2.5121192008894013 1.08443131763363 2.5121192008894013 2.306460119212545 2.5121192008894013 1.08443131763363 0.6435808047429532 
300.00028416895753 2.659067799253137 2.5121192008894013 0.9310556768765537 2.5121192008894013 2.659067799253137 2.5121192008894013 0.9310556768765537 0.6435808047429532 
#####################################################################
# End of data export. Simulation finished at: 2019-09-25T07:35+0000 #
#####################################################################
