#####################################################################
# Alchemist log file - simulation started at: 2019-02-19T16:05+0000 #
#####################################################################
# seed = 29.0
#
# The columns have the following meaning: 
# time derr-single-broadcast-rep[Mean] terr-single-broadcast-rep[Mean] derr-single-broadcast-share[Mean] terr-single-broadcast-share[Mean] derr-single-collection-rep[Mean] terr-single-collection-rep[Mean] derr-single-collection-share[Mean] terr-single-collection-share[Mean] derr-single-distance-rep[Mean] terr-single-distance-rep[Mean] derr-single-distance-share[Mean] terr-single-distance-share[Mean] derr-stack-broadcast-rep[Mean] terr-stack-broadcast-rep[Mean] derr-stack-broadcast-share[Mean] terr-stack-broadcast-share[Mean] derr-stack-collection-rep[Mean] terr-stack-collection-rep[Mean] derr-stack-collection-share[Mean] terr-stack-collection-share[Mean] derr-stack-distance-rep[Mean] terr-stack-distance-rep[Mean] derr-stack-distance-share[Mean] terr-stack-distance-share[Mean] 
0.0 NaN NaN NaN NaN NaN NaN NaN NaN NaN NaN NaN NaN NaN NaN NaN NaN NaN NaN NaN NaN NaN NaN NaN NaN 
2.0000462405716726 0.0 0.7411563522627431 0.0 1.0335092331035103 3.6290107015046575 0.0018420454041587426 3.174534819705009 0.0023723403930112313 0.0 1.2099054276598624 42.276637260327306 0.8961313112143733 NaN NaN NaN NaN 0.0 0.0 0.0 0.0 0.0 1.2099054276598624 42.276637260327306 0.8961313112143733 
4.000046240571674 0.0 1.7897654033317592 0.0 2.0419989183778564 3.5588197915334496 0.004481317057347277 2.426584803176355 0.00489502359347528 7.798756793583475 2.3908352264749215 84.07836276265905 2.2029366016641756 NaN NaN NaN NaN 0.0 0.0 0.0 0.0 7.798756793583475 2.3908352264749215 84.07836276265905 2.2029366016641756 
6.000046240571676 0.0 2.7680512113055054 0.0 2.942734531442204 3.5181068909831756 0.0053736751870300135 1.8773989570271856 0.00594392684265459 4.7583355058719725 3.2656495963388603 71.56881132330228 3.3779696710011247 NaN NaN NaN NaN 0.0 0.0 0.0 0.0 4.7583355058719725 3.2656495963388603 71.56881132330228 3.3779696710011247 
8.000046240571677 0.0 3.675843579004901 0.0 3.7666868930867348 3.3606732438158122 0.00790357787108513 1.2781021567478374 0.007851617999449034 6.426136858050171 4.3749671042351626 55.27003927777774 4.19371769772086 NaN NaN NaN NaN 0.0 0.0 0.0 0.0 6.426136858050171 4.3749671042351626 55.27003927777774 4.19371769772086 
10.00004624057167 0.0 4.581812911927691 0.0 4.5771119866506815 3.2522167004164224 0.01001508436362844 1.0009262091683913 0.008973055905941297 6.8102870677949126 5.284933815394662 45.033666719888586 4.74093393574623 NaN NaN NaN NaN 0.0 0.0 0.0 0.0 6.8102870677949126 5.284933815394662 45.033666719888586 4.74093393574623 
12.000046240571663 0.0 9.562764403372825 0.0 9.025514101280942 2.6233924381148475 0.02215202857224022 0.007030539556049439 0.013970966839527409 4.309408955348212 6.604849702928478 26.991437618829803 6.478511722199308 NaN NaN NaN NaN 0.0 0.0 0.0 0.0 4.309408955348212 6.604849702928478 26.991437618829803 6.478511722199308 
14.000046240571656 0.0 10.374749413441636 0.0 9.675533897824542 2.4967676349375667 0.023766616307921366 0.007030539556049439 0.015903279686077257 7.715771283481839 7.7343625828674325 27.495601719298666 6.565842810701065 NaN NaN NaN NaN 0.0 0.0 0.0 0.0 7.715771283481839 7.7343625828674325 27.495601719298666 6.565842810701065 
16.00004624057165 0.0 11.141901625740768 0.0 10.304865977093252 2.36765595595685 0.025672974318977203 0.007030539556049439 0.017800666646002362 10.764918120515508 8.898902824667212 27.07597568720767 6.554419251469955 NaN NaN NaN NaN 0.0 0.0 0.0 0.0 10.764918120515508 8.898902824667212 27.07597568720767 6.554419251469955 
18.000046240571642 0.0 11.922461430148486 0.0 10.906391660527335 2.2273094268670426 0.027586441492403857 0.007030539556049439 0.01973161383442744 13.189328796563514 10.366531778571904 25.942290078449517 6.532514594079709 NaN NaN NaN NaN 0.0 0.0 0.0 0.0 13.189328796563514 10.366531778571904 25.942290078449517 6.532514594079709 
20.000046240571635 0.0 12.660318913957177 0.0 11.42663824157341 2.0822237490937123 0.02990141303360319 0.007030539556049439 0.022116221615451726 14.428632036942021 11.665054220091099 25.301192314262472 6.506831035452973 NaN NaN NaN NaN 0.0 0.0 0.0 0.0 14.428632036942021 11.665054220091099 25.301192314262472 6.506831035452973 
22.000046240571628 0.0 17.08968266181548 0.0 14.203950361365996 1.351505897644999 0.0410565698486801 0.007030539556049439 0.033222887084791694 13.977073860560155 14.107389907613467 22.790604352265916 6.202706060437713 NaN NaN NaN NaN 0.0 0.0 0.0 0.0 13.977073860560155 14.107389907613467 22.790604352265916 6.202706060437713 
24.00004624057162 0.0 17.781242002906417 0.0 14.443131846562292 1.0887705759243167 0.04406208855448671 0.007030539556049439 0.03644519389253699 20.427186793174805 15.678951863756334 24.11749582179967 6.261094853868577 NaN NaN NaN NaN 0.0 0.0 0.0 0.0 20.427186793174805 15.678951863756334 24.11749582179967 6.261094853868577 
26.000046240571614 0.0 18.421600562906367 0.0 14.650445202884628 0.864191085310879 0.046161351038828034 0.007030539556049439 0.03880707585344356 20.20351811334509 16.724077758924036 24.534622452166566 6.254918255257454 NaN NaN NaN NaN 0.0 0.0 0.0 0.0 20.20351811334509 16.724077758924036 24.534622452166566 6.254918255257454 
28.000046240571606 0.0 19.055712977468627 0.0 14.844400321367681 0.7459456434856576 0.048110975893495014 0.007030539556049439 0.04073430730359304 20.620996439889428 18.106763839549725 25.20848927938658 6.279789446223947 NaN NaN NaN NaN 0.0 0.0 0.0 0.0 20.620996439889428 18.106763839549725 25.20848927938658 6.279789446223947 
30.0000462405716 0.0 19.692317833181917 0.0 15.034111051338076 0.6377201748014608 0.05016084177879271 0.007030539556049441 0.04270952707040244 20.322198483620838 18.997965435841984 26.16821240214429 6.312399546863799 NaN NaN NaN NaN 0.0 0.0 0.0 0.0 20.322198483620838 18.997965435841984 26.16821240214429 6.312399546863799 
32.00004624057159 0.0 23.2528532785303 0.0 15.835299838676017 0.14486135873020586 0.06142543239431436 0.007030539556049437 0.05383632371963868 16.051574736974604 21.40475103184774 27.474263110837725 6.212258336741456 NaN NaN NaN NaN 0.0 0.0 0.0 0.0 16.051574736974604 21.40475103184774 27.474263110837725 6.212258336741456 
34.00004624057162 0.0 23.772623228910806 0.0 15.930926174475923 0.07475018802288806 0.063262989605891 0.007030539556049439 0.05560206047142644 18.63820882134498 22.47906784798136 27.495887468864787 6.194674958069736 NaN NaN NaN NaN 0.0 0.0 0.0 0.0 18.63820882134498 22.47906784798136 27.495887468864787 6.194674958069736 
36.00004624057165 0.0 24.308553959543868 0.0 15.992172787623444 0.04269247442159243 0.06554473202008554 0.007030539556049437 0.0578509636146823 20.87163291620733 23.59642025196926 27.45133513151274 6.2473489135679365 NaN NaN NaN NaN 0.0 0.0 0.0 0.0 20.87163291620733 23.59642025196926 27.45133513151274 6.2473489135679365 
38.00004624057168 0.0 24.82981435955641 0.0 16.094572016566175 0.03460002371182145 0.0661036709111378 0.007030539556049437 0.059347676715544785 18.744895436730165 24.056062008399174 27.44427296275932 6.268231935564895 NaN NaN NaN NaN 0.0 0.0 0.0 0.0 18.744895436730165 24.056062008399174 27.44427296275932 6.268231935564895 
40.000046240571706 0.0 25.333492747411796 0.0 16.176294212437025 0.026244854503309798 0.0674742123514593 0.007068370260497363 0.04672458302915269 17.235211364582476 24.446247634310826 27.397185788621403 6.30496099441797 NaN NaN NaN NaN 0.0 0.0 0.0 0.0 17.235211364582476 24.446247634310826 27.397185788621403 6.30496099441797 
42.000046240571734 0.0 28.389396806172613 0.0 16.390931347398435 0.007030539556049439 0.07396179503866153 0.0071605575249090595 0.020985720796949194 11.843066470690523 26.642242108805366 27.20983295877039 6.485970433229296 NaN NaN NaN NaN 0.0 0.0 0.0 0.0 11.843066470690523 26.642242108805366 27.20983295877039 6.485970433229296 
44.00004624057176 0.0 28.891052018617028 0.0 16.403533087029963 0.007030539556049437 0.07487044032715764 0.0071605575249090595 0.021894366085445354 11.443863288435733 26.98622944203357 26.906841757881246 6.492681097923819 NaN NaN NaN NaN 0.0 0.0 0.0 0.0 11.443863288435733 26.98622944203357 26.906841757881246 6.492681097923819 
46.00004624057179 0.0 29.361386515336655 0.0 16.45998325356369 0.007030539556049437 0.07731731697002624 0.0071605575249090595 0.02434124272831279 10.943230295690737 27.285372171842912 27.457517350975426 6.460905604175977 NaN NaN NaN NaN 0.0 0.0 0.0 0.0 10.943230295690737 27.285372171842912 27.457517350975426 6.460905604175977 
48.00002162716953 0.0 29.799644606892887 0.0 16.534502427193456 0.007030539556049439 0.07979486821854491 0.0071605575249090595 0.026818793976831904 10.524022989640164 27.50528976215044 27.71711311975821 6.441955271037984 NaN NaN NaN NaN 0.0 0.0 0.0 0.0 10.524022989640164 27.50528976215044 27.71711311975821 6.441955271037984 
50.00004624057185 0.0 30.204090656256586 0.0 16.58531338035701 0.007030539556049439 0.08214640257559165 0.0071605575249090595 0.02917032833387909 10.188752643107119 27.803389463767033 28.263160053747725 6.423295822252638 NaN NaN NaN NaN 0.0 0.0 0.0 0.0 10.188752643107119 27.803389463767033 28.263160053747725 6.423295822252638 
52.000046240571876 0.0 32.03087264198763 0.0 16.964508948205854 0.007030539556049441 0.09450182962539715 0.007160557524909061 0.04152575538368343 8.88934916381498 29.48081795477218 29.659883082399286 6.171710137797338 NaN NaN NaN NaN 0.0 0.0 0.0 0.0 8.88934916381498 29.48081795477218 29.659883082399286 6.171710137797338 
54.000046240571905 0.0 32.19481976413241 0.0 16.981058244582343 0.007030539556049439 0.09665088314152649 0.007160557524909061 0.043674808899813844 8.718585699936027 29.624874245561163 28.20602689669535 6.163342860225439 NaN NaN NaN NaN 0.0 0.0 0.0 0.0 8.718585699936027 29.624874245561163 28.20602689669535 6.163342860225439 
56.00004624057193 0.0 32.33964616120484 0.0 16.857210853975023 0.007030539556049439 0.09752448998612846 0.007160557524909061 0.04454841574441506 8.628395167278414 29.81838503741728 27.021856058050638 6.187803451735627 NaN NaN NaN NaN 0.0 0.0 0.0 0.0 8.628395167278414 29.81838503741728 27.021856058050638 6.187803451735627 
58.00004624057196 0.0 32.52327781288169 0.0 16.6700369361572 0.007030539556049439 0.10015273685941105 0.007160557524909061 0.047176662617699545 8.578916037544243 30.003392404613358 26.0001868502904 6.228679076007973 NaN NaN NaN NaN 0.0 0.0 0.0 0.0 8.578916037544243 30.003392404613358 26.0001868502904 6.228679076007973 
60.00004624057199 0.0 32.71454693648316 0.0 16.592502896984076 0.007030539556049439 0.10148591502550872 0.007160557524909061 0.0485098407837958 8.544893360889741 30.12806749508583 25.93698242075586 6.26170063236765 NaN NaN NaN NaN 0.0 0.0 0.0 0.0 8.544893360889741 30.12806749508583 25.93698242075586 6.26170063236765 
62.00004624057202 0.0 34.63097228201532 0.0 15.532867723923921 0.0071605575249090595 0.060363949268317584 0.0062419428520608805 0.03565707823968653 962.2784584368195 29.761311630786317 721.6882684325468 4.949828782395807 NaN NaN 87.4864159718386 15.043499452851167 0.0 0.0 0.17497283194367738 0.028898214412186773 962.2784584368195 29.761311630786317 721.6882684325468 4.949828782395807 
64.00004624057205 0.0 35.13612403432401 0.0 16.331969988695466 0.0071605575249090595 0.06234999003468221 0.006649056734120169 0.04859277012235594 899.1845521058244 28.171465803694943 575.6960650006838 4.2518631592451746 NaN NaN 87.4864159718386 16.301346902474478 0.0 0.0 0.17497283194367738 0.028898214412186773 899.1845521058244 28.171465803694943 575.6960650006838 4.2518631592451746 
66.00004624057208 0.0 35.893564324196774 0.0 17.304495689024538 0.0071605575249090595 0.06464944528008776 0.006822262486602539 0.05555073161034798 857.8813624060267 27.104719876375995 486.6252613494875 4.334860136928497 NaN NaN 87.4864159718386 17.200734474675258 0.0 0.0 0.17497283194367738 0.028898214412186773 857.8813624060267 27.104719876375995 486.6252613494875 4.334860136928497 
68.0000462405721 0.0 36.58503454144402 0.0 18.197065889764517 0.007160557524909061 0.06628190813587567 0.00688860869956916 0.05896762854438208 818.1914476725176 26.021116297182243 413.20612260229933 4.646803949010189 NaN NaN 87.4864159718386 17.907971686906116 0.0 0.0 0.17497283194367738 0.028898214412186773 818.1914476725176 26.021116297182243 413.20612260229933 4.646803949010189 
70.00004624057213 0.0 37.36230767611096 0.0 18.974109836194586 0.007160557524909061 0.06879994833535924 0.0069531758068059335 0.06322225236085299 779.1250310184578 24.924719707181406 348.90660783114606 4.917128814714946 NaN NaN 87.4864159718386 18.817580583085032 0.0 0.0 0.17497283194367738 0.028898214412186773 779.1250310184578 24.924719707181406 348.90660783114606 4.917128814714946 
72.00004624057216 0.0 41.29415875949536 0.0 22.98415713563523 0.0071605575249090595 0.08139969156172451 0.0071605575249090595 0.08139969156172451 545.0009582153648 18.004796505962233 40.137852586723774 6.1456378689329325 NaN NaN 87.4864159718386 24.614738365095413 0.0 0.0 0.0 0.0 545.0009582153648 18.004796505962233 40.137852586723774 6.1456378689329325 
74.00004624057219 0.0 42.16244929676881 0.0 23.129599938609662 0.0071605575249090595 0.08304973507635659 0.0071605575249090595 0.08304973507635659 519.8090087154748 17.2607212540081 34.18201892010141 6.257433457773941 NaN NaN 87.4864159718386 25.585627492908845 0.0 0.0 0.0 0.0 519.8090087154748 17.2607212540081 34.18201892010141 6.257433457773941 
76.00004624057222 0.0 42.68908573187648 0.0 23.247967728762447 0.0071605575249090595 0.08521111508067009 0.0071605575249090595 0.08521111508067009 500.92965908420365 16.833131494394518 31.874020855571153 6.278905527632739 NaN NaN 87.4864159718386 26.465078612711675 0.0 0.0 0.0 0.0 500.92965908420365 16.833131494394518 31.874020855571153 6.278905527632739 
78.00004624057225 0.0 43.19785593153608 0.0 23.403535988369782 0.0071605575249090595 0.08754154276236861 0.0071605575249090595 0.08754154276236861 487.6922428972089 16.75238500122529 30.94239162974844 6.259784675468818 NaN NaN 87.4864159718386 27.26436164404589 0.0 0.0 0.0 0.0 487.6922428972089 16.75238500122529 30.94239162974844 6.259784675468818 
80.00004624057227 0.0 43.60178362518318 0.0 23.448541565256757 0.007160557524909056 0.08910919011758703 0.007160557524909056 0.08910919011758703 476.64981156467167 16.889944918967625 30.281254527145062 6.2807480298076275 NaN NaN 87.4864159718386 28.071637646332903 0.0 0.0 0.0 0.0 476.64981156467167 16.889944918967625 30.281254527145062 6.2807480298076275 
82.0000462405723 0.0 44.99121282392258 0.0 23.365387490637673 0.007160557524909058 0.10104799694942188 0.007160557524909058 0.10104799694942188 414.7622660770592 18.433895579062895 26.203157341885692 6.397138811961029 NaN NaN 87.4864159718386 34.61597240542158 0.0 0.0 0.0 0.0 414.7622660770592 18.433895579062895 26.203157341885692 6.397138811961029 
84.00004624057233 0.0 45.11028206928147 0.0 23.294972384425645 0.0071605575249090595 0.10321336246274912 0.0071605575249090595 0.10321336246274912 405.73485753186145 18.947198107944377 26.433917110887066 6.403605980214178 NaN NaN 87.4864159718386 35.71735078466255 0.0 0.0 0.0 0.0 405.73485753186145 18.947198107944377 26.433917110887066 6.403605980214178 
86.00004624057236 0.0 45.07448150160949 0.0 22.9933171066088 0.0071605575249090595 0.10426134851705667 0.0071605575249090595 0.10426134851705667 395.2466162040512 19.464533223058513 26.47813178549957 6.434637038230674 NaN NaN 87.4864159718386 36.72551386538821 0.0 0.0 0.0 0.0 395.2466162040512 19.464533223058513 26.47813178549957 6.434637038230674 
88.00004624057239 0.0 45.04626618415166 0.0 22.689508619759852 0.007160557524909061 0.10636971260060417 0.007160557524909061 0.10636971260060417 384.839204004911 19.93699049350227 26.1873726232277 6.3991700068307935 NaN NaN 87.4864159718386 37.66107590888063 0.0 0.0 0.0 0.0 384.839204004911 19.93699049350227 26.1873726232277 6.3991700068307935 
90.00004624057242 0.0 45.12131261265459 0.0 22.225226799915244 0.0071605575249090595 0.10898174302006258 0.0071605575249090595 0.10898174302006258 373.8496194041622 20.411838614931103 25.947805517748552 6.3845119866287146 NaN NaN 87.4864159718386 38.20890968964887 0.0 0.0 0.0 0.0 373.8496194041622 20.411838614931103 25.947805517748552 6.3845119866287146 
92.00004624057244 0.0 45.39081090885715 0.0 19.17457367197316 0.0071605575249090595 0.12044692408777098 0.0071605575249090595 0.12044692408777098 304.5453870538092 23.450816377631323 25.723369444098164 6.395781189097299 NaN NaN 87.4864159718386 44.4468408849271 0.0 0.0 0.0 0.0 304.5453870538092 23.450816377631323 25.723369444098164 6.395781189097299 
94.00004624057247 0.0 45.174650682190745 0.0 18.584055317112423 0.0071605575249090595 0.12312775654492804 0.0071605575249090595 0.12312775654492804 290.63200107960387 24.01513819447763 24.62308870156291 6.377217077921086 NaN NaN 87.4864159718386 44.95395310870204 0.0 0.0 0.0 0.0 290.63200107960387 24.01513819447763 24.62308870156291 6.377217077921086 
96.0000462405725 0.0 44.80935953761621 0.0 18.15846460112062 0.0071605575249090595 0.12543996954471717 0.0071605575249090595 0.12543996954471717 276.63435855641774 24.528103502230202 24.331862564620618 6.357636720811854 NaN NaN 87.4864159718386 45.39628172219344 0.0 0.0 0.0 0.0 276.63435855641774 24.528103502230202 24.331862564620618 6.357636720811854 
98.00004624057253 0.0 44.608182345665504 0.0 17.793053752970664 0.007160557524909058 0.12744789710765533 0.007160557524909058 0.12744789710765533 262.84464144651855 24.9833576481882 23.641655627146307 6.3487231973395 NaN NaN 87.4864159718386 45.882005425918585 0.0 0.0 0.0 0.0 262.84464144651855 24.9833576481882 23.641655627146307 6.3487231973395 
100.00004624057256 0.0 44.472927675875916 0.0 17.478440441589672 0.007160557524909058 0.12873607697702988 0.007160557524909058 0.12873607697702988 249.55699143708793 25.438780666294168 24.245685596946345 6.353542744351403 NaN NaN 87.4864159718386 46.36109291201854 0.0 0.0 0.0 0.0 249.55699143708793 25.438780666294168 24.245685596946345 6.353542744351403 
102.00004624057259 0.0 43.91661158409885 0.0 15.846361621675594 0.007160557524909058 0.1409236819316832 0.007160557524909058 0.1409236819316832 172.25966514911286 27.87492655695138 28.981157982279854 6.3412897648389315 NaN NaN 87.4864159718386 54.04832671142229 0.0 0.0 0.0 0.0 172.25966514911286 27.87492655695138 28.981157982279854 6.3412897648389315 
104.00004624057262 0.0 43.41800275862715 0.0 15.954867672319542 0.007160557524909056 0.14306582657042746 0.007160557524909056 0.14306582657042746 161.28589769791807 28.190987832434573 27.879951252586697 6.373172006482904 NaN NaN 87.4864159718386 54.10174990247325 0.0 0.0 0.0 0.0 161.28589769791807 28.190987832434573 27.879951252586697 6.373172006482904 
106.00004624057264 0.0 43.40064471398028 0.0 15.987343958469696 0.007160557524909056 0.14423873709706025 0.007160557524909056 0.14423873709706025 150.92006156508796 28.492222635804694 27.717446077322325 6.43972504717571 NaN NaN 87.4864159718386 54.10174990247325 0.0 0.0 0.0 0.0 150.92006156508796 28.492222635804694 27.717446077322325 6.43972504717571 
108.00004624057267 0.0 43.22193614509591 0.0 16.04610978698949 0.007160557524909056 0.1462733687881801 0.007160557524909056 0.1462733687881801 141.23882657122778 28.726760842607227 28.631405197173965 6.465408350382809 NaN NaN 87.4864159718386 54.10174990247325 0.0 0.0 0.0 0.0 141.23882657122778 28.726760842607227 28.631405197173965 6.465408350382809 
110.0000462405727 0.0 42.95822050010731 0.0 16.100131071177973 0.007160557524909058 0.14840819344130915 0.007160557524909058 0.14840819344130915 131.7738986480561 28.93843152525614 29.120918395553833 6.47017668897937 NaN NaN 87.4864159718386 54.10174990247325 0.0 0.0 0.0 0.0 131.7738986480561 28.93843152525614 29.120918395553833 6.47017668897937 
112.00004624057273 0.0 40.82141565407424 0.0 16.48147395952247 0.007160557524909058 0.1601855013594329 0.007160557524909058 0.1601855013594329 78.24181749408045 30.328191229273394 28.05799933875047 6.509925813498504 NaN NaN NaN NaN 0.0 0.0 0.0 0.0 78.24181749408045 30.328191229273394 28.05799933875047 6.509925813498504 
114.00004624057276 0.0 39.91258489625343 0.0 16.579329998591767 0.0071605575249090595 0.16249602399328042 0.0071605575249090595 0.16249602399328042 70.49170978138885 30.50362609699456 27.500028413124493 6.562109256630307 NaN NaN NaN NaN 0.0 0.0 0.0 0.0 70.49170978138885 30.50362609699456 27.500028413124493 6.562109256630307 
116.00004624057279 0.0 39.12024974577901 0.0 16.68151695581113 0.0071605575249090595 0.16454617982622624 0.0071605575249090595 0.16454617982622624 63.45122899608797 30.709857247864942 27.442335151121195 6.589196059989449 NaN NaN NaN NaN 0.0 0.0 0.0 0.0 63.45122899608797 30.709857247864942 27.442335151121195 6.589196059989449 
118.00004624057281 0.0 37.976497527418935 0.0 16.761396931529283 0.007160557524909058 0.16687468374766115 0.007160557524909058 0.16687468374766115 57.14043290666531 30.887718689046515 27.60662447793832 6.582407373092589 NaN NaN NaN NaN 0.0 0.0 0.0 0.0 57.14043290666531 30.887718689046515 27.60662447793832 6.582407373092589 
120.00004624057284 0.0 37.05521808545436 0.0 16.85445994972701 0.007160557524909058 0.16825823411919635 0.007160557524909058 0.16825823411919635 51.4830932720589 30.986693593278897 27.841840827633515 6.59047147327151 NaN NaN NaN NaN 0.0 0.0 0.0 0.0 51.4830932720589 30.986693593278897 27.841840827633515 6.59047147327151 
122.00004624057287 0.0 32.69357095505093 0.0 17.355469281066664 0.0071605575249090595 0.18015405273928334 0.0071605575249090595 0.18015405273928334 21.26629564418013 31.385432405807048 29.426620532090112 6.491690477315567 NaN NaN NaN NaN 0.0 0.0 0.0 0.0 21.26629564418013 31.385432405807048 29.426620532090112 6.491690477315567 
124.0000462405729 0.0 32.67733871545983 0.0 17.305114924793347 0.0071605575249090595 0.1826277544679948 0.0071605575249090595 0.1826277544679948 18.546577402575366 31.351798397710912 30.493195490287473 6.411786427870575 NaN NaN NaN NaN 0.0 0.0 0.0 0.0 18.546577402575366 31.351798397710912 30.493195490287473 6.411786427870575 
126.00004624057293 0.0 32.68049506545552 0.0 17.24036261468909 0.007160557524909061 0.1839847430802717 0.007160557524909061 0.1839847430802717 16.114854286296012 31.276422423781323 29.8095587611061 6.314830941905792 NaN NaN NaN NaN 0.0 0.0 0.0 0.0 16.114854286296012 31.276422423781323 29.8095587611061 6.314830941905792 
128.00004624057294 0.0 32.70396962592415 0.0 17.232600558483487 0.0071605575249090595 0.1864725528264063 0.0071605575249090595 0.1864725528264063 14.25967275701857 31.11779131370824 29.188662855609863 6.305111524958608 NaN NaN NaN NaN 0.0 0.0 0.0 0.0 14.25967275701857 31.11779131370824 29.188662855609863 6.305111524958608 
130.00004624057283 0.0 32.6850918677565 0.0 17.157169705002254 0.007160557524909061 0.1881101454342417 0.007160557524909061 0.1881101454342417 13.056882708098264 30.93496225979485 28.497147881482505 6.315083438997192 NaN NaN NaN NaN 0.0 0.0 0.0 0.0 13.056882708098264 30.93496225979485 28.497147881482505 6.315083438997192 
132.00004624057271 0.0 32.721746378623955 0.0 16.66316737783332 0.007160557524909058 0.20048288307676815 0.007160557524909058 0.20048288307676815 8.226394101416691 30.70110076876488 26.78009798264904 6.18653055245167 NaN NaN NaN NaN 0.0 0.0 0.0 0.0 8.226394101416691 30.70110076876488 26.78009798264904 6.18653055245167 
134.0000462405726 0.0 32.60178779063112 0.0 16.683840609929515 0.007160557524909058 0.20295356361926353 0.007160557524909058 0.20295356361926353 8.225578909610414 30.757460934285522 25.12437520277834 6.171947542041459 NaN NaN NaN NaN 0.0 0.0 0.0 0.0 8.225578909610414 30.757460934285522 25.12437520277834 6.171947542041459 
136.0000462405725 0.0 32.574163017384556 0.0 16.69348658544801 0.007160557524909058 0.2049362393596229 0.007160557524909058 0.2049362393596229 8.056102373944452 30.837532591805324 24.56610512021277 6.2083745384596165 NaN NaN NaN NaN 0.0 0.0 0.0 0.0 8.056102373944452 30.837532591805324 24.56610512021277 6.2083745384596165 
138.00004624057237 0.0 32.54229098832431 0.0 16.70536383286616 0.007160557524909058 0.2069758751779867 0.007160557524909058 0.2069758751779867 7.973022837607689 30.974278076801628 24.848209542036077 6.238335269166073 NaN NaN NaN NaN 0.0 0.0 0.0 0.0 7.973022837607689 30.974278076801628 24.848209542036077 6.238335269166073 
140.00004624057226 0.0 32.521547784672826 0.0 16.742366184444354 0.007160557524909058 0.20869950168121443 0.007160557524909058 0.20869950168121443 7.984432261435074 31.080236044483105 25.532717041054088 6.258487041738388 NaN NaN NaN NaN 0.0 0.0 0.0 0.0 7.984432261435074 31.080236044483105 25.532717041054088 6.258487041738388 
142.00004624057215 0.0 32.28417169820247 0.0 16.787960653330096 0.0071605575249090595 0.22069367579125934 0.0071605575249090595 0.22069367579125934 7.905407404085951 31.32974836702507 27.91901319056139 6.388377909218 NaN NaN NaN NaN 0.0 0.0 0.0 0.0 7.905407404085951 31.32974836702507 27.91901319056139 6.388377909218 
144.00004624057203 0.0 32.09805647066504 0.0 16.87690460448333 0.007160557524909061 0.22334604752396817 0.007160557524909061 0.22334604752396817 8.12281321496369 31.311562324625335 29.307460242066377 6.417544231477041 NaN NaN NaN NaN 0.0 0.0 0.0 0.0 8.12281321496369 31.311562324625335 29.307460242066377 6.417544231477041 
146.00004624057192 0.0 32.02329652272092 0.0 16.885661285446933 0.007160557524909061 0.2245175676406677 0.007160557524909061 0.2245175676406677 8.287122053386755 31.30084317491351 29.97286133057075 6.391594998656887 NaN NaN NaN NaN 0.0 0.0 0.0 0.0 8.287122053386755 31.30084317491351 29.97286133057075 6.391594998656887 
148.0000462405718 0.0 32.01483181137595 0.0 16.806435184298024 0.0071605575249090595 0.22666141842125515 0.0071605575249090595 0.22666141842125515 8.382816468117593 31.239958653376657 29.987371702450663 6.345639393942296 NaN NaN NaN NaN 0.0 0.0 0.0 0.0 8.382816468117593 31.239958653376657 29.987371702450663 6.345639393942296 
150.0000462405717 0.0 32.00316093632249 0.0 16.74771113630888 0.0071605575249090595 0.22891687044943057 0.0071605575249090595 0.22891687044943057 8.403110821341329 31.166432029906613 29.771633775913777 6.33088579309891 NaN NaN NaN NaN 0.0 0.0 0.0 0.0 8.403110821341329 31.166432029906613 29.771633775913777 6.33088579309891 
152.00004624057158 0.0 32.053095773565495 0.0 16.280212891278573 0.007160557524909061 0.24060550715241275 0.007160557524909061 0.24060550715241275 8.218700229094022 30.911041409898395 24.487179546474938 6.2368262401533885 NaN NaN NaN NaN 0.0 0.0 0.0 0.0 8.218700229094022 30.911041409898395 24.487179546474938 6.2368262401533885 
154.00004624057146 0.0 32.059391711493404 0.0 16.141855173691006 0.007160557524909061 0.2425522824450958 0.007160557524909061 0.2425522824450958 8.182259754110845 30.716387172245174 24.18960625482598 6.255109480257942 NaN NaN NaN NaN 0.0 0.0 0.0 0.0 8.182259754110845 30.716387172245174 24.18960625482598 6.255109480257942 
156.00004624057135 0.0 32.0372755080547 0.0 15.993437753349442 0.007160557524909061 0.24473942984895444 0.007160557524909061 0.24473942984895444 8.11188478195996 30.68071202898116 24.071474794079542 6.229505747535913 NaN NaN NaN NaN 0.0 0.0 0.0 0.0 8.11188478195996 30.68071202898116 24.071474794079542 6.229505747535913 
158.00004624057124 0.0 32.089402029245115 0.0 15.886383939637241 0.0071605575249090595 0.24635112325839947 0.0071605575249090595 0.24635112325839947 8.051250139537524 30.66661545711162 23.74779954456517 6.2391529520512155 NaN NaN NaN NaN 0.0 0.0 0.0 0.0 8.051250139537524 30.66661545711162 23.74779954456517 6.2391529520512155 
160.00004624057112 0.0 32.13666676730144 0.0 15.863717841156378 0.007160557524909061 0.24916648855217136 0.007160557524909061 0.24916648855217136 8.043639801315257 30.61697356309196 23.604855587579834 6.256100267898812 NaN NaN NaN NaN 0.0 0.0 0.0 0.0 8.043639801315257 30.61697356309196 23.604855587579834 6.256100267898812 
162.000046240571 0.0 32.5291733143323 0.0 15.824963915040383 0.0071605575249090595 0.2615403359163743 0.0071605575249090595 0.2615403359163743 7.9061682941148295 30.487353878773142 25.70248881379433 6.46663933766564 NaN NaN NaN NaN 0.0 0.0 0.0 0.0 7.9061682941148295 30.487353878773142 25.70248881379433 6.46663933766564 
164.0000462405709 0.0 32.52422325097863 0.0 15.852580379108025 0.007160557524909061 0.2630533410648281 0.007160557524909061 0.2630533410648281 7.699245552243608 30.501256695053776 25.37587127661765 6.348455958956784 NaN NaN NaN NaN 0.0 0.0 0.0 0.0 7.699245552243608 30.501256695053776 25.37587127661765 6.348455958956784 
166.00004624057078 0.0 32.51423865868226 0.0 15.895192757351607 0.007160557524909061 0.2654385203066338 0.007160557524909061 0.2654385203066338 7.628133838550474 30.52656518513223 25.189372916085183 6.290044900914359 NaN NaN NaN NaN 0.0 0.0 0.0 0.0 7.628133838550474 30.52656518513223 25.189372916085183 6.290044900914359 
168.00004624057067 0.0 32.54056208832044 0.0 15.874600626759003 0.007160557524909061 0.26737052429137187 0.007160557524909061 0.26737052429137187 7.626232279669162 30.601442922096854 24.754797464313217 6.268179791088386 NaN NaN NaN NaN 0.0 0.0 0.0 0.0 7.626232279669162 30.601442922096854 24.754797464313217 6.268179791088386 
170.00004624057055 0.0 32.56099360031141 0.0 15.915801690002318 0.0071605575249090595 0.2690381515756344 0.0071605575249090595 0.2690381515756344 7.601052863073561 30.598626737821917 24.554785923527703 6.260101726139803 NaN NaN NaN NaN 0.0 0.0 0.0 0.0 7.601052863073561 30.598626737821917 24.554785923527703 6.260101726139803 
172.00004624057044 0.0 32.77835718377604 0.0 16.296653968954065 0.007160557524909058 0.28000758023472944 0.007160557524909058 0.28000758023472944 7.46644856918242 30.766875420628832 27.40203227753831 6.2029153494064735 NaN NaN NaN NaN 0.0 0.0 0.0 0.0 7.46644856918242 30.766875420628832 27.40203227753831 6.2029153494064735 
174.00004624057033 0.0 32.81928061813333 0.0 16.513518273901703 0.007160557524909056 0.2830670736955944 0.007160557524909056 0.2830670736955944 7.590491557350522 30.838178895662665 29.89423180155495 6.3898689196212 NaN NaN NaN NaN 0.0 0.0 0.0 0.0 7.590491557350522 30.838178895662665 29.89423180155495 6.3898689196212 
176.0000462405702 0.0 32.87818620223839 0.0 16.670812050815165 0.007160557524909058 0.28497917275547335 0.007160557524909058 0.28497917275547335 7.801032595898818 30.73351308220494 31.2436197323426 6.427363637252908 NaN NaN NaN NaN 0.0 0.0 0.0 0.0 7.801032595898818 30.73351308220494 31.2436197323426 6.427363637252908 
178.0000462405701 0.0 32.864647422833215 0.0 16.74496566229508 0.007160557524909058 0.28610819024238127 0.007160557524909058 0.28610819024238127 7.928651847320152 30.61946319016212 32.1960703861958 6.411391469494515 NaN NaN NaN NaN 0.0 0.0 0.0 0.0 7.928651847320152 30.61946319016212 32.1960703861958 6.411391469494515 
180.00004624057 0.0 32.83564833358377 0.0 16.713248355544195 0.007160557524909056 0.28840558337063354 0.007160557524909056 0.28840558337063354 7.924664256273909 30.510007873515114 32.60069224458923 6.396827029752887 NaN NaN NaN NaN 0.0 0.0 0.0 0.0 7.924664256273909 30.510007873515114 32.60069224458923 6.396827029752887 
182.00004624056987 0.0 35.27415149488993 0.0 18.953262978001558 0.007030539556049439 0.35438887188631074 0.006808008335924035 0.12204277608199975 1008.0890869079464 29.864342399719984 959.4058529920022 5.887016942097799 46.828106405741664 74.17524485827758 90.07024812234295 14.945832608132601 0.09365621281148333 0.14835048971655543 0.18014049624468606 0.029241535842236394 1008.0890869079464 29.864342399719984 959.4058529920022 5.887016942097799 
184.00004624056976 0.0 36.96926144924598 0.0 19.104008117464865 0.007109997483462314 0.3240270797559184 0.006808008335924037 0.12405627098797403 986.8948443182298 29.16370789102417 744.2971185803331 4.886503566065482 46.828106405741664 76.14806675087031 91.89186490291647 17.81645946329652 0.09365621281148333 0.15036398462252878 0.21070720102827858 0.053989727990080755 986.8948443182298 29.16370789102417 744.2971185803331 4.886503566065482 
186.00004624056965 0.0 37.63619040050009 0.0 19.65145164467282 0.007130303175547688 0.31818165715532665 0.0068080083359240385 0.12648444211349935 930.9089803404828 27.67575583497604 619.105583296466 4.696400098395251 46.828106405741664 77.75871059714798 94.12543937317518 20.547657641387584 0.0936562128114833 0.15279215574805668 0.21851860658096459 0.062227813580748643 930.9089803404828 27.67575583497604 619.105583296466 4.696400098395251 
188.00004624056953 0.0 38.31169111565264 0.0 20.053268755406783 0.007137031025075101 0.3170675616842988 0.0068080083359240385 0.12811162201527052 879.931423212543 26.277908691507708 521.3230103056146 4.896598776515449 46.828106405741664 79.22673099206101 95.57445779153208 22.70322317141423 0.0936562128114833 0.15441933564982568 0.22110674595272453 0.06577998230461313 879.931423212543 26.277908691507708 521.3230103056146 4.896598776515449 
190.00004624056942 0.0 38.96833366529162 0.0 20.467094848051698 0.007142519221177341 0.317187673566941 0.0068080083359240385 0.13046791007196132 840.5796754139734 25.198799686230767 442.05449150741015 5.172446334299454 46.828106405741664 80.55092037010687 96.44990894285615 24.60972481667515 0.0936562128114833 0.15677562370651482 0.22321800250713136 0.06970656650228806 840.5796754139734 25.198799686230767 442.05449150741015 5.172446334299454 
192.0000462405693 0.0 43.69927690768735 0.0 22.65562474977073 0.0071605575249090595 0.3218174164142946 0.006808008335924037 0.14244739485169772 638.7859939050825 19.933755765871474 58.023070549154944 6.628001568216539 46.828106405741664 83.87062875873868 103.28729189478175 34.11622853958638 0.09365621281148333 0.16875510848625574 0.2301571654442924 0.08684721502556327 638.7859939050825 19.933755765871474 58.023070549154944 6.628001568216539 
194.0000462405692 0.0 44.92403846623979 0.0 23.256596038187997 0.007160557524909058 0.3229959117526284 0.006808008335924037 0.14362589019003455 608.28448207747 19.32152636796411 48.98740549850486 6.664984581493069 46.828106405741664 85.020629576116 103.20835238308237 35.16927983523025 0.09365621281148333 0.1699336038245901 0.23015716544429246 0.08802571036389846 608.28448207747 19.32152636796411 48.98740549850486 6.664984581493069 
196.00004624056908 0.0 45.70933346713938 0.0 23.47984539203825 0.007160557524909058 0.3251119234081704 0.006808008335924035 0.14574190184557737 579.9347102303365 18.747676045156034 46.793197977594836 6.675232270877673 46.828106405741664 86.26056665424686 103.14491429842259 36.315606860710474 0.09365621281148333 0.17204961548013212 0.23015716544429246 0.09014172201944276 579.9347102303365 18.747676045156034 46.793197977594836 6.675232270877673 
198.00004624056896 0.0 46.35182369511453 0.0 23.786126461161984 0.007160557524909058 0.327493616644467 0.006808008335924035 0.14812359508187042 556.7580670180291 18.313635056557807 45.26974524709095 6.6834984616655495 46.828106405741664 87.64199087293566 103.0734538153433 37.44323522774654 0.09365621281148333 0.17443130871642665 0.23015716544429246 0.09252341525573646 556.7580670180291 18.313635056557807 45.26974524709095 6.6834984616655495 
200.00004624056885 0.0 47.1435683257563 0.0 23.841113299319503 0.0071605575249090595 0.3297824578654997 0.006808008335924037 0.15041243630290482 537.9173067683331 18.093108848720423 43.49019692395639 6.669031330284897 46.828106405741664 89.01535359384384 103.25621542708784 38.91142913486453 0.09365621281148333 0.17672014993746038 0.23015716544429252 0.0948122564767694 537.9173067683331 18.093108848720423 43.49019692395639 6.669031330284897 
202.00004624056874 0.0 50.90250493679365 0.0 23.273921046559586 0.0071605575249090595 0.3414153385717087 0.006808008335924037 0.16204531700911456 443.0866345739933 18.072347757567304 34.7202379379414 6.368548523788331 46.828106405741664 93.87705390292324 108.47953854555026 47.97036424682437 0.09365621281148333 0.18835303064367345 0.2301571654442924 0.10644513718298086 443.0866345739933 18.072347757567304 34.7202379379414 6.368548523788331 
204.00004624056862 0.0 51.74698385299729 0.0 22.87698289104687 0.007160557524909058 0.34396295724639675 0.006808008335924037 0.1645929356838001 431.94363647037767 18.73860425872164 32.76031679925876 6.187908727845206 46.828106405741664 94.952365793464 107.8328977938071 48.6079952803729 0.09365621281148336 0.18965781320664435 0.23015716544429252 0.10899275585766624 431.94363647037767 18.73860425872164 32.76031679925876 6.187908727845206 
206.0000462405685 0.0 51.944139402419985 0.0 22.445274524110626 0.007160557524909058 0.3453129312969896 0.006808008335924035 0.16594290973439155 421.31074259560063 19.372703078638267 30.96586700357731 6.138398910569441 46.828106405741664 96.07148865933085 108.43957939056453 50.14721834225144 0.09365621281148336 0.18965781320664435 0.23015716544429252 0.11034272990825879 421.31074259560063 19.372703078638267 30.96586700357731 6.138398910569441 
208.0000462405684 0.0 52.517328092082344 0.0 21.84594800569035 0.007160557524909058 0.34755775404911066 0.006808008335924035 0.16818773248651786 409.9047612777745 19.942452441204583 29.79815386114158 6.0913148550121825 46.828106405741664 97.20680734624759 109.35227598536183 51.8436427731305 0.09365621281148336 0.18965781320664435 0.23015716544429257 0.11258755266038288 409.9047612777745 19.942452441204583 29.79815386114158 6.0913148550121825 
210.00004624056828 0.0 52.768997530114405 0.0 21.190756019278464 0.007160557524909058 0.34943661118846125 0.006808008335924035 0.1700665896258663 398.61118003536546 20.475595925160956 29.23359286931581 6.125334757124424 46.828106405741664 98.25606018313827 110.17407185090875 53.45607950209228 0.09365621281148336 0.18965781320664435 0.23015716544429252 0.11446640979973044 398.61118003536546 20.475595925160956 29.23359286931581 6.125334757124424 
212.00004624056817 0.0 55.47491220421307 0.0 17.44371471876331 0.0071605575249090595 0.3613276123242458 0.006808008335924037 0.18195759076165216 326.251441913343 23.803535894619035 28.396006669205697 6.463521921804017 46.828106405741664 103.81413607974363 114.07357564981393 62.12070918603425 0.0 0.0 0.23015716544429246 0.12635741093551847 326.251441913343 23.803535894619035 28.396006669205697 6.463521921804017 
214.00004624056805 0.0 55.310369031258624 0.0 17.032090436635983 0.0071605575249090595 0.3628221235669358 0.0068080083359240385 0.18345210200433912 313.38261809921426 24.331474573921188 27.672169387358558 6.43936393023705 46.828106405741664 104.78157832422121 114.43458043155573 63.38122281060167 0.0 0.0 0.23015716544429246 0.1278519221782044 313.38261809921426 24.331474573921188 27.672169387358558 6.43936393023705 
216.00004624056794 0.0 55.369478112801524 0.0 16.86855705165737 0.007160557524909058 0.3651091506321899 0.006808008335924037 0.18573912906959525 299.38006985682637 24.82156805486095 26.724865096663 6.351285750282301 46.828106405741664 105.72275158820332 114.65946366849812 64.56675611613095 0.0 0.0 0.23015716544429252 0.13013894924345884 299.38006985682637 24.82156805486095 26.724865096663 6.351285750282301 
218.00004624056783 0.0 55.134179870202885 0.0 16.803959585516566 0.0071605575249090595 0.36700859854086154 0.006808008335924037 0.18763857697826639 285.6692678685409 25.281617298252414 26.36481717290287 6.337312407452947 46.828106405741664 106.70644406828804 114.76732697492972 65.64633124154062 0.0 0.0 0.23015716544429252 0.13203839715213042 285.6692678685409 25.281617298252414 26.36481717290287 6.337312407452947 
220.0000462405677 0.0 55.02388755640998 0.0 16.7935190877985 0.0071605575249090595 0.36869190926058626 0.006808008335924037 0.1893218876979914 271.66847782305643 25.693185613468465 25.891124461496663 6.366562637497503 46.828106405741664 107.59560938186948 114.82815498745332 66.68068996679641 0.0 0.0 0.23015716544429252 0.13372170787185506 271.66847782305643 25.693185613468465 25.891124461496663 6.366562637497503 
222.0000462405676 0.0 53.10772468295533 0.0 16.912797783493794 0.007160557524909058 0.38061600211404706 0.006808008335924037 0.2012459805514502 189.9854626653549 28.147422348292622 23.569261528220764 6.528094629437226 46.828106405741664 113.8042060229625 115.07858272214708 72.87555088385768 0.0 0.0 0.23015716544429246 0.14564580072531483 189.9854626653549 28.147422348292622 23.569261528220764 6.528094629437226 
224.00004624056749 0.0 53.89707362948328 0.0 16.886220959116496 0.007160557524909058 0.3822377839383472 0.006808008335924035 0.20286776237575257 177.72772222559158 28.386529122524472 27.926517823165305 6.649495503549387 46.828106405741664 114.83090722847906 115.07858272214708 73.86494947607859 0.0 0.0 0.23015716544429246 0.14726758254961578 177.72772222559158 28.386529122524472 27.926517823165305 6.649495503549387 
226.00004624056737 0.0 54.01773955620813 0.0 16.84069169779872 0.0071605575249090595 0.3848156538170483 0.006808008335924037 0.20544563225445062 166.0149996457845 28.704228155405186 31.67142521793956 6.641376185654872 46.828106405741664 115.88136891864538 115.07858272214708 74.87503592456306 0.0 0.0 0.23015716544429252 0.14984545242831587 166.0149996457845 28.704228155405186 31.67142521793956 6.641376185654872 
228.00004624056726 0.0 53.611344948807876 0.0 16.860165891981076 0.0071605575249090595 0.3871311501978178 0.006976595546465179 0.1534543823692577 154.7889519636332 28.991823520690627 33.22592910414986 6.6191370354236705 46.828106405741664 116.79999679658177 115.07858272214708 75.87083481533489 0.0 0.0 0.23015716544429246 0.15216094880909006 154.7889519636332 28.991823520690627 33.22592910414986 6.6191370354236705 
230.00004624056714 0.0 53.100251446404975 0.0 16.92216091853363 0.0071605575249090595 0.3887031257700528 0.007044977536784588 0.13299856956104383 144.54029492526683 29.26331796204387 34.36868673076364 6.60495825972787 46.828106405741664 117.77543451158373 115.07858272214708 76.87685082267927 0.0 0.0 0.23015716544429246 0.1537329243813252 144.54029492526683 29.26331796204387 34.36868673076364 6.60495825972787 
232.00004624056703 0.0 51.59029651813348 0.0 17.395827991648815 0.007160557524909058 0.4010997352323404 0.007433667826619931 0.020186956653470752 85.39563099253623 30.65262171801631 37.59591084004748 6.404860090053746 46.828106405741664 123.81559613746091 115.07858272214708 82.87991868811757 0.0 0.0 0.23015716544429246 0.1661295338436061 85.39563099253623 30.65262171801631 37.59591084004748 6.404860090053746 
234.00004624056692 0.0 51.6175506010076 0.0 17.49955007623169 0.007160557524909058 0.40312017266058575 0.007433667826619931 0.022207394081718658 77.0770646944343 30.859979713670665 36.68209505705942 6.341378173834654 46.828106405741664 124.69413684244459 115.07858272214708 83.86930875066437 0.0 0.0 0.23015716544429246 0.16814997127185335 77.0770646944343 30.859979713670665 36.68209505705942 6.341378173834654 
236.0000462405668 0.0 51.538816658648734 0.0 17.58035911398991 0.007160557524909058 0.4042655529892703 0.007433667826619929 0.023352774410406767 69.38629780385058 31.039479754807683 34.92612128948935 6.352960378572344 46.828106405741664 125.6918885019881 115.07858272214708 84.88560438564578 0.0 0.0 0.2301571654442924 0.16929535160054388 69.38629780385058 31.039479754807683 34.92612128948935 6.352960378572344 
238.0000462405667 0.0 50.5704155324622 0.0 17.60341416733187 0.007160557524909058 0.4070139080188047 0.007433667826619931 0.026101129439939554 63.13676538726813 31.1365885136474 33.86183572709242 6.413189594211158 46.828106405741664 126.6549126139615 115.07858272214708 85.86866504677974 0.0 0.0 0.23015716544429246 0.17204370663007343 63.13676538726813 31.1365885136474 33.86183572709242 6.413189594211158 
240.00004624056658 0.0 49.47422338627873 0.0 17.583316193706207 0.007160557524909058 0.408012523512464 0.007433667826619929 0.027099744933601483 56.97160810884834 31.22427236434208 32.89755042662194 6.417868068783465 46.828106405741664 127.64074681762966 115.07858272214708 86.87290152073717 0.0 0.0 0.23015716544429246 0.17304232212373755 56.97160810884834 31.22427236434208 32.89755042662194 6.417868068783465 
242.00004624056646 0.0 43.48763666770304 0.0 16.89128110265577 0.0071605575249090595 0.4194246213920158 0.007433667826619929 0.03851184281314907 23.85031239517426 31.778025154468292 28.891430462857322 6.626439601999641 46.828106405741664 133.86008126655696 115.07858272214708 92.87462530245162 0.0 0.0 0.23015716544429246 0.18445442000328213 23.85031239517426 31.778025154468292 28.891430462857322 6.626439601999641 
244.00004624056635 0.0 42.96808882625234 0.0 16.95213467718655 0.0071605575249090595 0.4221439750300346 0.007433667826619929 0.041231196451175116 20.30268690805838 31.76470675871536 30.235664742586266 6.656522577635288 46.828106405741664 134.92953096915883 115.07858272214708 93.8554370951631 0.0 0.0 0.2301571654442924 0.1871737736413114 20.30268690805838 31.76470675871536 30.235664742586266 6.656522577635288 
246.00004624056623 0.0 41.82263304914276 0.0 17.06587189708067 0.007160557524909058 0.4240094009428958 0.007433667826619929 0.0430966223640357 17.560847186167845 31.732510376647202 30.906237763363617 6.653881017377846 46.828106405741664 136.00362246474822 115.07858272214708 94.86524265372469 0.0 0.0 0.2301571654442924 0.18903919955416978 17.560847186167845 31.732510376647202 30.906237763363617 6.653881017377846 
248.00004624056612 0.0 40.74922580679945 0.0 17.11963024474117 0.007160557524909058 0.4258021732440974 0.007433667826619931 0.04488939466522779 15.554148187196745 31.63454249476472 31.592840215636933 6.651867279716217 46.828106405741664 137.14983343519552 115.07858272214708 95.88063115133056 0.0 0.0 0.23015716544429246 0.19083197185536557 15.554148187196745 31.63454249476472 31.592840215636933 6.651867279716217 
250.000046240566 0.0 39.68791107331499 0.0 17.171028138401947 0.007160557524909058 0.4278961148443073 0.007433667826619929 0.04698333626543669 14.19277226112692 31.543528641801412 32.09336832595347 6.656300859539927 46.828106405741664 138.09196838663374 115.07858272214708 96.8845235935785 0.0 0.0 0.23015716544429246 0.19292591345557303 14.19277226112692 31.543528641801412 32.09336832595347 6.656300859539927 
252.0000462405659 0.0 34.99506675917458 0.0 17.307766456867068 0.0071605575249090595 0.44025005430641406 0.007433667826619929 0.05933727572754786 8.788023180742515 31.12119819924811 33.14456670242995 6.553500279947301 46.828106405741664 143.80994750392549 115.07858272214708 102.8802318808321 0.0 0.0 0.23015716544429246 0.20527985291768144 8.788023180742515 31.12119819924811 33.14456670242995 6.553500279947301 
254.00004624056578 0.0 34.343353227632136 0.0 17.161776540274573 0.0072209525580702 0.35824243220055907 0.007433667826619931 0.06156389798986358 8.701839721671682 31.1296070588111 30.499720321246464 6.559450384407899 46.828106405741664 144.7712834400074 115.07858272214708 103.88055345704731 0.0 0.0 0.2301571654442924 0.20750647517999998 8.701839721671682 31.1296070588111 30.499720321246464 6.559450384407899 
256.00004624056567 0.0 34.0828637490347 0.0 17.15513329524291 0.007289339124114895 0.2647990012153328 0.007433667826619931 0.0635006731937477 8.576938146118282 31.247493522243662 29.47647999380074 6.553654354190334 46.828106405741664 145.6423345936098 115.07858272214708 104.89408731905715 0.0 0.0 0.23015716544429246 0.20944325038388162 8.576938146118282 31.247493522243662 29.47647999380074 6.553654354190334 
258.00004624056555 0.0 33.995890507349664 0.0 17.1549659262634 0.007328395627216849 0.21252338822794486 0.007433667826619929 0.06569800035153323 8.599360976653678 31.34813408992926 29.52969929254095 6.5856196712328465 46.828106405741664 146.47398881788507 115.07858272214708 105.88832640876588 0.0 0.0 0.23015716544429252 0.21164057754166646 8.599360976653678 31.34813408992926 29.52969929254095 6.5856196712328465 
260.00004624056544 0.0 33.90737299063162 0.0 17.162856250825637 0.007352312660148696 0.18154969873250107 0.007433667826619929 0.06808190817986091 8.658885785564069 31.435972367509198 30.33971320183782 6.602556638886327 46.828106405741664 147.16945321984642 115.07858272214708 106.88603388276226 0.0 0.0 0.23015716544429246 0.21402448536999755 8.658885785564069 31.435972367509198 30.33971320183782 6.602556638886327 
262.0000462405653 0.0 33.33613990397124 0.0 17.182665070441157 0.007433667826619929 0.08059158712454888 0.007433667826619929 0.08059158712454888 9.359779087626686 31.90069863398422 32.914595477550094 6.770526205901731 46.828106405741664 153.75376092629713 115.07858272214708 112.88116874695753 0.0 0.0 0.23015716544429246 0.22653416431468204 9.359779087626686 31.90069863398422 32.914595477550094 6.770526205901731 
264.0000462405652 0.0 33.26616672351949 0.0 17.244453646007738 0.007433667826619928 0.08221586917686197 0.007433667826619928 0.08221586917686197 9.363727003969002 31.98438113253755 32.85826035220403 6.755846660425238 46.828106405741664 154.54656956893564 115.07858272214708 113.8706380686113 0.0 0.0 0.23015716544429246 0.2281584463669953 9.363727003969002 31.98438113253755 32.85826035220403 6.755846660425238 
266.0000462405651 0.0 33.189953088280724 0.0 17.225993688634638 0.007433667826619929 0.0846294881487991 0.007433667826619929 0.0846294881487991 9.313452807804438 32.00946262456987 32.87223505357842 6.746384986920366 46.828106405741664 155.24909299749189 115.07858272214708 114.88008553335018 0.0 0.0 0.2301571654442924 0.23057206533893557 9.313452807804438 32.00946262456987 32.87223505357842 6.746384986920366 
268.000046240565 0.0 33.18490105313586 0.0 17.247741262192005 0.007433667826619929 0.08540680959673434 0.007433667826619929 0.08540680959673434 9.351291928635408 31.94659260551187 32.58794397567414 6.7203556136681195 46.828106405741664 155.87664030228638 115.07858272214708 115.88172084643064 0.0 0.0 0.2301571654442924 0.23134938678686723 9.351291928635408 31.94659260551187 32.58794397567414 6.7203556136681195 
270.00004624056487 0.0 33.21454580096104 0.0 17.32568232169784 0.007433667826619928 0.08743418723499312 0.007433667826619928 0.08743418723499312 9.368966977421321 31.90851918651332 32.39067889857142 6.699721109726785 46.828106405741664 156.43984235323373 115.07858272214708 116.8795416287332 0.0 0.0 0.23015716544429246 0.23337676442512797 9.368966977421321 31.90851918651332 32.39067889857142 6.699721109726785 
272.00004624056476 0.0 33.05640065419264 0.0 17.54567255396408 0.007433667826619931 0.09970637489257479 0.007433667826619931 0.09970637489257479 9.430488370405044 32.01564534257805 31.198014446054522 6.444356854161259 46.828106405741664 163.79155850743538 115.07858272214708 122.86074640043326 0.0 0.0 0.23015716544429246 0.24564895208271317 9.430488370405044 32.01564534257805 31.198014446054522 6.444356854161259 
274.00004624056464 0.0 32.94158312004245 0.0 17.47800129970536 0.007433667826619929 0.1015214841804058 0.007433667826619929 0.1015214841804058 9.334331169774304 32.10686823454927 29.12113437987313 6.520098139256076 46.828106405741664 164.41690553817307 115.07858272214708 123.86015954744624 0.0 0.0 0.23015716544429246 0.24746406137054178 9.334331169774304 32.10686823454927 29.12113437987313 6.520098139256076 
276.00004624056453 0.0 32.83440224795095 0.0 17.481311699942008 0.007433667826619931 0.10303232349245248 0.007433667826619931 0.10303232349245248 9.248941710593703 32.110232954097654 28.308249082113814 6.5146031556219794 46.828106405741664 164.6149338517593 115.07858272214708 124.87531723320721 0.0 0.0 0.23015716544429246 0.2489749006825906 9.248941710593703 32.110232954097654 28.308249082113814 6.5146031556219794 
278.0000462405644 0.0 32.79077762093636 0.0 17.528168253378286 0.007433667826619929 0.10568894238019871 0.007433667826619929 0.10568894238019871 9.251888573247737 32.0755688540133 27.623420490123152 6.521714912952 46.828106405741664 164.8331461239494 115.07858272214708 125.87951025611959 0.0 0.0 0.23015716544429246 0.2516315195703313 9.251888573247737 32.0755688540133 27.623420490123152 6.521714912952 
280.0000462405643 0.0 32.74838064658499 0.0 17.522113836005694 0.007433667826619931 0.10729153549818032 0.007433667826619931 0.10729153549818032 9.321840161107032 31.95726836887952 27.0204352497014 6.48463040083268 46.828106405741664 164.8331461239494 115.07858272214708 126.87950454507461 0.0 0.0 0.23015716544429246 0.2532341126883151 9.321840161107032 31.95726836887952 27.0204352497014 6.48463040083268 
282.0000462405642 0.0 33.01796879977577 0.0 17.09189095049323 0.007433667826619929 0.12050386226197789 0.007433667826619929 0.12050386226197789 9.335543260441977 31.23326640587249 27.243995301713237 6.525799653507957 NaN NaN 115.07858272214708 132.87346214830453 0.0 0.0 0.23015716544429246 0.26644643945211344 9.335543260441977 31.23326640587249 27.243995301713237 6.525799653507957 
284.0000462405641 0.0 33.01899444592451 0.0 16.736987085129368 0.007433667826619929 0.12190639677976217 0.007433667826619929 0.12190639677976217 9.505709564717884 31.36235697012757 27.342433459586626 6.466156446166842 NaN NaN 115.07858272214708 133.87633396388995 0.0 0.0 0.23015716544429246 0.26784897396989477 9.505709564717884 31.36235697012757 27.342433459586626 6.466156446166842 
286.00004624056396 0.0 33.109908767962395 0.0 16.611954314902807 0.007433667826619929 0.12369488767118499 0.007433667826619929 0.12369488767118499 9.543095045795884 31.45545647702873 26.62168870777394 6.488284656020995 NaN NaN 115.07858272214708 134.88432636283926 0.0 0.0 0.2301571654442924 0.26963746486132145 9.543095045795884 31.45545647702873 26.62168870777394 6.488284656020995 
288.00004624056385 0.0 33.214434169021686 0.0 16.612318370579654 0.007433667826619929 0.1255351581984496 0.007433667826619929 0.1255351581984496 9.400491514046118 31.45848458517643 26.51237177958217 6.5077000722210565 NaN NaN 115.07858272214708 135.87622063239255 0.0 0.0 0.23015716544429246 0.27147773538858244 9.400491514046118 31.45848458517643 26.51237177958217 6.5077000722210565 
290.00004624056373 0.0 33.26520033000737 0.0 16.65027797260168 0.007433667826619931 0.12766965238489347 0.007433667826619931 0.12766965238489347 9.286970826754068 31.455628188161164 26.8246338928584 6.525005408222501 NaN NaN 115.07858272214708 136.89003175945598 0.0 0.0 0.23015716544429252 0.27361222957502596 9.286970826754068 31.455628188161164 26.8246338928584 6.525005408222501 
292.0000462405636 0.0 33.58138201378306 0.0 17.163231942396497 0.007433667826619929 0.13949229676614003 0.007433667826619929 0.13949229676614003 8.823285792205386 31.549263045532367 32.995660582923726 6.546219584830673 NaN NaN 115.07858272214708 142.87728076130227 0.0 0.0 0.23015716544429246 0.2854348739562733 8.823285792205386 31.549263045532367 32.995660582923726 6.546219584830673 
294.0000462405635 0.0 33.69096626868264 0.0 17.279743942256584 0.007433667826619929 0.1417067748991308 0.007433667826619929 0.1417067748991308 8.914504818218166 31.680439616667734 32.47899731744077 6.5147079940510695 NaN NaN 115.07858272214708 143.8778239305115 0.0 0.0 0.23015716544429246 0.28764935208927017 8.914504818218166 31.680439616667734 32.47899731744077 6.5147079940510695 
296.0000462405634 0.0 33.71411026705885 0.0 17.340530335299714 0.007433667826619931 0.14302367229663995 0.007433667826619931 0.14302367229663995 8.90752872253936 31.671617518293345 31.45500265476511 6.561709812692475 NaN NaN 115.07858272214708 144.8755850627174 0.0 0.0 0.23015716544429246 0.2889662494867747 8.90752872253936 31.671617518293345 31.45500265476511 6.561709812692475 
298.0000462405633 0.0 33.749331872190176 0.0 17.344766142830252 0.007433667826619931 0.1455880956945242 0.007433667826619931 0.1455880956945242 8.90740656412742 31.645830021443487 31.92866620937485 6.613203885098383 NaN NaN 115.07858272214708 145.8835487200765 0.0 0.0 0.23015716544429252 0.29153067288466045 8.90740656412742 31.645830021443487 31.92866620937485 6.613203885098383 
300.00004624056317 0.0 33.790483254627226 0.0 17.378308545997378 0.007433667826619931 0.14768318371078673 0.007433667826619931 0.14768318371078673 8.845991632382157 31.64197189888263 32.57851582985673 6.629880418687282 NaN NaN 115.06189862713177 146.71158618994252 0.0 0.0 0.2282114896261137 0.2739986878725765 8.845991632382157 31.64197189888263 32.57851582985673 6.629880418687282 
302.00004624056305 0.0 35.84616620505095 0.0 18.664720649764615 0.007433667826619931 0.1604079783212247 0.007433667826619931 0.1604079783212247 1034.2416699241887 31.467598379762485 944.2310874626828 6.063277000381004 23.553924846108202 85.02848683629362 113.60733442614554 138.7849563443082 0.04710784969221625 0.16909658164115102 0.20338180032422087 0.05289341222607706 1034.2416699241887 31.467598379762485 944.2310874626828 6.063277000381004 
304.00004624056294 0.0 36.973650668400026 0.0 19.100776903964007 0.007433667826619931 0.16178242497246562 0.007433667826619931 0.16178242497246562 1000.4305042511206 30.512752147306745 729.1636532538353 4.917677851755761 23.553924846108202 86.35154304423956 111.28834430023792 118.234355056275 0.04710784969221625 0.1704710282923917 0.20552809087695204 0.06927510301319881 1000.4305042511206 30.512752147306745 729.1636532538353 4.917677851755761 
306.0000462405628 0.0 37.883159545129885 0.0 19.615894967602998 0.007433667826619929 0.16431285979804205 0.007433667826619929 0.16431285979804205 939.6679057296263 28.680472385331406 603.1264863671967 4.658307819862249 23.553924846108202 87.86497473807744 109.92898667801687 106.46640668369739 0.04710784969221625 0.17300146311797185 0.20694357022425725 0.08170282043514362 939.6679057296263 28.680472385331406 603.1264863671967 4.658307819862249 
308.0000462405627 0.0 38.48090233555542 0.0 20.254073149493767 0.007433667826619929 0.165878248460573 0.007433667826619929 0.165878248460573 884.755999921174 27.079963438293586 512.4186000314754 4.773994378194435 23.553924846108202 89.32049316431129 109.33172739699168 101.53236479221462 0.04710784969221625 0.17456685178050216 0.2073246471435279 0.08593276649171061 884.755999921174 27.079963438293586 512.4186000314754 4.773994378194435 
310.0000462405626 0.0 39.184076377179636 0.0 20.80847191271417 0.007433667826619929 0.16848796846278807 0.007433667826619929 0.16848796846278807 828.0741630163701 25.360378238525218 434.15416058326633 4.990257281352544 23.553924846108202 90.9250469281293 108.99216435218142 98.94795425620961 0.04710784969221625 0.17717657178271753 0.2077070019646577 0.09121597920439689 828.0741630163701 25.360378238525218 434.15416058326633 4.990257281352544 
312.0000462405625 0.0 43.17314006336926 0.0 23.911202734542027 0.007433667826619929 0.1805648221766639 0.007433667826619929 0.1805648221766639 540.1597019999273 16.96397406219134 53.38164640718495 6.056511559409577 23.553924846108202 94.33420555739579 106.96047350229298 83.6957117686565 0.047107849692216236 0.1892534254965932 0.20875768657090069 0.1106394059978816 540.1597019999273 16.96397406219134 53.38164640718495 6.056511559409577 
314.00004624056237 0.0 43.68060580736078 0.0 24.014321632618504 0.007433667826619931 0.1822485428278145 0.007433667826619931 0.1822485428278145 514.1832140530523 16.678956076369353 39.67447822466689 6.08150438038499 23.553924846108202 95.53773322555034 106.65291603095223 81.55675579537252 0.04710784969221625 0.19093714614774132 0.20875768657090069 0.11232312664903335 514.1832140530523 16.678956076369353 39.67447822466689 6.08150438038499 
316.00004624056226 0.0 44.243896141693035 0.0 24.289860762522707 0.007433667826619929 0.1842251650170038 0.007433667826619929 0.1842251650170038 496.0212379863854 16.47183333007039 34.77075235702281 6.087390337156105 23.553924846108202 96.64386962599089 106.48897590187954 80.89051586773382 0.047107849692216264 0.1929137683369292 0.20875768657090069 0.11429974883821954 496.0212379863854 16.47183333007039 34.77075235702281 6.087390337156105 
318.00004624056214 0.0 44.5572522456395 0.0 24.463242976349235 0.007433667826619929 0.18610692372486815 0.007433667826619929 0.18610692372486815 482.63747976852153 16.399353845983434 32.54779567870418 6.148460983095896 23.553924846108202 98.04032922315035 106.30791148413843 80.01561436008708 0.04710784969221625 0.1947955270447958 0.20875768657090069 0.11618150754608524 482.63747976852153 16.399353845983434 32.54779567870418 6.148460983095896 
320.000046240562 0.0 44.98680208014266 0.0 24.74300348079897 0.007433667826619929 0.18795881405518794 0.007433667826619929 0.18795881405518794 471.0263781653656 16.570934479594147 31.019898472407927 6.172041758433954 23.553924846108202 99.35827844124378 106.12203493622327 79.17923836003769 0.047107849692216264 0.19664741737511493 0.20875768657090069 0.11803339787640742 471.0263781653656 16.570934479594147 31.019898472407927 6.172041758433954 
322.0000462405619 0.0 47.846624693712585 0.0 26.010818938429836 0.007433667826619931 0.1998414469825537 0.007433667826619931 0.1998414469825537 411.7991053842182 18.335734056726892 23.912478404855726 6.199057820862178 23.553924846108202 104.25053117306558 104.59804952914097 67.95163073795216 0.04710784969221625 0.20853005030248134 0.21715981698485287 0.04300221819446922 411.7991053842182 18.335734056726892 23.912478404855726 6.199057820862178 
324.0000462405618 0.0 48.56634646266909 0.0 25.593808044826925 0.007433667826619929 0.20206026540587715 0.007433667826619929 0.20206026540587715 402.868990571458 18.78849753717247 23.090767816646522 6.213871606461188 23.553924846108202 105.3951279533448 104.4841224941089 64.13195320470209 0.04710784969221625 0.21074886872580662 0.21715981698485293 0.04522103661779138 402.868990571458 18.78849753717247 23.090767816646522 6.213871606461188 
326.0000462405617 0.0 48.59598416990713 0.0 24.927518099608694 0.007433667826619929 0.20383978757795754 0.007433667826619929 0.20383978757795754 393.15186978568727 19.22052932951756 22.9256350503958 6.238791879103662 23.553924846108202 106.54937853917316 104.57783621849077 62.62461931925312 0.047107849692216236 0.2125283908978848 0.21715981698485293 0.0470005587898728 393.15186978568727 19.22052932951756 22.9256350503958 6.238791879103662 
328.0000462405616 0.0 48.67158939212243 0.0 24.138994328877835 0.007433667826619931 0.20591091218750057 0.007433667826619931 0.20591091218750057 382.47857359360114 19.627184070909827 22.83204643740727 6.229449531067544 23.553924846108202 107.70549265534191 104.62884831339296 60.98747283823721 0.047107849692216236 0.21459951550743003 0.21715981698485287 0.04907168339941729 382.47857359360114 19.627184070909827 22.83204643740727 6.229449531067544 
330.00004624056146 0.0 48.80794245956315 0.0 23.43848240171745 0.007433667826619929 0.20761079840067365 0.007433667826619929 0.20761079840067365 370.9560109234442 20.07099121108998 22.868008165072418 6.223446310706214 23.553924846108202 109.04694182823333 104.76196738194174 59.59264089088382 0.047107849692216236 0.2162994017206031 0.21715981698485287 0.050771569612590654 370.9560109234442 20.07099121108998 22.868008165072418 6.223446310706214 
332.00004624056135 0.0 49.10619735881446 0.0 19.28773228284389 0.007433667826619928 0.2191341432083525 0.007433667826619928 0.2191341432083525 301.5784851167341 22.756147491441187 21.89987988824258 6.237111129471968 23.553924846108202 114.23133193567564 105.69963743127585 54.35404866465737 0.04710784969221625 0.2265660585407461 0.21715981698485293 0.062294914420265246 301.5784851167341 22.756147491441187 21.89987988824258 6.237111129471968 
334.00004624056123 0.0 49.543098797746744 0.0 18.576738867007304 0.007433667826619928 0.22104162692419108 0.007433667826619928 0.22104162692419108 288.14558317516486 23.27490652380249 21.836062949395078 6.187021964603138 23.553924846108202 115.24800653967675 105.93703392913113 54.340250087725394 0.04710784969221625 0.2265660585407461 0.21715981698485293 0.06420239813610565 288.14558317516486 23.27490652380249 21.836062949395078 6.187021964603138 
336.0000462405611 0.0 49.70787402393946 0.0 17.99957258206635 0.007433667826619928 0.22378378570680926 0.007433667826619928 0.22378378570680926 274.73095104444815 23.755859561545122 21.063020010438848 6.1643945429050975 23.553924846108202 116.15973455001361 106.1395958615288 54.570337637589446 0.04710784969221625 0.2265660585407461 0.21715981698485298 0.06694455691872474 274.73095104444815 23.755859561545122 21.063020010438848 6.1643945429050975 
338.000046240561 0.0 49.81128281960297 0.0 17.363351275000614 0.007433667826619926 0.2250598972375814 0.007433667826619926 0.2250598972375814 260.95531591191195 24.192595935753765 20.927206847037773 6.194538551232941 23.553924846108202 117.06190506790449 106.2969709331476 54.88322004448327 0.04710784969221625 0.2265660585407461 0.21715981698485298 0.06822066844949307 260.95531591191195 24.192595935753765 20.927206847037773 6.194538551232941 
340.0000462405609 0.0 49.60272100816059 0.0 16.962196236088737 0.007433667826619929 0.22728825763023192 0.007433667826619929 0.22728825763023192 247.73271769512255 24.597556515567735 20.819977587429335 6.2128257254119506 23.553924846108202 117.95164375525474 106.45621408891661 54.87321480740946 0.04710784969221625 0.2265660585407461 0.21715981698485298 0.07044902884214703 247.73271769512255 24.597556515567735 20.819977587429335 6.2128257254119506 
342.0000462405608 0.0 47.33783423091348 0.0 15.43891839064891 0.007433667826619931 0.23951845232691377 0.007433667826619931 0.23951845232691377 171.72172264400314 26.803949373573438 20.789644015469005 6.190265049960396 23.553924846108202 124.21686739807787 107.28849042507714 54.83611735481279 0.0 0.0 0.21715981698485298 0.08267922353882569 171.72172264400314 26.803949373573438 20.789644015469005 6.190265049960396 
344.00004624056066 0.0 47.14372182382915 0.0 15.520365661102122 0.007433667826619931 0.24166274638894364 0.007433667826619931 0.24166274638894364 160.5421946223994 27.13067709695904 21.21062695909851 6.232773823296066 23.553924846108202 125.20626150688919 107.40059339513884 54.68513096068558 0.0 0.0 0.21715981698485293 0.08482351760085714 160.5421946223994 27.13067709695904 21.21062695909851 6.232773823296066 
346.00004624056055 0.0 46.573196761061546 0.0 15.636678761385646 0.007433667826619931 0.2437943702093246 0.007433667826619931 0.2437943702093246 150.39700091374502 27.397521990393766 21.583030925065817 6.166652063438757 23.553924846108202 126.20168908541133 107.51500373608454 54.493697915741514 0.0 0.0 0.21715981698485293 0.08695514142123646 150.39700091374502 27.397521990393766 21.583030925065817 6.166652063438757 
348.00004624056044 0.0 45.9087153810259 0.0 15.736335024819379 0.007433667826619931 0.245120893060761 0.007433667826619931 0.245120893060761 140.50935703077184 27.60927714199847 21.409623448660124 6.11839870225383 23.553924846108202 127.07928942050367 107.60990901628308 54.51333999142159 0.0 0.0 0.21715981698485293 0.0882816642726742 140.50935703077184 27.60927714199847 21.409623448660124 6.11839870225383 
350.0000462405603 0.0 45.415117217789856 0.0 15.820707661668257 0.007433667826619929 0.2478290744287008 0.007433667826619929 0.2478290744287008 131.032543058592 27.794710926954128 21.313406511595826 6.0937823741508765 23.553924846108202 128.08475495797052 107.7083675779407 54.504507746285945 0.0 0.0 0.21715981698485293 0.0909898456406125 131.032543058592 27.794710926954128 21.313406511595826 6.0937823741508765 
352.0000462405602 0.0 42.53790112344268 0.0 16.616709561649188 0.007433667826619928 0.2603836264444174 0.007433667826619928 0.2603836264444174 77.7454568234644 29.13765760664137 21.26965438832985 6.097126690219438 23.553924846108202 134.2396599359119 108.32247535597251 54.150213225152875 0.0 0.0 0.21715981698485298 0.10354439765632935 77.7454568234644 29.13765760664137 21.26965438832985 6.097126690219438 
354.0000462405601 0.0 41.77789691914738 0.0 16.719942170347238 0.007433667826619928 0.2620611865864287 0.007433667826619928 0.2620611865864287 70.8106726327392 29.373305591320328 21.643342044019796 6.0819100170053195 23.553924846108202 135.24001024514814 108.37759709373952 54.58784582363715 0.0 0.0 0.21715981698485298 0.10522195779834632 70.8106726327392 29.373305591320328 21.643342044019796 6.0819100170053195 
356.00004624056 0.0 40.887250890841905 0.0 16.74457307126275 0.007433667826619928 0.2641103839363601 0.007433667826619928 0.2641103839363601 63.795600469756565 29.605433881987803 21.25539956047971 6.103692079840565 23.553924846108202 136.20856364525437 108.43413615268196 54.992421951267744 0.0 0.0 0.21715981698485293 0.10727115514827823 63.795600469756565 29.605433881987803 21.25539956047971 6.103692079840565 
358.00004624055987 0.0 40.05233711446012 0.0 16.779985489816347 0.007433667826619929 0.2665538408266589 0.007433667826619929 0.2665538408266589 57.773991637007704 29.837075093809638 21.79597278384371 6.116439462893978 23.553924846108202 137.1616634435511 108.47045726318643 55.63284900828981 0.0 0.0 0.21715981698485293 0.10971461203857363 57.773991637007704 29.837075093809638 21.79597278384371 6.116439462893978 
360.00004624055975 0.0 39.31217912580467 0.0 16.7447396299795 0.007433667826619928 0.26816166088556564 0.007433667826619928 0.26816166088556564 52.290519813458936 29.99748662436975 22.36785164036196 6.136559431110284 23.553924846108202 137.9406266436992 108.4912878698463 56.39596563422151 0.0 0.0 0.21715981698485293 0.11132243209748076 52.290519813458936 29.99748662436975 22.36785164036196 6.136559431110284 
362.00004624055964 0.0 34.168171150317995 0.0 16.645376560361143 0.007433667826619928 0.2800404121541803 0.007433667826619928 0.2800404121541803 20.885962228853437 30.847947708186314 25.671207686426712 6.33629905351611 23.553924846108202 144.23552041166135 108.57990849242742 61.469484757612776 0.0 0.0 0.21715981698485293 0.12320118336609559 20.885962228853437 30.847947708186314 25.671207686426712 6.33629905351611 
364.0000462405595 0.0 33.46638594170357 0.0 16.683927740850976 0.007433667826619929 0.28145797473817263 0.007433667826619929 0.28145797473817263 17.815292507886905 30.97062240443144 25.48206669019698 6.325873549285279 23.553924846108202 145.2048023859192 108.57990849242742 62.46356889936832 0.0 0.0 0.21715981698485293 0.1246187459500878 17.815292507886905 30.97062240443144 25.48206669019698 6.325873549285279 
366.0000462405594 0.0 32.73723103933851 0.0 16.5387502368676 0.007433667826619929 0.283852359715718 0.007433667826619929 0.283852359715718 15.356219759206526 30.930965482093477 25.33423603140638 6.3278919493462435 23.553924846108202 146.18003280129474 108.57990849242742 63.4738849566873 0.0 0.0 0.21715981698485287 0.12701313092763386 15.356219759206526 30.930965482093477 25.33423603140638 6.3278919493462435 
368.0000462405593 0.0 32.284318753183776 0.0 16.44169450782015 0.007433667826619929 0.28593674401766095 0.007433667826619929 0.28593674401766095 13.453100179661114 30.856341454822026 24.815560718864383 6.310548151331948 23.553924846108202 147.30749076151153 108.57990849242742 64.47246728364064 0.0 0.0 0.21715981698485293 0.12909751522957735 13.453100179661114 30.856341454822026 24.815560718864383 6.310548151331948 
370.0000462405592 0.0 32.076795646903356 0.0 16.35066635963854 0.007433667826619929 0.2882709806875144 0.007433667826619929 0.2882709806875144 12.292627013596405 30.728682057628227 24.022823067589975 6.265088521704605 23.553924846108202 148.37137558360328 108.57990849242742 65.47936495673774 0.0 0.0 0.21715981698485287 0.13143175189942943 12.292627013596405 30.728682057628227 24.022823067589975 6.265088521704605 
372.0000462405591 0.0 31.171168297009128 0.0 15.533216588837515 0.007433667826619931 0.29997713284520655 0.007433667826619931 0.29997713284520655 7.064012813530499 30.253872706327314 18.86412932827838 6.102134585409842 23.553924846108202 154.25995493738512 108.57990849242742 71.49782002191094 0.0 0.0 0.21715981698485293 0.14313790405712432 7.064012813530499 30.253872706327314 18.86412932827838 6.102134585409842 
374.00004624055896 0.0 31.375834077067545 0.0 15.386666857048386 0.007433667826619929 0.3021387650663571 0.007433667826619929 0.3021387650663571 6.909015373554676 30.225717208249016 19.89334308686316 6.143501078250456 23.553924846108202 155.21588271770588 108.57990849242742 72.49128093153304 0.0 0.0 0.21715981698485298 0.14529953627827238 6.909015373554676 30.225717208249016 19.89334308686316 6.143501078250456 
376.00004624055885 0.0 31.52703755394857 0.0 15.311726915407771 0.007433667826619929 0.30455594947975817 0.007433667826619929 0.30455594947975817 6.835960022546525 30.157315839156535 20.613078503323507 6.168590925626667 23.553924846108202 156.07491402758663 108.57990849242742 73.48180381118904 0.0 0.0 0.21715981698485298 0.1477167206916684 6.835960022546525 30.157315839156535 20.613078503323507 6.168590925626667 
378.00003716093886 0.0 31.639556352051304 0.0 15.246064710614387 0.007433667826619929 0.3064053301773291 0.007433667826619929 0.3064053301773291 6.856132242041806 30.108130877083372 21.082670145194545 6.18167481617136 23.553924846108202 156.78710723732914 108.57990849242742 74.49542251824815 0.0 0.0 0.21715981698485293 0.14956610138924295 6.856132242041806 30.108130877083372 21.082670145194545 6.18167481617136 
380.0000462405586 0.0 31.725106056783762 0.0 15.208045290871883 0.007433667826619929 0.30896077236430647 0.007433667826619929 0.30896077236430647 6.880098749401803 30.099626475696503 21.296722950443264 6.192234904412297 23.553924846108202 157.43053891231668 108.57990849242742 75.50220734890911 0.0 0.0 0.21715981698485298 0.1521215435762209 6.880098749401803 30.099626475696503 21.296722950443264 6.192234904412297 
382.0000462405585 0.0 31.971511265724043 0.0 15.229066942004424 0.007433667826619929 0.31945316104416555 0.007433667826619929 0.31945316104416555 6.906980317347441 29.97787598801585 21.964708856995 6.174498846814155 23.553924846108202 164.23752801754532 108.57990849242742 81.490661960459 0.0 0.0 0.21715981698485293 0.1626139322560827 6.906980317347441 29.97787598801585 21.964708856995 6.174498846814155 
384.0000462405584 0.0 31.99327243079022 0.0 15.537360929116453 0.007433667826619929 0.321857165650678 0.007433667826619929 0.321857165650678 6.959269823830357 30.047156471859452 22.606585334356865 6.135222795011809 23.553924846108202 165.1750458379963 108.57990849242742 82.4874824374099 0.0 0.0 0.21715981698485293 0.16501793686259064 6.959269823830357 30.047156471859452 22.606585334356865 6.135222795011809 
386.0000462405583 0.0 31.994574808999264 0.0 15.642657739254687 0.007433667826619928 0.32378738827869563 0.007433667826619928 0.32378738827869563 6.9871093294763265 30.052500498645188 22.32135994835921 6.144091684524687 23.553924846108202 165.94985391550367 108.57990849242742 83.49092128128751 0.0 0.0 0.21715981698485298 0.1669481594906128 6.9871093294763265 30.052500498645188 22.32135994835921 6.144091684524687 
388.00004624055816 0.0 32.034154482063734 0.0 15.641104726154252 0.007433667826619928 0.32591362666211693 0.007433667826619928 0.32591362666211693 7.038860771802236 30.06099014261399 21.965801642190343 6.123989071239027 23.553924846108202 166.686268492321 108.57990849242742 84.49541723825821 0.0 0.0 0.21715981698485298 0.16907439787403197 7.038860771802236 30.06099014261399 21.965801642190343 6.123989071239027 
390.00004624055805 0.0 32.02095766483958 0.0 15.670827512485717 0.007433667826619929 0.3287180903040914 0.007433667826619929 0.3287180903040914 7.129193430796705 30.075963832146563 22.331871465798187 6.127528807777809 23.553924846108202 167.2683046059211 108.57990849242742 85.48351065943363 0.0 0.0 0.21715981698485293 0.1718788615160039 7.129193430796705 30.075963832146563 22.331871465798187 6.127528807777809 
392.00004624055794 0.0 31.907984829172637 0.0 16.104137807978148 0.007433667826619929 0.3394438693503731 0.007433667826619929 0.3394438693503731 7.251237977884175 29.82201226631197 20.47083707795775 5.631539713079564 23.553924846108202 174.17184860349934 108.57990849242742 91.47531476664591 0.0 0.0 0.21715981698485293 0.18260464056228168 7.251237977884175 29.82201226631197 20.47083707795775 5.631539713079564 
394.0000462405578 0.0 31.713807708814784 0.0 16.085249994032115 0.007433667826619929 0.34215208034016803 0.007433667826619929 0.34215208034016803 7.073927888019653 29.507423871007898 19.658179920151024 5.754577599764101 23.553924846108202 174.884995114324 108.57990849242742 92.45561732396455 0.0 0.0 0.21715981698485287 0.18531285155208016 7.073927888019653 29.507423871007898 19.658179920151024 5.754577599764101 
396.0000462405577 0.0 31.64149421219135 0.0 16.089274316391343 0.007433667826619929 0.3439804651821481 0.007433667826619929 0.3439804651821481 7.024142232396898 29.528797770878306 19.72331602791562 5.836655393848342 23.553924846108202 175.35195802995963 108.57990849242742 93.48084941764036 0.0 0.0 0.21715981698485287 0.18714123639406027 7.024142232396898 29.528797770878306 19.72331602791562 5.836655393848342 
398.0000462405576 0.0 31.54456048742916 0.0 16.102732408022632 0.007433667826619929 0.34632349354438163 0.007433667826619929 0.34632349354438163 7.022131581624361 29.504056540075993 20.343435571662884 5.89820587760451 23.553924846108202 175.53701451135498 108.57990849242742 94.48775789784862 0.0 0.0 0.21715981698485293 0.1894842647562939 7.022131581624361 29.504056540075993 20.343435571662884 5.89820587760451 
400.0000462405575 0.0 31.461521822871223 0.0 16.10500385323027 0.007433667826619931 0.348233559098939 0.007433667826619931 0.348233559098939 6.995024748316859 29.531601661901437 20.465701166701628 5.91905029378329 23.553924846108202 175.5573400787772 108.57990849242742 95.46954560169124 0.0 0.0 0.21715981698485293 0.19139433031085185 6.995024748316859 29.531601661901437 20.465701166701628 5.91905029378329 
402.00004624055737 0.0 31.102775056280056 0.0 16.146663671626563 0.007433667826619929 0.35965917209694276 0.007433667826619929 0.35965917209694276 6.755709099635097 29.797891871966403 19.715710439319036 6.244765504675571 NaN NaN 108.57990849242742 101.47679201558714 0.0 0.0 0.21715981698485293 0.20281994330885747 6.755709099635097 29.797891871966403 19.715710439319036 6.244765504675571 
404.00004624055725 0.0 30.99889174826878 0.0 16.174892514190542 0.007433667826619929 0.3617846146392069 0.007433667826619929 0.3617846146392069 6.552260408120093 29.78172950666893 20.56676294650724 6.254412260088291 NaN NaN 108.57990849242742 102.48538864772539 0.0 0.0 0.21715981698485287 0.20494538585112365 6.552260408120093 29.78172950666893 20.56676294650724 6.254412260088291 
406.00004624055714 0.0 30.930652134186953 0.0 16.295621075960273 0.007433667826619929 0.3633104998810697 0.007433667826619929 0.3633104998810697 6.548576097173005 29.862918528470527 21.561035830137193 6.265088980193652 NaN NaN 108.57990849242742 103.4806228797558 0.0 0.0 0.21715981698485293 0.20647127109298416 6.548576097173005 29.862918528470527 21.561035830137193 6.265088980193652 
408.000046240557 0.0 30.932730577923905 0.0 16.447886899528296 0.007433667826619929 0.3657816420313746 0.007433667826619929 0.3657816420313746 6.670416152135092 29.92815349924367 23.248704737166253 6.282221386270241 NaN NaN 108.57990849242742 104.4853443357826 0.0 0.0 0.21715981698485287 0.20894241324328963 6.670416152135092 29.92815349924367 23.248704737166253 6.282221386270241 
410.0000462405569 0.0 30.98892809213457 0.0 16.48965713931538 0.007433667826619929 0.36711638411101727 0.007433667826619929 0.36711638411101727 6.904502896708187 30.03358137117985 24.71286984175958 6.289691664722958 NaN NaN 108.57990849242742 105.47584142958162 0.0 0.0 0.21715981698485287 0.21027715532293417 6.904502896708187 30.03358137117985 24.71286984175958 6.289691664722958 
412.0000462405568 0.0 31.545018453739495 0.0 16.407849320855036 0.007433667826619929 0.3793487188144217 0.007526506318437473 0.014741561494450954 7.942663837854126 30.36390964277694 27.943365570261772 6.345111810372031 NaN NaN 108.57990849242742 111.47368561980544 0.0 0.0 0.21715981698485293 0.22250949002633533 7.942663837854126 30.36390964277694 27.943365570261772 6.345111810372031 
414.0000462405567 0.0 31.469263601435273 0.0 16.305579265397714 0.007433667826619931 0.3812358487558147 0.007526506318437473 0.016628691435847064 7.7410378937949185 30.275653240309186 26.565983869136623 6.28396769727207 NaN NaN 108.57990849242742 112.47828382313907 0.0 0.0 0.21715981698485293 0.22439661996772686 7.7410378937949185 30.275653240309186 26.565983869136623 6.28396769727207 
416.00004624055657 0.0 31.507517503038176 0.0 16.207757254288698 0.007433667826619933 0.3830318169845682 0.007526506318437473 0.018424659664598452 7.651971954619936 30.25196392808362 26.83742463114082 6.307826092998932 NaN NaN 108.57990849242742 113.4914893027876 0.0 0.0 0.21715981698485293 0.2261925881964782 7.651971954619936 30.25196392808362 26.83742463114082 6.307826092998932 
418.00004624055646 0.0 31.504715336504105 0.0 16.163728650051578 0.007433667826619931 0.38511766339967474 0.007526506318437475 0.02051050607971034 7.659985203033713 30.277246906244038 26.666503777189067 6.314259736983133 NaN NaN 108.57990849242742 114.48330031424675 0.0 0.0 0.21715981698485298 0.22827843461159134 7.659985203033713 30.277246906244038 26.666503777189067 6.314259736983133 
420.00004624055634 0.0 31.496253971990708 0.0 16.136478926049673 0.007433667826619933 0.3864606821692632 0.007526506318437473 0.0218535248492934 7.675416892342752 30.271516914471324 25.940182040287155 6.273703106722469 NaN NaN 108.57990849242742 115.48549570685059 0.0 0.0 0.21715981698485293 0.22962145338117626 7.675416892342752 30.271516914471324 25.940182040287155 6.273703106722469 
422.00004624055623 0.0 33.6643439101455 0.0 17.120901580145432 0.007526506318437473 0.035444178473759524 0.007526506318437473 0.035444178473759524 1004.9660363433675 29.825290361243574 904.1947230601236 5.7615565512008775 31.621194805046798 77.56293954323922 108.94143658047824 116.55356050970022 0.06324238961009404 0.1551258790864781 0.23196040689863182 0.04128342268845296 1004.9660363433675 29.825290361243574 904.1947230601236 5.7615565512008775 
424.0000462405561 0.0 34.799589738507066 0.0 17.476450542942548 0.007526506318437473 0.03808841432504506 0.007526506318437473 0.03808841432504506 969.1227484378948 28.890850747073785 740.9906600988468 5.231751036064654 31.621194805046798 79.7445893201987 109.62221950598288 108.2655845708378 0.06324238961009404 0.15777011493776574 0.23196040689863176 0.0439276585397386 969.1227484378948 28.890850747073785 740.9906600988468 5.231751036064654 
426.000046240556 0.0 35.28350018988239 0.0 18.12252227486045 0.007526506318437475 0.04022996522253194 0.007526506318437475 0.04022996522253194 912.2819827225144 27.29033513146253 609.3147578051509 5.089593754098797 31.621194805046798 81.11228771161389 110.32702964441786 99.65287732425637 0.06324238961009405 0.15991166583524977 0.23196040689863176 0.04606920943722574 912.2819827225144 27.29033513146253 609.3147578051509 5.089593754098797 
428.0000462405559 0.0 36.00964673475723 0.0 18.893917167941982 0.007526506318437473 0.042208960866307633 0.007526506318437473 0.042208960866307633 870.0259417406069 26.069922781973517 505.48299279958945 5.287474069068151 31.621194805046798 82.45377234161653 110.75702137230702 94.80210297406035 0.06324238961009404 0.16189066147902773 0.23196040689863176 0.04804820508100097 870.0259417406069 26.069922781973517 505.48299279958945 5.287474069068151 
430.0000462405558 0.0 36.960470082455636 0.0 19.632858491828063 0.007526506318437473 0.0432666175217783 0.007526506318437473 0.0432666175217783 833.6227801998225 25.093837217305108 424.58642032417805 5.523557399926141 31.621194805046798 83.81510323883151 111.06830603123697 91.5273321045692 0.06324238961009403 0.16294831813449784 0.23196040689863176 0.04910586173647175 833.6227801998225 25.093837217305108 424.58642032417805 5.523557399926141 
432.00004624055566 0.0 42.30944267266997 0.0 24.01281204878462 0.007526506318437475 0.05534975696164011 0.007526506318437475 0.05534975696164011 623.3099969533978 19.909856547485578 39.773584825069484 6.805865740353551 31.621194805046798 87.45688226082058 112.6637223219161 75.75047239425648 0.06324238961009403 0.1750314575743591 0.23196040689863176 0.06118900117633276 623.3099969533978 19.909856547485578 39.773584825069484 6.805865740353551 
434.00004624055555 0.0 43.11001657982374 0.0 24.391442742120358 0.007526506318437473 0.05678625823816514 0.007526506318437473 0.05678625823816514 604.5399020834261 19.713866650434454 33.69276505662009 6.837535759745797 31.621194805046798 88.61362368016135 112.92463799285665 73.2012999026347 0.06324238961009404 0.17646795885088581 0.2319604068986317 0.06262550245285835 604.5399020834261 19.713866650434454 33.69276505662009 6.837535759745797 
436.00004624055543 0.0 43.876539599144806 0.0 24.741954248244646 0.007526506318437473 0.059012439688245356 0.007526506318437473 0.059012439688245356 583.7980163863658 19.405143818831146 32.79561213585242 6.838716859175778 31.621194805046798 89.92496256808451 113.17420511600905 70.77699006762073 0.06324238961009404 0.17869414030096628 0.2319604068986317 0.0648516839029386 583.7980163863658 19.405143818831146 32.79561213585242 6.838716859175778 
438.0000462405553 0.0 44.638500921423486 0.0 24.752866102554123 0.007526506318437475 0.06033763313559111 0.007526506318437475 0.06033763313559111 561.5758545009405 18.99017236428936 32.74073572523265 6.773199261427682 31.621194805046798 91.24285852379296 113.42822407635444 68.33399470836926 0.06324238961009404 0.1800193337483114 0.23196040689863176 0.06617687735028543 561.5758545009405 18.99017236428936 32.74073572523265 6.773199261427682 
440.0000462405552 0.0 45.332549453645264 0.0 24.644858747304127 0.007526506318437475 0.06293860608510665 0.007526506318437475 0.06293860608510665 544.693117515944 18.81237372296275 32.16278073936211 6.699881133009397 31.621194805046798 92.66042764902194 113.65558912252817 66.21579107725556 0.06324238961009404 0.18262030669782484 0.23196040689863176 0.06877785029980098 544.693117515944 18.81237372296275 32.16278073936211 6.699881133009397 
442.0000462405551 0.0 49.3493664394794 0.0 23.571887717280124 0.007526506318437473 0.07529332274622469 0.007526506318437473 0.07529332274622469 454.4789698773322 18.957361079103105 31.112657058994888 6.425281633545302 31.621194805046798 97.49081773047055 114.90656529652568 55.16850204426063 0.06324238961009405 0.19497502335894346 0.23196040689863176 0.08113256696091946 454.4789698773322 18.957361079103105 31.112657058994888 6.425281633545302 
444.000046240555 0.0 49.893892866787375 0.0 22.92474742428723 0.007526506318437471 0.07762051483824109 0.007526506318437471 0.07762051483824109 444.30566283279046 19.56983266753599 29.569323305057654 6.496266173641872 31.621194805046798 98.56110001857023 115.20736073727892 52.06334014577271 0.06324238961009405 0.19730221545096036 0.23196040689863176 0.08345975905293432 444.30566283279046 19.56983266753599 29.569323305057654 6.496266173641872 
446.00004624055487 0.0 50.34216020877627 0.0 22.074423045212907 0.007526506318437473 0.07916385005412882 0.007526506318437473 0.07916385005412882 433.3991817112439 20.1385516932889 29.26079116533837 6.582520816349967 31.621194805046798 99.77422985460461 115.40575278660049 50.34623486271806 0.06324238961009405 0.19884555066684978 0.23196040689863176 0.08500309426882259 433.3991817112439 20.1385516932889 29.26079116533837 6.582520816349967 
448.00004624055475 0.0 50.57568141208288 0.0 21.470817413092114 0.007526506318437473 0.08159823251841249 0.007526506318437473 0.08159823251841249 421.80160090304713 20.711181772911747 29.512315506857618 6.675061956102666 31.621194805046798 101.0489110535714 115.52176049499572 49.758869475623044 0.06324238961009404 0.2012799331311318 0.23196040689863176 0.08743747673310609 421.80160090304713 20.711181772911747 29.512315506857618 6.675061956102666 
450.00004624055464 0.0 50.80250012779077 0.0 20.91914201611582 0.007526506318437471 0.08249930767075585 0.007526506318437471 0.08249930767075585 409.59237446981297 21.319175946483053 30.492500589741805 6.729879924853008 31.621194805046798 102.18788892464711 115.61075723831739 49.54983994501225 0.06324238961009404 0.2021810082834756 0.2319604068986317 0.08833855188544958 409.59237446981297 21.319175946483053 30.492500589741805 6.729879924853008 
452.0000462405545 0.0 52.34052993555758 0.0 18.245154727452167 0.007526506318437475 0.09468989849562631 0.007526506318437475 0.09468989849562631 333.2761628559899 24.979334829137898 35.11698213255427 6.8107732684629925 31.621194805046798 107.42537741006794 115.97476543429623 50.57858319093215 0.06324238961009403 0.21437159910834605 0.23196040689863176 0.10052914271032004 333.2761628559899 24.979334829137898 35.11698213255427 6.8107732684629925 
454.0000462405544 0.0 52.608999889407436 0.0 17.972239946989713 0.007526506318437473 0.09682771510650583 0.007526506318437473 0.09682771510650583 318.72309191956793 25.480869216735403 34.67218692514641 6.7449800822287305 31.621194805046798 108.46034906893041 115.97738202509686 51.536577019447776 0.06324238961009403 0.21437159910834605 0.23196040689863176 0.10266695932120004 318.72309191956793 25.480869216735403 34.67218692514641 6.7449800822287305 
456.0000462405543 0.0 52.72919226366519 0.0 17.880527460532125 0.007526506318437475 0.09865644608999463 0.007526506318437475 0.09865644608999463 303.30994834484636 26.012475540411366 34.31889536148104 6.7098156838891105 31.621194805046798 109.39823821621682 115.97835116747062 52.54516728575075 0.06324238961009403 0.21437159910834605 0.23196040689863176 0.10449569030468622 303.30994834484636 26.012475540411366 34.31889536148104 6.7098156838891105 
458.0000462405542 0.0 52.659174078411816 0.0 17.81510491223003 0.007526506318437473 0.10041306649605745 0.007526506318437473 0.10041306649605745 288.33943919226795 26.48329425865159 34.1523949953185 6.661495232346255 31.621194805046798 110.35520635671402 115.97872670001668 53.528291635110214 0.06324238961009403 0.21437159910834605 0.2319604068986317 0.10625231071074899 288.33943919226795 26.48329425865159 34.1523949953185 6.661495232346255 
460.00004624055407 0.0 52.347559191444425 0.0 17.74633121311602 0.007526506318437475 0.10180402335561407 0.007526506318437475 0.10180402335561407 272.80469579264025 26.939843052379175 33.29463384904197 6.632367788154992 31.621194805046798 111.3396319323998 115.9790922957158 54.532366295944975 0.06324238961009403 0.21437159910834605 0.23196040689863176 0.1076432675703066 272.80469579264025 26.939843052379175 33.29463384904197 6.632367788154992 
462.00004624055396 0.0 50.4226437906184 0.0 17.662049362508117 0.007526506318437473 0.11551719454626669 0.007526506318437473 0.11551719454626669 183.30723317337043 29.451561134886806 29.523704200630288 6.56292461493741 31.621194805046798 117.42367858264092 115.98020344931683 60.517503258607846 0.0 0.0 0.23196040689863176 0.12135643876095785 183.30723317337043 29.451561134886806 29.523704200630288 6.56292461493741 
464.00004624055384 0.0 50.20354063685697 0.0 17.70046338160564 0.007526506318437473 0.11699655717773245 0.007526506318437473 0.11699655717773245 170.55080995180353 29.749505114082964 29.653284104291355 6.619089489615757 31.621194805046798 118.46969395081126 115.98020344931683 61.51777936080664 0.0 0.0 0.23196040689863182 0.12283580139242359 170.55080995180353 29.749505114082964 29.653284104291355 6.619089489615757 
466.00004624055373 0.0 49.76887094206077 0.0 17.660367825692727 0.007526506318437473 0.11796286950396712 0.007526506318437473 0.11796286950396712 157.94192780579684 30.120878094820558 30.610717897381235 6.685170460632937 31.621194805046798 119.48305251967741 115.98020344931683 62.53771694700605 0.0 0.0 0.23196040689863182 0.12380211371866151 157.94192780579684 30.120878094820558 30.610717897381235 6.685170460632937 
468.0000462405536 0.0 49.3651612784728 0.0 17.54914081986046 0.007526506318437471 0.12053081883247335 0.007526506318437471 0.12053081883247335 147.09147156536383 30.37980062025112 30.28636878615952 6.575295408706347 31.621194805046798 120.55177688213935 115.98020344931683 63.50993582528151 0.0 0.0 0.23196040689863182 0.12637006304716752 147.09147156536383 30.37980062025112 30.28636878615952 6.575295408706347 
470.0000462405535 0.0 48.74380779288958 0.0 17.47870716176167 0.007526506318437473 0.12195570320971691 0.007526506318437473 0.12195570320971691 136.15114256262555 30.66174716955543 29.769823012289823 6.490390870060709 31.621194805046798 121.63122636600575 115.98020344931683 64.51041566818598 0.0 0.0 0.23196040689863184 0.12779494742440864 136.15114256262555 30.66174716955543 29.769823012289823 6.490390870060709 
472.0000462405534 0.0 44.26769882781985 0.0 17.44052813654787 0.007526506318437471 0.13422008815620406 0.007526506318437471 0.13422008815620406 76.91534028412538 32.09227482104062 29.869193057590802 6.242470257436779 31.621194805046798 127.45172307980023 115.98020344931683 70.50990625220643 0.0 0.0 0.2319604068986317 0.14005933237089915 76.91534028412538 32.09227482104062 29.869193057590802 6.242470257436779 
474.0000462405533 0.0 43.392517198055025 0.0 17.54744455241139 0.007526506318437471 0.13673425099249228 0.007526506318437471 0.13673425099249228 68.95632951898696 32.112389953730926 29.80274578246755 6.441527993991295 31.621194805046798 128.48585184785 115.98020344931683 71.51504604759214 0.0 0.0 0.23196040689863176 0.14257349520718388 68.95632951898696 32.112389953730926 29.80274578246755 6.441527993991295 
476.00004624055316 0.0 42.83146237765731 0.0 17.536307530665763 0.007526506318437471 0.13831511230380944 0.007526506318437471 0.13831511230380944 62.173475097859004 32.16608798232722 30.132048373423142 6.55626200901241 31.621194805046798 129.53619728365962 115.98020344931683 72.51067561576228 0.0 0.0 0.2319604068986317 0.14415435651850234 62.173475097859004 32.16608798232722 30.132048373423142 6.55626200901241 
478.00004624055305 0.0 42.275793684206135 0.0 17.53651604426227 0.007526506318437471 0.14029279277552037 0.007526506318437471 0.14029279277552037 56.23841521353351 32.21917627675635 30.280389033170866 6.619367085653986 31.621194805046798 130.52286201867858 115.98020344931683 73.50380371849411 0.0 0.0 0.2319604068986317 0.14613203699021263 56.23841521353351 32.21917627675635 30.280389033170866 6.619367085653986 
480.00004624055293 0.0 41.48484661051999 0.0 17.55410999004311 0.007526506318437471 0.1424739716730308 0.007526506318437471 0.1424739716730308 50.455883125142606 32.28747529716602 30.145689057228143 6.643262730269356 31.621194805046798 131.527525567381 115.98020344931683 74.50686954459484 0.0 0.0 0.23196040689863176 0.1483132158877246 50.455883125142606 32.28747529716602 30.145689057228143 6.643262730269356 
482.0000462405528 0.0 37.50880137855567 0.0 17.72086197104133 0.007526506318437473 0.1552467542866909 0.007526506318437473 0.1552467542866909 21.57451677173085 32.35391713199754 34.02307036236548 6.6842470532750955 31.621194805046798 137.42010414757573 115.98020344931683 80.51885610566964 0.0 0.0 0.2319604068986317 0.1610859985013848 21.57451677173085 32.35391713199754 34.02307036236548 6.6842470532750955 
484.0000462405527 0.0 36.86849191290877 0.0 17.826820349917746 0.007526506318437473 0.1571670563214776 0.007526506318437473 0.1571670563214776 18.30577066083177 32.188268163487486 34.395216397808134 6.654098358678198 31.621194805046798 138.36517289706126 115.98020344931683 81.50641601238156 0.0 0.0 0.23196040689863176 0.1630063005361711 18.30577066083177 32.188268163487486 34.395216397808134 6.654098358678198 
486.0000462405526 0.0 36.35807140196696 0.0 17.976008029150655 0.007526506318437473 0.15937767275493112 0.007526506318437473 0.15937767275493112 16.11194235621265 32.14093656564102 34.406663169154605 6.740428225357573 31.621194805046798 139.38281344996582 115.98020344931683 82.5187839782307 0.0 0.0 0.23196040689863176 0.16521691696962165 16.11194235621265 32.14093656564102 34.406663169154605 6.740428225357573 
488.0000462405525 0.0 35.93873087754056 0.0 18.080121314620413 0.007526506318437473 0.16107705766252703 0.007526506318437473 0.16107705766252703 14.51493565189477 32.00059797051336 35.042490592829985 6.762944024259724 31.621194805046798 140.38626716019857 115.98020344931683 83.52019968712402 0.0 0.0 0.23196040689863176 0.16691630187721762 14.51493565189477 32.00059797051336 35.042490592829985 6.762944024259724 
490.00004624055236 0.0 35.67626503886499 0.0 18.107943245253466 0.007526506318437471 0.16349825671823184 0.007526506318437471 0.16349825671823184 13.440695431020098 31.925078998250672 35.30261178653704 6.775323962043682 31.621194805046798 141.34940467674858 115.98020344931683 84.52177122621053 0.0 0.0 0.23196040689863182 0.16933750093292507 13.440695431020098 31.925078998250672 35.30261178653704 6.775323962043682 
492.00004624055225 0.0 34.96538159867749 0.0 17.95009407109256 0.007526506318437473 0.17524895015815617 0.007526506318437473 0.17524895015815617 9.065319708232533 31.623364780908314 34.017446356621484 6.496578643657283 31.621194805046798 147.45280727435392 115.98020344931683 90.53756564326515 0.0 0.0 0.23196040689863182 0.1810881943728531 9.065319708232533 31.623364780908314 34.017446356621484 6.496578643657283 
494.00004624055214 0.0 34.94545562852459 0.0 17.869224701020066 0.007526506318437475 0.17725037414877348 0.007526506318437475 0.17725037414877348 9.173084925789494 31.60978679002315 32.156291059437116 6.386294843455559 31.621194805046798 148.31809385230923 115.98020344931683 91.53279676698756 0.0 0.0 0.23196040689863176 0.18308961836346435 9.173084925789494 31.60978679002315 32.156291059437116 6.386294843455559 
496.000046240552 0.0 34.93016614352005 0.0 17.841392919066294 0.007526506318437475 0.17985170628111388 0.007526506318437475 0.17985170628111388 9.150532894906425 31.596568837928306 31.735138595884422 6.460911699917413 31.621194805046798 149.1833670200759 115.98020344931683 92.5282669195594 0.0 0.0 0.23196040689863176 0.18569095049580658 9.150532894906425 31.596568837928306 31.735138595884422 6.460911699917413 
498.0000462405519 0.0 34.96991477213009 0.0 17.76725203711949 0.007526506318437475 0.1816637970609166 0.007526506318437475 0.1816637970609166 9.245484371350623 31.576495268610845 31.975555241138526 6.5263791742971335 31.621194805046798 149.93332673971952 115.98020344931683 93.52998479650556 0.0 0.0 0.23196040689863176 0.1875030412756138 9.245484371350623 31.576495268610845 31.975555241138526 6.5263791742971335 
500.0000462405518 0.0 35.0539124111976 0.0 17.72457003040378 0.007526506318437475 0.1830123100492393 0.007526506318437475 0.1830123100492393 9.260945039752343 31.566857574133827 32.81395355388517 6.523981497204053 31.621194805046798 150.60375160601978 115.98020344931683 94.52504426766222 0.0 0.0 0.23196040689863182 0.18885155426393202 9.260945039752343 31.566857574133827 32.81395355388517 6.523981497204053 
#####################################################################
# End of data export. Simulation finished at: 2019-02-19T16:25+0000 #
#####################################################################
