#####################################################################
# Alchemist log file - simulation started at: 2019-02-19T17:30+0000 #
#####################################################################
# seed = 49.0
#
# The columns have the following meaning: 
# time derr-single-broadcast-rep[Mean] terr-single-broadcast-rep[Mean] derr-single-broadcast-share[Mean] terr-single-broadcast-share[Mean] derr-single-collection-rep[Mean] terr-single-collection-rep[Mean] derr-single-collection-share[Mean] terr-single-collection-share[Mean] derr-single-distance-rep[Mean] terr-single-distance-rep[Mean] derr-single-distance-share[Mean] terr-single-distance-share[Mean] derr-stack-broadcast-rep[Mean] terr-stack-broadcast-rep[Mean] derr-stack-broadcast-share[Mean] terr-stack-broadcast-share[Mean] derr-stack-collection-rep[Mean] terr-stack-collection-rep[Mean] derr-stack-collection-share[Mean] terr-stack-collection-share[Mean] derr-stack-distance-rep[Mean] terr-stack-distance-rep[Mean] derr-stack-distance-share[Mean] terr-stack-distance-share[Mean] 
0.0 NaN NaN NaN NaN NaN NaN NaN NaN NaN NaN NaN NaN NaN NaN NaN NaN NaN NaN NaN NaN NaN NaN NaN NaN 
2.000031681677599 0.0 0.7608192502754747 0.0 1.013596791752163 3.7919074354633353 0.0017765312813367577 3.1558249273465333 0.002013138888036657 0.0 0.7944067741548791 14.210305369412819 0.6624497115926974 NaN NaN NaN NaN 0.0 0.0 0.0 0.0 0.0 0.7944067741548791 14.210305369412819 0.6624497115926974 
4.0000316816776 0.0 1.7760314778780524 0.0 2.013771253892026 3.684167875657449 0.0043648617101987326 1.9596510630289974 0.004555627364345775 2.96107207071161 1.6681228130765227 32.7970791100412 2.0231875386902285 NaN NaN NaN NaN 0.0 0.0 0.0 0.0 2.96107207071161 1.6681228130765227 32.7970791100412 2.0231875386902285 
6.0000316816776 0.0 2.746662911990588 0.0 2.9480342376949302 3.6462693145441256 0.005096839730847485 1.8189727885713274 0.005276745524493758 3.3806817856476106 2.5194507542013795 31.767915366611664 3.1094018197721467 NaN NaN NaN NaN 0.0 0.0 0.0 0.0 3.3806817856476106 2.5194507542013795 31.767915366611664 3.1094018197721467 
8.0000316816776 0.0 3.7022641786323076 0.0 3.8591339186835065 3.486827587339679 0.00852392702632395 1.1553281705210783 0.0076660481909743144 11.377840121244418 4.088672699515378 42.233828153980475 4.324376012314565 NaN NaN NaN NaN 0.0 0.0 0.0 0.0 11.377840121244418 4.088672699515378 42.233828153980475 4.324376012314565 
10.0000316816776 0.0 4.616203617476744 0.0 4.695854627698838 3.3414771621729282 0.010368712439682327 0.9292456461258556 0.008533545885703538 27.8731716819623 5.954922894613721 35.75140463568599 4.797722293281104 NaN NaN NaN NaN 0.0 0.0 0.0 0.0 27.8731716819623 5.954922894613721 35.75140463568599 4.797722293281104 
12.0000316816776 0.0 9.762373186163776 0.0 9.09912610576077 2.548124254326525 0.02129677300115346 0.0019941748357023416 0.013655405234107245 28.21978122302268 7.300056625083797 22.646178939925967 5.758048612431373 NaN NaN NaN NaN 0.0 0.0 0.0 0.0 28.21978122302268 7.300056625083797 22.646178939925967 5.758048612431373 
14.0000316816776 0.0 10.589528813694448 0.0 9.76767858962853 2.4049273363003008 0.02359021004817604 0.0027243453513605778 0.014221314946898125 26.585339772972485 8.123395238678523 22.41597344668945 5.902404763040783 NaN NaN NaN NaN 0.0 0.0 0.0 0.0 26.585339772972485 8.123395238678523 22.41597344668945 5.902404763040783 
16.000031681677598 0.0 11.425339863636822 0.0 10.384522358628907 2.332946654934518 0.02561567104733797 0.003435954573908806 0.014283386939030503 31.959025836920702 9.400045347682491 22.859234261550487 6.020908220079478 NaN NaN NaN NaN 0.0 0.0 0.0 0.0 31.959025836920702 9.400045347682491 22.859234261550487 6.020908220079478 
18.000031681677598 0.0 12.243734870533963 0.0 10.974470428052019 2.278726199999038 0.027268099638825365 0.003753605751462571 0.014694519938168001 32.56806224566768 10.711225071406584 23.891570065965695 6.156555280053745 NaN NaN NaN NaN 0.0 0.0 0.0 0.0 32.56806224566768 10.711225071406584 23.891570065965695 6.156555280053745 
20.000031681677598 0.0 13.038200072065584 0.0 11.504987949292321 2.1363511972238673 0.02987039769222001 0.0045663138298120765 0.013880394015916692 36.796942858896855 12.206628435417947 24.412431572996553 6.179381311089252 NaN NaN NaN NaN 0.0 0.0 0.0 0.0 36.796942858896855 12.206628435417947 24.412431572996553 6.179381311089252 
22.000031681677598 0.0 17.760524565159084 0.0 14.499394264332148 1.4784440114809148 0.0420585949200087 0.006862985786257494 0.016034041043085125 27.42468573024934 14.458618359488511 27.105236976590092 6.388496278733735 NaN NaN NaN NaN 0.0 0.0 0.0 0.0 27.42468573024934 14.458618359488511 27.105236976590092 6.388496278733735 
24.000031681677598 0.0 18.495747118603386 0.0 14.811713066936834 1.346083821900322 0.04387033217386575 0.006862985786257494 0.01764901717551103 30.620118812452215 15.723747213518708 27.223802161509397 6.417599261148068 NaN NaN NaN NaN 0.0 0.0 0.0 0.0 30.620118812452215 15.723747213518708 27.223802161509397 6.417599261148068 
26.000031681677598 0.0 19.132365206407762 0.0 15.13629727900092 1.2538166919865272 0.04555990398127612 0.006862985786257494 0.019349491726312444 30.592956104171495 16.741802417134576 26.05107353788164 6.3476221178977505 NaN NaN NaN NaN 0.0 0.0 0.0 0.0 30.592956104171495 16.741802417134576 26.05107353788164 6.3476221178977505 
28.000031681677598 0.0 19.72784186872891 0.0 15.375317285271272 1.1310251831444447 0.04821253614215353 0.006862985786257494 0.021993401306224576 32.857684065249956 17.942724771837636 24.734772988522124 6.300771530488266 NaN NaN NaN NaN 0.0 0.0 0.0 0.0 32.857684065249956 17.942724771837636 24.734772988522124 6.300771530488266 
30.000031681677598 0.0 20.359120257631687 0.0 15.599038773015172 0.9504448984329017 0.050163228293394854 0.006862985786257494 0.024089419592189132 32.47930179816947 18.904129042565437 24.190705354545276 6.309160223005803 NaN NaN NaN NaN 0.0 0.0 0.0 0.0 32.47930179816947 18.904129042565437 24.190705354545276 6.309160223005803 
32.0000316816776 0.0 23.800529268301506 0.0 16.55588114452934 0.09090183745535105 0.06131619871366484 0.0068629857862574925 0.035073458350797254 23.950962912107183 21.420354848262473 24.33274131022785 6.515803978446395 NaN NaN NaN NaN 0.0 0.0 0.0 0.0 23.950962912107183 21.420354848262473 24.33274131022785 6.515803978446395 
34.0000316816776 0.0 24.336734190253225 0.0 16.45283775295777 0.03356155917667332 0.06380678361374414 0.006862985786257496 0.03786958575244163 26.193236335657573 22.33884762596163 22.603664068002068 6.483421639774249 NaN NaN NaN NaN 0.0 0.0 0.0 0.0 26.193236335657573 22.33884762596163 22.603664068002068 6.483421639774249 
36.0000316816776 0.0 24.823418266980887 0.0 16.38023390578647 0.025915431958757264 0.06439161435958779 0.006862985786257496 0.039170147450028316 24.454954620521672 22.794960561235694 21.633967166785922 6.431246593224602 NaN NaN NaN NaN 0.0 0.0 0.0 0.0 24.454954620521672 22.794960561235694 21.633967166785922 6.431246593224602 
38.0000316816776 0.0 25.29138667210037 0.0 16.340865573914204 0.018232759936750515 0.06523088626758838 0.006862985786257496 0.041522954848883936 22.414816396571087 23.185520002737668 21.412531489396276 6.382750988550225 NaN NaN NaN NaN 0.0 0.0 0.0 0.0 22.414816396571087 23.185520002737668 21.412531489396276 6.382750988550225 
40.0000316816776 0.0 25.717953417908635 0.0 16.346783895389937 0.014693940085579164 0.06606365713185 0.006862985786257494 0.043619471963373596 20.714573271977958 23.56693833838129 20.896194092280652 6.333751813444523 NaN NaN NaN NaN 0.0 0.0 0.0 0.0 20.714573271977958 23.56693833838129 20.896194092280652 6.333751813444523 
42.0000316816776 0.0 28.269858882100944 0.0 16.217371581348424 0.004996878900157282 0.06688440267904508 0.006862985786257494 0.05497403311786055 11.660274422293151 25.67112819527625 19.932767259237064 6.302848894547273 NaN NaN NaN NaN 0.0 0.0 0.0 0.0 11.660274422293151 25.67112819527625 19.932767259237064 6.302848894547273 
44.0000316816776 0.0 28.63773490142306 0.0 16.206707338318257 0.004996878900157279 0.06853869605648674 0.006862985786257494 0.056628326495302195 10.732994090140737 25.99401110165861 19.93397327436651 6.320627529515885 NaN NaN NaN NaN 0.0 0.0 0.0 0.0 10.732994090140737 25.99401110165861 19.93397327436651 6.320627529515885 
46.0000316816776 0.0 28.929588862174814 0.0 16.217605142314778 0.004996878900157279 0.07098704831392927 0.006862985786257494 0.059527273115777816 9.953608834351854 26.294518167481122 21.214488072591234 6.287216106400436 NaN NaN NaN NaN 0.0 0.0 0.0 0.0 9.953608834351854 26.294518167481122 21.214488072591234 6.287216106400436 
48.0000316816776 0.0 29.209101631330334 0.0 16.21341762369808 0.005482205411250503 0.07020354809549 0.006862985786257494 0.06172416633367275 9.47492964012297 26.539339128400606 22.49802037754568 6.284324995744651 NaN NaN NaN NaN 0.0 0.0 0.0 0.0 9.47492964012297 26.539339128400606 22.49802037754568 6.284324995744651 
50.0000316816776 0.0 29.432897185929583 0.0 16.195258610690484 0.005737037605134484 0.07056581175868894 0.006862985786257496 0.06365135624890668 9.219259500992388 26.835538347642537 23.652839936940165 6.292767585793171 NaN NaN NaN NaN 0.0 0.0 0.0 0.0 9.219259500992388 26.835538347642537 23.652839936940165 6.292767585793171 
52.0000316816776 0.0 30.618731042024507 0.0 15.949778275702752 0.006862985786257496 0.07542904353736823 0.006862985786257496 0.07542904353736823 7.98916802360998 28.672591851864745 30.321388486191324 6.5289957656879025 NaN NaN NaN NaN 0.0 0.0 0.0 0.0 7.98916802360998 28.672591851864745 30.321388486191324 6.5289957656879025 
54.0000316816776 0.0 30.9037518149763 0.0 15.980129823043987 0.006862985786257494 0.07793382479020323 0.006862985786257494 0.07793382479020323 7.873280189740985 28.947002171913347 31.53287111476488 6.472195473722854 NaN NaN NaN NaN 0.0 0.0 0.0 0.0 7.873280189740985 28.947002171913347 31.53287111476488 6.472195473722854 
56.0000316816776 0.0 31.166211281599654 0.0 16.046118060292844 0.006862985786257496 0.07940884288112454 0.006862985786257496 0.07940884288112454 7.720815367645208 29.170501982355933 32.40234274868352 6.418160934591067 NaN NaN NaN NaN 0.0 0.0 0.0 0.0 7.720815367645208 29.170501982355933 32.40234274868352 6.418160934591067 
58.0000316816776 0.0 31.385934928588462 0.0 16.079378471815467 0.006862985786257494 0.08178309263624677 0.006862985786257494 0.08178309263624677 7.710612044816615 29.37364540593692 32.147576182271145 6.384978238714727 NaN NaN NaN NaN 0.0 0.0 0.0 0.0 7.710612044816615 29.37364540593692 32.147576182271145 6.384978238714727 
60.0000316816776 0.0 31.5945870108106 0.0 16.08458346025714 0.0068629857862574925 0.08409944728901425 0.0068629857862574925 0.08409944728901425 7.695971063496876 29.54777998969031 31.92780443101603 6.387963512057687 NaN NaN NaN NaN 0.0 0.0 0.0 0.0 7.695971063496876 29.54777998969031 31.92780443101603 6.387963512057687 
62.0000316816776 0.0 34.0189459277626 0.0 16.599145479639915 0.006862985786257496 0.09513500910156673 0.006758170533823465 0.0765136140704736 959.2566142683996 29.779901271038714 814.2033848417235 5.3158611261887625 NaN NaN 88.66016326956878 13.42604960691637 0.0 0.0 0.17732032653913865 0.025834292347126316 959.2566142683996 29.779901271038714 814.2033848417235 5.3158611261887625 
64.0000316816776 0.0 34.35084298207559 0.0 17.22924708328781 0.006862985786257494 0.09661132723441467 0.00680982424940191 0.0871666905497838 894.8331216917237 28.002799541867837 664.054958477776 4.532048872705124 NaN NaN 88.66016326956878 14.92160242936409 0.0 0.0 0.1773203265391386 0.026888639102813902 894.8331216917237 28.002799541867837 664.054958477776 4.532048872705124 
66.0000316816776 0.0 34.91420181666784 0.0 17.947366457986636 0.0068629857862574925 0.09966633197874072 0.006836230196132807 0.09491295495170683 844.9581359498832 26.572458121639492 571.4614833721618 4.409590728161966 NaN NaN 88.66016326956878 15.80078360643917 0.0 0.0 0.1773203265391386 0.026888639102813902 844.9581359498832 26.572458121639492 571.4614833721618 4.409590728161966 
68.0000316816776 0.0 35.51355777411349 0.0 18.7090802106123 0.006862985786257494 0.10193028618958211 0.006843517325882298 0.09847153488312832 795.466294084303 25.15191277369797 495.71828762876606 4.60722691283014 NaN NaN 88.66016326956878 16.51056209350081 0.0 0.0 0.1773203265391386 0.026888639102813902 795.466294084303 25.15191277369797 495.71828762876606 4.60722691283014 
70.0000316816776 0.0 36.21887147094538 0.0 19.57093618768208 0.006862985786257494 0.10401849264734486 0.006847443210440212 0.10125721089329152 751.3929225971413 23.934781843696577 424.06721241861936 4.85189989177942 NaN NaN 88.66016326956878 17.189881549077445 0.0 0.0 0.1773203265391386 0.026888639102813902 751.3929225971413 23.934781843696577 424.06721241861936 4.85189989177942 
72.0000316816776 0.0 40.49947291099602 0.0 24.2374981914787 0.006862985786257494 0.11573884426756205 0.006862985786257494 0.11573884426756205 534.4866259569055 18.124888988298085 59.68016701157927 6.191749450451715 NaN NaN 88.66016326956878 23.053204818772564 0.0 0.0 0.0 0.0 534.4866259569055 18.124888988298085 59.68016701157927 6.191749450451715 
74.0000316816776 0.0 41.23959761833773 0.0 24.673979521668056 0.006862985786257494 0.11772636347988606 0.006862985786257494 0.11772636347988606 516.9456404709335 17.66284621593803 42.96119290453632 6.304379633505059 NaN NaN 88.66016326956878 24.139076550721683 0.0 0.0 0.0 0.0 516.9456404709335 17.66284621593803 42.96119290453632 6.304379633505059 
76.0000316816776 0.0 41.96172733888388 0.0 24.901554509153197 0.006862985786257494 0.11936442079419764 0.006862985786257494 0.11936442079419764 501.4716107461913 17.29141724344939 36.36226675519628 6.291625952868215 NaN NaN 88.66016326956878 25.077008300335574 0.0 0.0 0.0 0.0 501.4716107461913 17.29141724344939 36.36226675519628 6.291625952868215 
78.0000316816776 0.0 42.71568139386978 0.0 24.953862813957063 0.006862985786257494 0.12162733769770354 0.006862985786257494 0.12162733769770354 489.0652102767127 17.13741975834151 33.514407190486345 6.306831343352949 NaN NaN 88.66016326956878 26.011903534221187 0.0 0.0 0.0 0.0 489.0652102767127 17.13741975834151 33.514407190486345 6.306831343352949 
80.0000316816776 0.0 43.46139555206222 0.0 24.951233973193446 0.006862985786257494 0.12395473970085469 0.006862985786257494 0.12395473970085469 479.11202101085973 17.243108342594567 32.18109029911171 6.330984835612017 NaN NaN 88.66016326956878 26.990158436986327 0.0 0.0 0.0 0.0 479.11202101085973 17.243108342594567 32.18109029911171 6.330984835612017 
82.0000316816776 0.0 47.15338336507911 0.0 23.936029003042467 0.006862985786257494 0.13548602486400585 0.006862985786257494 0.13548602486400585 422.5432646830229 18.639481210269476 26.18823240632369 6.329507799098549 NaN NaN 88.66016326956878 33.01356283873844 0.0 0.0 0.0 0.0 422.5432646830229 18.639481210269476 26.18823240632369 6.329507799098549 
84.00001449032274 0.0 47.9524009964566 0.0 23.744301703753877 0.006862985786257494 0.13763615406469143 0.006862985786257494 0.13763615406469143 413.5005134480892 19.169004999590886 24.864062105531083 6.275789126237009 NaN NaN 88.66016326956878 33.8717281421503 0.0 0.0 0.0 0.0 413.5005134480892 19.169004999590886 24.864062105531083 6.275789126237009 
86.0000316816776 0.0 48.46007605698144 0.0 23.382789880541946 0.006862985786257494 0.14006427069152966 0.006862985786257494 0.14006427069152966 403.6944772102977 19.65009297673023 24.97078861906329 6.300048614582337 NaN NaN 88.66016326956878 34.67007423226272 0.0 0.0 0.0 0.0 403.6944772102977 19.65009297673023 24.97078861906329 6.300048614582337 
88.0000316816776 0.0 48.82980336037337 0.0 22.977726244030936 0.006862985786257494 0.14109897161977164 0.006862985786257494 0.14109897161977164 393.6646544665907 20.09572486659337 25.257774725626156 6.2835206677204685 NaN NaN 88.66016326956878 35.0278640476724 0.0 0.0 0.0 0.0 393.6646544665907 20.09572486659337 25.257774725626156 6.2835206677204685 
90.0000316816776 0.0 49.07381690685431 0.0 22.38686048413075 0.006862985786257494 0.14363078531451615 0.006862985786257494 0.14363078531451615 383.1397020316383 20.54359438033099 25.68004316914496 6.280930048363539 NaN NaN 88.66016326956878 35.20764682405006 0.0 0.0 0.0 0.0 383.1397020316383 20.54359438033099 25.68004316914496 6.280930048363539 
92.0000316816776 0.0 51.02907638807002 0.0 18.958098942922593 0.006862985786257494 0.1554003601185863 0.006862985786257494 0.1554003601185863 316.37553104985005 23.486130147802687 26.865408092502076 6.562359706022416 NaN NaN 88.66016326956878 42.49217844458533 0.0 0.0 0.0 0.0 316.37553104985005 23.486130147802687 26.865408092502076 6.562359706022416 
94.0000316816776 0.0 50.65603367461273 0.0 18.492338980284845 0.006862985786257496 0.15730335050576794 0.006862985786257496 0.15730335050576794 303.60850968694075 24.03045061399784 27.48391084995268 6.466920039622751 NaN NaN 88.66016326956878 43.60166578753246 0.0 0.0 0.0 0.0 303.60850968694075 24.03045061399784 27.48391084995268 6.466920039622751 
96.0000316816776 0.0 50.56238238742751 0.0 18.063928634985263 0.006862985786257496 0.15871597049632913 0.006862985786257496 0.15871597049632913 289.68226743606635 24.5964146213153 27.10582314405314 6.388478084666891 NaN NaN 88.66016326956878 43.76608124052906 0.0 0.0 0.0 0.0 289.68226743606635 24.5964146213153 27.10582314405314 6.388478084666891 
98.0000316816776 0.0 50.548430765201424 0.0 17.74614681384764 0.006862985786257494 0.16088439013446582 0.006862985786257494 0.16088439013446582 275.3235739355403 25.11793759317098 27.44851241024841 6.399143892490282 NaN NaN 88.66016326956878 43.76608124052906 0.0 0.0 0.0 0.0 275.3235739355403 25.11793759317098 27.44851241024841 6.399143892490282 
100.0000316816776 0.0 50.47807237574147 0.0 17.62801839631935 0.006862985786257496 0.16326130130681651 0.006862985786257496 0.16326130130681651 261.330029916987 25.6103484670431 28.454638455406617 6.448619711820847 NaN NaN 88.66016326956878 43.76608124052906 0.0 0.0 0.0 0.0 261.330029916987 25.6103484670431 28.454638455406617 6.448619711820847 
102.0000316816776 0.0 48.87663490197912 0.0 17.19572086364286 0.0068629857862574925 0.17565050259971887 0.00695479932872431 0.01567099077956188 179.2082556324233 28.361675799809557 36.71331364997723 6.7950799543635165 NaN NaN NaN NaN 0.0 0.0 0.0 0.0 179.2082556324233 28.361675799809557 36.71331364997723 6.7950799543635165 
104.0000316816776 0.0 48.944302046241894 0.0 17.130717096851622 0.0068629857862574925 0.1770648420484561 0.00695479932872431 0.01708533022829654 167.59606787716777 28.648859441218796 37.85536501928556 6.730674912513189 NaN NaN NaN NaN 0.0 0.0 0.0 0.0 167.59606787716777 28.648859441218796 37.85536501928556 6.730674912513189 
106.0000316816776 0.0 48.499159744042906 0.0 17.130869839458533 0.0068629857862574925 0.17910461476299688 0.00695479932872431 0.019125102942836446 156.65871478644874 28.88614097975766 36.32133183225508 6.596088978325936 NaN NaN NaN NaN 0.0 0.0 0.0 0.0 156.65871478644874 28.88614097975766 36.32133183225508 6.596088978325936 
108.0000316816776 0.0 48.103894970116336 0.0 17.171743442153744 0.0068629857862574925 0.18141335982945203 0.006954799328724308 0.02143384800929252 146.25284382672774 29.15779976704409 34.847192945614196 6.498766062971213 NaN NaN NaN NaN 0.0 0.0 0.0 0.0 146.25284382672774 29.15779976704409 34.847192945614196 6.498766062971213 
110.0000316816776 0.0 47.813863786806955 0.0 17.220160801456423 0.0068629857862574925 0.18363820682630472 0.006954799328724312 0.023658695006145546 136.52047168540403 29.382736473496347 33.75428879966056 6.4519410588818324 NaN NaN NaN NaN 0.0 0.0 0.0 0.0 136.52047168540403 29.382736473496347 33.75428879966056 6.4519410588818324 
112.0000316816776 0.0 45.32809223973862 0.0 17.345276078336994 0.006862985786257494 0.19544375107036116 0.00695479932872431 0.03546423925020242 80.55786127750353 30.97287631480246 28.358182374985056 6.396247251393127 NaN NaN NaN NaN 0.0 0.0 0.0 0.0 80.55786127750353 30.97287631480246 28.358182374985056 6.396247251393127 
114.0000316816776 0.0 44.76022933973089 0.0 17.42861764179037 0.006862985786257494 0.19707749675800265 0.00695479932872431 0.03709798493784384 73.14230892345074 31.102454018624595 27.769964453742915 6.369196367280221 NaN NaN NaN NaN 0.0 0.0 0.0 0.0 73.14230892345074 31.102454018624595 27.769964453742915 6.369196367280221 
116.0000316816776 0.0 43.954437446095376 0.0 17.46381713175095 0.006862985786257494 0.19933672879600126 0.00695479932872431 0.03935721697584214 66.39365208551098 31.255768991668297 27.016971472822107 6.337314214179841 NaN NaN NaN NaN 0.0 0.0 0.0 0.0 66.39365208551098 31.255768991668297 27.016971472822107 6.337314214179841 
118.0000316816776 0.0 42.971418785938155 0.0 17.439387938636145 0.006862985786257494 0.20163350638878547 0.006954799328724312 0.04165399456862856 59.876612066324974 31.403514750875686 26.80749568749476 6.325015184706118 NaN NaN NaN NaN 0.0 0.0 0.0 0.0 59.876612066324974 31.403514750875686 26.80749568749476 6.325015184706118 
120.0000316816776 0.0 42.1106851811228 0.0 17.361277070857895 0.006862985786257494 0.20377393945343694 0.00695479932872431 0.0437944276332786 54.04315881580246 31.5263492112539 26.438640758201604 6.367991161573353 NaN NaN NaN NaN 0.0 0.0 0.0 0.0 54.04315881580246 31.5263492112539 26.438640758201604 6.367991161573353 
122.00001529184601 0.0 37.609296729261565 0.0 17.03425596832394 0.006862985786257496 0.21555099536141428 0.006954799328724312 0.0555714835412549 23.48973053327401 32.11149439585115 27.885549065278035 6.69205980091694 NaN NaN NaN NaN 0.0 0.0 0.0 0.0 23.48973053327401 32.11149439585115 27.885549065278035 6.69205980091694 
124.0000316816776 0.0 37.08802468097344 0.0 16.859181779318046 0.006862985786257494 0.21719584953209922 0.00695479932872431 0.05721633771193764 20.15312268059654 32.039380461389975 28.844845920931494 6.6701528894644335 NaN NaN NaN NaN 0.0 0.0 0.0 0.0 20.15312268059654 32.039380461389975 28.844845920931494 6.6701528894644335 
126.0000316816776 0.0 36.46522123430102 0.0 16.78070070068961 0.006862985786257494 0.21979452041652303 0.00695479932872431 0.059815008596366716 17.68385315661664 32.00919448898097 29.948201864260117 6.6368394300472975 NaN NaN NaN NaN 0.0 0.0 0.0 0.0 17.68385315661664 32.00919448898097 29.948201864260117 6.6368394300472975 
128.0000316816776 0.0 35.8184561145069 0.0 16.686225277903496 0.0068870712448829835 0.17992523721824868 0.006954799328724308 0.06191317169587497 15.792398910799792 31.997043450742442 30.18977017446947 6.582129034570585 NaN NaN NaN NaN 0.0 0.0 0.0 0.0 15.792398910799792 31.997043450742442 30.18977017446947 6.582129034570585 
130.0000316816776 0.0 35.30161013127216 0.0 16.558829038644237 0.006897849238983549 0.16267796885308058 0.00695479932872431 0.06344590231857479 14.350993525736902 32.023654283876475 30.301418793081055 6.523785634842278 NaN NaN NaN NaN 0.0 0.0 0.0 0.0 14.350993525736902 32.023654283876475 30.301418793081055 6.523785634842278 
132.0000316816776 0.0 33.096490244611765 0.0 15.80813551061019 0.006954799328724312 0.07515430358950492 0.006954799328724312 0.07515430358950492 8.552293368203063 32.073220695658975 25.955777104216885 6.218828089362174 NaN NaN NaN NaN 0.0 0.0 0.0 0.0 8.552293368203063 32.073220695658975 25.955777104216885 6.218828089362174 
134.00002972866747 0.0 33.160014292815426 0.0 15.691159787836433 0.006954799328724312 0.07665577595915296 0.006954799328724312 0.07665577595915296 8.510351600533875 31.948122084944565 25.954305780446546 6.268650950027919 NaN NaN NaN NaN 0.0 0.0 0.0 0.0 8.510351600533875 31.948122084944565 25.954305780446546 6.268650950027919 
136.0000316816776 0.0 33.21241085509625 0.0 15.67597783453894 0.006954799328724312 0.07905164445013786 0.006954799328724312 0.07905164445013786 8.579358283655356 31.937525683870874 26.323249836781983 6.345210965427977 NaN NaN NaN NaN 0.0 0.0 0.0 0.0 8.579358283655356 31.937525683870874 26.323249836781983 6.345210965427977 
138.0000316816776 0.0 33.25976639243109 0.0 15.694323378053298 0.006954799328724312 0.08165381664871418 0.006954799328724312 0.08165381664871418 8.562020837858592 31.914264380464683 26.098331426490013 6.379333478558109 NaN NaN NaN NaN 0.0 0.0 0.0 0.0 8.562020837858592 31.914264380464683 26.098331426490013 6.379333478558109 
140.0000316816776 0.0 33.25849486442741 0.0 15.69024785867342 0.00695479932872431 0.08329664297862681 0.00695479932872431 0.08329664297862681 8.562045186238063 31.811016209904153 25.90758481688941 6.392879076642986 NaN NaN NaN NaN 0.0 0.0 0.0 0.0 8.562045186238063 31.811016209904153 25.90758481688941 6.392879076642986 
142.0000316816776 0.0 33.131597767627916 0.0 15.63166117426311 0.00695479932872431 0.09489241842313062 0.00695479932872431 0.09489241842313062 8.27437678723612 31.413399802852744 26.306083886398376 6.278012117917143 NaN NaN NaN NaN 0.0 0.0 0.0 0.0 8.27437678723612 31.413399802852744 26.306083886398376 6.278012117917143 
144.0000316816776 0.0 33.06945378308401 0.0 15.610208268567808 0.00695479932872431 0.09672420590724107 0.00695479932872431 0.09672420590724107 8.467072449560868 31.209115778470306 26.90349385246329 6.343280442670173 NaN NaN NaN NaN 0.0 0.0 0.0 0.0 8.467072449560868 31.209115778470306 26.90349385246329 6.343280442670173 
146.0000316816776 0.0 33.042454931614266 0.0 15.586335947015522 0.006954799328724312 0.09907840229446933 0.006954799328724312 0.09907840229446933 8.509493235864326 31.130742422948092 27.51282270461939 6.339056017120278 NaN NaN NaN NaN 0.0 0.0 0.0 0.0 8.509493235864326 31.130742422948092 27.51282270461939 6.339056017120278 
148.0000316816776 0.0 33.05114344911347 0.0 15.623506163721107 0.006954799328724314 0.10121529345373965 0.006954799328724314 0.10121529345373965 8.44726043602319 31.067317447243504 28.139761911267886 6.352375680998691 NaN NaN NaN NaN 0.0 0.0 0.0 0.0 8.44726043602319 31.067317447243504 28.139761911267886 6.352375680998691 
150.0000316816776 0.0 33.05149706276105 0.0 15.659853508572533 0.006954799328724312 0.10329291568777911 0.006954799328724312 0.10329291568777911 8.422087015467778 31.012178326694066 28.875930501482735 6.381861648705781 NaN NaN NaN NaN 0.0 0.0 0.0 0.0 8.422087015467778 31.012178326694066 28.875930501482735 6.381861648705781 
152.0000316816776 0.0 33.16306750545817 0.0 15.746687045786878 0.006954799328724308 0.11527347324497143 0.006954799328724308 0.11527347324497143 8.483262579443542 30.860417295072775 34.78262528815489 6.601021468949087 NaN NaN NaN NaN 0.0 0.0 0.0 0.0 8.483262579443542 30.860417295072775 34.78262528815489 6.601021468949087 
154.0000316816776 0.0 33.2304484597352 0.0 15.723460910030225 0.00695479932872431 0.11744456603082921 0.00695479932872431 0.11744456603082921 8.40394692817303 30.75362994702408 33.03309021665023 6.45603765088063 NaN NaN NaN NaN 0.0 0.0 0.0 0.0 8.40394692817303 30.75362994702408 33.03309021665023 6.45603765088063 
156.0000316816776 0.0 33.289735620825226 0.0 15.76966402853042 0.006954799328724308 0.11945382204630993 0.006954799328724308 0.11945382204630993 8.336677595986776 30.70812680515526 31.427210602424896 6.386771138008321 NaN NaN NaN NaN 0.0 0.0 0.0 0.0 8.336677595986776 30.70812680515526 31.427210602424896 6.386771138008321 
158.0000316816776 0.0 33.248362855115204 0.0 15.83461893080128 0.006954799328724307 0.1215401268569096 0.006954799328724307 0.1215401268569096 8.394985177802502 30.630286762962793 30.933250440422267 6.3700620964356345 NaN NaN NaN NaN 0.0 0.0 0.0 0.0 8.394985177802502 30.630286762962793 30.933250440422267 6.3700620964356345 
160.0000316816776 0.0 33.18935801974232 0.0 15.920231789835695 0.006954799328724308 0.12310677784955594 0.006954799328724308 0.12310677784955594 8.407138883913165 30.58127311618773 30.318673944062105 6.345570108259885 NaN NaN NaN NaN 0.0 0.0 0.0 0.0 8.407138883913165 30.58127311618773 30.318673944062105 6.345570108259885 
162.0000316816776 0.0 32.71841159575091 0.0 16.574835662932202 0.00695479932872431 0.13531228519930874 0.00695479932872431 0.13531228519930874 8.562421990875379 30.630582541563296 29.261903170190532 6.501721256824637 NaN NaN NaN NaN 0.0 0.0 0.0 0.0 8.562421990875379 30.630582541563296 29.261903170190532 6.501721256824637 
164.0000316816776 0.0 32.71361950208877 0.0 16.52681776774037 0.00695479932872431 0.13753352154674317 0.00695479932872431 0.13753352154674317 8.38294029515991 30.672834294919305 30.744972952388864 6.526672243125774 NaN NaN NaN NaN 0.0 0.0 0.0 0.0 8.38294029515991 30.672834294919305 30.744972952388864 6.526672243125774 
166.0000316816776 0.0 32.744926710100316 0.0 16.656836973966612 0.00695479932872431 0.13902911440277166 0.00695479932872431 0.13902911440277166 8.476794124130585 30.68082576279941 31.413833895507032 6.5501864877154725 NaN NaN NaN NaN 0.0 0.0 0.0 0.0 8.476794124130585 30.68082576279941 31.413833895507032 6.5501864877154725 
168.0000316816776 0.0 32.763032560317185 0.0 16.815054734767667 0.006954799328724308 0.1416938699680279 0.006954799328724308 0.1416938699680279 8.439819442014308 30.676689654894222 32.26926647681432 6.568489234277469 NaN NaN NaN NaN 0.0 0.0 0.0 0.0 8.439819442014308 30.676689654894222 32.26926647681432 6.568489234277469 
170.0000316816776 0.0 32.83216464819411 0.0 16.948397882619997 0.00695479932872431 0.14345546720370314 0.00695479932872431 0.14345546720370314 8.403806525309424 30.68028957210072 32.83702790029074 6.586756693661449 NaN NaN NaN NaN 0.0 0.0 0.0 0.0 8.403806525309424 30.68028957210072 32.83702790029074 6.586756693661449 
172.00001259840317 0.0 33.18370231938932 0.0 17.48627711353123 0.00695479932872431 0.15501843123880832 0.00695479932872431 0.15501843123880832 8.713777532000954 30.884083521737306 37.16907084658987 6.742782249059668 NaN NaN NaN NaN 0.0 0.0 0.0 0.0 8.713777532000954 30.884083521737306 37.16907084658987 6.742782249059668 
174.00000735779648 0.0 33.458407600309265 0.0 17.500243771227563 0.00695479932872431 0.15744049464584897 0.00695479932872431 0.15744049464584897 8.821486569655354 30.912062573765365 38.758333294066794 6.7491371687433155 NaN NaN NaN NaN 0.0 0.0 0.0 0.0 8.821486569655354 30.912062573765365 38.758333294066794 6.7491371687433155 
176.0000316816776 0.0 33.4923329379706 0.0 17.55059185628181 0.00695479932872431 0.159409865565327 0.00695479932872431 0.159409865565327 9.003047705872275 30.995519819146917 38.64303791609343 6.6963368306756115 NaN NaN NaN NaN 0.0 0.0 0.0 0.0 9.003047705872275 30.995519819146917 38.64303791609343 6.6963368306756115 
178.0000316816776 0.0 33.53569514906891 0.0 17.53766054984464 0.006954799328724308 0.16145844934006479 0.006954799328724308 0.16145844934006479 8.963574095611651 30.97481917035918 37.28822906532843 6.613274545920562 NaN NaN NaN NaN 0.0 0.0 0.0 0.0 8.963574095611651 30.97481917035918 37.28822906532843 6.613274545920562 
180.0000316816776 0.0 33.53402581162162 0.0 17.486532284474837 0.00695479932872431 0.16357215892907032 0.00695479932872431 0.16357215892907032 8.910492162096057 31.004549711878077 36.50960433493705 6.542672681803332 NaN NaN NaN NaN 0.0 0.0 0.0 0.0 8.910492162096057 31.004549711878077 36.50960433493705 6.542672681803332 
182.0000316816776 0.0 35.1944639289604 0.0 16.959008396237664 0.00695479932872431 0.17499633217510194 0.005523271084794956 0.06701275741414796 932.9761506226857 29.886812371793145 752.8394047509458 5.137945879887124 33.43767569491001 121.62272956583179 93.75426159885498 21.332033745638284 0.06687535138981934 0.2418402755167024 0.20289643341890948 0.06573229500177534 932.9761506226857 29.886812371793145 752.8394047509458 5.137945879887124 
184.0000316816776 0.0 36.186001616942725 0.0 17.59465570575098 0.00695479932872431 0.1769406639130248 0.006083536159535346 0.11121921415081946 883.2680081507077 28.355573351863736 621.8547421892239 4.489253777663147 33.43767569491001 122.98350014868696 96.19547355456594 25.304329010138943 0.06687535138981934 0.24378460725463047 0.23938267883139938 0.09316631716663144 883.2680081507077 28.355573351863736 621.8547421892239 4.489253777663147 
186.0000316816776 0.0 36.71603392860638 0.0 18.13112693399806 0.00695479932872431 0.1780720928882166 0.006241171837544853 0.12424147664153364 827.5390087925852 26.608343521032833 536.9288695730045 4.416540403076534 33.43767569491001 124.48631036367735 98.96803681585497 28.904620370952898 0.06687535138981934 0.24491603622981414 0.2496484160563807 0.10146950253688798 827.5390087925852 26.608343521032833 536.9288695730045 4.416540403076534 
188.0000316816776 0.0 37.42023747924849 0.0 19.010316408255985 0.00695479932872431 0.18114915002902077 0.0066395979497650345 0.08718381721109793 779.4133701389899 25.149143481121463 461.4814639826772 4.651092784392395 33.43767569491001 125.89346948114114 102.41265608300506 32.70047061920274 0.06687535138981934 0.24799309337061934 0.26498564721845747 0.11526131725024795 779.4133701389899 25.149143481121463 461.4814639826772 4.651092784392395 
190.0000316816776 0.0 38.247831851092734 0.0 19.617874295757524 0.006954799328724308 0.18226550049331777 0.006726692696506236 0.07952683965273362 737.8663754287671 23.918371501225895 395.18848797897084 4.905761449771751 33.43767569491001 127.228592083752 105.47336084978681 36.441523024661315 0.06687535138981934 0.24910944383491526 0.26833831970352306 0.11871988141127036 737.8663754287671 23.918371501225895 395.18848797897084 4.905761449771751 
192.0000316816776 0.0 43.44839569628731 0.0 23.94229978129045 0.00695479932872431 0.1949842101832752 0.007448451894843368 0.019540473120346773 524.4898959430154 17.948680972035316 58.577683830343815 6.072153934672384 33.43767569491001 131.08913437616667 122.44673915034674 54.59178209096768 0.06687535138981934 0.26182815352487954 0.29612211029537283 0.1508486513326013 524.4898959430154 17.948680972035316 58.577683830343815 6.072153934672384 
194.0000316816776 0.0 43.88468775783273 0.0 24.451235856764875 0.00695479932872431 0.19737039066452106 0.007448451894843366 0.021926653601590133 508.84584494444755 17.811119499247482 42.925950026312044 6.121615451460992 33.43767569491001 132.27124272890245 123.51892784429909 56.50895962245723 0.06687535138981934 0.2642143340061194 0.29612211029537283 0.15323483181384415 508.84584494444755 17.811119499247482 42.925950026312044 6.121615451460992 
196.0000316816776 0.0 44.34269867983076 0.0 24.333726675297626 0.006954799328724307 0.198926532652878 0.007448451894843366 0.023482795589947935 489.38596143131264 17.306366642688822 37.6576842675801 6.135960337187889 33.43767569491001 133.6282250526333 122.67698943977669 57.037135215481676 0.06687535138981934 0.26577047599448206 0.29612211029537283 0.1547909738022035 489.38596143131264 17.306366642688822 37.6576842675801 6.135960337187889 
198.0000316816776 0.0 44.88135916094129 0.0 24.248772766263173 0.006954799328724307 0.20113299286865505 0.007448451894843366 0.02568925580572382 474.7410992101596 17.234275319287917 34.77980260934397 6.173420977387824 33.43767569491001 134.83025609260204 122.33121356973554 57.979554985158515 0.06687535138981937 0.2679769362102529 0.29612211029537283 0.1569974340179781 474.7410992101596 17.234275319287917 34.77980260934397 6.173420977387824 
200.0000316816776 0.0 45.42185723573558 0.0 23.83701077124363 0.00695479932872431 0.20333750518455218 0.007448451894843364 0.027893768121621143 462.84106937207054 17.368321043528525 33.32775552927002 6.194162638233692 33.43767569491001 136.04876735082806 122.87578740028697 59.673320343287976 0.06687535138981937 0.2701814485261496 0.2961221102953727 0.15920194633387488 462.84106937207054 17.368321043528525 33.32775552927002 6.194162638233692 
202.0000316816776 0.0 48.38021542811888 0.0 22.4464847131617 0.006954799328724312 0.21572247999994687 0.007448451894843366 0.04027874293701889 399.463164810821 18.764198698611725 27.82971224674029 6.347908608988124 33.43767569491001 141.07500014554043 133.91677818593075 73.8526435465212 0.06687535138981934 0.28256642334154997 0.2961221102953727 0.1715869211492747 399.463164810821 18.764198698611725 27.82971224674029 6.347908608988124 
204.0000316816776 0.0 49.06030427421651 0.0 22.420354685475235 0.00695479932872431 0.217398726080243 0.007448451894843364 0.041954989017315106 391.15038367379793 19.23202950041264 28.436335690336957 6.270874293140289 33.43767569491001 142.21754236956104 134.46354702024783 75.34179518115644 0.06687535138981937 0.28424266942184906 0.29612211029537283 0.17326316722957205 391.15038367379793 19.23202950041264 28.436335690336957 6.270874293140289 
206.0000316816776 0.0 49.49228135361919 0.0 21.965899189847665 0.00695479932872431 0.21942409049781278 0.007448451894843364 0.0439803534348816 382.11117677717317 19.697297879709957 27.883076785963137 6.235023389481351 33.43767569491001 143.34275432283414 136.04132852985398 77.71940386061493 0.06687535138981934 0.2862680338394113 0.29612211029537283 0.17528853164713531 382.11117677717317 19.697297879709957 27.883076785963137 6.235023389481351 
208.0000316816776 0.0 49.73596684199946 0.0 21.44887663166714 0.00695479932872431 0.22204038078810856 0.007448451894843364 0.046596643725177224 372.87694649727064 20.149560917204525 27.50514327105234 6.2415735249668804 33.43767569491001 144.57216061050374 137.52147039542388 79.99980676851051 0.06687535138981934 0.2862680338394113 0.29612211029537283 0.17790482193743332 372.87694649727064 20.149560917204525 27.50514327105234 6.2415735249668804 
210.0000316816776 0.0 49.84831985728119 0.0 20.867981365829895 0.00695479932872431 0.22373770975425428 0.007448451894843366 0.04829397269132644 362.8619236466731 20.597178104907382 27.732084074778836 6.271668652913256 33.43767569491001 145.59497340936701 138.67573417210176 81.96295432087675 0.06687535138981934 0.2862680338394113 0.29612211029537283 0.17960215090358234 362.8619236466731 20.597178104907382 27.732084074778836 6.271668652913256 
212.0000316816776 0.0 50.563161244786556 0.0 17.457381119239788 0.006954799328724308 0.235008011884351 0.007448451894843366 0.059564274821419835 300.3862905589152 23.53379615739155 32.04796207576693 6.3837586804754 33.43767569491001 151.05916843096736 145.82844403602198 93.73002082289814 0.0 0.0 0.29612211029537294 0.1908724530336737 300.3862905589152 23.53379615739155 32.04796207576693 6.3837586804754 
214.0000316816776 0.0 50.57923249830417 0.0 16.739120999809384 0.00695479932872431 0.23708298254624008 0.007448451894843368 0.06163924548331112 288.30890166130973 24.04418531705051 32.41857737117629 6.454411899091208 33.43767569491001 151.99508088367674 146.8646213465073 95.59522906446578 0.0 0.0 0.29612211029537283 0.19294742369556492 288.30890166130973 24.04418531705051 32.41857737117629 6.454411899091208 
216.0000316816776 0.0 50.01151086067319 0.0 16.216871237868045 0.0071376734929851126 0.17445394011491008 0.007448451894843366 0.06400353843037589 275.5198835920798 24.593142460941017 33.802788763099976 6.4817577813545 33.43767569491001 152.89261027648945 147.2555547371507 96.93912193304723 0.0 0.0 0.29612211029537283 0.19531171664262958 275.5198835920798 24.593142460941017 33.802788763099976 6.4817577813545 
218.0000316816776 0.0 49.86323684410474 0.0 16.076034842690117 0.00720387767934504 0.15265640118105453 0.007448451894843366 0.0657349157047771 262.48021670198636 25.08273573643398 35.28239632274548 6.468872423704898 33.43767569491001 153.70672633239678 147.4548754291887 98.08764680094616 0.0 0.0 0.29612211029537283 0.19704309391703329 262.48021670198636 25.08273573643398 35.28239632274548 6.468872423704898 
220.0000316816776 0.0 49.447543953336435 0.0 16.03746611516186 0.0072549943148454326 0.13660372585947253 0.007448451894843366 0.06784905278073561 249.5536287046045 25.523675556154892 36.707071496177974 6.467218414289179 33.43767569491001 154.68080736271793 147.5704059128803 99.16474326119693 0.0 0.0 0.29612211029537283 0.1991572309929894 249.5536287046045 25.523675556154892 36.707071496177974 6.467218414289179 
222.0000316816776 0.0 47.38010695550147 0.0 15.61373206283228 0.007448451894843364 0.07981792473289188 0.007448451894843364 0.07981792473289188 172.76187600306517 28.184649440488364 40.52155244027235 6.278354730163828 33.43767569491001 161.07510476900705 148.0610551476866 105.57441186581742 0.0 0.0 0.29612211029537283 0.21112610294515013 172.76187600306517 28.184649440488364 40.52155244027235 6.278354730163828 
224.0000316816776 0.0 47.83786819369673 0.0 15.612143985866837 0.007448451894843363 0.08197216568182691 0.007448451894843363 0.08197216568182691 161.13121654443682 28.434852047167826 37.0541435281186 6.1327284008592065 33.43767569491001 162.0341544243665 148.0610551476866 106.5742113991309 0.0 0.0 0.29612211029537283 0.21328034389408063 161.13121654443682 28.434852047167826 37.0541435281186 6.1327284008592065 
226.0000316816776 0.0 47.747679221758744 0.0 15.572395137319464 0.007448451894843363 0.08366432187283447 0.007448451894843363 0.08366432187283447 150.2888002571626 28.664614874575914 33.71105389951459 6.0118028614616295 33.43767569491001 162.92477845704798 148.0610551476866 107.56531505780386 0.0 0.0 0.2961221102953727 0.2149725000850869 150.2888002571626 28.664614874575914 33.71105389951459 6.0118028614616295 
228.0000316816776 0.0 47.73115082210318 0.0 15.619778639529336 0.007448451894843363 0.08559899662228229 0.007448451894843363 0.08559899662228229 139.8266670654374 28.923842097208297 31.237957440567317 5.993974148977615 33.43767569491001 163.79332835540475 148.0610551476866 108.56269973508215 0.0 0.0 0.29612211029537283 0.21690717483453892 139.8266670654374 28.923842097208297 31.237957440567317 5.993974148977615 
230.0000316816776 0.0 47.43076609475862 0.0 15.664156137212055 0.007448451894843361 0.08795956012202047 0.007448451894843361 0.08795956012202047 130.06998727304176 29.155826114097525 29.69322390597338 6.053392291763812 33.43767569491001 164.8428437028829 148.0610551476866 109.58883973097109 0.0 0.0 0.29612211029537283 0.2192677383342758 130.06998727304176 29.155826114097525 29.69322390597338 6.053392291763812 
232.0000316816776 0.0 44.777701070376445 0.0 15.549534441284768 0.007448451894843366 0.09930875193732344 0.007448451894843366 0.09930875193732344 75.60032817512831 30.470433080826847 24.175258471387746 6.392880197143125 33.43767569491001 171.0877547284127 148.0610551476866 115.59208587859068 0.0 0.0 0.29612211029537283 0.23061693014957704 75.60032817512831 30.470433080826847 24.175258471387746 6.392880197143125 
234.0000316816776 0.0 43.92939350938956 0.0 15.505365461695476 0.007448451894843366 0.10189908275109276 0.007448451894843366 0.10189908275109276 68.5884987562009 30.483190049128364 24.193296007947083 6.324719546997804 33.43767569491001 172.11648093229132 148.0610551476866 116.59602169179068 0.0 0.0 0.29612211029537283 0.23320726096334712 68.5884987562009 30.483190049128364 24.193296007947083 6.324719546997804 
236.0000316816776 0.0 43.20945959699561 0.0 15.49126227104057 0.007448451894843364 0.10440189548937749 0.007448451894843364 0.10440189548937749 61.65945597679078 30.584322052028302 23.672617410517248 6.327558667019904 33.43767569491001 173.1423428345624 148.0610551476866 117.61213921343301 0.0 0.0 0.29612211029537283 0.23571007370163186 61.65945597679078 30.584322052028302 23.672617410517248 6.327558667019904 
238.0000316816776 0.0 42.42523413479059 0.0 15.496622025440224 0.007448451894843364 0.10595754094128419 0.007448451894843364 0.10595754094128419 55.408226763598286 30.709294816797232 23.50587254188266 6.328337333850983 33.43767569491001 174.2325044034837 148.0610551476866 118.59734636233982 0.0 0.0 0.29612211029537283 0.23726571915353786 55.408226763598286 30.709294816797232 23.50587254188266 6.328337333850983 
240.0000316816776 0.0 41.747026920790226 0.0 15.501482915220834 0.007448451894843366 0.10804495875003832 0.007448451894843366 0.10804495875003832 50.010789931286915 30.750410593720996 23.503771126818382 6.324962940006295 33.43767569491001 175.22811757783384 148.0610551476866 119.60333379114955 0.0 0.0 0.29612211029537283 0.23935313696229588 50.010789931286915 30.750410593720996 23.503771126818382 6.324962940006295 
242.0000316816776 0.0 36.415332075342654 0.0 15.645745677145213 0.007448451894843368 0.12022801501887875 0.007448451894843368 0.12022801501887875 21.07860472360838 31.148995615830817 24.798174087414594 6.3530038512254094 33.43767569491001 181.11337934804672 148.0610551476866 125.59426600266431 0.0 0.0 0.29612211029537283 0.2515361932311364 21.07860472360838 31.148995615830817 24.798174087414594 6.3530038512254094 
244.0000316816776 0.0 35.272516237717205 0.0 15.675069362787582 0.007448451894843366 0.12141157532751147 0.007448451894843366 0.12141157532751147 18.148137169878968 31.135014677476697 25.000260884004213 6.377629465501414 33.43767569491001 182.08187201484503 148.0610551476866 126.5908616363053 0.0 0.0 0.29612211029537283 0.2527197535397692 18.148137169878968 31.135014677476697 25.000260884004213 6.377629465501414 
246.0000316816776 0.0 35.047292115033464 0.0 15.645659642964068 0.007448451894843366 0.12403955823592411 0.007448451894843366 0.12403955823592411 15.853797642888509 31.00716772383777 25.670220123438423 6.368921611508586 33.43767569491001 183.11779049331264 148.0610551476866 127.58775302293034 0.0 0.0 0.29612211029537283 0.2553477364481819 15.853797642888509 31.00716772383777 25.670220123438423 6.368921611508586 
248.0000316816776 0.0 34.66573834527338 0.0 15.667729516850583 0.007448451894843364 0.12541556681247376 0.007448451894843364 0.12541556681247376 14.126452446544167 30.900933347637515 25.946186969174462 6.311195539240916 33.43767569491001 184.0455750256753 148.0610551476866 128.58000799610176 0.0 0.0 0.29612211029537283 0.2567237450247273 14.126452446544167 30.900933347637515 25.946186969174462 6.311195539240916 
250.0000316816776 0.0 34.49594095784064 0.0 15.688054496575063 0.007448451894843363 0.12795348272126295 0.007448451894843363 0.12795348272126295 12.976658315154515 30.817772590666433 25.967952476962736 6.284257137646143 33.43767569491001 184.98763493224098 148.0610551476866 129.57683130220346 0.0 0.0 0.29612211029537283 0.25926166093352065 12.976658315154515 30.817772590666433 25.967952476962736 6.284257137646143 
252.0000316816776 0.0 32.76247953311406 0.0 15.936716368441322 0.007448451894843368 0.1390472632159668 0.007448451894843368 0.1390472632159668 7.668083642006139 30.045032488907363 24.137647397917455 6.147419457564922 33.43767569491001 191.02709166290688 148.0610551476866 135.5747761911261 0.0 0.0 0.29612211029537283 0.2703554414282247 7.668083642006139 30.045032488907363 24.137647397917455 6.147419457564922 
254.0000316816776 0.0 32.50583247513036 0.0 15.988361074967841 0.007448451894843368 0.14222452874708055 0.007448451894843368 0.14222452874708055 7.648207363715119 29.969650399303287 24.779980955731016 6.244404938070692 33.43767569491001 192.0147816045045 148.0610551476866 136.59397055421158 0.0 0.0 0.29612211029537283 0.2735327069593366 7.648207363715119 29.969650399303287 24.779980955731016 6.244404938070692 
256.00003168167757 0.0 32.28433573620463 0.0 16.060512054443166 0.007448451894843368 0.14351049688971798 0.007448451894843368 0.14351049688971798 7.545750076037901 29.926505796428707 25.00133476865077 6.267391235112698 33.43767569491001 192.72259024304174 148.0610551476866 137.56896723873436 0.0 0.0 0.29612211029537294 0.2748186751019742 7.545750076037901 29.926505796428707 25.00133476865077 6.267391235112698 
258.00003168167757 0.0 32.2073285183916 0.0 16.107606459760937 0.007448451894843368 0.14590764297660624 0.007448451894843368 0.14590764297660624 7.470221174222506 29.915145378014085 25.064259865293675 6.270111500020706 33.43767569491001 193.4628922924477 148.0610551476866 138.5742471868655 0.0 0.0 0.29612211029537283 0.2772158211888642 7.470221174222506 29.915145378014085 25.064259865293675 6.270111500020706 
260.00003168167757 0.0 32.16439270252117 0.0 16.083528048888027 0.007448451894843366 0.14796920837338523 0.007448451894843366 0.14796920837338523 7.412215546183585 29.892895015621278 24.78677046462303 6.254162961574177 33.43767569491001 194.0383742407352 148.0610551476866 139.57209051233482 0.0 0.0 0.29612211029537283 0.2792773865856412 7.412215546183585 29.892895015621278 24.78677046462303 6.254162961574177 
262.00003168167757 0.0 32.07573664674067 0.0 15.898218385426796 0.007448451894843364 0.15977434320045036 0.007448451894843364 0.15977434320045036 7.020164901421787 29.717567597456615 23.201307954343346 6.238128342933743 33.43767569491001 200.99806725181014 148.0610551476866 145.57608208758128 0.0 0.0 0.29612211029537283 0.29108252141270846 7.020164901421787 29.717567597456615 23.201307954343346 6.238128342933743 
264.00002123706844 0.0 32.127251584345814 0.0 15.91831598851884 0.007448451894843366 0.162200073003594 0.007448451894843366 0.162200073003594 7.07200116452465 29.754310742713912 23.887766361668557 6.26387141331161 33.43767569491001 201.85190029990497 148.0610551476866 146.58061791574698 0.0 0.0 0.29612211029537283 0.293508251215844 7.07200116452465 29.754310742713912 23.887766361668557 6.26387141331161 
266.00003168167757 0.0 32.16322701193973 0.0 15.897223425423206 0.007448451894843366 0.16401083138973738 0.007448451894843366 0.16401083138973738 7.253488157886266 29.681455761893172 24.744655295294287 6.230043466436493 33.43767569491001 202.51521068707333 148.0610551476866 147.59408120271559 0.0 0.0 0.29612211029537283 0.29531900960199226 7.253488157886266 29.681455761893172 24.744655295294287 6.230043466436493 
268.00003168167757 0.0 32.258443571240115 0.0 15.94578315960903 0.007448451894843366 0.16610986611503362 0.007448451894843366 0.16610986611503362 7.305662838711423 29.56051128857824 25.602659132378648 6.245122939916931 33.43767569491001 202.90990941427657 148.0610551476866 148.58330611504863 0.0 0.0 0.29612211029537283 0.29741804432729174 7.305662838711423 29.56051128857824 25.602659132378648 6.245122939916931 
270.00000435517336 0.0 32.3799747643975 0.0 16.003756894018515 0.007448451894843364 0.16818753208623233 0.007448451894843364 0.16818753208623233 7.29234139039874 29.563355777851886 25.925458974172475 6.240548187149213 33.43767569491001 203.1114172429493 148.0610551476866 149.5967709361535 0.0 0.0 0.29612211029537283 0.29949571029848804 7.29234139039874 29.563355777851886 25.925458974172475 6.240548187149213 
272.00003168167757 0.0 32.66176766686922 0.0 16.258247431642243 0.007448451894843366 0.1803774571771843 0.007448451894843366 0.1803774571771843 6.870314018696313 29.811424298980764 26.836370933957916 6.2121640655409545 33.43767569491001 211.02359915156555 148.0610551476866 155.58491724422092 0.0 0.0 0.29612211029537283 0.311685635389443 6.870314018696313 29.811424298980764 26.836370933957916 6.2121640655409545 
274.00003168167757 0.0 32.6535488134051 0.0 16.05993210865145 0.007448451894843366 0.18212570969921105 0.007448451894843366 0.18212570969921105 6.899468069007854 29.73850896236743 26.513211601374454 6.028836068298398 33.43767569491001 211.16300138564822 148.0610551476866 156.58290141673697 0.0 0.0 0.29612211029537283 0.31343388791146576 6.899468069007854 29.73850896236743 26.513211601374454 6.028836068298398 
276.00003168167757 0.0 32.54172112959134 0.0 15.92779032950785 0.007448451894843368 0.1841399771673177 0.007448451894843368 0.1841399771673177 6.873988303428302 29.843942759828558 25.858560404911547 5.94747944829041 33.43767569491001 211.16300138564822 148.0610551476866 157.5906473714835 0.0 0.0 0.29612211029537283 0.31544815537957377 6.873988303428302 29.843942759828558 25.858560404911547 5.94747944829041 
278.00003168167757 0.0 32.454051364987556 0.0 15.835318255792664 0.007448451894843368 0.18633733343503767 0.007448451894843368 0.18633733343503767 6.805461451330858 29.96141086029311 24.62620958958799 5.918013165391068 33.43767569491001 211.16300138564822 148.0610551476866 158.5862710516862 0.0 0.0 0.2961221102953727 0.31764551164729266 6.805461451330858 29.96141086029311 24.62620958958799 5.918013165391068 
280.00003168167757 0.0 32.33318902200396 0.0 15.821916519797023 0.007448451894843368 0.18825831500193183 0.007448451894843368 0.18825831500193183 6.710544983199858 30.09600225330167 23.461202871721845 5.958731280952865 33.43767569491001 211.16300138564822 148.0610551476866 159.6027792681927 0.0 0.0 0.2961221102953726 0.31956649321418934 6.710544983199858 30.09600225330167 23.461202871721845 5.958731280952865 
282.00003168167757 0.0 32.08035252546757 0.0 15.964046664820396 0.007448451894843366 0.20012433106148222 0.007448451894843366 0.20012433106148222 6.572966208470527 31.04891216431374 22.283887398172595 6.388378072235713 NaN NaN 148.0610551476866 165.59986618928616 0.0 0.0 0.29612211029537283 0.33143250927373763 6.572966208470527 31.04891216431374 22.283887398172595 6.388378072235713 
284.00003168167757 0.0 32.17300707635095 0.0 16.071716595148143 0.007448451894843366 0.2015636076969738 0.007448451894843366 0.2015636076969738 6.719582990844794 31.167531032724956 23.659992178478987 6.4014632640122695 NaN NaN 148.0610551476866 166.60095226361122 0.0 0.0 0.2961221102953727 0.3328717859092265 6.719582990844794 31.167531032724956 23.659992178478987 6.4014632640122695 
286.00003168167757 0.0 32.2050000609551 0.0 16.134549464639896 0.007448451894843368 0.20356259670972862 0.007448451894843368 0.20356259670972862 6.740946110067564 31.287928655621677 23.453648657448184 6.381335971234233 NaN NaN 148.0610551476866 167.60292270526597 0.0 0.0 0.29612211029537283 0.334870774921983 6.740946110067564 31.287928655621677 23.453648657448184 6.381335971234233 
288.00003168167757 0.0 32.2316243699235 0.0 16.176922443151657 0.007448451894843368 0.20602106126107406 0.007448451894843368 0.20602106126107406 6.761474066940758 31.350620346930626 23.743445391430225 6.384171294402897 NaN NaN 148.0610551476866 168.6222867264476 0.0 0.0 0.29612211029537283 0.3373292394733289 6.761474066940758 31.350620346930626 23.743445391430225 6.384171294402897 
290.00003168167757 0.0 32.29597940825191 0.0 16.193181359971415 0.007448451894843366 0.20832690325318634 0.007448451894843366 0.20832690325318634 6.816877395841993 31.363477215800813 24.72270909874309 6.405479608351741 NaN NaN 148.0610551476866 169.60800356797563 0.0 0.0 0.29612211029537283 0.339635081465442 6.816877395841993 31.363477215800813 24.72270909874309 6.405479608351741 
292.00003168167757 0.0 32.363402647931224 0.0 16.26766541177666 0.007448451894843368 0.21979347882647118 0.007457661155483085 0.15775507506105474 6.965932402507531 31.126021675237297 27.63181602619954 6.456771665407844 NaN NaN 148.0610551476866 175.58891720243508 0.0 0.0 0.29612211029537283 0.35110165703872964 6.965932402507531 31.126021675237297 27.63181602619954 6.456771665407844 
294.00003168167757 0.0 32.475255787911635 0.0 16.282374597381565 0.007448451894843368 0.2217302428149215 0.00746879200657673 0.08470859539601656 7.075993326030931 31.06110490640833 28.481034399855826 6.493685385349895 NaN NaN 148.0610551476866 176.58931783469149 0.0 0.0 0.29612211029537283 0.35303842102717287 7.075993326030931 31.06110490640833 28.481034399855826 6.493685385349895 
296.00003168167757 0.0 32.485992367507414 0.0 16.213644526516433 0.007448451894843366 0.22374240091391823 0.007472476371306984 0.061900942688263724 7.051080885099431 30.99960553638427 29.262573993349758 6.5129065114809634 NaN NaN 148.0610551476866 177.61308143237397 0.0 0.0 0.2961221102953727 0.35505057912617327 7.051080885099431 30.99960553638427 29.262573993349758 6.5129065114809634 
298.00003168167757 0.0 32.48211088847528 0.0 16.221880935044613 0.007448451894843368 0.22588171255593045 0.007474293085114302 0.05180191847280966 7.088893759414525 30.985852292838178 29.615945416207257 6.492055956489195 NaN NaN 148.0610551476866 178.60006393901824 0.0 0.0 0.2961221102953727 0.35718989076818836 7.088893759414525 30.985852292838178 29.615945416207257 6.492055956489195 
300.00003168167757 0.0 32.543345561341866 0.0 16.215353677086316 0.007448451894843369 0.22803460521964083 0.007475376989437522 0.04665306383185179 7.157507594201939 30.98268500042934 29.808624791270326 6.491836170900179 NaN NaN 148.0610551476866 179.59777486472873 0.0 0.0 0.2961221102953727 0.3593427834319018 7.157507594201939 30.98268500042934 29.808624791270326 6.491836170900179 
302.00003168167757 0.0 34.88614636074585 0.0 15.988173032541123 0.007479437758553606 0.03150273976233752 0.007479437758553606 0.03150273976233752 983.9888037439787 30.896861562375392 777.1977339958638 5.042679968459518 28.350162556119358 115.76933226292695 138.7205919600456 163.45267357267048 0.05670032511223876 0.23027823663840563 0.15544319719325586 0.03820195479369356 983.9888037439787 30.896861562375392 777.1977339958638 5.042679968459518 
304.00003168167757 0.0 35.355912835737065 0.0 16.360097863989857 0.007479437758553606 0.03338520572893129 0.007479437758553606 0.03338520572893129 931.1955864332859 29.15142785603427 629.5679016626558 4.220678340203149 28.350162556119358 117.14735303198036 130.01576005739489 141.5239303925106 0.05670032511223876 0.23216070260500257 0.2184111792118004 0.10240539348397006 931.1955864332859 29.15142785603427 629.5679016626558 4.220678340203149 
306.00003168167757 0.0 35.83497923887457 0.0 16.832053186651077 0.007479437758553606 0.03579167682659151 0.007479437758553606 0.03579167682659151 879.3142833390799 27.52647086437001 543.0372056937292 4.166847474317917 28.350162556119358 118.5026942365709 126.76019008144335 132.41184803567927 0.05670032511223878 0.23456717370266314 0.2408476906022828 0.1270178360858294 879.3142833390799 27.52647086437001 543.0372056937292 4.166847474317917 
308.00003168167757 0.0 36.52370051958609 0.0 17.23259716413881 0.007479437758553606 0.037583449726165424 0.007479437758553606 0.037583449726165424 834.1729121054387 26.15987017064088 468.7200896135799 4.425401527994633 28.350162556119358 119.79768831916059 125.7028172614208 128.6340612246224 0.05670032511223878 0.23635894660223453 0.24955618442723979 0.1374286211997338 834.1729121054387 26.15987017064088 468.7200896135799 4.425401527994633 
310.00003168167757 0.0 37.34407085063231 0.0 17.615364169351064 0.007479437758553604 0.039030604362915694 0.007479437758553604 0.039030604362915694 797.6606003060704 25.09821518847446 400.3165241213552 4.741545725823674 28.350162556119358 121.11762329029725 125.71314394339629 127.03686704153806 0.05670032511223876 0.2378061012389848 0.2540116309581451 0.1432854417146568 797.6606003060704 25.09821518847446 400.3165241213552 4.741545725823674 
312.00003168167757 0.0 42.82500353345832 0.0 20.95036368937621 0.007479437758553606 0.05053783872143303 0.007479437758553606 0.05053783872143303 594.2800323872019 19.609901181870303 53.448928111529206 6.3840266581690175 28.350162556119358 124.97203933933932 126.80060703765653 118.71767408296628 0.05670032511223876 0.24931333559750038 0.2800595416816589 0.18057293902063257 594.2800323872019 19.609901181870303 53.448928111529206 6.3840266581690175 
314.00003168167757 0.0 43.33296014185027 0.0 21.503200065674207 0.007479437758553606 0.052243632389076484 0.007479437758553606 0.052243632389076484 558.9840588131598 18.536255081204715 39.855155908090524 6.436845367870475 28.350162556119358 126.2678232390478 127.46342617528123 118.16816488334071 0.05670032511223875 0.2510191292651465 0.2800595416816589 0.1822787326882777 558.9840588131598 18.536255081204715 39.855155908090524 6.436845367870475 
316.00003168167757 0.0 43.964626166453776 0.0 21.909011574083582 0.007479437758553606 0.05470584270023917 0.007479437758553606 0.05470584270023917 533.7399017926417 17.93980889267908 35.05345584595416 6.420425144737671 28.350162556119358 127.50021895732637 127.73025874879124 116.9458186259238 0.05670032511223875 0.253481339576309 0.2800595416816589 0.1847409429994408 533.7399017926417 17.93980889267908 35.05345584595416 6.420425144737671 
318.00003168167757 0.0 44.369742956602174 0.0 22.230651681079017 0.007479437758553606 0.05705408498830571 0.007479437758553606 0.05705408498830571 513.5510195397324 17.57967713696907 32.937336652537034 6.395557275428544 28.350162556119358 128.84091378192443 127.81343311920115 115.43024161470511 0.05670032511223875 0.2558295818643756 0.2800595416816589 0.18708918528750743 513.5510195397324 17.57967713696907 32.937336652537034 6.395557275428544 
320.00003168167757 0.0 44.75828841798495 0.0 22.20912501593055 0.007479437758553606 0.05866066878779954 0.007479437758553606 0.05866066878779954 498.5175995678446 17.490309521356405 31.47922977792366 6.366093362402927 28.350162556119358 130.26637656656192 127.9980750880022 114.11955049533518 0.05670032511223876 0.25743616566386635 0.2800595416816588 0.18869576908699898 498.5175995678446 17.490309521356405 31.47922977792366 6.366093362402927 
322.00003168167757 0.0 45.7864473872383 0.0 21.639475523063386 0.007479437758553605 0.0711326272066766 0.007479437758553605 0.0711326272066766 421.49504734010907 18.030660169374816 22.93463046330192 6.288151778826082 28.350162556119358 134.9835725093715 125.22126243803402 97.37683734641547 0.05670032511223875 0.2699081240827468 0.2800595416816588 0.2011677275058787 421.49504734010907 18.030660169374816 22.93463046330192 6.288151778826082 
324.00003168167757 0.0 46.27836715068318 0.0 21.489355035878244 0.007479437758553606 0.07313217353795012 0.007479437758553606 0.07313217353795012 412.0939790114288 18.537479230891446 23.095507339483987 6.283005773191016 28.350162556119358 136.10084702864492 125.05119300079211 94.93645916884141 0.05670032511223875 0.2699081240827468 0.2800595416816589 0.20316727383714947 412.0939790114288 18.537479230891446 23.095507339483987 6.283005773191016 
326.00003168167757 0.0 46.54707275675158 0.0 21.17338217038261 0.007479437758553603 0.07466276333913259 0.007479437758553603 0.07466276333913259 402.20554480264843 19.059173999040816 22.910165227254772 6.250889374191525 28.350162556119358 137.1708366721261 125.41568318248787 94.02235656013717 0.05670032511223875 0.2699081240827468 0.2800595416816589 0.2046978636383348 402.20554480264843 19.059173999040816 22.910165227254772 6.250889374191525 
328.00003168167757 0.0 46.83523703279693 0.0 20.7893161096779 0.007479437758553605 0.07709819551305044 0.007479437758553605 0.07709819551305044 391.9726619650511 19.577969908261238 23.22369413220422 6.242092748184836 28.350162556119358 138.14545910139518 126.20601801789374 94.32453120131728 0.05670032511223875 0.2699081240827468 0.2800595416816589 0.20713329581224996 391.9726619650511 19.577969908261238 23.22369413220422 6.242092748184836 
330.00003168167757 0.0 46.90089182694447 0.0 20.316022927045694 0.007479437758553605 0.07840431575881728 0.007479437758553605 0.07840431575881728 381.6208148313635 20.080239367468835 23.46211736653385 6.257208458681567 28.350162556119358 139.210957690919 127.41276767043233 95.65979990775685 0.05670032511223875 0.2699081240827468 0.2800595416816589 0.20843941605801924 381.6208148313635 20.080239367468835 23.46211736653385 6.257208458681567 
332.00003168167757 0.0 47.123705238828286 0.0 17.005415100644562 0.007479437758553606 0.09051105122589823 0.007479437758553606 0.09051105122589823 317.0245613135377 23.17963505216314 24.303338697529664 6.318695774665559 28.350162556119358 144.96497131708983 135.01178142307478 105.63007877019429 0.0 0.0 0.2800595416816589 0.2205461515250973 317.0245613135377 23.17963505216314 24.303338697529664 6.318695774665559 
334.00003168167757 0.0 47.15451591105364 0.0 16.628223737160976 0.007479437758553606 0.09274400103005262 0.007479437758553606 0.09274400103005262 304.54532079821627 23.631742981932693 25.17977422051184 6.319169285946879 28.350162556119358 145.87207883526054 136.12887673631477 107.73780285877889 0.0 0.0 0.2800595416816589 0.22277910132925335 304.54532079821627 23.631742981932693 25.17977422051184 6.319169285946879 
336.00003168167757 0.0 46.90545308628704 0.0 16.434376438740472 0.007479437758553605 0.09456093542910933 0.007479437758553605 0.09456093542910933 290.79541703335207 24.149696071216265 24.385457958967418 6.227911319769445 28.350162556119358 146.59674983245569 136.68641750422591 109.28290426442153 0.0 0.0 0.2800595416816589 0.2245960357283084 290.79541703335207 24.149696071216265 24.385457958967418 6.227911319769445 
338.00003168167757 0.0 46.5094692368038 0.0 16.38716862413394 0.007479437758553603 0.09608709703647757 0.007479437758553603 0.09608709703647757 276.481850018085 24.616337413249543 23.17158619055874 6.21167707242357 28.350162556119358 147.38002184297238 137.23825666438628 110.83783742715859 0.0 0.0 0.2800595416816589 0.22612219733567507 276.481850018085 24.616337413249543 23.17158619055874 6.21167707242357 
340.00003168167757 0.0 46.08324852739361 0.0 16.294881464115555 0.007479437758553605 0.09836246936943668 0.007479437758553605 0.09836246936943668 262.38447535469254 25.033507107515415 22.831074265673923 6.2260444683108105 28.350162556119358 148.35107730804276 137.71879530497853 112.30297225159349 0.0 0.0 0.2800595416816589 0.2283975696686365 262.38447535469254 25.033507107515415 22.831074265673923 6.2260444683108105 
342.00003168167757 0.0 44.90940502982863 0.0 15.71553892558603 0.007479437758553606 0.11057080941209926 0.007479437758553606 0.11057080941209926 179.74884902786397 27.511763409984763 24.92075175405647 6.338066011511457 28.350162556119358 154.94950202439932 140.02977084083022 120.58440791414571 0.0 0.0 0.2800595416816589 0.24060590971129625 179.74884902786397 27.511763409984763 24.92075175405647 6.338066011511457 
344.00003168167757 0.0 44.698806108080916 0.0 15.806032440627467 0.007479437758553604 0.11237444281237817 0.007479437758553604 0.11237444281237817 167.52250170865193 27.70901869564866 24.84341796487843 6.322001237317315 28.350162556119358 155.9150718298738 140.02977084083022 121.5736750669699 0.0 0.0 0.2800595416816588 0.24240954311157842 167.52250170865193 27.70901869564866 24.84341796487843 6.322001237317315 
346.00003168167757 0.0 43.95612682296824 0.0 15.802449542785368 0.007479437758553604 0.11435397898773336 0.007479437758553604 0.11435397898773336 156.3061400647705 27.946768520563 26.23170932118323 6.310409367920295 28.350162556119358 156.8973340093579 140.02977084083022 122.56199145947397 0.0 0.0 0.2800595416816589 0.24438907928693354 156.3061400647705 27.946768520563 26.23170932118323 6.310409367920295 
348.00003168167757 0.0 43.310880871939496 0.0 15.870816024453214 0.007479437758553606 0.11717835623183727 0.007479437758553606 0.11717835623183727 145.1179260370328 28.279915109408673 28.20801860298684 6.285741564458349 28.350162556119358 157.83651797139723 140.02977084083022 123.57234838377605 0.0 0.0 0.2800595416816589 0.24721345653103796 145.1179260370328 28.279915109408673 28.20801860298684 6.285741564458349 
350.00003168167757 0.0 42.777438676219354 0.0 15.956264117062346 0.007479437758553604 0.11873410149573678 0.007479437758553604 0.11873410149573678 134.665604949168 28.58130295136518 29.227406074431336 6.243744818476458 28.350162556119358 158.65723249423635 140.02977084083022 124.57766801851196 0.0 0.0 0.2800595416816589 0.2487692017949366 134.665604949168 28.58130295136518 29.227406074431336 6.243744818476458 
352.00003168167757 0.0 38.90654707518769 0.0 16.270971816649514 0.007479437758553606 0.13109488808128983 0.0076074838954182655 0.01506292056570103 75.01664935585114 30.341300447648674 32.56020197410237 6.059993915604442 28.350162556119358 164.9300433174106 140.02977084083022 130.57174965904397 0.0 0.0 0.2800595416816589 0.261129988380493 75.01664935585114 30.341300447648674 32.56020197410237 6.059993915604442 
354.00003168167757 0.0 38.13973347954048 0.0 16.218546627158865 0.007479437758553606 0.13300775932397196 0.007607483895418264 0.01697579180838326 67.83100447264377 30.455428378008268 32.78719910627342 6.120046000207609 28.350162556119358 165.92160347233883 140.02977084083022 131.576676221951 0.0 0.0 0.2800595416816589 0.26304285962317475 67.83100447264377 30.455428378008268 32.78719910627342 6.120046000207609 
356.00003168167757 0.0 37.187033349147846 0.0 16.189772675801464 0.007479437758553606 0.13508627564655432 0.007607483895418264 0.01905430813096367 60.77876360830076 30.481846215952473 33.162902260272986 6.1574470748536125 28.350162556119358 166.92448163758374 140.02977084083022 132.5890137670027 0.0 0.0 0.2800595416816589 0.2651213759457541 60.77876360830076 30.481846215952473 33.162902260272986 6.1574470748536125 
358.00003168167757 0.0 36.7926431648864 0.0 16.19002681174875 0.007479437758553606 0.13699498080126454 0.0076074838954182655 0.02096301328567403 55.136369548772144 30.572951948478675 33.694051828488945 6.185753897422982 28.350162556119358 167.90583090586964 140.02977084083022 133.58519466606293 0.0 0.0 0.2800595416816588 0.2670300811004665 55.136369548772144 30.572951948478675 33.694051828488945 6.185753897422982 
360.00003168167757 0.0 36.392231830466834 0.0 16.152512254005774 0.007479437758553604 0.138907502797936 0.007607483895418264 0.022875535282345854 50.24098485169398 30.712353558459515 33.849308641224745 6.21793000865084 28.350162556119358 168.76211556559963 140.02977084083022 134.57533509764065 0.0 0.0 0.2800595416816589 0.26894260309713774 50.24098485169398 30.712353558459515 33.849308641224745 6.21793000865084 
362.00003168167757 0.0 33.97235832898084 0.0 15.88162817962915 0.007479437758553606 0.15096930263083 0.007607483895418264 0.0349373351152389 22.48620224852853 31.46761408681293 35.19001649814815 6.460120606615121 28.350162556119358 174.9123235565293 140.02977084083022 140.5819576381154 0.0 0.0 0.2800595416816589 0.2810044029300327 22.48620224852853 31.46761408681293 35.19001649814815 6.460120606615121 
364.00003168167757 0.0 33.68125212767193 0.0 15.967701701245959 0.007479437758553606 0.15323772436100816 0.007607483895418264 0.037205756845417944 19.41496124562889 31.427794684874986 34.19474735121726 6.428430133503801 28.350162556119358 175.8568053535169 140.02977084083022 141.59164825940442 0.0 0.0 0.2800595416816588 0.28327282466021086 19.41496124562889 31.427794684874986 34.19474735121726 6.428430133503801 
366.00003168167757 0.0 33.202703022136205 0.0 15.938277097088628 0.007479437758553604 0.15526361083241583 0.0076074838954182655 0.039231643316827776 17.043037733413396 31.332031648287387 33.41618957476722 6.4260840153329895 28.350162556119358 176.81487183709504 140.02977084083022 142.58643180101683 0.0 0.0 0.2800595416816588 0.2852987111316196 17.043037733413396 31.332031648287387 33.41618957476722 6.4260840153329895 
368.00003168167757 0.0 32.94680799495986 0.0 16.03547846653345 0.007479437758553606 0.15688751554954078 0.0076074838954182655 0.040855548033951555 15.337396174003473 31.257725021875782 33.01773137157371 6.451630185212123 28.350162556119358 177.73684816348916 140.02977084083022 143.58417808462605 0.0 0.0 0.2800595416816589 0.2869226158487437 15.337396174003473 31.257725021875782 33.01773137157371 6.451630185212123 
370.00003168167757 0.0 32.728095643012985 0.0 16.154786039520992 0.007479437758553606 0.15911016182858742 0.0076074838954182655 0.04307819431299857 14.113684844414458 31.168834231730873 32.382364184638924 6.442315879388126 28.350162556119358 178.63457491410847 140.02977084083022 144.58122325633443 0.0 0.0 0.2800595416816589 0.2891452621277884 14.113684844414458 31.168834231730873 32.382364184638924 6.442315879388126 
372.00003168167757 0.0 31.77041386751999 0.0 16.474847320255833 0.007479437758553606 0.1713440387411608 0.0076074838954182655 0.055312071225569595 9.240836842055934 30.40610312830376 27.456095672900663 6.2524726677272495 28.350162556119358 184.9336186396815 140.02977084083022 150.59475290845015 0.0 0.0 0.2800595416816589 0.30137913904035807 9.240836842055934 30.40610312830376 27.456095672900663 6.2524726677272495 
374.00003168167757 0.0 31.864850528848358 0.0 16.628564785429447 0.007479437758553606 0.17287539200247298 0.0076074838954182655 0.056843424486883246 9.025838912140074 30.410191830486948 26.313454643103867 6.278808639415738 28.350162556119358 185.7917811592149 140.02977084083022 151.58528369786816 0.0 0.0 0.2800595416816589 0.30291049230167305 9.025838912140074 30.410191830486948 26.313454643103867 6.278808639415738 
376.00003168167757 0.0 31.853667798758718 0.0 16.528769903482793 0.007479437758553606 0.1752498442263873 0.0076074838954182655 0.05921787671079721 8.878405479050214 30.278947894797188 25.295992006555668 6.264447993745666 28.350162556119358 186.46763587277107 140.02977084083022 152.58046417078043 0.0 0.0 0.2800595416816589 0.30528494452558796 8.878405479050214 30.278947894797188 25.295992006555668 6.264447993745666 
378.00003168167757 0.0 31.835230144542614 0.0 16.402604580699563 0.007492191648689281 0.1653743311172691 0.0076074838954182655 0.06089959603484973 8.655924191305393 30.036574740380058 23.88678599870201 6.182755043666184 28.350162556119358 186.99830787572552 140.02977084083022 153.60941902887848 0.0 0.0 0.2800595416816589 0.30696666384964205 8.655924191305393 30.036574740380058 23.88678599870201 6.182755043666184 
380.00003168167757 0.0 31.857928691646975 0.0 16.301464183042558 0.007518717951537767 0.14372966319744404 0.007607483895418264 0.06329235076431433 8.463905622217844 29.866911824513284 22.863871014582468 6.147192363225762 28.350162556119358 187.4121280018381 140.02977084083022 154.59643276577407 0.0 0.0 0.2800595416816589 0.3093594185791032 8.463905622217844 29.866911824513284 22.863871014582468 6.147192363225762 
382.00003168167757 0.0 31.917075659041775 0.0 15.864860839896975 0.0076074838954182655 0.07499193062112701 0.0076074838954182655 0.07499193062112701 7.3320724799518375 28.958079143815755 19.82470297010672 6.081375040547421 28.350162556119358 194.81200246762984 140.02977084083022 160.58193270022056 0.0 0.0 0.2800595416816589 0.32105899843591834 7.3320724799518375 28.958079143815755 19.82470297010672 6.081375040547421 
384.00003168167757 0.0 31.86498241689986 0.0 15.804865033128484 0.0076074838954182655 0.07771860110223455 0.0076074838954182655 0.07771860110223455 7.389940160808996 28.880271545611777 20.897539172055637 6.140439679364108 28.350162556119358 195.32379093112797 140.02977084083022 161.60078268251962 0.0 0.0 0.2800595416816589 0.32378566891702343 7.389940160808996 28.880271545611777 20.897539172055637 6.140439679364108 
386.00003168167757 0.0 31.899962482153697 0.0 15.742687016639122 0.0076074838954182655 0.0794768200372262 0.0076074838954182655 0.0794768200372262 7.416708563264006 28.863521876372527 21.526101497174263 6.20946772964918 28.350162556119358 195.4972610483293 140.02977084083022 162.59504408349883 0.0 0.0 0.28005954168165903 0.3255438878520179 7.416708563264006 28.863521876372527 21.526101497174263 6.20946772964918 
388.00003168167757 0.0 31.93618787741017 0.0 15.765376311617349 0.0076074838954182655 0.08136319221964394 0.0076074838954182655 0.08136319221964394 7.381277537092514 28.93194802881363 21.855766630015864 6.229747834395555 28.350162556119358 195.53494601764905 140.02977084083022 163.57370988578623 0.0 0.0 0.28005954168165903 0.3274302600344334 7.381277537092514 28.93194802881363 21.855766630015864 6.229747834395555 
390.00003168167757 0.0 31.957524300843627 0.0 15.71470220114607 0.007607483895418264 0.08351526980361623 0.007607483895418264 0.08351526980361623 7.3026207155203275 28.992800295402002 21.880211859882255 6.225183260049857 28.350162556119358 195.5515953955484 140.02977084083022 164.5983458182345 0.0 0.0 0.28005954168165903 0.32958233761840755 7.3026207155203275 28.992800295402002 21.880211859882255 6.225183260049857 
392.00003168167757 0.0 31.604499919836098 0.0 15.700476188920357 0.0076074838954182655 0.09470564802337224 0.0076074838954182655 0.09470564802337224 7.2742824955406205 29.43854934428687 24.066806824178425 6.316791181808577 NaN NaN 140.02977084083022 170.60133369950307 0.0 0.0 0.2800595416816589 0.34077271583816204 7.2742824955406205 29.43854934428687 24.066806824178425 6.316791181808577 
394.00003168167757 0.0 31.665261380010858 0.0 15.798313584833233 0.0076074838954182655 0.09743019087716544 0.0076074838954182655 0.09743019087716544 7.296865014573457 29.52648166495353 25.483990159412325 6.32656241041868 NaN NaN 140.02977084083022 171.58757455157865 0.0 0.0 0.2800595416816589 0.3434972586919525 7.296865014573457 29.52648166495353 25.483990159412325 6.32656241041868 
396.00003168167757 0.0 31.58451795779764 0.0 15.82219647680804 0.0076074838954182655 0.09908758278473062 0.0076074838954182655 0.09908758278473062 7.359469256273415 29.528099845126512 25.794474817712885 6.31740175020846 NaN NaN 140.02977084083022 172.586968401982 0.0 0.0 0.2800595416816589 0.3451546505995231 7.359469256273415 29.528099845126512 25.794474817712885 6.31740175020846 
398.00003168167757 0.0 31.591310032390012 0.0 15.917821954940797 0.007607483895418267 0.10171661606832984 0.007607483895418267 0.10171661606832984 7.458817257338136 29.59785911137034 26.200820139062667 6.319339622914583 NaN NaN 140.02977084083022 173.59416143603002 0.0 0.0 0.2800595416816589 0.3477836838831227 7.458817257338136 29.59785911137034 26.200820139062667 6.319339622914583 
400.00003168167757 0.0 31.561598064556936 0.0 15.92440322433588 0.007607483895418267 0.10381271336948165 0.007607483895418267 0.10381271336948165 7.53791570916566 29.68576516716629 26.377281418803623 6.293411582280204 NaN NaN 140.02977084083022 174.60340567930308 0.0 0.0 0.2800595416816589 0.3498797811842709 7.53791570916566 29.68576516716629 26.377281418803623 6.293411582280204 
402.00003168167757 0.0 31.521334790766318 0.0 15.861532636366519 0.0076074838954182655 0.11600024061497546 0.0076074838954182655 0.11600024061497546 8.34411482157529 30.102301119646906 23.569431624230393 6.1777436187628405 NaN NaN 140.02977084083022 180.5917188248887 0.0 0.0 0.2800595416816589 0.3620673084297609 8.34411482157529 30.102301119646906 23.569431624230393 6.1777436187628405 
404.00003168167757 0.0 31.64001751332162 0.0 15.964501038070443 0.007607483895418267 0.11771255812321883 0.007607483895418267 0.11771255812321883 8.218921372685951 30.13515528572071 23.133160206313008 6.160233616407538 NaN NaN 140.02977084083022 181.59118055638442 0.0 0.0 0.2800595416816589 0.363779625938008 8.218921372685951 30.13515528572071 23.133160206313008 6.160233616407538 
406.00003168167757 0.0 31.609176641977612 0.0 15.968880623055366 0.0076074838954182655 0.11947568279764371 0.0076074838954182655 0.11947568279764371 8.11004994636286 30.18701633798277 22.84006613648729 6.1783522780017845 NaN NaN 140.02977084083022 182.60718223928586 0.0 0.0 0.2800595416816588 0.36554275061243285 8.11004994636286 30.18701633798277 22.84006613648729 6.1783522780017845 
408.00003168167757 0.0 31.558770055255476 0.0 15.908164153012171 0.0076074838954182655 0.12076346870810042 0.0076074838954182655 0.12076346870810042 8.010413122791604 30.246237210477304 22.89064999713081 6.1828776866741695 NaN NaN 140.02977084083022 183.6033464908718 0.0 0.0 0.2800595416816589 0.36683053652289416 8.010413122791604 30.246237210477304 22.89064999713081 6.1828776866741695 
410.00003168167757 0.0 31.470595885146096 0.0 15.851867145826235 0.0076074838954182655 0.12294392952506734 0.0076074838954182655 0.12294392952506734 8.006116109472147 30.273830641260457 23.115501168568517 6.222847429283022 NaN NaN 140.02977084083022 184.59705180078188 0.0 0.0 0.2800595416816589 0.3690109973398531 8.006116109472147 30.273830641260457 23.115501168568517 6.222847429283022 
412.00003168167757 0.0 31.36915479225397 0.0 15.669868627492852 0.0076074838954182655 0.13490977788875982 0.0076074838954182655 0.13490977788875982 8.274667623416534 30.17794275822252 23.851523249562355 6.407698581569405 NaN NaN 140.02977084083022 190.58403744130786 0.0 0.0 0.2800595416816589 0.3809768457035539 8.274667623416534 30.17794275822252 23.851523249562355 6.407698581569405 
414.00003168167757 0.0 31.33063761078345 0.0 15.639572701993844 0.0076074838954182655 0.136497724534871 0.0076074838954182655 0.136497724534871 8.085109388060316 30.164353158216382 23.623772162934134 6.4236081509179375 NaN NaN 140.02977084083022 191.5813624069297 0.0 0.0 0.2800595416816588 0.3825647923496652 8.085109388060316 30.164353158216382 23.623772162934134 6.4236081509179375 
416.00003168167757 0.0 31.45014330147434 0.0 15.722456541477088 0.007607483895418264 0.13763056746391977 0.007607483895418264 0.13763056746391977 7.948139234498107 30.244634963953857 23.645912381699446 6.408557469664258 NaN NaN 140.02977084083022 192.5896879960338 0.0 0.0 0.2800595416816588 0.3836976352787098 7.948139234498107 30.244634963953857 23.645912381699446 6.408557469664258 
418.00003168167757 0.0 31.47272873061084 0.0 15.759373654527513 0.0076074838954182655 0.1403659386848987 0.0076074838954182655 0.1403659386848987 7.881532368408524 30.28096229789499 24.26693192388485 6.420221967286054 NaN NaN 140.02977084083022 193.5792087500889 0.0 0.0 0.2800595416816588 0.3864330064996887 7.881532368408524 30.28096229789499 24.26693192388485 6.420221967286054 
420.00003168167757 0.0 31.473993583790715 0.0 15.856091659465408 0.007607483895418267 0.14287133587671172 0.007607483895418267 0.14287133587671172 7.854792245084641 30.355918919461093 24.96498076723229 6.40797396088229 NaN NaN 140.02977084083022 194.59208606144253 0.0 0.0 0.2800595416816588 0.3889384036915048 7.854792245084641 30.355918919461093 24.96498076723229 6.40797396088229 
422.00003168167757 0.0 32.840591944461174 0.0 17.7514844755719 0.0076074838954182655 0.1550736703688373 0.007105710393549363 0.09462176810307985 966.6447281248217 29.80848411474359 863.7889330877875 5.518048427278619 48.025937766009974 122.01216224965825 135.12534017150733 187.85357046426802 0.09605187553202035 0.24271956854253446 0.14573327262523408 0.05819805853571764 966.6447281248217 29.80848411474359 863.7889330877875 5.518048427278619 
424.00003168167757 0.0 33.491764480803134 0.0 18.30582643010762 0.007607483895418267 0.15704600949179878 0.007355813002671697 0.12672558771824852 904.7262765044036 27.811592252446953 693.9736325959276 4.642896856515852 48.025937766009974 123.41498421333128 125.86728586596699 164.3333703611374 0.09605187553202035 0.24469190766549953 0.1715736427613825 0.11046328713508696 904.7262765044036 27.811592252446953 693.9736325959276 4.642896856515852 
426.00003168167757 0.0 34.35081748742978 0.0 19.116674248264257 0.0076074838954182655 0.1596338101548204 0.007458471323299627 0.1416813008801555 856.3552761039784 26.311199097571357 590.7174968837011 4.4938433701679 48.025937766009974 124.59917315572605 120.63054433782865 152.10420835972945 0.09605187553202035 0.24727970832851806 0.1827074524361422 0.15052146020700946 856.3552761039784 26.311199097571357 590.7174968837011 4.4938433701679 
428.00003168167757 0.0 35.29374350085029 0.0 19.95827908879981 0.0076074838954182655 0.16138870833232208 0.007490816354639405 0.14733301438578691 815.2087759425415 25.057947243833645 507.64847872455107 4.699826066156438 48.025937766009974 126.097840768225 118.41948047885303 147.82430010435647 0.09605187553202035 0.24903460650602124 0.1862154332861856 0.16408232172447096 815.2087759425415 25.057947243833645 507.64847872455107 4.699826066156438 
430.00003168167757 0.0 36.09027037210793 0.0 20.6252425901347 0.007607483895418264 0.16323048258595324 0.007512324986391445 0.15176607275408255 777.1338724860925 23.922163111108834 434.102245479638 4.979824396883812 48.025937766009974 127.5323886668692 116.90302504885206 145.30993453820767 0.09605187553202033 0.2508763807596562 0.18854815225945795 0.1737747644561166 777.1338724860925 23.922163111108834 434.102245479638 4.979824396883812 
432.00003168167757 0.0 40.20912715298978 0.0 24.053987937344267 0.007607483895418264 0.1754591359815 0.007607483895418264 0.1754591359815 571.5422451493876 18.05731853576868 62.75380354885094 6.386036235219355 48.025937766009974 131.40184394972007 107.40660426096346 128.69984052222495 0.09605187553202035 0.2631050341551976 0.19886861313860665 0.22073649878890078 571.5422451493876 18.05731853576868 62.75380354885094 6.386036235219355 
434.00003168167757 0.0 40.90578362961361 0.0 24.305783391979936 0.0076074838954182655 0.17703086441521929 0.0076074838954182655 0.17703086441521929 544.3959434564316 17.485314487228024 46.36006757334714 6.50809368731221 48.025937766009974 132.59220212808762 106.06966429143175 126.33276005452038 0.09605187553202035 0.2646767625889193 0.19886861313860665 0.22230822722261687 544.3959434564316 17.485314487228024 46.36006757334714 6.50809368731221 
436.00003168167757 0.0 41.519104883690126 0.0 24.23308408179284 0.007607483895418267 0.17926384376921217 0.007607483895418267 0.17926384376921217 524.6405736519787 17.259635540149095 41.8013694734856 6.519176828067624 48.025937766009974 133.802281578257 104.9831790249465 124.70358083327888 0.09605187553202038 0.2669097419429118 0.1988686131386066 0.22454120657660978 524.6405736519787 17.259635540149095 41.8013694734856 6.519176828067624 
438.00003168167757 0.0 42.13592903037503 0.0 24.299419905490687 0.0076074838954182655 0.18136822357535 0.0076074838954182655 0.18136822357535 510.7547070427897 17.216457869680617 39.46285932084876 6.514796801259663 48.025937766009974 135.1826950652741 103.69709108096062 122.56503538432126 0.09605187553202038 0.26901412174904726 0.1988686131386066 0.22664558638275106 510.7547070427897 17.216457869680617 39.46285932084876 6.514796801259663 
440.00003168167757 0.0 42.82188427652336 0.0 24.263280454465836 0.0076074838954182655 0.18262249064567307 0.0076074838954182655 0.18262249064567307 497.34544029456237 17.317118860077425 37.97525172090024 6.488934038591093 48.025937766009974 136.56398281545407 102.77521923452228 121.37381094575603 0.09605187553202035 0.2702683888193701 0.1988686131386066 0.2278998534530741 497.34544029456237 17.317118860077425 37.97525172090024 6.488934038591093 
442.00003168167757 0.0 46.292927267195154 0.0 23.527204832310534 0.0076074838954182655 0.1941987795858088 0.0076074838954182655 0.1941987795858088 428.2756456839542 18.71705802705774 36.24017429735717 6.502109358614777 48.025937766009974 141.39105537801203 96.08410616954897 111.24082394932981 0.09605187553202035 0.2818446777595072 0.19886861313860665 0.23947614239320575 428.2756456839542 18.71705802705774 36.24017429735717 6.502109358614777 
444.00003168167757 0.0 46.768342352748725 0.0 23.29477819940777 0.0076074838954182655 0.19682165736558263 0.0076074838954182655 0.19682165736558263 418.95507447492906 19.226778245310314 39.06209115323503 6.430030146891326 48.025937766009974 142.5951893287078 95.45334741900488 110.82895009042386 0.09605187553202035 0.28446755553928516 0.19886861313860665 0.2420990201729834 418.95507447492906 19.226778245310314 39.06209115323503 6.430030146891326 
446.00003168167757 0.0 46.7655410169945 0.0 22.939293832476274 0.0076074838954182655 0.19869371656932114 0.0076074838954182655 0.19869371656932114 409.1665246390047 19.77002860538261 38.60822209334052 6.473069049114678 48.025937766009974 143.80769438729263 94.790246358413 110.22959355866469 0.09605187553202035 0.28633961474302144 0.19886861313860674 0.24397107937672402 409.1665246390047 19.77002860538261 38.60822209334052 6.473069049114678 
448.00003168167757 0.0 46.86266441434847 0.0 22.415556154098045 0.0076074838954182655 0.20009987802801588 0.0076074838954182655 0.20009987802801588 399.1473765302754 20.327195384877044 38.5957128187749 6.4813582645533625 48.025937766009974 144.9662529215333 94.3262456657651 110.08009517591982 0.09605187553202035 0.28706854146395544 0.19886861313860674 0.24537724083541698 399.1473765302754 20.327195384877044 38.5957128187749 6.4813582645533625 
450.00003168167757 0.0 46.85041991239942 0.0 21.929538955757092 0.007607483895418267 0.2020442916866683 0.007607483895418267 0.2020442916866683 388.73366352925876 20.904840425572417 39.00157550657254 6.459045718702385 48.025937766009974 146.0397892353714 94.2499077071765 110.92139206452393 0.09605187553202035 0.28706854146395544 0.19886861313860665 0.24732165449406496 388.73366352925876 20.904840425572417 39.00157550657254 6.459045718702385 
452.00003168167757 0.0 46.86845994912447 0.0 18.119706693102675 0.00760748389541827 0.21483553680199452 0.00760748389541827 0.21483553680199452 321.87008639275524 24.276993698343826 40.709383474483964 6.38242385280064 48.025937766009974 151.31829329451412 95.75264147076686 120.99814704505992 0.0 0.0 0.19886861313860665 0.260112899609391 321.87008639275524 24.276993698343826 40.709383474483964 6.38242385280064 
454.00003168167757 0.0 47.35185870712782 0.0 17.729463885694987 0.007607483895418267 0.21636072299951864 0.007607483895418267 0.21636072299951864 308.9918022193009 24.85693007137468 40.071757747826624 6.510625987380624 48.025937766009974 152.28720860984137 96.42618547177435 123.72735341632794 0.0 0.0 0.19886861313860665 0.2616380858069196 308.9918022193009 24.85693007137468 40.071757747826624 6.510625987380624 
456.00003168167757 0.0 47.503894712825975 0.0 17.491717620222538 0.007607483895418267 0.2187318787015559 0.007607483895418267 0.2187318787015559 295.37495780311986 25.307917436919904 40.271089266147754 6.576610434347246 48.025937766009974 153.16799809755676 96.85931287285932 125.82236082628685 0.0 0.0 0.19886861313860665 0.2640092415089527 295.37495780311986 25.307917436919904 40.271089266147754 6.576610434347246 
458.00003168167757 0.0 47.59751193525354 0.0 17.294167164628366 0.007607483895418267 0.2207104898740329 0.007607483895418267 0.2207104898740329 281.34809610062496 25.696804226892347 39.86692709168601 6.564062808878466 48.025937766009974 154.1082651191029 97.19937925365439 127.6519093190305 0.0 0.0 0.19886861313860665 0.2659878526814357 281.34809610062496 25.696804226892347 39.86692709168601 6.564062808878466 
460.00003168167757 0.0 47.388790209391615 0.0 17.086743037434598 0.007607483895418267 0.22281550440592313 0.007607483895418267 0.22281550440592313 267.10275410694777 26.082332268086972 39.09821234984205 6.51516438984268 48.025937766009974 155.1371140066205 97.53261020072176 129.49256856901224 0.0 0.0 0.19886861313860674 0.2680928672133245 267.10275410694777 26.082332268086972 39.09821234984205 6.51516438984268 
462.00003168167757 0.0 46.1742646875678 0.0 16.728553343029088 0.007607483895418267 0.23549510345224586 0.007607483895418267 0.23549510345224586 187.3096485148528 28.0281423963265 31.159197607745085 5.997736584631704 48.025937766009974 161.34262756472557 99.16202716990844 139.51206784568456 0.0 0.0 0.1988686131386066 0.28077246625964736 187.3096485148528 28.0281423963265 31.159197607745085 5.997736584631704 
464.00003168167757 0.0 45.52503026475646 0.0 16.470636497795418 0.007607483895418267 0.23694631205805508 0.007607483895418267 0.23694631205805508 175.21731862159405 28.336930944808145 30.751832491795913 6.077036548497236 48.025937766009974 162.41682431414316 99.59452482703345 138.43196849917592 0.0 0.0 0.2134240190673508 0.18486200214346554 175.21731862159405 28.336930944808145 30.751832491795913 6.077036548497236 
466.00003168167757 0.0 45.45955929346411 0.0 16.311676074596264 0.0076074838954182655 0.23902363326354736 0.0076074838954182655 0.23902363326354736 164.6266140771985 28.644094792663495 30.86151736466106 6.207532800235693 48.025937766009974 163.4098656155779 100.45579900190916 134.84527086521638 0.0 0.0 0.22485704559452335 0.1348916508054894 164.6266140771985 28.644094792663495 30.86151736466106 6.207532800235693 
468.00003085790945 0.0 45.487668890470346 0.0 16.23380051520893 0.0076074838954182655 0.2412223100333433 0.0076074838954182655 0.2412223100333433 153.71911704515225 28.942715519916703 30.995036718942096 6.265722530225656 48.025937766009974 164.2514628117436 101.32525424553984 131.35350342127734 0.0 0.0 0.23078550747190554 0.1101016171277789 153.71911704515225 28.942715519916703 30.995036718942096 6.265722530225656 
470.00003168167757 0.0 45.40624307473946 0.0 16.208901725858343 0.0076074838954182655 0.24273699079764416 0.0076074838954182655 0.24273699079764416 143.45625642346596 29.201961340928328 30.420105323503574 6.232275680946209 48.025937766009974 165.31573121903102 102.23765423615198 127.74184603141195 0.0 0.0 0.23322615910335984 0.10050548339298117 143.45625642346596 29.201961340928328 30.420105323503574 6.232275680946209 
472.00003168167757 0.0 44.35346139973075 0.0 15.94330851139417 0.0076074838954182655 0.25481535680128015 0.0076074838954182655 0.25481535680128015 85.14791847369699 30.415255706100137 28.462508952427356 6.2214222482118355 48.025937766009974 171.3388012244558 107.14358491889318 108.03059537742892 0.0 0.0 0.24586688330986808 0.05503825789038092 85.14791847369699 30.415255706100137 28.462508952427356 6.2214222482118355 
474.00003168167757 0.0 43.48193713660761 0.0 15.865707394995475 0.007607483895418267 0.2569159691681376 0.007607483895418267 0.2569159691681376 77.82979367282009 30.493630928208418 27.982732003032474 6.244420460388832 48.025937766009974 172.4305571546711 107.89945085498493 104.37341875751292 0.0 0.0 0.24586688330986808 0.05713887025723457 77.82979367282009 30.493630928208418 27.982732003032474 6.244420460388832 
476.00003168167757 0.0 43.154008181225116 0.0 15.860116075409485 0.007607483895418267 0.2589161844525959 0.007607483895418267 0.2589161844525959 70.70632660719362 30.569935202848786 27.08605219847107 6.314498294251608 48.025937766009974 173.29754741619504 108.58298408448424 100.90057919763058 0.0 0.0 0.24586688330986808 0.05913908554169261 70.70632660719362 30.569935202848786 27.08605219847107 6.314498294251608 
478.00003168167757 0.0 42.764079233930744 0.0 15.945466005775863 0.0076074838954182655 0.26016032607346723 0.0076074838954182655 0.26016032607346723 64.15790653293752 30.66690181782113 26.812126064482584 6.338480546847996 48.025937766009974 174.34903356934234 109.39657809185731 97.38955997165145 0.0 0.0 0.24586688330986803 0.06038322716256807 64.15790653293752 30.66690181782113 26.812126064482584 6.338480546847996 
480.00003168167757 0.0 42.356929651731484 0.0 16.003207926630655 0.0076074838954182655 0.263155345697372 0.0076074838954182655 0.263155345697372 58.2864864645892 30.77483308305341 26.212547285709434 6.332103923376676 48.025937766009974 175.30817923143886 110.18935457536506 93.91893169261414 0.0 0.0 0.24586688330986808 0.06337824678646975 58.2864864645892 30.77483308305341 26.212547285709434 6.332103923376676 
482.00003168167757 0.0 39.9769549598152 0.0 16.12264449560837 0.0076074838954182655 0.2755848683299305 0.0076074838954182655 0.2755848683299305 25.62959329757263 31.302604253179002 22.85352289021811 6.204881833630722 48.025937766009974 181.3518045881019 115.31441030457665 72.10047169521924 0.0 0.0 0.24586688330986814 0.0758077694190278 25.62959329757263 31.302604253179002 22.85352289021811 6.204881833630722 
484.00003168167757 0.0 39.539717417297595 0.0 16.11334115396854 0.0076074838954182655 0.2780449554353623 0.0076074838954182655 0.2780449554353623 22.24122857525519 31.299804725031766 22.78860528194351 6.179906458809061 48.025937766009974 182.27577883341507 116.2576100952579 68.6862517918178 0.0 0.0 0.24586688330986814 0.07826785652446039 22.24122857525519 31.299804725031766 22.78860528194351 6.179906458809061 
486.00003168167757 0.0 38.76883447434886 0.0 16.050206316486037 0.0076074838954182655 0.2795373665312572 0.0076074838954182655 0.2795373665312572 19.383792037178416 31.191778680796048 22.633355987335456 6.170489254241343 48.025937766009974 183.2292268210527 117.14806331792391 65.42283942782706 0.0 0.0 0.2458668833098682 0.07976026762035637 19.383792037178416 31.191778680796048 22.633355987335456 6.170489254241343 
488.00003168167757 0.0 37.788600063136414 0.0 16.121701011918304 0.007607483895418264 0.2813979039084235 0.007607483895418264 0.2813979039084235 17.1230610194607 31.07775100787624 22.83460474348787 6.212706239358619 48.025937766009974 184.14226269671457 117.94278656548477 62.12236030230325 0.0 0.0 0.24586688330986814 0.08162080499752296 17.1230610194607 31.07775100787624 22.83460474348787 6.212706239358619 
490.00003168167757 0.0 36.97862931085438 0.0 16.214580711857533 0.007607483895418262 0.283792932622994 0.007607483895418262 0.283792932622994 15.493756601234454 30.977777631359587 23.31332501435339 6.236517102787916 48.025937766009974 185.1630904486404 118.69156686741336 59.395920562139466 0.0 0.0 0.2458668833098682 0.08401583371209383 15.493756601234454 30.977777631359587 23.31332501435339 6.236517102787916 
492.00003168167757 0.0 32.67341249205306 0.0 16.838731294356425 0.0076074838954182655 0.29576340119641603 0.0076074838954182655 0.29576340119641603 8.913375869440342 30.428991911230607 29.44496593626035 6.483392451171874 48.025937766009974 191.3502110423094 122.19090544741199 48.43636341708809 0.0 0.0 0.24586688330986808 0.09598630228551355 8.913375869440342 30.428991911230607 29.44496593626035 6.483392451171874 
494.00003168167757 0.0 32.51518540671954 0.0 16.60305855599869 0.0076074838954182655 0.29755221569360535 0.0076074838954182655 0.29755221569360535 8.829173265186132 30.470014889837362 29.204160153983555 6.408426058531849 48.025937766009974 192.33676939429841 122.2852721121193 49.304386438951255 0.0 0.0 0.24586688330986808 0.09777511678270143 8.829173265186132 30.470014889837362 29.204160153983555 6.408426058531849 
496.00003168167757 0.0 32.407879251401 0.0 16.535602151510766 0.007607483895418267 0.2994961904495651 0.007607483895418267 0.2994961904495651 8.839776947054004 30.426704089593127 29.074002896549434 6.402750620743856 48.025937766009974 193.11806391446132 122.4494603905433 50.10994258754718 0.0 0.0 0.24586688330986814 0.09971909153866264 8.839776947054004 30.426704089593127 29.074002896549434 6.402750620743856 
498.00003168167757 0.0 32.32334571254362 0.0 16.524255595417806 0.00760748389541827 0.30150601810478594 0.00760748389541827 0.30150601810478594 8.850651268146143 30.411017124733764 29.18846124943514 6.386563658720729 48.025937766009974 193.86276181952346 122.57417242912418 51.00048369554151 0.0 0.0 0.24586688330986814 0.1017289191938849 8.850651268146143 30.411017124733764 29.18846124943514 6.386563658720729 
500.00003168167757 0.0 32.31031961804507 0.0 16.471876015008686 0.00760748389541827 0.30327469912076227 0.00760748389541827 0.30327469912076227 8.817214086782855 30.41345351102184 28.9954110727334 6.358316936014155 48.025937766009974 194.45581824655798 122.64656327849985 51.93850637463896 0.0 0.0 0.24586688330986814 0.10349760020985904 8.817214086782855 30.41345351102184 28.9954110727334 6.358316936014155 
#####################################################################
# End of data export. Simulation finished at: 2019-02-19T18:07+0000 #
#####################################################################
