#####################################################################
# Alchemist log file - simulation started at: 2019-09-21T07:04+0000 #
#####################################################################
# seed = 77.0, stage_width = 200
#
# The columns have the following meaning: 
# time rep-bcast[Sum] rep-ccast[Sum] share-bcast[Sum] share-ccast[Sum] rep-bcast-single[Sum] rep-ccast-single[Sum] share-bcast-single[Sum] share-ccast-single[Sum] 
0.0 NaN NaN NaN NaN NaN NaN NaN NaN 
1.0001100215530223 NaN NaN 0.6758209330726928 NaN NaN NaN 0.6758209330726928 NaN 
2.0001100215530223 NaN NaN 0.5617187897858726 NaN NaN NaN 0.5617187897858726 NaN 
3.0001100215530223 1.9854489805922748 NaN 1.2806828440626323 0.7668415842343679 1.9854489805922748 NaN 1.2806828440626323 0.7668415842343679 
4.000028001505072 3.486645684499174 NaN 0.4391014687234662 1.062095235183433 3.486645684499174 2.371723282703015 0.4391014687234662 1.062095235183433 
5.000110021553022 3.96087075763244 3.5836919979387796 0.40612396315060995 0.7728672465122983 3.96087075763244 3.5836919979387796 0.40612396315060995 2.2740639504191975 
6.000110021553022 3.846231066265677 3.5836919979387796 1.6200446458040876 0.7728672465122983 3.846231066265677 3.5836919979387796 1.6200446458040876 2.2740639504191975 
7.000110021553022 3.711692091186504 3.6176629759866215 0.8285256947583113 1.0585726026521387 3.711692091186504 3.6176629759866215 0.8285256947583113 0.7986641712808717 
8.000110021553022 4.271002611664636 2.754224061831372 0.6403250793439117 1.8002118105491611 4.271002611664636 2.754224061831372 0.6403250793439117 1.5403033791778942 
9.000110021553022 3.920551266133465 3.00052389958055 0.7602032411514834 3.00052389958055 3.920551266133465 3.00052389958055 0.7602032411514834 2.740615468209283 
10.000110021553022 4.861876916920906 3.00052389958055 0.5012168029075355 3.00052389958055 4.861876916920906 3.00052389958055 0.5012168029075355 2.740615468209283 
11.000110021553022 3.4631241351280826 2.946195735013286 1.5211728381996714 NaN 3.4631241351280826 2.946195735013286 1.5211728381996714 NaN 
12.000110021553022 3.7526518073234953 4.342817192078116 0.9077702008633199 0.48885125620151015 3.7526518073234953 4.342817192078116 0.9077702008633199 0.48885125620151015 
13.000110021553022 5.477929766498914 2.610792788780392 1.2364267029739082 1.579625908687957 5.477929766498914 2.610792788780392 1.2364267029739082 1.579625908687957 
14.000110021553022 5.041402760254536 3.1848052243812734 0.3354246976735915 0.4283603851134199 5.041402760254536 3.1848052243812734 0.3354246976735915 0.4283603851134199 
15.000110021553022 4.096500862986588 3.1848052243812734 1.0350923178344296 0.4283603851134199 4.096500862986588 3.1848052243812734 1.0350923178344296 0.4283603851134199 
16.00011002155302 4.095065020011919 4.846182187300389 0.7689009690054753 0.6262846450846862 4.095065020011919 4.846182187300389 0.7689009690054753 0.6262846450846862 
17.00011002155302 3.464318762854072 3.608938043902466 1.2289293643340748 2.1454853409546164 3.464318762854072 3.608938043902466 1.2289293643340748 NaN 
18.00011002155302 3.8791132268439856 2.824198667839333 0.6985355680549397 0.6902693763178895 3.8791132268439856 2.824198667839333 0.6985355680549397 0.6902693763178895 
19.00011002155302 4.673603098959111 2.9581853805058778 1.493025440170065 0.7148602134713578 4.673603098959111 2.9581853805058778 1.493025440170065 0.7148602134713578 
20.00011002155302 3.138238426471972 2.9581853805058778 0.930352772830549 0.7148602134713578 3.138238426471972 2.9581853805058778 0.930352772830549 0.7148602134713578 
21.00011002155302 4.281264971528525 3.820017484508231 0.7515188185561499 0.39150772650040366 4.281264971528525 3.820017484508231 0.7515188185561499 NaN 
22.00011002155302 3.1054308770699244 3.8610629062122896 0.7537180564441179 0.27833350273870394 3.1054308770699244 3.8610629062122896 0.7537180564441179 0.27833350273870394 
23.00011002155302 3.9966791435874534 3.2198130166492973 0.49952615022874625 0.2763021457041077 3.9966791435874534 3.2198130166492973 0.49952615022874625 0.2763021457041077 
24.000058922202857 3.575610697310932 3.3230547904177996 1.4003182032831774 1.9182095675813144 3.575610697310932 3.3230547904177996 1.4003182032831774 1.9182095675813144 
25.00011002155302 3.0204278697986915 3.3230547904177996 0.3485002457732591 1.9182095675813144 3.0204278697986915 3.3230547904177996 0.3485002457732591 1.9182095675813144 
26.00011002155302 4.486142690689267 2.973764676140668 0.6432399875198058 0.8224748333707694 4.486142690689267 2.973764676140668 0.6432399875198058 0.8224748333707694 
27.00011002155302 4.019534160144154 2.49731481923547 1.3220716297075938 2.0226453254528565 4.019534160144154 2.49731481923547 1.3220716297075938 2.0226453254528565 
28.000028944019437 2.8804535178898156 3.962773881549211 0.2148239634939877 NaN 2.8804535178898156 3.962773881549211 0.2148239634939877 NaN 
29.00011002155302 3.807844773809567 4.576576580541619 0.5284125204213304 NaN 3.807844773809567 4.576576580541619 0.5284125204213304 NaN 
30.000020920676256 4.732432687963193 4.206552927180493 1.4530004345749568 NaN 4.732432687963193 4.206552927180493 1.4530004345749568 NaN 
31.00011002155302 3.2898631287183413 4.206552927180493 1.1056997684138707 NaN 3.2898631287183413 4.206552927180493 1.1056997684138707 NaN 
32.00011002155302 4.032091667094054 3.255766555975036 0.5615011476250302 NaN 4.032091667094054 3.255766555975036 0.5615011476250302 NaN 
33.00011002155302 4.727951381591886 2.8639653804435135 1.2573608621228622 0.8986768469168247 4.727951381591886 2.8639653804435135 1.2573608621228622 0.8986768469168247 
34.00011002155302 3.18495808372521 2.8639653804435135 0.4383529300188016 0.8986768469168247 3.18495808372521 2.8639653804435135 0.4383529300188016 0.8986768469168247 
35.00011002155302 3.8274610040736228 3.1583616338798493 0.5730471570662701 2.6929126993823225 3.8274610040736228 3.1583616338798493 0.5730471570662701 0.1973454744496621 
36.00011002155302 4.82753116477156 3.2526913497745724 0.31747895287412575 0.22760263592018504 4.82753116477156 3.2526913497745724 0.31747895287412575 0.22760263592018504 
37.00011002155302 4.82753116477156 3.2526913497745724 0.31747895287412575 0.22760263592018504 4.82753116477156 3.2526913497745724 0.31747895287412575 0.22760263592018504 
38.00000315878306 4.943785237464546 4.18211612732447 0.3233161801212745 1.253115887113566 4.943785237464546 4.18211612732447 0.3233161801212745 1.253115887113566 
39.00011002155302 4.445900940750896 3.1352656602995523 0.28259955148144655 1.4932069615375667 4.445900940750896 3.1352656602995523 0.28259955148144655 3.1352656602995523 
40.00011002155302 4.842251574941741 3.672391908382842 0.6789501856722922 NaN 4.842251574941741 3.672391908382842 0.6789501856722922 NaN 
41.00011002155302 4.719754972256716 4.238039681345853 1.274965699794059 0.9689054241683195 4.719754972256716 4.238039681345853 1.274965699794059 0.9689054241683195 
42.00011002155302 2.599238820830216 2.762619249292861 0.9513832109896043 0.44597997994409155 2.599238820830216 2.762619249292861 0.9513832109896043 0.44597997994409155 
43.00011002155302 3.2593711035351802 2.4374660479276002 0.7512785508441624 1.650319174974733 3.2593711035351802 2.4374660479276002 0.7512785508441624 1.650319174974733 
44.00011002155302 3.363233791952311 2.4374660479276002 0.7615314059879736 1.650319174974733 3.363233791952311 2.4374660479276002 0.7615314059879736 1.650319174974733 
45.00011002155302 3.368148722915244 3.7591752741023186 0.842100301709884 0.8470467570235272 3.368148722915244 3.7591752741023186 0.842100301709884 0.8470467570235272 
46.00011002155302 3.9948660427332356 2.9907578682540574 0.2528296236350158 0.373887696182976 3.9948660427332356 2.9907578682540574 0.2528296236350158 0.373887696182976 
47.00011002155302 3.935180116937417 3.1745868015392347 1.3974828928698386 1.1455913598246141 3.935180116937417 3.1745868015392347 1.3974828928698386 1.1455913598246141 
48.00011002155302 3.698111720622151 3.675228958020689 1.0837027392696612 0.4758900098501755 3.698111720622151 3.675228958020689 1.0837027392696612 0.4758900098501755 
49.00004215464375 3.444199130121369 3.675228958020689 0.8673377857123228 0.4758900098501755 3.444199130121369 3.675228958020689 0.8673377857123228 0.4758900098501755 
50.00011002155302 3.966554021046811 4.503068257795533 1.3896926766377646 1.647056838883266 3.966554021046811 4.503068257795533 1.3896926766377646 0.6849814314911882 
51.00003017858854 3.297188616316106 3.4273501123824843 0.5664290381631787 0.8327118471656192 3.297188616316106 3.4273501123824843 0.5664290381631787 0.8327118471656192 
52.00011002155302 3.3407140320069857 3.4273501123824843 0.38925392947467685 0.8327118471656192 3.3407140320069857 3.4273501123824843 0.38925392947467685 0.8327118471656192 
53.00011002155302 4.893072822884747 3.305815666999294 0.7199193701731303 2.054405197344927 4.893072822884747 3.305815666999294 0.7199193701731303 NaN 
54.00011002155302 4.374955728724174 4.262139588500347 1.7541214932160685 1.4612167877647977 4.374955728724174 4.262139588500347 1.7541214932160685 1.4612167877647977 
55.00011002155302 4.033279194559974 5.1336210761593435 0.46142554429517446 2.3326982754237946 4.033279194559974 5.1336210761593435 0.46142554429517446 1.0450441216217072 
56.00011002155302 4.837583415332709 3.6601017817327275 1.2657297650679098 1.3912864725209317 4.837583415332709 3.6601017817327275 1.2657297650679098 NaN 
57.00011002155302 3.2541448852388086 3.0514644901027452 1.0552598912708788 1.1896959181654125 3.2541448852388086 3.0514644901027452 1.0552598912708788 1.1896959181654125 
58.00011002155302 3.848888588915422 3.0514644901027452 0.5219814180231026 1.1896959181654125 3.848888588915422 3.0514644901027452 0.5219814180231026 1.1896959181654125 
59.00011002155302 4.276197823665058 2.3857303356073203 0.6247377229898277 2.3857303356073203 4.276197823665058 2.3857303356073203 0.6247377229898277 2.3857303356073203 
60.00011002155302 2.9906577366101317 3.5780446166044086 0.6023090381711356 NaN 2.9906577366101317 3.5780446166044086 0.6023090381711356 0.5675765580072607 
61.00011002155302 3.8828184427229218 3.0691098491907596 0.2917271755090596 1.1499939021886405 3.8828184427229218 3.0691098491907596 0.2917271755090596 1.1499939021886405 
62.00011002155302 4.667214235856335 2.959931364707572 1.0761229686424727 NaN 4.667214235856335 2.959931364707572 1.0761229686424727 NaN 
63.00011002155302 4.023581170977671 3.621461528291512 0.43891208328027176 1.3953446574603987 4.023581170977671 3.621461528291512 0.43891208328027176 NaN 
64.00011002155301 3.8703482266208056 3.621461528291512 1.4779934199204945 1.3953446574603987 3.8703482266208056 3.621461528291512 1.4779934199204945 NaN 
65.00011002155301 4.334792553245343 2.4960126223522394 0.762656962250631 2.4960126223522394 4.334792553245343 2.4960126223522394 0.762656962250631 NaN 
66.00011002155301 4.637151046222193 3.03879260966918 1.0650154552274813 1.0661439415600285 4.637151046222193 3.03879260966918 1.0650154552274813 1.0661439415600285 
67.00011002155301 3.9370784716250284 3.6147101068475607 1.741229166853003 1.6451647184713067 3.9370784716250284 3.6147101068475607 1.741229166853003 1.6451647184713067 
68.00011002155301 4.607108785460909 3.6147101068475607 0.7962606468702802 1.6451647184713067 4.607108785460909 3.6147101068475607 0.7962606468702802 1.6451647184713067 
69.00011002155301 3.512410791914988 3.458412050797236 0.3865231187473057 0.15523976792187 3.512410791914988 3.458412050797236 0.3865231187473057 0.15523976792187 
70.00011002155301 4.18650019524361 3.1544330154219153 1.0606125220759282 1.0818261576734898 4.18650019524361 3.1544330154219153 1.0606125220759282 1.6412145822304183 
71.00011002155301 5.304665112650412 3.6949644188200494 1.2521910497311097 1.2496933904294423 5.304665112650412 3.6949644188200494 1.2521910497311097 1.2496933904294423 
72.00011002155301 4.814012850255679 4.193958913715761 0.99281809840123 0.7655062132706973 4.814012850255679 4.193958913715761 0.99281809840123 0.7655062132706973 
73.00011002155301 3.98905590774136 4.193958913715761 0.5097251865043972 0.7655062132706973 3.98905590774136 4.193958913715761 0.5097251865043972 0.7655062132706973 
74.00011002155301 3.2730060577538325 4.1229105483426025 0.6937844944097407 0.9004715681081024 3.2730060577538325 4.1229105483426025 0.6937844944097407 0.9004715681081024 
75.00011002155301 4.374027335128247 2.9916395897081145 0.3895696470189023 1.2409598286961483 4.374027335128247 2.9916395897081145 0.3895696470189023 NaN 
76.00011002155301 4.6668537678405215 3.676781364520437 0.682396079731177 0.6886775919159049 4.6668537678405215 3.676781364520437 0.682396079731177 0.6886775919159049 
77.00011002155301 3.3267664502927943 3.676781364520437 0.5504566538804596 0.6886775919159049 3.3267664502927943 3.676781364520437 0.5504566538804596 0.6886775919159049 
78.00011002155301 4.276626727863089 3.3757214566505525 1.5003169314507545 1.9818737465638634 4.276626727863089 3.3757214566505525 1.5003169314507545 1.2250350081929327 
79.00011002155301 4.012721647142982 3.515695667745092 1.3484518208479415 3.2228692350328174 4.012721647142982 3.515695667745092 1.3484518208479415 1.033874711666158 
80.00010430752995 4.770119050431987 3.730310515223451 0.8648537356679924 0.39942628289357174 4.770119050431987 3.730310515223451 0.8648537356679924 0.39942628289357174 
81.00011002155301 NaN 3.730310515223451 NaN 0.39942628289357174 NaN 3.730310515223451 NaN 0.39942628289357174 
82.00011002155301 NaN NaN 0.36662989637164856 NaN NaN NaN 0.36662989637164856 0.5288145253960153 
83.00011002155301 2.8217554818582755 NaN 0.455355250802981 NaN 2.8217554818582755 NaN 0.455355250802981 1.1708069088171271 
84.00004938500985 2.8217554818582755 NaN 0.455355250802981 NaN 2.8217554818582755 NaN 0.455355250802981 2.306123886031216 
85.00004842258633 3.069142390047446 NaN 0.3963886076445817 0.8812487117742194 3.069142390047446 3.583761205450017 0.3963886076445817 0.8812487117742194 
86.00011002155301 2.114569970937538 NaN 1.0785421828984738 0.6903095404043569 2.114569970937538 4.586505187417501 1.0785421828984738 0.6903095404043569 
87.00011002155301 2.8610129694692716 NaN 0.5806316680829866 1.4967871030678879 2.8610129694692716 2.6904702564052343 0.5806316680829866 1.4967871030678879 
88.00005252234843 3.8351474877914455 NaN 0.5143526098461706 NaN 3.8351474877914455 3.922313863913658 0.5143526098461706 NaN 
89.00011002155301 3.8351474877914455 NaN 0.5143526098461706 0.5778540848469902 3.8351474877914455 4.528142543077308 0.5143526098461706 NaN 
90.00001859838082 3.6945044576769703 NaN 1.0503546083413653 1.556769419198929 3.6945044576769703 4.313374724091901 1.0503546083413653 NaN 
91.00011002155301 2.8157854939255316 3.6721994283175547 0.6012755676969448 0.558326638723571 2.8157854939255316 3.6721994283175547 0.6012755676969448 0.558326638723571 
92.00011002155301 2.8157854939255316 5.259529359843157 0.6012755676969448 0.9860543638286572 2.8157854939255316 5.259529359843157 0.6012755676969448 0.9860543638286572 
93.00011002155301 3.764341154081052 5.80696179050409 0.5683299754905136 1.5334867944895905 3.764341154081052 5.80696179050409 0.5683299754905136 1.5334867944895905 
94.00011002155301 3.6877812117212585 4.072254251791662 0.6933775941596139 1.3582677060519757 3.6877812117212585 4.072254251791662 0.6933775941596139 1.3582677060519757 
95.00011002155301 3.6877812117212585 5.166695640979654 0.6933775941596139 2.4527090952399675 3.6877812117212585 4.007093434559138 0.6933775941596139 0.9205877905348245 
96.00011002155301 3.5762705970846724 4.697778735664514 0.5552315263541914 3.143394396345343 3.5762705970846724 4.697778735664514 0.5552315263541914 1.6112730916402 
97.00011002155301 2.3141793767021426 4.095651113948804 0.5062990619238548 1.0877104923546455 2.3141793767021426 4.095651113948804 0.5062990619238548 1.0877104923546455 
98.00011002155301 2.391723143347221 3.73896262313022 0.26403361185720087 NaN 2.391723143347221 3.73896262313022 0.26403361185720087 NaN 
99.00011002155301 2.391723143347221 4.584009527322053 0.26403361185720087 0.5810132923346316 2.391723143347221 4.584009527322053 0.26403361185720087 0.5810132923346316 
100.00011002155301 2.142724530302388 5.476545072603656 0.049960465433443346 1.4735488376162351 2.142724530302388 5.476545072603656 0.049960465433443346 1.4735488376162351 
101.00011002155301 2.9218073039720736 4.353674670472941 0.8290432391031288 0.8032910395283892 2.9218073039720736 4.353674670472941 0.8290432391031288 0.8032910395283892 
102.00011002155301 3.5605075126108545 5.104388857919616 0.8620825244016999 1.5540052269750646 3.5605075126108545 5.104388857919616 0.8620825244016999 1.5540052269750646 
103.00011002155301 3.2376922632051333 3.559940462461256 0.2050108604708356 0.37220866468956615 3.2376922632051333 3.559940462461256 0.2050108604708356 0.37220866468956615 
104.00011002155301 2.754526537931099 3.7230649634034876 0.7769598886679177 1.3144159393014831 2.754526537931099 3.7230649634034876 0.7769598886679177 1.3144159393014831 
105.00011002155301 2.754526537931099 4.558446386979995 0.7769598886679177 NaN 2.754526537931099 4.558446386979995 0.7769598886679177 NaN 
106.00011002155301 3.3682437012493267 5.074717921424124 0.3638025412443966 NaN 3.3682437012493267 5.074717921424124 0.3638025412443966 NaN 
107.00011002155301 3.896570092859747 4.207417881916527 1.0254903350667917 0.5158586495276154 3.896570092859747 4.207417881916527 1.0254903350667917 0.5158586495276154 
108.00011002155301 3.0232583983490713 4.1541402911476695 0.4342492222240395 0.1302530832780917 3.0232583983490713 4.1541402911476695 0.4342492222240395 0.1302530832780917 
109.00011002155301 3.8201405355664093 4.1541402911476695 0.6666290539392463 0.1302530832780917 3.8201405355664093 4.1541402911476695 0.6666290539392463 0.1302530832780917 
110.00011002155301 2.636445784213393 4.7878239459103895 0.6220891249934084 3.609864617643865 2.636445784213393 4.7878239459103895 0.6220891249934084 3.609864617643865 
111.00011002155301 2.636445784213393 5.149986872873882 0.6220891249934084 NaN 2.636445784213393 5.149986872873882 0.6220891249934084 NaN 
112.00011002155301 3.4161566757196056 3.798570777806802 1.0558787432284902 NaN 3.4161566757196056 3.798570777806802 1.0558787432284902 NaN 
113.00011002155301 2.742861912389813 4.253862252505854 1.072659223388726 NaN 2.742861912389813 4.253862252505854 1.072659223388726 NaN 
114.00011002155301 2.742861912389813 4.879322372201017 1.072659223388726 NaN 2.742861912389813 4.879322372201017 1.072659223388726 NaN 
115.00011002155301 3.036359396771246 5.874118761294426 0.6453797601419211 NaN 3.036359396771246 5.874118761294426 0.6453797601419211 NaN 
116.00011002155301 2.7591784606102436 6.773978438454705 0.9491775834303127 NaN 2.7591784606102436 6.773978438454705 0.9491775834303127 NaN 
117.00011002155301 2.967668806913963 3.9888638562757137 0.29883575273851193 0.21622054113892375 2.967668806913963 3.9888638562757137 0.29883575273851193 0.21622054113892375 
118.00011002155301 3.257358017781783 4.87067064276917 0.5372261814869006 2.121722162022621 3.257358017781783 4.87067064276917 0.5372261814869006 2.121722162022621 
119.00011002155301 3.257358017781783 2.8543868956996903 0.5372261814869006 NaN 3.257358017781783 2.8543868956996903 0.5372261814869006 NaN 
120.00011002155301 2.719703950863419 3.7788933558884708 1.1052324306928938 NaN 2.719703950863419 3.7788933558884708 1.1052324306928938 NaN 
121.00011002155301 2.907976370020066 5.2198853401550735 0.9000372669961649 0.5409547172704379 2.907976370020066 5.2198853401550735 0.9000372669961649 0.5409547172704379 
122.00011002155301 2.984172367829956 6.163959866162841 0.6186739233745726 NaN 2.984172367829956 6.163959866162841 0.6186739233745726 1.4850292432782055 
123.00011002155301 3.0458805107018208 3.6299889972732586 0.6608140004274503 1.7510490601361965 3.0458805107018208 3.6299889972732586 0.6608140004274503 1.7510490601361965 
124.00011002155301 3.0217705326560633 3.6946392640068098 0.6520475491452942 1.548796020301154 3.0217705326560633 3.6946392640068098 0.6520475491452942 1.548796020301154 
125.00011002155301 3.0217705326560633 4.735378047772656 0.6520475491452942 1.1726527978461547 3.0217705326560633 4.735378047772656 0.6520475491452942 NaN 
126.00011002155301 2.8998420415705937 4.297128465691358 0.2278552441049726 1.8940318564098675 2.8998420415705937 4.297128465691358 0.2278552441049726 NaN 
127.00011002155301 2.9492688322903575 4.091141022010248 0.8720914365672314 2.674259015789403 2.9492688322903575 4.091141022010248 0.8720914365672314 NaN 
128.000110021553 2.274856211905771 5.27814503960775 0.3076250349287335 NaN 2.274856211905771 5.27814503960775 0.3076250349287335 NaN 
129.000110021553 3.4544779140096296 6.571172314793159 0.8777380494196052 0.9854022402566756 3.4544779140096296 6.571172314793159 0.8777380494196052 0.9854022402566756 
130.000110021553 3.4544779140096296 7.5931909922503 0.8777380494196052 0.8277992156099572 3.4544779140096296 7.5931909922503 0.8777380494196052 NaN 
131.00009945730267 2.8683455804746245 9.323946953522167 0.5532996278320752 1.5723405738211795 2.8683455804746245 9.323946953522167 0.5532996278320752 NaN 
132.000110021553 2.4775149350749075 9.323946953522167 0.7109548994065449 1.5723405738211795 2.4775149350749075 9.323946953522167 0.7109548994065449 NaN 
133.000110021553 2.883508295616849 3.915893643208534 0.22363613714216513 0.6456192193975596 2.883508295616849 3.915893643208534 0.22363613714216513 0.6456192193975596 
134.000110021553 3.5582285952114887 2.6415885852163683 0.4701341676129118 1.6546096346331183 3.5582285952114887 2.6415885852163683 0.4701341676129118 1.6546096346331183 
135.000110021553 4.28173402718852 3.462610985966336 0.9291905425656068 NaN 4.28173402718852 3.462610985966336 0.9291905425656068 2.475632035383086 
136.000110021553 4.28173402718852 4.247117248700874 0.9291905425656068 NaN 4.28173402718852 4.247117248700874 0.9291905425656068 3.2601382981176243 
137.000110021553 2.620563823841792 5.742135594589087 1.0150351603572858 NaN 2.620563823841792 3.639403256995365 1.0150351603572858 NaN 
138.000110021553 2.584644807673783 6.552445998990976 0.7350061226872242 NaN 2.584644807673783 4.449713661397254 0.7350061226872242 NaN 
139.00003819644274 2.584644807673783 7.410290577844336 0.7350061226872242 0.9331488605680249 2.584644807673783 5.307558240250614 0.7350061226872242 NaN 
140.000110021553 2.5909796679369776 4.726706554152486 0.5270203537979228 0.36017475029220236 2.5909796679369776 4.726706554152486 0.5270203537979228 0.36017475029220236 
141.000110021553 2.8361765352732675 9.29552261870856 1.0911368523297824 1.3582116870663015 2.8361765352732675 7.1927902811148385 1.0911368523297824 1.3582116870663015 
142.000110021553 3.0697727627413656 10.450067906634445 0.275021036808198 1.0614453723702013 3.0697727627413656 10.450067906634445 0.275021036808198 NaN 
143.000110021553 3.1893417587669717 3.6154625268981135 1.036759534066988 1.0727101179546707 3.1893417587669717 3.6154625268981135 1.036759534066988 1.0727101179546707 
144.000110021553 3.1893417587669717 3.178554616110688 1.036759534066988 1.0803497096734986 3.1893417587669717 3.178554616110688 1.036759534066988 1.0803497096734986 
145.000110021553 2.6020653603985124 3.9668877701649876 1.2543342056356437 1.8686828637277983 2.6020653603985124 3.9668877701649876 1.2543342056356437 1.8686828637277983 
146.000110021553 3.8396357904472893 3.8955856170603624 0.934193392652503 NaN 3.8396357904472893 3.8955856170603624 0.934193392652503 NaN 
147.000110021553 3.557507716243009 4.5058419744737535 0.7346322171373174 0.6962016179777208 3.557507716243009 4.5058419744737535 0.7346322171373174 0.6962016179777208 
148.00000780941812 3.719581683683316 5.615489873118065 0.19120562035448074 0.9852720389203853 3.719581683683316 5.615489873118065 0.19120562035448074 NaN 
149.000110021553 2.495612895496606 3.3948331074412295 0.7757086394389034 0.8132749513802935 2.495612895496606 3.3948331074412295 0.7757086394389034 0.8132749513802935 
150.000110021553 3.2438205662688233 2.1337891452497786 0.22745773587323015 3.3102668045246446 3.2438205662688233 2.1337891452497786 0.22745773587323015 2.1337891452497786 
151.000110021553 1.766132262987469 3.0284959720065388 0.41373467800684693 5.025551108983052 1.766132262987469 3.0284959720065388 0.41373467800684693 NaN 
152.000110021553 1.766132262987469 4.261477230652218 0.41373467800684693 NaN 1.766132262987469 4.261477230652218 0.41373467800684693 NaN 
153.000110021553 2.467760930972247 4.73380955579853 0.3400728455698072 NaN 2.467760930972247 4.73380955579853 0.3400728455698072 NaN 
154.000110021553 2.0291154085734604 4.408449986636356 0.5147503687142034 0.3204617814524511 2.0291154085734604 4.408449986636356 0.5147503687142034 0.3204617814524511 
155.00001243158673 3.437536161863619 5.134933624647914 1.0879589718377076 1.0469454194640093 3.437536161863619 5.134933624647914 1.0879589718377076 1.0469454194640093 
156.000110021553 3.437536161863619 6.247162123087293 1.0879589718377076 0.7507531646132293 3.437536161863619 6.247162123087293 1.0879589718377076 0.7507531646132293 
157.000110021553 3.2229492959213246 6.870955330282584 0.35113270044695355 0.27266050674833764 3.2229492959213246 6.870955330282584 0.35113270044695355 1.3745463718085205 
158.000110021553 2.1598266415294347 8.091293791755277 0.31569497286145065 1.4929989682210305 2.1598266415294347 5.432710762803282 0.31569497286145065 NaN 
159.000110021553 2.1598266415294347 NaN 0.31569497286145065 2.5182442891777725 2.1598266415294347 6.457956083760024 0.31569497286145065 NaN 
160.000110021553 3.5832287618548264 NaN 0.7138517722301003 3.918238220179859 3.5832287618548264 7.85795001476211 0.7138517722301003 0.686142158771986 
161.000110021553 4.339999205185961 NaN 0.69442149175444 1.6055111083506688 4.339999205185961 NaN 0.69442149175444 1.6055111083506688 
162.000110021553 2.9586706583810667 3.8695781258842317 0.6393077778002976 0.2013571194078736 2.9586706583810667 3.8695781258842317 0.6393077778002976 0.2013571194078736 
163.0000020946623 2.9586706583810667 3.8695781258842317 0.6393077778002976 0.2013571194078736 2.9586706583810667 3.8695781258842317 0.6393077778002976 0.2013571194078736 
164.000110021553 4.004145354156094 4.193283883341763 0.4970036295863167 2.8127202328153373 4.004145354156094 4.193283883341763 0.4970036295863167 2.8127202328153373 
165.000110021553 3.860080593867025 5.241032936300229 0.2245587659174646 0.5507454233721489 3.860080593867025 5.241032936300229 0.2245587659174646 0.5507454233721489 
166.000110021553 3.860080593867025 5.945463353775892 0.2245587659174646 0.47987165155819866 3.860080593867025 5.945463353775892 0.2245587659174646 0.47987165155819866 
167.00010752099277 2.8296862102467344 3.21022172598947 0.9423467508595706 1.4674173808955686 2.8296862102467344 3.21022172598947 0.9423467508595706 1.4674173808955686 
168.000110021553 2.9103774835346314 3.4975261768685755 0.4317963773040674 0.036403269961795104 2.9103774835346314 3.4975261768685755 0.4317963773040674 0.036403269961795104 
169.000110021553 3.926152259096625 4.130477604511157 0.2878508372542683 0.4288841113319961 3.926152259096625 4.130477604511157 0.2878508372542683 0.4288841113319961 
170.000110021553 3.589796918052002 3.4111255224562456 0.22387037407355592 1.1317504316948543 3.589796918052002 3.4111255224562456 0.22387037407355592 1.1317504316948543 
171.000110021553 3.503781140798054 3.1060726511869348 0.4341117595729145 0.7346770698565308 3.503781140798054 3.1060726511869348 0.4341117595729145 0.7346770698565308 
172.000110021553 3.503781140798054 4.515904583708561 0.4341117595729145 0.9757201729487122 3.503781140798054 4.515904583708561 0.4341117595729145 0.9757201729487122 
173.000110021553 3.2057948706653576 4.142199452867857 0.7070462587525128 1.6177898176700012 3.2057948706653576 4.142199452867857 0.7070462587525128 0.507520470870503 
174.000110021553 3.71367276759662 3.7690764456308727 0.7032237464236175 0.27927405210780876 3.71367276759662 3.7690764456308727 0.7032237464236175 0.27927405210780876 
175.000110021553 2.0881486024335345 3.9003028255951335 1.1056508039021082 1.5792892615015148 2.0881486024335345 3.9003028255951335 1.1056508039021082 1.5792892615015148 
176.000110021553 2.0881486024335345 3.730516985305144 1.1056508039021082 NaN 2.0881486024335345 3.730516985305144 1.1056508039021082 NaN 
177.000110021553 3.00253721679681 4.654365768543499 0.28173352571420196 NaN 3.00253721679681 4.654365768543499 0.28173352571420196 NaN 
178.000110021553 3.7571211598322236 5.74835211734262 0.5927736606906535 NaN 3.7571211598322236 5.74835211734262 0.5927736606906535 NaN 
179.000110021553 3.6810014199165835 7.995605707664936 0.7226827813695991 NaN 3.6810014199165835 7.995605707664936 0.7226827813695991 NaN 
180.000110021553 3.6810014199165835 9.746608810673052 0.7226827813695991 NaN 3.6810014199165835 9.746608810673052 0.7226827813695991 NaN 
181.000110021553 3.2568032629897345 10.561671561189172 1.0258326706677963 NaN 3.2568032629897345 10.561671561189172 1.0258326706677963 NaN 
182.000110021553 3.329979078466721 4.626394253396711 0.7957178108491121 0.7952024868215233 3.329979078466721 4.626394253396711 0.7957178108491121 0.7952024868215233 
183.000110021553 2.986414727280817 2.86952504593026 0.5804316790940618 1.7023628816541532 2.986414727280817 2.86952504593026 0.5804316790940618 1.7023628816541532 
184.000110021553 3.4642757710210503 2.86952504593026 0.9661950785177851 1.7023628816541532 3.4642757710210503 2.86952504593026 0.9661950785177851 1.7023628816541532 
185.000110021553 3.4642757710210503 3.6576440549461324 0.9661950785177851 NaN 3.4642757710210503 3.6576440549461324 0.9661950785177851 NaN 
186.00010368746774 3.40945032945487 4.387089190140443 0.35073938719082776 NaN 3.40945032945487 4.387089190140443 0.35073938719082776 NaN 
187.00001482967315 2.7050026909871576 4.283698011243246 0.38749190580321624 0.6994457986323823 2.7050026909871576 4.283698011243246 0.38749190580321624 0.6994457986323823 
188.000110021553 2.9904776968848523 4.039957413894683 0.988789574672154 1.12742618890411 2.9904776968848523 4.039957413894683 0.988789574672154 1.12742618890411 
189.00003475628785 2.9904776968848523 3.6071625715974847 0.988789574672154 NaN 2.9904776968848523 3.6071625715974847 0.988789574672154 NaN 
190.000110021553 2.5621715333832356 3.2151977296650216 0.6059576968076215 0.5747832042854668 2.5621715333832356 3.2151977296650216 0.6059576968076215 0.5747832042854668 
191.000110021553 3.9118319959531505 3.7293750464363313 0.26069994151313836 1.0889605210567765 3.9118319959531505 3.7293750464363313 0.26069994151313836 1.0889605210567765 
192.000110021553 3.9118319959531505 3.4063724255880743 0.26069994151313836 0.48333000430707784 3.9118319959531505 3.4063724255880743 0.26069994151313836 0.48333000430707784 
193.000110021553 2.881247303327001 4.771615339426205 1.1246869481724389 0.24055596566569193 2.881247303327001 4.771615339426205 1.1246869481724389 0.24055596566569193 
194.000110021553 3.2378510074267695 5.654847333626833 0.24534615356779454 1.1237879598663199 3.2378510074267695 5.654847333626833 0.24534615356779454 1.1237879598663199 
195.000110021553 3.1911433301299326 4.182586377804398 0.9426684220911739 1.205435311890767 3.1911433301299326 4.182586377804398 0.9426684220911739 2.5745694253248814 
196.000110021553 4.0984701052226455 4.711629960236536 1.0558025197585437 1.7344788943229048 4.0984701052226455 4.711629960236536 1.0558025197585437 3.103613007757019 
197.000110021553 3.3562086852329003 2.9948253365094786 1.376383637342201 NaN 3.3562086852329003 2.9948253365094786 1.376383637342201 NaN 
198.00001772568768 3.3562086852329003 4.23378855662034 1.376383637342201 1.122926024955234 3.3562086852329003 4.23378855662034 1.376383637342201 1.122926024955234 
199.000110021553 3.222780328923818 4.3710790953521155 0.19442708419424548 0.6401857230609096 3.222780328923818 4.3710790953521155 0.19442708419424548 0.6401857230609096 
200.000110021553 3.4651355133249524 5.281509832574812 0.20127260034493588 1.5506164602836066 3.4651355133249524 5.281509832574812 0.20127260034493588 1.5506164602836066 
201.000110021553 3.4651355133249524 NaN 0.20127260034493588 NaN 3.4651355133249524 NaN 0.20127260034493588 NaN 
202.000110021553 NaN NaN 0.4886932137890767 NaN NaN NaN 0.4886932137890767 NaN 
203.000110021553 NaN NaN 1.4069744735032828 0.8738444095517934 NaN NaN 1.4069744735032828 NaN 
204.000110021553 NaN NaN 0.8248527480709242 1.0341101349188193 NaN NaN 0.8248527480709242 NaN 
205.000110021553 3.308712549880738 NaN 0.8676279414586361 1.0341101349188193 3.308712549880738 NaN 0.8676279414586361 NaN 
206.000110021553 3.263465341512756 NaN 0.7137257377558797 0.6035646772170082 3.263465341512756 3.7946700033093066 0.7137257377558797 0.6035646772170082 
207.0000863612752 3.710687678034617 NaN 1.1609480742777407 0.7158660033471733 3.710687678034617 4.853175754411723 1.1609480742777407 0.7158660033471733 
208.000110021553 3.7752611943035674 NaN 0.8744768345248701 0.863826715881828 3.7752611943035674 3.3277769163158837 0.8744768345248701 0.863826715881828 
209.000110021553 4.771593033948278 NaN 0.5761881761737584 0.863826715881828 4.771593033948278 3.3277769163158837 0.5761881761737584 0.863826715881828 
210.000110021553 4.809339347713092 NaN 0.6229612629065002 0.8859776695339576 4.809339347713092 2.325992561589544 0.6229612629065002 0.8859776695339576 
211.000110021553 3.8420377006698345 NaN 1.085251356966296 1.8595754883768052 3.8420377006698345 3.2995903804323916 1.085251356966296 3.2995903804323916 
212.000110021553 3.8775215569353065 3.3939960595704406 1.441757892384743 NaN 3.8775215569353065 3.3939960595704406 1.441757892384743 NaN 
213.000110021553 4.483274758393975 3.8837745688707344 0.7298387538588429 0.5967744777503867 4.483274758393975 3.8837745688707344 0.7298387538588429 0.5967744777503867 
214.0000691572056 4.113567192621844 3.8837745688707344 0.4956838021851979 0.5967744777503867 4.113567192621844 3.8837745688707344 0.4956838021851979 0.5967744777503867 
215.000110021553 4.416104893269136 2.9861119334192665 1.7718193216753377 1.2879004520250135 4.416104893269136 2.9861119334192665 1.7718193216753377 1.2879004520250135 
216.000110021553 3.9571712662607297 2.9861119334192665 0.8469737804412887 1.2879004520250135 3.9571712662607297 2.9861119334192665 0.8469737804412887 1.2879004520250135 
217.000110021553 4.948393010665967 3.958801549059558 1.838195524846526 0.7314690366576713 4.948393010665967 3.958801549059558 1.838195524846526 0.7314690366576713 
218.000110021553 4.795826472712378 2.7084451466128883 0.3155620044241516 NaN 4.795826472712378 2.7084451466128883 0.3155620044241516 NaN 
219.0000274550185 5.163491394527767 3.951290044925031 0.6832269262395414 0.9272828938879911 5.163491394527767 3.951290044925031 0.6832269262395414 0.9272828938879911 
220.00001904741222 3.3383339225894133 5.14351429490776 0.9772516272982159 0.4581031414289214 3.3383339225894133 5.14351429490776 0.9772516272982159 0.4581031414289214 
221.000110021553 3.520016472615481 5.14351429490776 1.0849473243206091 0.4581031414289214 3.520016472615481 5.14351429490776 1.0849473243206091 0.4581031414289214 
222.000110021553 4.016082085247007 5.647250052346948 1.5810129369521349 0.8568173996622477 4.016082085247007 5.647250052346948 1.5810129369521349 0.8568173996622477 
223.000110021553 3.7048476602039386 3.1242302915351274 1.1501489398058595 NaN 3.7048476602039386 3.1242302915351274 1.1501489398058595 0.3966342586294047 
224.000110021553 4.04626078566136 3.1242302915351274 1.137003116810746 NaN 4.04626078566136 3.1242302915351274 1.137003116810746 0.3966342586294047 
225.000110021553 3.4589198453756183 4.329629579461226 0.7067373590142552 0.31879554696033097 3.4589198453756183 4.329629579461226 0.7067373590142552 0.31879554696033097 
226.00002861772444 4.404391327107135 4.490348057301361 1.6522088407457716 NaN 4.404391327107135 4.490348057301361 1.6522088407457716 NaN 
227.000110021553 4.133480089246262 4.321345810307918 1.4674423764749065 0.46652148265135907 4.133480089246262 4.321345810307918 1.4674423764749065 NaN 
228.00006414244717 3.7159683444609186 2.333476805362153 0.9966560807085045 1.057604844787761 3.7159683444609186 4.304481193068256 0.9966560807085045 1.057604844787761 
229.00006956975258 4.314403797837741 2.333476805362153 0.32871815172981655 1.057604844787761 4.314403797837741 4.304481193068256 0.32871815172981655 1.057604844787761 
230.000110021553 3.122306300328006 3.7589349034563213 0.43047481987832725 0.4071338000013611 3.122306300328006 5.479539915317446 0.43047481987832725 0.4071338000013611 
231.000110021553 4.035232839956819 3.6153038170344303 1.3434013595071406 0.3033603738780073 4.035232839956819 3.6153038170344303 1.3434013595071406 0.3033603738780073 
232.000110021553 3.6333210121800903 3.5210784015642957 1.075622039933421 1.0809370956928035 3.6333210121800903 3.5210784015642957 1.075622039933421 NaN 
233.000110021553 3.6333210121800903 3.5210784015642957 1.075622039933421 1.0809370956928035 3.6333210121800903 3.5210784015642957 1.075622039933421 NaN 
234.000110021553 3.9633078808691096 2.845770864992545 1.5389694256691655 2.331250005759898 3.9633078808691096 2.845770864992545 1.5389694256691655 1.4667884511811167 
235.000110021553 4.2380141962975415 3.495171056401375 0.5316826545415267 1.2370842440718093 4.2380141962975415 3.495171056401375 0.5316826545415267 1.2370842440718093 
236.000110021553 3.681365120879633 2.9400856426054816 1.2671311601710613 1.1713187439921455 3.681365120879633 2.9400856426054816 1.2671311601710613 1.1713187439921455 
237.000110021553 3.3580986658322445 2.9400856426054816 0.4911762166570952 1.1713187439921455 3.3580986658322445 2.9400856426054816 0.4911762166570952 1.1713187439921455 
238.000110021553 3.6697792987761204 2.4877436430176942 0.6503530012168994 0.8252486823684535 3.6697792987761204 2.4877436430176942 0.6503530012168994 0.8252486823684535 
239.000110021553 2.9280181308180318 2.4877436430176942 1.611593231792483 0.8252486823684535 2.9280181308180318 2.4877436430176942 1.611593231792483 0.8252486823684535 
240.000110021553 3.2689541462659975 3.5868543256711973 1.9525292472404487 1.1842061870661382 3.2689541462659975 3.5868543256711973 1.9525292472404487 0.22296595649055462 
241.000110021553 4.430027699415206 3.2893497925755923 1.2790436121066193 0.6015976174568323 4.430027699415206 3.2893497925755923 1.2790436121066193 0.6015976174568323 
242.00005099661954 4.363711669292769 2.6296076426051798 0.1225107948951063 1.1275980740080058 4.363711669292769 2.6296076426051798 0.1225107948951063 1.1275980740080058 
243.000110021553 3.787630351863271 2.6230828470811502 1.3809886657486459 0.9987027383218674 3.787630351863271 2.6230828470811502 1.3809886657486459 2.2488116072249795 
244.000110021553 4.360428708233769 2.6295279466744432 0.8325734889021703 0.44768733840646746 4.360428708233769 2.6295279466744432 0.8325734889021703 3.903343674389788 
245.000110021553 3.257221686056937 2.6295279466744432 0.8557473255313255 0.44768733840646746 3.257221686056937 2.6295279466744432 0.8557473255313255 3.903343674389788 
246.000110021553 4.163670328912104 3.786917540708828 0.2542419933081703 NaN 4.163670328912104 3.786917540708828 0.2542419933081703 1.1986219570430308 
247.000110021553 4.271396070062593 3.5691623015463563 1.4831812676756329 2.239344588734099 4.271396070062593 3.5691623015463563 1.4831812676756329 1.6929292812380652 
248.000110021553 4.699428446334849 3.5691623015463563 0.8704910122568208 2.239344588734099 4.699428446334849 3.5691623015463563 0.8704910122568208 1.6929292812380652 
249.000110021553 3.5692619169826116 3.2312466196752894 0.9902219468543194 3.777661927171323 3.5692619169826116 3.2312466196752894 0.9902219468543194 3.2312466196752894 
250.000110021553 4.294577195275195 2.777869472734153 0.46391284618377426 0.6628370119478859 4.294577195275195 2.777869472734153 0.46391284618377426 0.79824168117986 
251.000110021553 2.9724618136031324 3.726147298295814 0.3421732177599779 NaN 2.9724618136031324 3.726147298295814 0.3421732177599779 NaN 
252.000110021553 3.9828098732803596 2.1253351230739668 1.352521277437205 0.8684105346177375 3.9828098732803596 2.1253351230739668 1.352521277437205 0.8684105346177375 
253.000110021553 3.608451842669524 2.1253351230739668 1.019203873411783 0.8684105346177375 3.608451842669524 2.1253351230739668 1.019203873411783 0.8684105346177375 
254.000110021553 4.576144389533084 3.263836092631607 0.7772627583802318 0.9563461614941957 4.576144389533084 3.263836092631607 0.7772627583802318 0.9563461614941957 
255.000110021553 3.06942756718189 3.263836092631607 1.0938775322759113 0.9563461614941957 3.06942756718189 3.263836092631607 1.0938775322759113 0.9563461614941957 
256.00011002155304 2.832139977943541 3.3937311824817584 0.4438303029468784 1.2847104346854223 2.832139977943541 3.3937311824817584 0.4438303029468784 NaN 
257.00011002155304 3.6051084529438526 3.3937311824817584 1.21679877794719 1.2847104346854223 3.6051084529438526 3.3937311824817584 1.21679877794719 NaN 
258.00011002155304 3.7516113258785992 2.1566629775866204 0.5010708160160675 1.184316904929858 3.7516113258785992 2.1566629775866204 0.5010708160160675 0.41134842992954646 
259.00011002155304 4.627676414740705 2.6308454726465698 1.3771359048781733 1.8578769976462581 4.627676414740705 2.6308454726465698 1.3771359048781733 1.8578769976462581 
260.00011002155304 4.352027850596812 3.377001078360479 1.277352075003364 2.948479129414295 4.352027850596812 3.377001078360479 1.277352075003364 1.1599947946065754 
261.00011002155304 3.8567469645145707 2.60161218898088 1.319616265029822 0.6219513841046478 3.8567469645145707 2.60161218898088 1.319616265029822 0.6219513841046478 
262.00011002155304 4.40423686910998 3.6075206259118886 0.774016740645493 1.6278598210356563 4.40423686910998 3.6075206259118886 0.774016740645493 0.7793816008809245 
263.00011002155304 3.8591286335649784 3.0686593605543067 0.6695286358861949 0.4868828019926923 3.8591286335649784 3.0686593605543067 0.6695286358861949 0.4868828019926923 
264.00011002155304 2.4532371356824 3.0686593605543067 1.4473286987513916 0.4868828019926923 2.4532371356824 3.0686593605543067 1.4473286987513916 0.4868828019926923 
265.00011002155304 3.3802489989659534 2.835906669335486 1.2179291241560577 1.156686274298579 3.3802489989659534 2.835906669335486 1.2179291241560577 NaN 
266.000055092665 4.00799259262385 3.238560309696709 1.4039776195738796 0.4472139977609686 4.00799259262385 3.238560309696709 1.4039776195738796 0.4472139977609686 
267.0000827259046 4.01646279431958 3.238560309696709 1.264785286615563 0.4472139977609686 4.01646279431958 3.238560309696709 1.264785286615563 0.4472139977609686 
268.00011002155304 3.4603479783903595 3.871613737275709 0.7454205154132296 1.3109498434032503 3.4603479783903595 3.871613737275709 0.7454205154132296 NaN 
269.00011002155304 3.896966493587456 4.113818908569442 1.1820390306103263 0.4237965191640569 3.896966493587456 4.113818908569442 1.1820390306103263 0.4237965191640569 
270.00011002155304 4.282012764091405 3.618993244932483 0.5631158721179759 1.1260043709189063 4.282012764091405 3.618993244932483 0.5631158721179759 1.1260043709189063 
271.00011002155304 5.300402777463205 3.313770317190631 0.7218471736570109 1.1285632171710063 5.300402777463205 3.313770317190631 0.7218471736570109 1.985663082751671 
272.00000861772804 5.300402777463205 3.634074886072028 0.7218471736570109 0.4899461144662496 5.300402777463205 3.634074886072028 0.7218471736570109 0.4899461144662496 
273.00011002155304 4.513332703464528 3.634074886072028 1.3030543365565563 0.4899461144662496 4.513332703464528 3.634074886072028 1.3030543365565563 0.4899461144662496 
274.00011002155304 4.355584457201417 4.217167354588071 2.2841324572453914 2.3667569637600536 4.355584457201417 4.217167354588071 2.2841324572453914 0.5737565127372477 
275.00011002155304 3.9716157814243616 5.491208077668432 0.883011644007297 0.8667191151287739 3.9716157814243616 5.491208077668432 0.883011644007297 0.8667191151287739 
276.00011002155304 4.021039206783655 2.5397899857741777 0.8701876344094899 0.5271489851940601 4.021039206783655 2.5397899857741777 0.8701876344094899 0.5271489851940601 
277.00011002155304 3.194002013662498 2.5397899857741777 0.5226246709785869 0.5271489851940601 3.194002013662498 2.5397899857741777 0.5226246709785869 0.5271489851940601 
278.00011002155304 4.1124802356695795 3.7939532376771012 1.4411028929856684 1.0072728319661906 4.1124802356695795 3.7939532376771012 1.4411028929856684 1.0072728319661906 
279.00011002155304 3.8326461015165023 3.2554044831111355 0.9054119789681749 0.29294601600412307 3.8326461015165023 3.2554044831111355 0.9054119789681749 0.29294601600412307 
280.00011002155304 4.643037476090683 3.6734717382768736 0.5174453585700576 0.556965445907224 4.643037476090683 3.6734717382768736 0.5174453585700576 1.3673568204814046 
281.00011002155304 4.704717148866166 3.6734717382768736 0.9020508464718091 0.556965445907224 4.704717148866166 3.6734717382768736 0.9020508464718091 1.3673568204814046 
282.00011002155304 4.121136119154471 3.34611122385337 0.5836753286810108 2.5357198492791895 4.121136119154471 3.34611122385337 0.5836753286810108 NaN 
283.00011002155304 4.9803660290140215 3.34611122385337 0.7288428261924764 2.5357198492791895 4.9803660290140215 3.34611122385337 0.7288428261924764 NaN 
284.00011002155304 5.083311141543959 3.140445629145006 0.6075829684562564 NaN 5.083311141543959 3.140445629145006 0.6075829684562564 NaN 
285.00011002155304 3.6766076709266713 4.396494538601928 0.283933383883209 0.6484659410006657 3.6766076709266713 4.396494538601928 0.283933383883209 0.6484659410006657 
286.00011002155304 3.9976049953068014 3.1073745236705577 0.16138764544376727 2.3267091211707793 3.9976049953068014 3.1073745236705577 0.16138764544376727 0.8736720912844476 
287.00011002155304 4.977920405826808 3.0230167605849942 1.1417030559637737 1.0555576989729047 4.977920405826808 3.0230167605849942 1.1417030559637737 2.0906174357011196 
288.00011002155304 4.404706544981593 3.0230167605849942 0.7741068159403426 1.0555576989729047 4.404706544981593 3.0230167605849942 0.7741068159403426 2.0906174357011196 
289.00011002155304 4.326035110352677 3.5927532028413793 0.44934852362808897 0.7280289511999172 4.326035110352677 3.5927532028413793 0.44934852362808897 0.7280289511999172 
290.000087902695 4.411697364566464 3.787176083319764 0.463133635802933 0.7801340935785106 4.411697364566464 3.787176083319764 0.463133635802933 0.7801340935785106 
291.00011002155304 4.206270248108922 4.191254848451763 1.4746518637620625 0.9212605398490723 4.206270248108922 4.191254848451763 1.4746518637620625 0.6026732630555784 
292.00011002155304 4.448788171963258 4.191254848451763 0.33277561196439365 0.9212605398490723 4.448788171963258 4.191254848451763 0.33277561196439365 0.6026732630555784 
293.00011002155304 4.25491167807013 2.8310613043556714 1.6410348852115249 0.9949656660043615 4.25491167807013 2.8310613043556714 1.6410348852115249 0.9949656660043615 
294.00011002155304 4.014491057267662 2.5861982619733226 1.3023556036469017 1.035421064871855 4.014491057267662 2.5861982619733226 1.3023556036469017 1.035421064871855 
295.00011002155304 4.000695337180673 3.7104699860506685 1.3242393870972933 2.159692788949201 4.000695337180673 3.7104699860506685 1.3242393870972933 0.5801437850404341 
296.00003651089116 4.000695337180673 3.406832966130878 1.3242393870972933 3.406832966130878 4.000695337180673 3.406832966130878 1.3242393870972933 1.0471725141617299 
297.00011002155304 3.160175671250215 3.31135869643839 0.788763769991192 0.10482395672045186 3.160175671250215 3.31135869643839 0.788763769991192 0.10482395672045186 
298.00011002155304 2.9824044900037165 3.31135869643839 0.8416765861103954 0.10482395672045186 2.9824044900037165 3.31135869643839 0.8416765861103954 0.10482395672045186 
299.00011002155304 3.645476150426987 4.655583930456032 1.5047482465336657 0.502548647907247 3.645476150426987 4.655583930456032 1.5047482465336657 0.502548647907247 
300.00011002155304 3.5090391616773218 4.488845879911878 1.2712262009480355 1.0433373925048386 3.5090391616773218 4.488845879911878 1.2712262009480355 1.0433373925048386 
#####################################################################
# End of data export. Simulation finished at: 2019-09-21T07:31+0000 #
#####################################################################
