#####################################################################
# Alchemist log file - simulation started at: 2019-02-19T15:53+0000 #
#####################################################################
# seed = 79.0
#
# The columns have the following meaning: 
# time derr-single-broadcast-rep[Mean] terr-single-broadcast-rep[Mean] derr-single-broadcast-share[Mean] terr-single-broadcast-share[Mean] derr-single-collection-rep[Mean] terr-single-collection-rep[Mean] derr-single-collection-share[Mean] terr-single-collection-share[Mean] derr-single-distance-rep[Mean] terr-single-distance-rep[Mean] derr-single-distance-share[Mean] terr-single-distance-share[Mean] derr-stack-broadcast-rep[Mean] terr-stack-broadcast-rep[Mean] derr-stack-broadcast-share[Mean] terr-stack-broadcast-share[Mean] derr-stack-collection-rep[Mean] terr-stack-collection-rep[Mean] derr-stack-collection-share[Mean] terr-stack-collection-share[Mean] derr-stack-distance-rep[Mean] terr-stack-distance-rep[Mean] derr-stack-distance-share[Mean] terr-stack-distance-share[Mean] 
0.0 NaN NaN NaN NaN NaN NaN NaN NaN NaN NaN NaN NaN NaN NaN NaN NaN NaN NaN NaN NaN NaN NaN NaN NaN 
2.000257833576718 0.0 0.773975614892209 0.0 1.0402949051258548 3.855548239626043 3.795805032946357E-4 2.973662326918741 0.0013597796731944158 2.423115698372082 1.272248721694949 32.207051406560126 1.1129233194630401 NaN NaN NaN NaN 0.0 0.0 0.0 0.0 2.423115698372082 1.272248721694949 32.207051406560126 1.1129233194630401 
4.000024536291158 0.0 1.7958136164256424 0.0 2.0211529984121093 3.6879936639584616 0.0041151749298775275 1.836523390872428 0.004448246049788825 3.135425478408435 2.499978737494324 52.16974162324612 2.271661387733182 NaN NaN NaN NaN 0.0 0.0 0.0 0.0 3.135425478408435 2.499978737494324 52.16974162324612 2.271661387733182 
6.000257833576721 0.0 2.781421282508933 0.0 2.9230175702671013 3.6148803747504274 0.005700844413471456 1.3017918773214998 0.0060817848090144715 6.3524502466972725 3.803580160828602 65.3420191869929 3.595239056872574 NaN NaN NaN NaN 0.0 0.0 0.0 0.0 6.3524502466972725 3.803580160828602 65.3420191869929 3.595239056872574 
8.00012732951801 0.0 3.742249570888018 0.0 3.7751424696611307 3.4210922711749236 0.007992421459481688 0.9221428782427841 0.007271254324359332 7.730917076413424 5.192949862020801 52.67341329316657 4.349980603298908 NaN NaN NaN NaN 0.0 0.0 0.0 0.0 7.730917076413424 5.192949862020801 52.67341329316657 4.349980603298908 
10.000257833576715 0.0 4.692125842004848 0.0 4.597002112965781 3.2662616962797175 0.00999041671698354 0.7384077113486234 0.008515707270717383 7.545111542566415 6.183559047492555 40.90584132732041 4.861439838817489 NaN NaN NaN NaN 0.0 0.0 0.0 0.0 7.545111542566415 6.183559047492555 40.90584132732041 4.861439838817489 
12.000257833576708 0.0 9.890729158686337 0.0 9.018256228685152 2.6168792361683084 0.021554237409888485 0.004996878900157279 0.012585245636377997 5.819739707831856 8.149482581153991 20.5115701633391 6.295548354821754 NaN NaN NaN NaN 0.0 0.0 0.0 0.0 5.819739707831856 8.149482581153991 20.5115701633391 6.295548354821754 
14.000163077311143 0.0 10.73800417040518 0.0 9.6726827218407 2.48316653562806 0.023491589624598134 0.004996878900157279 0.01261286943619321 9.965343418842036 9.166375191640803 21.461557590665837 6.449423204021319 NaN NaN NaN NaN 0.0 0.0 0.0 0.0 9.965343418842036 9.166375191640803 21.461557590665837 6.449423204021319 
16.000257833576693 0.0 11.52333805130795 0.0 10.28119583211729 2.3796278640618715 0.025299973150758697 0.005097184635661802 0.012999992143998492 14.948219962093319 10.387471115641803 23.02371615997945 6.524325403231818 NaN NaN NaN NaN 0.0 0.0 0.0 0.0 14.948219962093319 10.387471115641803 23.02371615997945 6.524325403231818 
18.000257833576686 0.0 12.289184846118815 0.0 10.835944138197863 2.156550898043898 0.02766553482856027 0.005266274596628014 0.014138621631400812 19.2686110086497 11.562914236380852 24.56972827415756 6.568969302842676 NaN NaN NaN NaN 0.0 0.0 0.0 0.0 19.2686110086497 11.562914236380852 24.56972827415756 6.568969302842676 
20.00025783357668 0.0 13.042107200146074 0.0 11.34843276888593 2.027529153398035 0.029400077594979764 0.005337061720267495 0.015432447947704972 25.32475641898509 13.043441869563862 25.471155700729177 6.559149147253576 NaN NaN NaN NaN 0.0 0.0 0.0 0.0 25.32475641898509 13.043441869563862 25.471155700729177 6.559149147253576 
22.000257833576672 0.0 17.429101895091186 0.0 14.16557940529951 1.2120883305266277 0.04141423516827746 0.00565915705997808 0.024914515873469795 20.044859752432163 15.231721196080771 28.96006287989267 6.4283087896570335 NaN NaN NaN NaN 0.0 0.0 0.0 0.0 20.044859752432163 15.231721196080771 28.96006287989267 6.4283087896570335 
24.000257833576665 0.0 18.089057900936655 0.0 14.537777643159336 1.095074443933087 0.043822140289190674 0.005659157059978082 0.027160207625782275 23.13521814371016 16.237075769362065 29.18023402709708 6.4096994724277865 NaN NaN NaN NaN 0.0 0.0 0.0 0.0 23.13521814371016 16.237075769362065 29.18023402709708 6.4096994724277865 
26.000257833576658 0.0 18.73349114779364 0.0 14.904259696535009 0.9260444156990921 0.04627101860571062 0.006003094769490075 0.02459637577109657 26.96934750518541 17.444407738532806 29.177580681209193 6.411679399653359 NaN NaN NaN NaN 0.0 0.0 0.0 0.0 26.96934750518541 17.444407738532806 29.177580681209193 6.411679399653359 
28.00025783357665 0.0 19.36573453396136 0.0 15.211254211488708 0.8386054868515964 0.0481799047761464 0.006273802231065118 0.022623060372129616 29.594642347699427 18.654084232623685 29.17040234102901 6.462527544946528 NaN NaN NaN NaN 0.0 0.0 0.0 0.0 29.594642347699427 18.654084232623685 29.17040234102901 6.462527544946528 
30.000257833576644 0.0 19.97170676813563 0.0 15.474371555381476 0.784174383072049 0.04953901353947405 0.0063996336917066295 0.022196846302614218 32.350613458864174 19.950945866073212 29.32304375157144 6.474649489980204 NaN NaN NaN NaN 0.0 0.0 0.0 0.0 32.350613458864174 19.950945866073212 29.32304375157144 6.474649489980204 
32.000024323453 0.0 23.425756547184253 0.0 16.800017688826554 0.0897429574109914 0.061379664481246134 0.007172000176843496 0.02324444072151849 25.86934172151012 22.906061808702297 30.14426014874098 6.47827184710818 NaN NaN NaN NaN 0.0 0.0 0.0 0.0 25.86934172151012 22.906061808702297 30.14426014874098 6.47827184710818 
34.00025783357667 0.0 23.934032801362008 0.0 16.95726954768299 0.04435941368884945 0.06385110599620628 0.007172000176843494 0.025752819891935782 25.777380734002396 23.67799174271276 28.700069247933 6.456785053284581 NaN NaN NaN NaN 0.0 0.0 0.0 0.0 25.777380734002396 23.67799174271276 28.700069247933 6.456785053284581 
36.0002578335767 0.0 24.403123846338456 0.0 17.038576420917124 0.03487359639393358 0.06520042960110722 0.007172000176843496 0.027109864001279765 22.97964990328481 24.18373494329924 26.612985986448322 6.35464052260107 NaN NaN NaN NaN 0.0 0.0 0.0 0.0 22.97964990328481 24.18373494329924 26.612985986448322 6.35464052260107 
38.000257833576725 0.0 24.847470317703365 0.0 17.039347521128505 0.027531620342037634 0.06616661488901984 0.007172000176843496 0.02908758117827877 20.874549785239026 24.573355504458558 24.57399111430135 6.333832300009313 NaN NaN NaN NaN 0.0 0.0 0.0 0.0 20.874549785239026 24.573355504458558 24.57399111430135 6.333832300009313 
40.000257833576754 0.0 25.291708453858607 0.0 17.042728006188405 0.022823811372000295 0.06562945326593944 0.007172000176843496 0.031256789993906665 19.140259494424033 24.998503376764702 23.472632076866244 6.343064743158494 NaN NaN NaN NaN 0.0 0.0 0.0 0.0 19.140259494424033 24.998503376764702 23.472632076866244 6.343064743158494 
42.00025783357678 0.0 27.881496855782334 0.0 17.03297173597192 0.005194425320961267 0.06610048963813026 0.007172000176843498 0.042811683316095285 11.279455054887576 27.39312653927701 19.925561236155993 6.2372845153559915 NaN NaN NaN NaN 0.0 0.0 0.0 0.0 11.279455054887576 27.39312653927701 19.925561236155993 6.2372845153559915 
44.00025783357681 0.0 28.299322993111492 0.0 17.125265117317397 0.005508620153083731 0.06792074950936473 0.007172000176843496 0.045961140160263404 10.6559300532622 27.76826399074699 20.878401391789243 6.409566514701608 NaN NaN NaN NaN 0.0 0.0 0.0 0.0 10.6559300532622 27.76826399074699 20.878401391789243 6.409566514701608 
46.00025783357684 0.0 28.68149854981372 0.0 17.10452058284623 0.005550309774599518 0.06938903413616708 0.007172000176843496 0.047605792165061285 10.184052657834538 28.052568890990507 21.593072645675438 6.439361538049429 NaN NaN NaN NaN 0.0 0.0 0.0 0.0 10.184052657834538 28.052568890990507 21.593072645675438 6.439361538049429 
48.00025783357687 0.0 29.02885374679083 0.0 16.99973772268869 0.005579218977137923 0.07150081500852586 0.007172000176843496 0.049839873026393464 9.7851979558189 28.34232559665615 22.087095331823537 6.4452222173164335 NaN NaN NaN NaN 0.0 0.0 0.0 0.0 9.7851979558189 28.34232559665615 22.087095331823537 6.4452222173164335 
50.000257833576896 0.0 29.322717049852756 0.0 16.94416660661083 0.005588847289133349 0.07260922547065406 0.007172000176843494 0.05098901593173872 9.539964968342014 28.591124005720477 22.904583135138097 6.439432323865014 NaN NaN NaN NaN 0.0 0.0 0.0 0.0 9.539964968342014 28.591124005720477 22.904583135138097 6.439432323865014 
52.000257833576924 0.0 30.945621861091027 0.0 16.55446310217689 0.005659157059978082 0.08464622530497774 0.007172000176843496 0.06332346029735249 8.337831521418028 30.199779442970392 28.71476037700101 6.4856764657941435 NaN NaN NaN NaN 0.0 0.0 0.0 0.0 8.337831521418028 30.199779442970392 28.71476037700101 6.4856764657941435 
54.00025783357695 0.0 31.1251615922166 0.0 16.639847326487683 0.005659157059978082 0.08607510954087709 0.007172000176843496 0.06475234453325183 8.335757065439594 30.159392011036047 29.359618389984618 6.432813342897815 NaN NaN NaN NaN 0.0 0.0 0.0 0.0 8.335757065439594 30.159392011036047 29.359618389984618 6.432813342897815 
56.00025783357698 0.0 31.26179815241088 0.0 16.66907383850742 0.006117868158532522 0.08139893491435095 0.007172000176843496 0.06654147278699575 8.339590581084467 30.139918669518988 28.712044545224245 6.35665800949501 NaN NaN NaN NaN 0.0 0.0 0.0 0.0 8.339590581084467 30.139918669518988 28.712044545224245 6.35665800949501 
58.00025783357701 0.0 31.378630549222237 0.0 16.624187281421367 0.006401072968994231 0.07966674037444203 0.007172000176843496 0.06880090801701007 8.272154190858704 30.146346643498475 28.033350988586864 6.326573709427082 NaN NaN NaN NaN 0.0 0.0 0.0 0.0 8.272154190858704 30.146346643498475 28.033350988586864 6.326573709427082 
60.00025783357704 0.0 31.511015118254612 0.0 16.59793867896222 0.006577429429095735 0.07968914376069186 0.007172000176843496 0.07130896726168912 8.2020964839199 30.179985625209394 27.691606744470562 6.311697168557266 NaN NaN NaN NaN 0.0 0.0 0.0 0.0 8.2020964839199 30.179985625209394 27.691606744470562 6.311697168557266 
62.000257833577066 0.0 34.32698331639195 0.0 18.246107993242344 0.007172000176843496 0.08345569706642035 0.006999656154167187 0.04386899113461523 1003.6479464313171 29.66677440717297 846.8199217333332 5.165821947690115 NaN NaN 63.51899686062592 19.96940159106491 0.0 0.0 0.1438861174025941 0.05477900220684386 1003.6479464313171 29.66677440717297 846.8199217333332 5.165821947690115 
64.0002578335771 0.0 34.94018020929047 0.0 18.59879429207253 0.007172000176843496 0.0860069109839786 0.00709692564017952 0.06876260184152609 947.599832099708 28.058352792434007 680.966215170594 4.3709142082509524 NaN NaN 74.13148362931778 31.38153565167845 0.0 0.0 0.1438861174025941 0.05477900220684386 947.599832099708 28.058352792434007 680.966215170594 4.3709142082509524 
66.00025783357712 0.0 35.59867608876631 0.0 18.820173555197073 0.007172000176843496 0.08736814812070322 0.007114659842712121 0.0741973116156595 895.0895814129293 26.52061927557268 580.0977656450737 4.276388693083334 NaN NaN 77.19630356528842 35.094177959362185 0.0 0.0 0.1438861174025941 0.05477900220684386 895.0895814129293 26.52061927557268 580.0977656450737 4.276388693083334 
68.00019248454782 0.0 36.18094310059084 0.0 19.25533008946538 0.007172000176843496 0.08994278348558078 0.007132599468058438 0.08089260438475433 846.1042784913941 25.159626381480223 497.11445904659996 4.490215590507766 NaN NaN 77.84967795861205 36.2688138836538 0.0 0.0 0.1438861174025941 0.05477900220684386 846.1042784913941 25.159626381480223 497.11445904659996 4.490215590507766 
70.00025783357718 0.0 36.88418003871519 0.0 19.60999888765163 0.007172000176843496 0.09127666097237275 0.007138129456339163 0.08349669720292005 802.3209971387854 24.05157891318752 425.18513234364724 4.76667192985702 NaN NaN 78.38883723693901 37.40746649004296 0.0 0.0 0.1438861174025941 0.05477900220684386 802.3209971387854 24.05157891318752 425.18513234364724 4.76667192985702 
72.00025783357721 0.0 40.811511656415654 0.0 21.98842794209011 0.007172000176843494 0.10306303693767063 0.007172000176843494 0.10306303693767063 568.6283108892843 18.164534691595794 61.07875527303014 6.192716039943633 NaN NaN 84.21682686356975 48.94530251191757 0.0 0.0 0.0 0.0 568.6283108892843 18.164534691595794 61.07875527303014 6.192716039943633 
74.00025783357724 0.0 41.495658391688785 0.0 22.355814083275742 0.007172000176843496 0.1046296400794133 0.007172000176843496 0.1046296400794133 535.8906726841784 17.239668536488907 43.41260943620724 6.317225892489865 NaN NaN 84.56784516413818 50.304167412447036 0.0 0.0 0.0 0.0 535.8906726841784 17.239668536488907 43.41260943620724 6.317225892489865 
76.00025783357727 0.0 42.1682072801525 0.0 22.697795538507172 0.007172000176843496 0.10662267731572726 0.007172000176843496 0.10662267731572726 516.4392198237389 16.91611161552336 38.05420646051646 6.336209049347204 NaN NaN 84.83115090394307 51.47990159292994 0.0 0.0 0.0 0.0 516.4392198237389 16.91611161552336 38.05420646051646 6.336209049347204 
78.0002578335773 0.0 42.57080698797715 0.0 22.914542496583557 0.007172000176843496 0.10931620361060508 0.007172000176843496 0.10931620361060508 500.1043409751531 16.752660922579686 36.35137187131804 6.357773207638039 NaN NaN 84.90461168041143 52.40930055335574 0.0 0.0 0.0 0.0 500.1043409751531 16.752660922579686 36.35137187131804 6.357773207638039 
80.00025783357732 0.0 43.08469999617956 0.0 23.168531391167058 0.007172000176843496 0.11074914321190833 0.007172000176843496 0.11074914321190833 487.327013149965 16.860605842142107 35.46536421357727 6.367649220762404 NaN NaN 84.96463814644207 53.37838452058226 0.0 0.0 0.0 0.0 487.327013149965 16.860605842142107 35.46536421357727 6.367649220762404 
82.00025783357735 0.0 45.51384528082046 0.0 23.41989738852607 0.007172000176843496 0.12328135548162181 0.007172000176843496 0.12328135548162181 419.3692827169816 18.149088291423478 32.97079223794047 6.379357995696619 NaN NaN 85.49630113128478 60.28459962127936 0.0 0.0 0.0 0.0 419.3692827169816 18.149088291423478 32.97079223794047 6.379357995696619 
84.00025783357738 0.0 45.56049292016664 0.0 22.945773623513794 0.007172000176843496 0.12416771979858876 0.007172000176843496 0.12416771979858876 410.7417099447463 18.668036339262652 33.75204116280446 6.381522491242862 NaN NaN 85.49630113128478 61.16833755442093 0.0 0.0 0.0 0.0 410.7417099447463 18.668036339262652 33.75204116280446 6.381522491242862 
86.0000438379563 0.0 45.77479239266575 0.0 22.629508275066744 0.007172000176843496 0.1263680449379777 0.007172000176843496 0.1263680449379777 401.91621014737274 19.18583298333678 33.324350841547684 6.32520948832025 NaN NaN 85.49630113128478 62.041926946699384 0.0 0.0 0.0 0.0 401.91621014737274 19.18583298333678 33.324350841547684 6.32520948832025 
88.00025783357744 0.0 45.72984966326054 0.0 22.22351385457618 0.007172000176843496 0.12926493663678384 0.007172000176843496 0.12926493663678384 392.74947165454057 19.6920844541299 32.838459668330934 6.315711598473134 NaN NaN 85.49630113128478 62.70097340285198 0.0 0.0 0.0 0.0 392.74947165454057 19.6920844541299 32.838459668330934 6.315711598473134 
90.00023312107268 0.0 45.98005783029341 0.0 21.684061845825354 0.007172000176843496 0.1415423486436294 0.007172000176843496 0.1415423486436294 382.28463969294177 20.17634126050055 32.33865758860229 6.324283872118457 NaN NaN 85.49630113128478 62.87998444693947 0.0 0.0 0.0 0.0 382.28463969294177 20.17634126050055 32.33865758860229 6.324283872118457 
92.00025783357749 0.0 47.53434139836273 0.0 17.51457195214957 0.007172000176843496 0.14300739826279302 0.007172000176843496 0.14300739826279302 317.3274034346388 23.000553567074775 28.08412768756037 6.234102404485992 NaN NaN 85.49630113128478 69.71660271232437 0.0 0.0 0.0 0.0 317.3274034346388 23.000553567074775 28.08412768756037 6.234102404485992 
94.00025783357752 0.0 47.27954461222767 0.0 17.175456905009725 0.007172000176843496 0.14423296377728037 0.007172000176843496 0.14423296377728037 304.4191707452203 23.4832510705473 27.422726913956097 6.161339085941644 NaN NaN 85.49630113128478 69.71660271232437 0.0 0.0 0.0 0.0 304.4191707452203 23.4832510705473 27.422726913956097 6.161339085941644 
96.00025783357755 0.0 47.400451042232056 0.0 16.974313435892682 0.007172000176843496 0.14724985505140073 0.007172000176843496 0.14724985505140073 290.82608730071877 23.924008240136704 27.293227875917733 6.184258703088191 NaN NaN 85.49630113128478 69.71660271232437 0.0 0.0 0.0 0.0 290.82608730071877 23.924008240136704 27.293227875917733 6.184258703088191 
98.00025783357758 0.0 47.550239643027844 0.0 16.86316507822471 0.007172000176843494 0.14903949539622768 0.007172000176843494 0.14903949539622768 277.5662382475123 24.321970829495463 27.310124677365334 6.234119580997972 NaN NaN 85.49630113128478 69.71660271232437 0.0 0.0 0.0 0.0 277.5662382475123 24.321970829495463 27.310124677365334 6.234119580997972 
100.0002578335776 0.0 47.26207525618633 0.0 16.73045195946179 0.007172000176843494 0.15121447904389992 0.007172000176843494 0.15121447904389992 263.62457430121447 24.74492700195884 27.079572449459228 6.218768165830457 NaN NaN 85.49630113128478 69.71660271232437 0.0 0.0 0.0 0.0 263.62457430121447 24.74492700195884 27.079572449459228 6.218768165830457 
102.00025783357763 0.0 45.835508166185996 0.0 16.182323341868138 0.007172000176843496 0.1637071135533823 0.007172000176843496 0.1637071135533823 183.10366245171394 27.239042997243285 25.857771674524667 6.235956900137618 NaN NaN NaN NaN 0.0 0.0 0.0 0.0 183.10366245171394 27.239042997243285 25.857771674524667 6.235956900137618 
104.00025783357766 0.0 45.021968312606276 0.0 16.15941974523991 0.007172000176843496 0.1665350867049019 0.007172000176843496 0.1665350867049019 171.49898695837717 27.60763167911952 27.575192407598195 6.204293798924363 NaN NaN NaN NaN 0.0 0.0 0.0 0.0 171.49898695837717 27.60763167911952 27.575192407598195 6.204293798924363 
106.00005638099547 0.0 44.64886989463778 0.0 16.084970493309896 0.007172000176843496 0.16767662902114636 0.007172000176843496 0.16767662902114636 160.26779340330742 27.938086308993594 27.91760606212495 6.168073496799427 NaN NaN NaN NaN 0.0 0.0 0.0 0.0 160.26779340330742 27.938086308993594 27.91760606212495 6.168073496799427 
108.00025783357772 0.0 44.2442679267631 0.0 16.13732690447049 0.007172000176843496 0.17063781256865995 0.007172000176843496 0.17063781256865995 149.46461987658432 28.221952581718526 27.70501731223729 6.219001372963518 NaN NaN NaN NaN 0.0 0.0 0.0 0.0 149.46461987658432 28.221952581718526 27.70501731223729 6.219001372963518 
110.00025783357775 0.0 43.628403931107115 0.0 16.185812463277454 0.007172000176843498 0.17163329171046784 0.007172000176843498 0.17163329171046784 139.1667923084055 28.429837205490266 27.994229981405418 6.269677744301248 NaN NaN NaN NaN 0.0 0.0 0.0 0.0 139.1667923084055 28.429837205490266 27.994229981405418 6.269677744301248 
112.00025783357778 0.0 40.057851629774696 0.0 16.08249705486537 0.007172000176843496 0.1831895520288477 0.007172000176843496 0.1831895520288477 80.52911156943219 29.54138779180506 29.130989794649835 6.29516815452697 NaN NaN NaN NaN 0.0 0.0 0.0 0.0 80.52911156943219 29.54138779180506 29.130989794649835 6.29516815452697 
114.0002578335778 0.0 38.96041575211569 0.0 15.947889328987294 0.007172000176843496 0.18553338956652185 0.007172000176843496 0.18553338956652185 72.68264524562194 29.787162272813738 30.312216857298964 6.186312678407473 NaN NaN NaN NaN 0.0 0.0 0.0 0.0 72.68264524562194 29.787162272813738 30.312216857298964 6.186312678407473 
116.00021546728006 0.0 38.26689018341857 0.0 15.940471440754383 0.007172000176843496 0.18670662765735377 0.007172000176843496 0.18670662765735377 65.46852595361108 29.897694615992005 29.137042173751972 6.143270052475376 NaN NaN NaN NaN 0.0 0.0 0.0 0.0 65.46852595361108 29.897694615992005 29.137042173751972 6.143270052475376 
118.00025783357786 0.0 37.714716826142805 0.0 15.906329211985959 0.007172000176843498 0.1889749182930558 0.007172000176843498 0.1889749182930558 58.841651904595096 30.029837783730652 27.58413355450797 6.160963963368584 NaN NaN NaN NaN 0.0 0.0 0.0 0.0 58.841651904595096 30.029837783730652 27.58413355450797 6.160963963368584 
120.00025783357789 0.0 37.14299775949601 0.0 15.890632949260382 0.007172000176843498 0.19174853146392165 0.007172000176843498 0.19174853146392165 52.72957819662259 30.1472563543449 26.914286784731384 6.196811495886329 NaN NaN NaN NaN 0.0 0.0 0.0 0.0 52.72957819662259 30.1472563543449 26.914286784731384 6.196811495886329 
122.00004966889551 0.0 34.29317449094076 0.0 16.047792915909003 0.007172000176843496 0.20445151482667975 0.007172000176843496 0.20445151482667975 20.499711467317525 30.498829084487966 27.088660576854437 6.606180299099215 NaN NaN NaN NaN 0.0 0.0 0.0 0.0 20.499711467317525 30.498829084487966 27.088660576854437 6.606180299099215 
124.00025783357795 0.0 34.04092424022052 0.0 16.196143332868175 0.007172000176843496 0.20600567420382715 0.007172000176843496 0.20600567420382715 17.675565370532897 30.527508938570946 29.01181223746044 6.541351094691903 NaN NaN NaN NaN 0.0 0.0 0.0 0.0 17.675565370532897 30.527508938570946 29.01181223746044 6.541351094691903 
126.00025783357798 0.0 33.99897064193123 0.0 16.306238857286 0.007172000176843494 0.20856215875668283 0.007172000176843494 0.20856215875668283 15.282734641464838 30.525918683162768 29.092136998490624 6.455476669772394 NaN NaN NaN NaN 0.0 0.0 0.0 0.0 15.282734641464838 30.525918683162768 29.092136998490624 6.455476669772394 
128.000257833578 0.0 34.03306699538891 0.0 16.421585467328153 0.007172000176843494 0.2098510602410685 0.007172000176843494 0.2098510602410685 13.689679783724438 30.546448247401628 29.804796863326136 6.40137041465739 NaN NaN NaN NaN 0.0 0.0 0.0 0.0 13.689679783724438 30.546448247401628 29.804796863326136 6.40137041465739 
130.00004434216262 0.0 33.94589114717212 0.0 16.524588844090307 0.007172000176843496 0.2126537305084132 0.007172000176843496 0.2126537305084132 12.430336311158879 30.54086326342194 30.33106243060914 6.351734144491136 NaN NaN NaN NaN 0.0 0.0 0.0 0.0 12.430336311158879 30.54086326342194 30.33106243060914 6.351734144491136 
132.00025783357776 0.0 33.07277301072186 0.0 16.796226389066582 0.007172000176843496 0.22403517745484383 0.007172000176843496 0.22403517745484383 7.985352573268374 30.927110199287522 30.571215182205385 6.169032807546016 NaN NaN NaN NaN 0.0 0.0 0.0 0.0 7.985352573268374 30.927110199287522 30.571215182205385 6.169032807546016 
134.00025783357765 0.0 33.00176063331928 0.0 16.797397085803844 0.007172000176843494 0.2265857385603481 0.007172000176843494 0.2265857385603481 7.951702043405093 30.99227471056604 31.82379004747183 6.257517680817777 NaN NaN NaN NaN 0.0 0.0 0.0 0.0 7.951702043405093 30.99227471056604 31.82379004747183 6.257517680817777 
136.00025783357754 0.0 32.80584769192581 0.0 16.628144143164874 0.007172000176843494 0.22815197569675272 0.007172000176843494 0.22815197569675272 8.026411120882885 30.927698595958542 31.087470926322602 6.205673625071353 NaN NaN NaN NaN 0.0 0.0 0.0 0.0 8.026411120882885 30.927698595958542 31.087470926322602 6.205673625071353 
138.00025783357742 0.0 32.79483816517919 0.0 16.612098111553596 0.007172000176843494 0.22940829648706687 0.007172000176843494 0.22940829648706687 8.01507387719025 30.910270229664018 30.006642144318203 6.200973656796607 NaN NaN NaN NaN 0.0 0.0 0.0 0.0 8.01507387719025 30.910270229664018 30.006642144318203 6.200973656796607 
140.0002578335773 0.0 32.78204688365996 0.0 16.642043125318605 0.007172000176843496 0.23200960221417574 0.007172000176843496 0.23200960221417574 8.013015620205795 30.88369087232966 29.25209455696388 6.237211872801406 NaN NaN NaN NaN 0.0 0.0 0.0 0.0 8.013015620205795 30.88369087232966 29.25209455696388 6.237211872801406 
142.0002578335772 0.0 32.49577498400921 0.0 16.603033977352954 0.007172000176843498 0.24294347131472988 0.007172000176843498 0.24294347131472988 7.973559893707302 30.78690086244728 26.48583376546282 6.376006394887079 NaN NaN NaN NaN 0.0 0.0 0.0 0.0 7.973559893707302 30.78690086244728 26.48583376546282 6.376006394887079 
144.00025783357708 0.0 32.58574084609286 0.0 16.365607171623473 0.007172000176843496 0.24517095077499032 0.007172000176843496 0.24517095077499032 8.074529286915654 30.75537422503129 26.270030903856536 6.414737448731257 NaN NaN NaN NaN 0.0 0.0 0.0 0.0 8.074529286915654 30.75537422503129 26.270030903856536 6.414737448731257 
146.00025783357697 0.0 32.596038702691736 0.0 16.12034372763682 0.007172000176843498 0.24702932848302786 0.007172000176843498 0.24702932848302786 8.19181100605026 30.772396219604516 26.601295138712754 6.309992867660988 NaN NaN NaN NaN 0.0 0.0 0.0 0.0 8.19181100605026 30.772396219604516 26.601295138712754 6.309992867660988 
148.00025783357685 0.0 32.55947837360099 0.0 15.965754601951259 0.007172000176843498 0.24977278424900895 0.007172000176843498 0.24977278424900895 8.208045203808132 30.758108664745315 27.440321254374233 6.272716305157638 NaN NaN NaN NaN 0.0 0.0 0.0 0.0 8.208045203808132 30.758108664745315 27.440321254374233 6.272716305157638 
150.00025783357674 0.0 32.54262425959492 0.0 15.888702406493742 0.007172000176843496 0.25203135789655196 0.007172000176843496 0.25203135789655196 8.293179169384219 30.74792031132541 27.998095331630655 6.223422148864791 NaN NaN NaN NaN 0.0 0.0 0.0 0.0 8.293179169384219 30.74792031132541 27.998095331630655 6.223422148864791 
152.00025783357663 0.0 32.17841889983094 0.0 15.72163522606675 0.007172000176843496 0.26366714943963493 0.007172000176843496 0.26366714943963493 8.951362563516192 30.608027428833573 29.746544767777696 5.9502200138060495 NaN NaN NaN NaN 0.0 0.0 0.0 0.0 8.951362563516192 30.608027428833573 29.746544767777696 5.9502200138060495 
154.0002578335765 0.0 32.25853568365573 0.0 15.786077530248535 0.007172000176843498 0.26502130975494104 0.007172000176843498 0.26502130975494104 8.876356543102924 30.464637611562164 30.233284031071666 6.007639685734484 NaN NaN NaN NaN 0.0 0.0 0.0 0.0 8.876356543102924 30.464637611562164 30.233284031071666 6.007639685734484 
156.0002578335764 0.0 32.32462088625358 0.0 15.767730513703226 0.007172000176843498 0.2674262355626035 0.007172000176843498 0.2674262355626035 8.80312623899656 30.35624411781994 29.999661392491344 6.043685437709083 NaN NaN NaN NaN 0.0 0.0 0.0 0.0 8.80312623899656 30.35624411781994 29.999661392491344 6.043685437709083 
158.00023319365258 0.0 32.40762084978692 0.0 15.681925953043367 0.007172000176843498 0.26986673846322834 0.007172000176843498 0.26986673846322834 8.827446642970179 30.246209325471845 29.766670078188817 6.034414136736062 NaN NaN NaN NaN 0.0 0.0 0.0 0.0 8.827446642970179 30.246209325471845 29.766670078188817 6.034414136736062 
160.00025783357617 0.0 32.519642728284076 0.0 15.65062491812767 0.007172000176843496 0.272198464203161 0.007172000176843496 0.272198464203161 8.772078381357156 30.174823554848516 29.479411105614574 6.0675872246850755 NaN NaN NaN NaN 0.0 0.0 0.0 0.0 8.772078381357156 30.174823554848516 29.479411105614574 6.0675872246850755 
162.00025783357606 0.0 33.25604610879597 0.0 15.827553059175145 0.007172000176843496 0.2837705776363392 0.007172000176843496 0.2837705776363392 8.321424116597587 30.084812819504606 29.946155586552322 6.24286241993733 NaN NaN NaN NaN 0.0 0.0 0.0 0.0 8.321424116597587 30.084812819504606 29.946155586552322 6.24286241993733 
164.00025323750634 0.0 33.32944431416795 0.0 16.023570191193027 0.007172000176843496 0.28641108217538186 0.007172000176843496 0.28641108217538186 8.239554615153395 30.125937752540732 29.132638414020196 6.140893874230122 NaN NaN NaN NaN 0.0 0.0 0.0 0.0 8.239554615153395 30.125937752540732 29.132638414020196 6.140893874230122 
166.00025783357583 0.0 33.38048138217253 0.0 16.048046962868643 0.007172000176843496 0.287371475914051 0.007172000176843496 0.287371475914051 8.287677137141205 30.168298093263886 28.634797421362048 6.180572199222779 NaN NaN NaN NaN 0.0 0.0 0.0 0.0 8.287677137141205 30.168298093263886 28.634797421362048 6.180572199222779 
168.00025783357572 0.0 33.434030920386 0.0 16.038466056309616 0.007172000176843496 0.28970462917494716 0.007172000176843496 0.28970462917494716 8.311853378058782 30.217744184897338 28.32692740673106 6.2352473144299045 NaN NaN NaN NaN 0.0 0.0 0.0 0.0 8.311853378058782 30.217744184897338 28.32692740673106 6.2352473144299045 
170.0000149679097 0.0 33.487535894382475 0.0 16.096810497851923 0.007172000176843496 0.2914423431423391 0.007172000176843496 0.2914423431423391 8.356137395743225 30.30628952215813 28.850331058290774 6.2842073748206575 NaN NaN NaN NaN 0.0 0.0 0.0 0.0 8.356137395743225 30.30628952215813 28.850331058290774 6.2842073748206575 
172.0002578335755 0.0 33.74038741121565 0.0 16.18918655278788 0.007172000176843496 0.30329276625409457 0.007172000176843496 0.30329276625409457 8.589269997264518 30.6804492902359 30.216255220165422 6.46289291701941 NaN NaN NaN NaN 0.0 0.0 0.0 0.0 8.589269997264518 30.6804492902359 30.216255220165422 6.46289291701941 
174.00025783357538 0.0 33.87206901343295 0.0 16.209666783126714 0.007172000176843494 0.305648582102603 0.007172000176843494 0.305648582102603 8.70972015285883 30.734052793514273 31.075147547484363 6.444485465479488 NaN NaN NaN NaN 0.0 0.0 0.0 0.0 8.70972015285883 30.734052793514273 31.075147547484363 6.444485465479488 
176.00025783357526 0.0 33.9051721028684 0.0 16.300555278027414 0.007172000176843496 0.3067324529089447 0.007172000176843496 0.3067324529089447 8.718003331128047 30.770755870058963 31.77977319106104 6.411854758659447 NaN NaN NaN NaN 0.0 0.0 0.0 0.0 8.718003331128047 30.770755870058963 31.77977319106104 6.411854758659447 
178.00025783357515 0.0 33.86122131534605 0.0 16.359833629369312 0.007172000176843496 0.30945262378601324 0.007172000176843496 0.30945262378601324 8.813360809670614 30.74592723153794 31.992466864947634 6.40223645477914 NaN NaN NaN NaN 0.0 0.0 0.0 0.0 8.813360809670614 30.74592723153794 31.992466864947634 6.40223645477914 
180.00025783357503 0.0 33.84904387218672 0.0 16.38413284235754 0.007172000176843496 0.3106777721828452 0.007172000176843496 0.3106777721828452 8.820543332107633 30.668545711918533 31.603478416355724 6.364974794516667 NaN NaN NaN NaN 0.0 0.0 0.0 0.0 8.820543332107633 30.668545711918533 31.603478416355724 6.364974794516667 
182.00025783357492 0.0 36.05972455958195 0.0 17.340998308504847 0.007172000176843496 0.32349236641145457 0.005858728128313443 0.03242845991024728 993.6718326365979 29.541767993395407 816.9671773477244 4.906588409663572 23.39961221258409 108.75619224794755 92.98124784590027 17.67848392162497 0.0467992244251681 0.21629053773578372 0.1859624956918005 0.034357049860544234 993.6718326365979 29.541767993395407 816.9671773477244 4.906588409663572 
184.0002578335748 0.0 36.61355475568345 0.0 18.162257128022986 0.007172000176843496 0.32622277905514346 0.006132416773150832 0.15483320527436167 922.9723716715488 27.52383488341069 644.3859015822323 4.3825935910288685 23.39961221258409 110.2639893376825 92.98399838509768 19.31543938851405 0.0467992244251681 0.21902095037946956 0.18652687652095165 0.08212149661906071 922.9723716715488 27.52383488341069 644.3859015822323 4.3825935910288685 
186.00010768599284 0.0 36.99424700912173 0.0 18.86675182134463 0.007172000176843498 0.327900378139225 0.006180080000670892 0.1773522424537825 864.0301331312394 25.946049163965966 544.5138978008995 4.427573169843225 23.422821310219298 111.47499942966829 93.03309711386049 24.31335751993057 0.049305806969771215 0.19862504643832957 0.18689647382134283 0.11329063151532338 864.0301331312394 25.946049163965966 544.5138978008995 4.427573169843225 
188.00025783357458 0.0 37.61016922577684 0.0 19.562647196061032 0.007172000176843496 0.32944209997851864 0.006206093694298106 0.19026882943695686 813.0964533200737 24.549631747381362 461.074154416048 4.71329574136481 23.5756667542435 111.60564306090926 93.09670757398807 30.4451689075975 0.05067385260493353 0.18811946525486417 0.1870981930803617 0.13092827923145955 813.0964533200737 24.549631747381362 461.074154416048 4.71329574136481 
190.00025783357447 0.0 38.02045726451027 0.0 20.23319800982236 0.007172000176843496 0.331740963319097 0.006230062531250451 0.2030484146578745 771.9634130298302 23.49834397549565 389.14994183020985 5.016759672647369 23.900500464326477 110.12187870375043 93.15042805528815 35.88696585235961 0.05193436036835743 0.17931802711558817 0.18728405580707785 0.1480578170800778 771.9634130298302 23.49834397549565 389.14994183020985 5.016759672647369 
192.00025783357435 0.0 40.826570717010206 0.0 23.7682286533249 0.007172000176843496 0.34276770298996256 0.006303018795851648 0.24597634003232874 550.0315157602448 17.953004918258344 42.35354520625245 6.474890437216638 25.359282235174128 100.93885410733418 93.4005446939309 60.68962927155142 0.05577108962240213 0.15655770679975242 0.1878497841441257 0.20422611350554903 550.0315157602448 17.953004918258344 42.35354520625245 6.474890437216638 
194.00025783357424 0.0 41.51304069559623 0.0 23.87635661747645 0.007172000176843496 0.3450794542462555 0.006303018795851648 0.2482880912886194 523.4762663692535 16.977486463876847 34.36362719646473 6.452121811945284 25.416351391948027 101.53008477774468 93.38731854233484 60.73024441124342 0.053636948420161576 0.17766316280968228 0.1878497841441257 0.20653786476184577 523.4762663692535 16.977486463876847 34.36362719646473 6.452121811945284 
196.00025783357412 0.0 41.97757209547354 0.0 23.681018154838632 0.007172000176843498 0.34706500946734414 0.006303018795851648 0.25027364650971035 507.4998186483631 16.532081562560514 31.10459589178989 6.417735952048448 25.373973472507327 103.13264278946393 93.37131708788795 60.670572923274285 0.05141015068546521 0.1992583760646555 0.1878497841441257 0.20852341998293109 507.4998186483631 16.532081562560514 31.10459589178989 6.417735952048448 
198.000257833574 0.0 42.38184877464731 0.0 23.53680466726631 0.007172000176843496 0.3494668708492057 0.006303018795851648 0.252675507891573 495.07622998990325 16.518070715962004 29.813677802155578 6.395963268093091 25.301340333284088 105.14398314364114 93.36592223134026 61.51772063364 0.05014300616302779 0.21281898364845311 0.1878497841441257 0.21092528136479127 495.07622998990325 16.518070715962004 29.813677802155578 6.395963268093091 
200.0002578335739 0.0 42.8151292631202 0.0 23.27995019780151 0.007172000176843496 0.3516838563571635 0.006303018795851648 0.2548924933995305 484.35408229589706 16.753300907662 28.95688998457602 6.392180758849431 25.31065540215042 106.29938962168639 93.35590040811937 61.91653862349005 0.04943946499440886 0.22123150344963638 0.18953801831270353 0.19740885917965537 484.35408229589706 16.753300907662 28.95688998457602 6.392180758849431 
202.000061637673 0.0 45.460237954920125 0.0 21.52332212398707 0.007172000176843496 0.363957018348724 0.006303018795851649 0.26716565539109444 426.8338771659665 18.697252144879965 27.773006911638575 6.531351583588555 25.14547755345774 112.80823388393603 94.27703609765591 72.46079985044669 0.0467992244251681 0.2567551896730543 0.20727043435488213 0.044425721916155465 426.8338771659665 18.697252144879965 27.773006911638575 6.531351583588555 
204.00025783357367 0.0 45.53631305980335 0.0 20.47246147628171 0.007172000176843494 0.3654945065508272 0.006303018795851649 0.2687031435931921 417.7508493162374 19.188495360079983 28.822412166865245 6.46112798390618 24.92891852101112 115.86150422045654 94.6853040356598 70.29663504355044 0.04679922442516809 0.2582926778751522 0.20727043435488213 0.04596321011825061 417.7508493162374 19.188495360079983 28.822412166865245 6.46112798390618 
206.00025783357356 0.0 45.970748997335086 0.0 19.91144417887333 0.007172000176843494 0.368363702331763 0.006303018795851648 0.2715723393741252 408.12182998829286 19.742613742133184 28.87036828523491 6.462507223811312 24.844411710198713 117.75756053667646 94.99122962034188 70.28424987639325 0.046799224425168116 0.26116187365608673 0.20727043435488215 0.04883240589918819 408.12182998829286 19.742613742133184 28.87036828523491 6.462507223811312 
208.00025783357344 0.0 46.138354496860075 0.0 19.451902409999153 0.007172000176843496 0.37000858045904284 0.006303018795851649 0.2732172175014136 397.64940936380754 20.345059237827915 28.360598196737058 6.466512246615512 24.713290831081885 120.18036178730543 95.28755770742718 71.40338729466406 0.046799224425168116 0.26116187365608673 0.20727043435488215 0.050477284026472495 397.64940936380754 20.345059237827915 28.360598196737058 6.466512246615512 
210.00025783357333 0.0 46.226206577774846 0.0 19.11702479603177 0.007172000176843494 0.37213887143621643 0.006303018795851649 0.2753475084785839 386.84055966196684 20.909665084583416 27.905208144839914 6.501234877052388 24.677260921018103 121.54468509838206 95.72591691927984 71.17227925172159 0.046799224425168116 0.26116187365608673 0.20756016084901757 0.04692303382412049 386.84055966196684 20.909665084583416 27.905208144839914 6.501234877052388 
212.00025783357322 0.0 46.38445055471593 0.0 17.426872154894028 0.007172000176843496 0.3832203752944048 0.006303018795851648 0.2864290123367698 317.3619141851854 24.05495059373717 29.41206984921187 6.717043771018355 24.715465899652823 126.53721255373274 98.22084879111718 67.14761582887914 0.0 0.0 0.20859869259758362 0.03762815992464958 317.3619141851854 24.05495059373717 29.41206984921187 6.717043771018355 
214.0002578335731 0.0 46.32607804073486 0.0 16.85029770654728 0.007172000176843494 0.385916718306091 0.006303018795851648 0.2891253553484542 304.30514762001786 24.51022921633735 30.743886276552548 6.63502111368901 24.74133337213129 127.26938142421987 98.78200840343918 65.57162727204968 0.0 0.0 0.20859869259758362 0.04032450293633558 304.30514762001786 24.51022921633735 30.743886276552548 6.63502111368901 
216.000257833573 0.0 46.405306689835626 0.0 16.446952459592666 0.007172000176843496 0.3876817062750984 0.006303018795851648 0.29089034331746244 290.6326998447927 24.9723580022867 30.775289659515032 6.571412205577225 24.72526434171159 128.29039306608152 99.23970778522958 63.27918013723157 0.0 0.0 0.20859869259758362 0.04208949090534198 290.6326998447927 24.9723580022867 30.775289659515032 6.571412205577225 
218.00025783357287 0.0 46.277360589228984 0.0 16.16972590534565 0.007172000176843496 0.39002928210989607 0.006303018795851646 0.29323791915225755 276.28454258737884 25.447193237028678 30.81865594425697 6.504054482009468 24.701040832934595 129.29836973041802 99.61231477404907 61.86576017541885 0.0 0.0 0.20859869259758362 0.04443706674013945 276.28454258737884 25.447193237028678 30.81865594425697 6.504054482009468 
220.00025783357276 0.0 46.126200384952305 0.0 16.05866121199255 0.007172000176843496 0.390837802801676 0.006303018795851648 0.294046439844045 261.97544087134185 25.889457100694443 30.540865491868214 6.468639011580422 24.651401175386123 130.65952214123024 99.91333598697895 61.3190922456961 0.0 0.0 0.20859869259758362 0.04524558743192644 261.97544087134185 25.889457100694443 30.540865491868214 6.468639011580422 
222.00025783357265 0.0 45.11992484176312 0.0 15.53112011338112 0.007172000176843494 0.4033969998666979 0.006303018795851648 0.3066056369090691 178.7511107874376 28.381110195140273 30.52346490666503 6.462079736227317 24.779649290241736 135.9531937493558 101.69161571673143 57.0971515366947 0.0 0.0 0.20859869259758362 0.05780478449694932 178.7511107874376 28.381110195140273 30.52346490666503 6.462079736227317 
224.00025783357253 0.0 44.365668655286996 0.0 15.392968783884191 0.007172000176843494 0.40449192527479827 0.006303018795851648 0.3077005623171607 167.0198032276818 28.644634408086056 30.7227561859606 6.497290154796315 24.726655365671384 137.44905180507732 102.09622132901048 54.20742911609701 0.0 0.0 0.20859869259758362 0.05889970990504238 167.0198032276818 28.644634408086056 30.7227561859606 6.497290154796315 
226.0001137141117 0.0 43.767668311615374 0.0 15.376325223394012 0.007172000176843494 0.40722582112705286 0.006303018795851648 0.31043445816941617 155.68882695315912 28.944054868398233 30.388727914185708 6.507401799131175 24.78068707973078 138.07947126615915 102.507066494956 51.27961252961666 0.0 0.0 0.20859869259758357 0.061633605757295096 155.68882695315912 28.944054868398233 30.388727914185708 6.507401799131175 
228.0002578335723 0.0 43.27427255586029 0.0 15.491243265768462 0.007172000176843494 0.40836675380651233 0.006303018795851649 0.31157539084888264 145.1289526841855 29.15231725851495 29.85357122189896 6.511111119773739 24.84639580167825 138.50281131154864 102.82517567632668 49.19553259377175 0.0 0.0 0.20859869259758362 0.06277453843676176 145.1289526841855 29.15231725851495 29.85357122189896 6.511111119773739 
230.0002578335722 0.0 43.04423058726167 0.0 15.601616954584877 0.007172000176843494 0.4103997075206516 0.006303018795851649 0.3136083445630133 135.6693959848567 29.315373487514794 29.321646938669247 6.517393111279056 24.891800961931246 138.9766869281912 103.02170353003554 48.231342490061465 0.0 0.0 0.20859869259758362 0.0648074921508952 135.6693959848567 29.315373487514794 29.321646938669247 6.517393111279056 
232.00025783357208 0.0 41.806545426757054 0.0 15.959820679150598 0.007172000176843498 0.422563569852613 0.006303018795851648 0.32577220689497505 80.55909879225509 30.470620664122663 29.84435800828175 6.641846672804186 24.64696598905605 147.2047376615151 103.90023595700046 45.15121546130286 0.0 0.0 0.20859869259758312 0.07697135448285675 80.55909879225509 30.470620664122663 29.84435800828175 6.641846672804186 
234.00025783357196 0.0 41.39637096715554 0.0 15.944606324029253 0.007172000176843496 0.42514345915962326 0.006303018795851649 0.3283520962019952 73.03684639157956 30.649686239577367 28.844320693498258 6.609329662372029 24.641977735392317 148.20761148468955 103.98971687618334 45.1032806987307 0.0 0.0 0.20859869259758362 0.07955124378987599 73.03684639157956 30.649686239577367 28.844320693498258 6.609329662372029 
236.0002311726861 0.0 40.82395039076207 0.0 15.956996372630723 0.007172000176843496 0.42741573386094145 0.006303018795851649 0.3306243709033143 66.09070507726055 30.800417612798746 28.4634639610283 6.549989403537195 24.654279464472545 149.0924139747176 104.03321879270136 45.56782121075648 0.0 0.0 0.20859869259758362 0.08182351849119159 66.09070507726055 30.800417612798746 28.4634639610283 6.549989403537195 
238.00025783357174 0.0 40.19740966471207 0.0 15.933304635332648 0.007172000176843496 0.4296938342389857 0.006404654599376791 0.2967136636916958 59.4780080047447 30.87937074592224 27.98345375308782 6.533620811685498 24.678832638160376 149.82494281430127 104.07605600334922 46.022734788167 0.0 0.0 0.21028637409771112 0.07823207539914417 59.4780080047447 30.87937074592224 27.98345375308782 6.533620811685498 
240.00025783357162 0.0 39.572128249050714 0.0 15.903588125486605 0.007172000176843494 0.4309757880549532 0.006510550161466373 0.2602900650532997 54.08550153815796 30.863102194282753 28.141660943482943 6.541087382996611 24.78152159638347 149.8910919637203 104.2196628025779 46.13564519926071 0.0 0.0 0.21204478968439416 0.07339848151030991 54.08550153815796 30.863102194282753 28.141660943482943 6.541087382996611 
242.0002578335715 0.0 35.01287563943383 0.0 15.843315965785523 0.007172000176843496 0.442988097389061 0.007226053876784165 0.017537563314727295 22.357876036250286 31.147395188405547 28.624308145907353 6.447426096604867 24.575974416863225 157.7601009903607 105.28883917847635 46.03817561215296 0.0 0.0 0.22392586251236804 0.04408991754582364 22.357876036250286 31.147395188405547 28.624308145907353 6.447426096604867 
244.0002364363067 0.0 34.395612183451746 0.0 15.934217248546314 0.007172000176843494 0.44585950858269635 0.007226053876784165 0.02040897450836153 19.038711423160017 31.142334478706562 29.356157849751362 6.480205810493553 24.600631959237433 158.50902937135044 105.51241534491989 46.175577653739005 0.0 0.0 0.2239258625123681 0.046961328739457915 19.038711423160017 31.142334478706562 29.356157849751362 6.480205810493553 
246.0000556707449 0.0 33.77135460827106 0.0 16.025690946132414 0.007172000176843494 0.44748770221753564 0.007226053876784167 0.02203716814320267 16.402035649879682 31.059712619037434 28.582029080042677 6.44979642628902 24.70913340782243 158.5518634977738 105.74750545113233 46.26934066826002 0.0 0.0 0.2239258625123681 0.04858952237429862 16.402035649879682 31.059712619037434 28.582029080042677 6.44979642628902 
248.00009829515466 0.0 33.59495829036169 0.0 16.088768884037368 0.007172000176843494 0.4484790819694863 0.007226053876784167 0.023028547895153507 14.305754462078767 30.830919654943102 28.364445239048234 6.438159786622185 24.726676173082243 159.2786418342645 105.94036476208558 46.536140617618834 0.0 0.0 0.2239258625123681 0.049580902126249854 14.305754462078767 30.830919654943102 28.364445239048234 6.438159786622185 
250.00025783357106 0.0 33.41487010137582 0.0 16.141144185012056 0.007172000176843494 0.45162386301486324 0.007226053876784165 0.026173328940527485 13.094435927918605 30.64111321468545 28.248312438700847 6.423116978663456 24.859626049958194 159.28646302238988 106.16784696600246 46.703779606010535 0.0 0.0 0.22392586251236804 0.05272568317162423 13.094435927918605 30.64111321468545 28.248312438700847 6.423116978663456 
252.00025783357094 0.0 32.400118083082276 0.0 16.753020277375256 0.007172000176843494 0.4632821952837423 0.007226053876784163 0.03783166120941056 7.888134921610488 29.91552965770643 27.079036340409836 6.569037431060321 24.54425597312842 168.07224995736573 107.49286559446725 47.86997656411402 0.0 0.0 0.22392586251236804 0.06438401544050645 7.888134921610488 29.91552965770643 27.079036340409836 6.569037431060321 
254.00004751855977 0.0 32.37396278654942 0.0 16.842701823270723 0.007172000176843496 0.4655491125876304 0.007226053876784165 0.040098578513303236 8.029751542151933 29.936156558504827 28.469132068451948 6.625445601408009 24.336861996354877 170.84963175563777 107.6754442432443 48.236830853856894 0.0 0.0 0.22392586251236798 0.06665093274439941 8.029751542151933 29.936156558504827 28.469132068451948 6.625445601408009 
256.00025783357074 0.0 32.35677448108548 0.0 16.98276747935685 0.007172000176843494 0.46787925483120346 0.007226053876784165 0.04242872075686882 8.032101875222466 30.025210880179348 29.67605589588113 6.640948225834405 24.124298597542605 173.53919400938295 107.89275355135388 48.47623308952387 0.0 0.0 0.22392586251236804 0.06898107498796417 8.032101875222466 30.025210880179348 29.67605589588113 6.640948225834405 
258.00025783357063 0.0 32.36417260966056 0.0 17.10652792756475 0.007172000176843494 0.4689383382496321 0.007226053876784165 0.043487804175304394 8.023670812640459 30.10736434183973 30.63943910694265 6.614960486350646 24.029082828409056 175.07542842069915 108.14974555720046 48.58051809830556 0.0 0.0 0.22392586251236804 0.07004015840640085 8.023670812640459 30.10736434183973 30.63943910694265 6.614960486350646 
260.0002578335705 0.0 32.35974643931712 0.0 17.21467036898505 0.007172000176843496 0.4714041437978575 0.007226053876784163 0.0459536097235262 8.031887359877505 30.215708041427174 31.176286307094653 6.594005889662513 23.909439483302066 176.77612365837442 108.39136456973331 48.730457657834485 0.0 0.0 0.2239258625123681 0.07250596395462233 8.031887359877505 30.215708041427174 31.176286307094653 6.594005889662513 
262.0002578335704 0.0 32.36122253551686 0.0 17.86182295893279 0.007172000176843498 0.48347913790855623 0.007226053876784163 0.05802860383422331 8.133143305664175 30.865684100549444 32.745891300078654 6.491379936714249 23.554316759034357 186.6918742173538 109.55793856789764 50.66547389432755 0.0 0.0 0.22392586251236804 0.08458095806531996 8.133143305664175 30.865684100549444 32.745891300078654 6.491379936714249 
264.0002578335703 0.0 32.35707220852037 0.0 17.87784959302239 0.007172000176843496 0.48458202740807443 0.007226053876784163 0.05913149333374087 8.255417762678482 30.861558775583763 32.59630905615356 6.476778183986605 23.485976699959753 187.8917949411602 109.84291597539084 50.676532277550024 0.0 0.0 0.22392586251236804 0.08568384756483653 8.255417762678482 30.861558775583763 32.59630905615356 6.476778183986605 
266.0002578335702 0.0 32.40014246624127 0.0 17.946456041654212 0.0071795116879885415 0.4279794716492234 0.007226053876784165 0.06165118881434716 8.434898574589848 30.949295643221372 33.43010579728777 6.485139645172704 23.463263614959537 188.75544087747596 110.09743856629679 50.78999838624282 0.0 0.0 0.22392586251236804 0.08820354304544221 8.434898574589848 30.949295643221372 33.43010579728777 6.485139645172704 
268.00010479867797 0.0 32.42224655960599 0.0 17.96652511070131 0.0071859096411173535 0.3786562909160364 0.007226053876784165 0.06268557062832694 8.629425189014771 31.00220594671222 33.83830534196795 6.499477544504864 23.453275772376024 189.24123009018956 110.31137367044371 51.05199982047454 0.0 0.0 0.22392586251236804 0.08923792485942222 8.629425189014771 31.00220594671222 33.83830534196795 6.499477544504864 
270.00025783356995 0.0 32.384658066228546 0.0 17.901346738732368 0.0071964502993042715 0.2984795208275592 0.007226053876784167 0.06547312416669629 8.811128484384014 30.945807931460642 34.01263707377364 6.492553051064813 23.453275772376024 189.3251403779934 110.5270233006564 51.302092414030724 0.0 0.0 0.22392586251236798 0.09202547839779213 8.811128484384014 30.945807931460642 34.01263707377364 6.492553051064813 
272.00023901768543 0.0 32.110974872600735 0.0 17.587170458234255 0.007226053876784167 0.07741770232456262 0.007226053876784167 0.07741770232456262 9.291782099642953 30.797116220556045 31.098125355192714 6.395588093961508 23.39961221258409 198.36413457477414 111.71539236232238 53.187643684061804 0.0 0.0 0.22392586251236798 0.10397005655565789 9.291782099642953 30.797116220556045 31.098125355192714 6.395588093961508 
274.0002578335697 0.0 32.2222688003831 0.0 17.7450275129713 0.007226053876784167 0.08022094576258108 0.007226053876784167 0.08022094576258108 9.271948209856752 30.68435645397812 31.43605038075933 6.376260560311715 23.39961221258409 198.53337371050682 111.81017199189343 53.85358946980587 0.0 0.0 0.22392586251236804 0.10677329999367906 9.271948209856752 30.68435645397812 31.43605038075933 6.376260560311715 
276.0002578335696 0.0 32.20427230783598 0.0 17.705765211052377 0.007226053876784165 0.08156745550213414 0.007226053876784165 0.08156745550213414 9.243290334663762 30.579110339613226 31.140562596319697 6.3546564641972765 23.39961221258409 198.53337371050682 111.8602864891191 54.6674703451279 0.0 0.0 0.22392586251236804 0.10811980973322863 9.243290334663762 30.579110339613226 31.140562596319697 6.3546564641972765 
278.0002578335695 0.0 32.197034990547664 0.0 17.608619796350307 0.007226053876784165 0.08373619480213285 0.007226053876784165 0.08373619480213285 9.151217835902415 30.551238817547592 30.412712371323508 6.358336178793257 23.39961221258409 198.53337371050682 111.88320863539916 55.59773267227124 0.0 0.0 0.22392586251236798 0.11028854903323088 9.151217835902415 30.551238817547592 30.412712371323508 6.358336178793257 
280.0002578335694 0.0 32.17899956093206 0.0 17.52673671090722 0.007226053876784165 0.08550251957836656 0.007226053876784165 0.08550251957836656 9.041325155695933 30.480724971952796 29.78077587328361 6.3793310413173705 23.39961221258409 198.53337371050682 111.90037147396603 56.54467650857035 0.0 0.0 0.22392586251236804 0.11205487380946348 9.041325155695933 30.480724971952796 29.78077587328361 6.3793310413173705 
282.00025783356926 0.0 31.913497339305263 0.0 17.076597492656894 0.007226053876784165 0.09840757298265419 0.007226053876784165 0.09840757298265419 8.408521604272048 30.316265016972064 30.456220618523506 6.448806111828812 NaN NaN 111.96293125618467 62.323980624234814 0.0 0.0 0.22392586251236804 0.12495992721374828 8.408521604272048 30.316265016972064 30.456220618523506 6.448806111828812 
284.00025783356915 0.0 31.86337812933099 0.0 17.021680880952236 0.007226053876784165 0.1003660847876685 0.007226053876784165 0.1003660847876685 8.34576469313576 30.48587186790516 30.600144890475416 6.466568908386964 NaN NaN 111.96293125618467 63.33454731637385 0.0 0.0 0.22392586251236804 0.12691843901876368 8.34576469313576 30.48587186790516 30.600144890475416 6.466568908386964 
286.00025783356904 0.0 31.905462756504708 0.0 16.90001114915372 0.007226053876784163 0.10181667408667083 0.007226053876784163 0.10181667408667083 8.47079419538111 30.545596620488546 31.805124008801283 6.498111592209365 NaN NaN 111.96293125618467 64.30461050069833 0.0 0.0 0.22392586251236798 0.12836902831776825 8.47079419538111 30.545596620488546 31.805124008801283 6.498111592209365 
288.0002578335689 0.0 31.92933009979925 0.0 16.824793114893733 0.007226053876784163 0.10373229551440975 0.007226053876784163 0.10373229551440975 8.513859646907605 30.594079523208382 32.175508653444545 6.48250580031869 NaN NaN 111.96293125618467 65.3334260901452 0.0 0.0 0.22392586251236798 0.13028464974550788 8.513859646907605 30.594079523208382 32.175508653444545 6.48250580031869 
290.0002578335688 0.0 31.970042435235737 0.0 16.78471068812552 0.007226053876784163 0.10586875800101704 0.007226053876784163 0.10586875800101704 8.378698831997571 30.623800112685963 31.542304861670427 6.4427219222859975 NaN NaN 111.96293125618467 66.3231127527475 0.0 0.0 0.22392586251236804 0.13242111223211112 8.378698831997571 30.623800112685963 31.542304861670427 6.4427219222859975 
292.0002578335687 0.0 32.31147679915654 0.0 16.45635123605901 0.007226053876784165 0.11879669011155546 0.007226053876784165 0.11879669011155546 7.785175314547805 30.909278477711304 26.942320916649027 6.166815802918534 NaN NaN 111.96293125618467 72.34537636949915 0.0 0.0 0.22392586251236804 0.14534904434265297 7.785175314547805 30.909278477711304 26.942320916649027 6.166815802918534 
294.00007173254437 0.0 32.42225581782111 0.0 16.333474840549282 0.007226053876784165 0.12050591879956409 0.007226053876784165 0.12050591879956409 8.005627832301363 30.797374882445776 25.634392786785867 6.201154889275901 NaN NaN 111.96293125618467 73.32412964628985 0.0 0.0 0.22392586251236804 0.1470582730306608 8.005627832301363 30.797374882445776 25.634392786785867 6.201154889275901 
296.00025783356847 0.0 32.5365602804661 0.0 16.225383761235527 0.007226053876784165 0.12244481123357123 0.007226053876784165 0.12244481123357123 8.029905105371194 30.7735732768151 25.205051073000536 6.269732808204327 NaN NaN 111.96293125618467 74.31827528375567 0.0 0.0 0.22392586251236798 0.14899716546466893 8.029905105371194 30.7735732768151 25.205051073000536 6.269732808204327 
298.00025783356836 0.0 32.605021599979445 0.0 16.180832344706875 0.007226053876784165 0.12414211032373486 0.007226053876784165 0.12414211032373486 8.067609650956488 30.719691335551445 24.898551983938773 6.294674732895326 NaN NaN 111.96293125618467 75.31097307643138 0.0 0.0 0.22392586251236798 0.15069446455483246 8.067609650956488 30.719691335551445 24.898551983938773 6.294674732895326 
300.0000262835907 0.0 32.6699886615614 0.0 16.18091648697765 0.007226053876784165 0.12652693216115107 0.007226053876784165 0.12652693216115107 9.710835821700153 30.66803267289578 26.728786021491562 6.316139002825526 NaN NaN 111.96293125618467 76.32242766663063 0.0 0.0 0.22392586251236798 0.1530792863922468 9.710835821700153 30.66803267289578 26.728786021491562 6.316139002825526 
302.00003454330226 0.0 34.595117333794136 0.0 16.67662947400338 0.007226053876784165 0.1373592630301046 0.005952250022227453 0.05968992935329594 981.7169558506704 29.696287296960588 777.3006816001463 5.042406288283367 30.021508084833613 83.74215336681311 106.77365782771005 75.0306847825846 0.060043016169666674 0.16555946136566455 0.1718661618401769 0.06652577394121593 981.7169558506704 29.696287296960588 777.3006816001463 5.042406288283367 
304.000257833568 0.0 35.49488624476823 0.0 17.152744587412148 0.007226053876784167 0.13997888358462202 0.00660477307466525 0.10209670435102211 928.800353623587 28.065641606590834 622.4293710224442 4.239856147367669 30.021508084833613 85.07099834564289 101.25398076352779 67.87649873486401 0.06004301616966678 0.1681790819201816 0.19675248279377533 0.09824753952564305 928.800353623587 28.065641606590834 622.4293710224442 4.239856147367669 
306.0002578335679 0.0 36.24137317122944 0.0 17.97231213099616 0.007226053876784165 0.14125990644777656 0.006729971805855334 0.11101163567969906 873.6184865566345 26.472597435475993 538.9600885399501 4.2757705712718295 30.021508084833613 86.61865925968726 99.85578635872848 66.5634738611912 0.06004301616966678 0.16946010478333678 0.20222838459423578 0.11328889806587913 873.6184865566345 26.472597435475993 538.9600885399501 4.2757705712718295 
308.0002578335678 0.0 36.904395375192465 0.0 18.85134422539531 0.007226053876784165 0.14364135935660338 0.006865719116412245 0.12167018958931944 831.5779748507628 25.33622149340576 466.0224118709514 4.5402660149083 30.021508084833613 88.12513971054162 99.98148807763074 67.4128853441155 0.06004301616966678 0.1718415576921627 0.20816565676320953 0.1305900593676581 831.5779748507628 25.33622149340576 466.0224118709514 4.5402660149083 
310.0002578335677 0.0 37.675994610744596 0.0 19.556452654320882 0.007226053876784165 0.1454101086575668 0.006927853354806197 0.12722753230465753 792.8543647936597 24.30807849465158 399.685529151933 4.827469169722906 30.021508084833613 89.45674377463372 100.29490974012383 68.65418168094983 0.06004301616966678 0.1736103069931252 0.21088326407965802 0.1391878553307885 792.8543647936597 24.30807849465158 399.685529151933 4.827469169722906 
312.00025783356756 0.0 42.28931258830573 0.0 23.301620591900267 0.007226053876784167 0.1579572306839671 0.007226053876784167 0.1579572306839671 566.4716968245341 18.617868733218963 54.88514265364047 6.290238016203001 30.021508084833613 93.13663897290195 101.68784255794311 76.94182043388307 0.060043016169666674 0.18615742901952329 0.22392586251236804 0.18450958491506073 566.4716968245341 18.617868733218963 54.88514265364047 6.290238016203001 
314.00025783356745 0.0 42.94484921378128 0.0 24.062915324050874 0.007226053876784167 0.15971876013551434 0.007226053876784167 0.15971876013551434 543.2322751776393 18.201203733413397 43.00483287300518 6.342547368772167 30.021508084833613 94.34554500148938 102.1743434300444 78.87575192669235 0.06004301616966678 0.18791895847107631 0.2239258625123681 0.18627111436660998 543.2322751776393 18.201203733413397 43.00483287300518 6.342547368772167 
316.00025783356733 0.0 43.449369742735755 0.0 24.302882362469454 0.007226053876784165 0.1624232587018882 0.007226053876784165 0.1624232587018882 518.0621668482229 17.63956492308155 38.559229639471056 6.283437325958289 30.021508084833613 95.67874466409123 102.59506523707542 80.3264594236904 0.060043016169666674 0.1906234570374503 0.22392586251236804 0.1889756129329839 518.0621668482229 17.63956492308155 38.559229639471056 6.283437325958289 
318.0002578335672 0.0 43.956382450626535 0.0 24.511235561182726 0.007226053876784165 0.1643708309849613 0.007226053876784165 0.1643708309849613 499.78886187135964 17.37738180546383 35.04962708104578 6.196799675017705 30.021508084833613 97.01399437118876 102.27363272386762 80.7607166261554 0.060043016169666674 0.19257102932052397 0.2239258625123681 0.1909231852160575 499.78886187135964 17.37738180546383 35.04962708104578 6.196799675017705 
320.0002578335671 0.0 44.48199992526626 0.0 24.619254654723257 0.007226053876784167 0.16576214289981966 0.007226053876784167 0.16576214289981966 485.42236275769517 17.3373003069927 33.01826288010476 6.190644571040859 30.021508084833613 98.3854535270967 102.03273410322055 81.31376372667778 0.06004301616966678 0.19396234123538172 0.22392586251236804 0.1923144971309152 485.42236275769517 17.3373003069927 33.01826288010476 6.190644571040859 
322.000257833567 0.0 46.859491197179565 0.0 23.312001434400315 0.007226053876784165 0.1781001154954594 0.007226053876784165 0.1781001154954594 411.1017547596356 18.414333807949923 28.403989998931483 6.209227447126335 30.021508084833613 103.16953287581713 101.5889470159851 87.44864851423522 0.06004301616966678 0.20630031383101488 0.2239258625123681 0.2046524697265528 411.1017547596356 18.414333807949923 28.403989998931483 6.209227447126335 
324.0002578335669 0.0 47.58247905267162 0.0 22.809033391535056 0.007226053876784163 0.17923959925982916 0.007226053876784163 0.17923959925982916 402.2714075256253 18.954603591258433 27.78536066723291 6.195607301168991 30.021508084833613 104.21996416166317 102.28561671842847 89.19714242734247 0.06004301616966678 0.20743979759538975 0.2239258625123681 0.20579195349092458 402.2714075256253 18.954603591258433 27.78536066723291 6.195607301168991 
326.00025783356676 0.0 48.13147772571681 0.0 22.227586602233945 0.007226053876784163 0.1817374948556508 0.007226053876784163 0.1817374948556508 393.0841681004314 19.46384320080366 26.550895610296628 6.15197739332687 30.021508084833613 105.44897053170638 103.23458911855356 91.42515921724389 0.06004301616966678 0.2099376931912115 0.22392586251236804 0.2082898490867467 393.0841681004314 19.46384320080366 26.550895610296628 6.15197739332687 
328.00025783356665 0.0 48.50481405846074 0.0 21.488336287315505 0.007226053876784163 0.18400571815519365 0.007226053876784163 0.18400571815519365 383.84132014663817 19.98852422537156 26.104922541012826 6.170337591086331 30.021508084833613 106.60001409234073 104.03608036502763 93.56570486165393 0.06004301616966678 0.21165680304244744 0.2239258625123681 0.21055807238628707 383.84132014663817 19.98852422537156 26.104922541012826 6.170337591086331 
330.00025783356654 0.0 48.59224915462461 0.0 20.987626238390177 0.007226053876784165 0.18530849362154053 0.007226053876784165 0.18530849362154053 373.92385709892153 20.52447688739135 25.42438485112354 6.143186093669313 30.021508084833613 107.78343119200295 105.11570090545843 96.03999758562041 0.06004301616966678 0.21165680304244744 0.2239258625123681 0.21186084785263698 373.92385709892153 20.52447688739135 25.42438485112354 6.143186093669313 
332.0002578335664 0.0 49.43132033887965 0.0 17.546871886372465 0.007226053876784165 0.19852616270942072 0.007226053876784165 0.19852616270942072 308.6300029126328 23.653372605873553 23.859811454639484 6.169420989167383 30.021508084833613 113.12545534602157 111.52491046023445 106.76132130908492 0.0 0.0 0.23908126844871003 0.04520927497945808 308.6300029126328 23.653372605873553 23.859811454639484 6.169420989167383 
334.0002578335663 0.0 49.297201206768705 0.0 16.95119329655833 0.007226053876784165 0.19957078714628296 0.007226053876784165 0.19957078714628296 294.73937524397957 24.09988881862426 23.562976196232587 6.046980039662345 30.021508084833613 113.99854080660893 112.25991338132759 104.16707057487383 0.0 0.0 0.23908126844870997 0.04625389941632288 294.73937524397957 24.09988881862426 23.562976196232587 6.046980039662345 
336.0002578335662 0.0 49.18082908198736 0.0 16.708915534806703 0.007226053876784163 0.20209567660212793 0.007226053876784163 0.20209567660212793 280.78062004362596 24.529135027246745 23.071797295478284 5.958419790904487 30.021508084833613 114.85452231802455 112.65634212229138 102.18614399619402 0.0 0.0 0.23908126844871003 0.048778788872167 280.78062004362596 24.529135027246745 23.071797295478284 5.958419790904487 
338.0001547267913 0.0 48.814121133846434 0.0 16.564343026400607 0.007226053876784165 0.2034589356179559 0.007226053876784165 0.2034589356179559 266.35608260208596 24.992566557018076 22.729791363579555 5.959624253858938 30.021508084833613 115.83965603038534 112.94605519446036 100.66981621679643 0.0 0.0 0.23908126844871008 0.050142047887996644 266.35608260208596 24.992566557018076 22.729791363579555 5.959624253858938 
340.00025783356597 0.0 48.24801471848973 0.0 16.330927373941947 0.007226053876784163 0.20552301775085102 0.007226053876784163 0.20552301775085102 252.63067906160717 25.401738826882983 23.682035153787673 6.019777641830331 30.021508084833613 116.77096187766766 113.22272933175748 98.94957346506433 0.0 0.0 0.23908126844871008 0.052206130020889537 252.63067906160717 25.401738826882983 23.682035153787673 6.019777641830331 
342.00025783356585 0.0 45.160831269977734 0.0 15.107224042328347 0.007226053876784165 0.21849006121881312 0.007226053876784165 0.21849006121881312 171.0314611914815 28.045324634185544 29.42621634946347 6.217027438291416 30.021508084833613 123.17649738425423 114.69931508880563 89.84329379342763 0.0 0.0 0.23908126844871003 0.06517317348885283 171.0314611914815 28.045324634185544 29.42621634946347 6.217027438291416 
344.00025783356574 0.0 44.439742826142734 0.0 15.120438242508298 0.007226053876784165 0.21932524919265525 0.007226053876784165 0.21932524919265525 159.50671922650372 28.28687589014061 34.01980978153801 6.365115679499401 30.021508084833613 124.15884080473487 114.95004531296685 87.8624345944344 0.0 0.0 0.23908126844870997 0.06600836146269194 159.50671922650372 28.28687589014061 34.01980978153801 6.365115679499401 
346.0002578335656 0.0 43.92597228429906 0.0 15.150694753378808 0.007226053876784165 0.22180013497046616 0.007226053876784165 0.22180013497046616 148.62862892087136 28.559660069797708 36.760770652727686 6.394652182952038 30.021508084833613 125.1583593364516 115.13254985015826 86.70028742302107 0.0 0.0 0.23908126844870997 0.06848324724050492 148.62862892087136 28.559660069797708 36.760770652727686 6.394652182952038 
348.00003049073985 0.0 43.48873952885914 0.0 15.240100831561035 0.007226053876784165 0.22411621998219855 0.007226053876784165 0.22411621998219855 138.2043324812179 28.849399387256774 38.09660760724968 6.368797169782592 30.021508084833613 126.11953346691439 115.38116161913307 84.75374435130934 0.0 0.0 0.23908126844870997 0.07079933225223695 138.2043324812179 28.849399387256774 38.09660760724968 6.368797169782592 
350.0002578335654 0.0 42.990003951993685 0.0 15.296752945937632 0.007226053876784165 0.2260981155067601 0.007226053876784165 0.2260981155067601 128.6747360788538 29.07903572620004 38.46366320162485 6.304678846828098 30.021508084833613 127.10583662304177 115.60761738752097 83.0559532993564 0.0 0.0 0.23908126844871003 0.0727812277767983 128.6747360788538 29.07903572620004 38.46366320162485 6.304678846828098 
352.0000907071534 0.0 39.534870045496994 0.0 15.259430075811839 0.007226053876784163 0.23832213496802138 0.007226053876784163 0.23832213496802138 75.46630943718787 30.370868226052302 36.76349614841355 6.163060685374062 30.021508084833613 133.15077651852752 116.86979212720931 74.07618138606573 0.0 0.0 0.23908126844871003 0.08500524723806249 75.46630943718787 30.370868226052302 36.76349614841355 6.163060685374062 
354.00014478037343 0.0 39.070174405020104 0.0 15.281467772392157 0.007226053876784163 0.23997036074111464 0.007226053876784163 0.23997036074111464 68.42654920056388 30.400338174383673 35.181263459904784 6.034828536592206 30.021508084833613 134.15769969720148 117.2484846235892 70.57963102737865 0.0 0.0 0.23908126844870997 0.0866534730111515 68.42654920056388 30.400338174383673 35.181263459904784 6.034828536592206 
356.00025783356506 0.0 38.68160817875916 0.0 15.233766304791903 0.007226053876784163 0.24262318445480857 0.007226053876784163 0.24262318445480857 61.72636755221352 30.51106281607334 32.702528417597705 5.93010309661152 30.021508084833613 135.25030723496624 117.5273262870831 68.28504647666446 0.0 0.0 0.23908126844870997 0.0893062967248502 61.72636755221352 30.51106281607334 32.702528417597705 5.93010309661152 
358.00025783356494 0.0 38.24431944327942 0.0 15.239350290908675 0.007226053876784163 0.24365856665708194 0.007226053876784163 0.24365856665708194 56.07185792927242 30.61657040124127 30.392677171786712 5.906424401290021 30.021508084833613 136.24883299705843 117.74405686621259 66.70558432157378 0.0 0.0 0.23908126844870997 0.09034167892712291 56.07185792927242 30.61657040124127 30.392677171786712 5.906424401290021 
360.00025783356483 0.0 37.87371909342627 0.0 15.269124720282983 0.007226053876784165 0.24655730073548368 0.007226053876784165 0.24655730073548368 50.9529791079398 30.72946226075949 28.938558000833225 5.971228108541907 30.021508084833613 137.21706519483052 117.92398000973036 65.54735937656008 0.0 0.0 0.23908126844870997 0.09324041300552356 50.9529791079398 30.72946226075949 28.938558000833225 5.971228108541907 
362.0002405527042 0.0 34.92153028195707 0.0 15.789964126857514 0.007226053876784165 0.2580356924762217 0.007226053876784165 0.2580356924762217 22.662885703608314 31.230482735061496 23.28191218331206 6.145531553690996 30.021508084833613 143.12471179548507 118.924140614159 59.68414829643749 0.0 0.0 0.23908126844870997 0.10471880474626337 22.662885703608314 31.230482735061496 23.28191218331206 6.145531553690996 
364.0002578335646 0.0 34.31582642468301 0.0 15.88875976516477 0.007226053876784165 0.26078865639797905 0.007226053876784165 0.26078865639797905 19.68719637773812 31.252954555292522 24.436370487615353 6.2077591719216985 30.021508084833613 144.1076730317804 119.11165898916855 58.46090991240332 0.0 0.0 0.23908126844871003 0.10747176866801664 19.68719637773812 31.252954555292522 24.436370487615353 6.2077591719216985 
366.0002578335645 0.0 33.98761244344677 0.0 15.991713131307677 0.007226053876784165 0.26216876691640106 0.007226053876784165 0.26216876691640106 17.442825925928368 31.196198517731666 24.63471152949457 6.216753413324339 30.021508084833613 145.040038644247 119.21089610908564 58.27731433488852 0.0 0.0 0.23908126844871003 0.10885187918644176 17.442825925928368 31.196198517731666 24.63471152949457 6.216753413324339 
368.0002578335644 0.0 33.68669281850183 0.0 16.03751102460214 0.007226053876784165 0.26502751585106465 0.007226053876784165 0.26502751585106465 15.553363679748239 31.119934963187823 25.092022604737426 6.196603258210549 30.021508084833613 146.15334796993835 119.28607473357553 58.402007052049065 0.0 0.0 0.23908126844870997 0.11171062812110155 15.553363679748239 31.119934963187823 25.092022604737426 6.196603258210549 
370.00025783356426 0.0 33.52552922541464 0.0 16.06420943538083 0.007226053876784163 0.2659862054181663 0.007226053876784163 0.2659862054181663 14.141904279239226 31.039468159346825 24.71846578784124 6.157409588264651 30.021508084833613 147.0580744264401 119.33880512204173 58.762221913960296 0.0 0.0 0.23908126844871003 0.11266931768820354 14.141904279239226 31.039468159346825 24.71846578784124 6.157409588264651 
372.00025783356415 0.0 32.83199994277564 0.0 16.58553396456141 0.007226053876784165 0.2777841753912806 0.007226053876784165 0.2777841753912806 8.536993006642701 30.616526933647656 22.09972303953977 5.845382052378687 30.021508084833613 153.17525687687942 119.54063422435593 62.37030174519905 0.0 0.0 0.23908126844870997 0.12446728766132065 8.536993006642701 30.616526933647656 22.09972303953977 5.845382052378687 
374.00025783356404 0.0 32.64333451508158 0.0 16.769991528724987 0.007226053876784165 0.27963854572914176 0.007226053876784165 0.27963854572914176 8.574726279197638 30.65259015279959 22.50459480290498 5.911860768451941 30.021508084833613 154.10627922881233 119.54063422435593 63.39089360276164 0.0 0.0 0.23908126844871003 0.12632165799918255 8.574726279197638 30.65259015279959 22.50459480290498 5.911860768451941 
376.0002578335639 0.0 32.72186835034057 0.0 16.83303245421101 0.007226053876784163 0.281358076130925 0.007226053876784163 0.281358076130925 8.601933277332945 30.583858113377055 23.511998143299603 6.072518982142444 30.021508084833613 154.98899074704633 119.54063422435593 64.3884803541847 0.0 0.0 0.23908126844871003 0.12804118840096543 8.601933277332945 30.583858113377055 23.511998143299603 6.072518982142444 
378.0002578335638 0.0 32.73138665017288 0.0 16.86397013114961 0.007226053876784163 0.28363606242069545 0.007226053876784163 0.28363606242069545 8.665079947279516 30.558557005121298 25.10486934062621 6.1923557999654895 30.021508084833613 155.75093204001837 119.54063422435593 65.38831060631352 0.0 0.0 0.23908126844871003 0.13031917469073628 8.665079947279516 30.558557005121298 25.10486934062621 6.1923557999654895 
380.0002578335637 0.0 32.79889582731621 0.0 16.807156939075938 0.007226053876784165 0.28491089070821807 0.007226053876784165 0.28491089070821807 8.751518395432425 30.61577016538247 25.82124012043195 6.265995468004126 30.021508084833613 156.48498041422422 119.54063422435593 66.3925335595821 0.0 0.0 0.23908126844870997 0.13159400297825663 8.751518395432425 30.61577016538247 25.82124012043195 6.265995468004126 
382.0002578335636 0.0 32.99842116507128 0.0 16.749862940452235 0.007226053876784167 0.2975283573747692 0.007226053876784167 0.2975283573747692 8.808240794439541 31.0456676472483 31.407329669820374 6.52507450728431 30.021508084833613 163.07279443209347 119.54063422435593 72.39165394426821 0.0 0.0 0.23908126844871008 0.14421146964481 8.808240794439541 31.0456676472483 31.407329669820374 6.52507450728431 
384.0001618658027 0.0 32.9545027294947 0.0 16.622943991118827 0.007226053876784167 0.2997492309372592 0.007226053876784167 0.2997492309372592 8.925309523839843 31.199201556285367 32.59241557631398 6.4754779185998155 30.021508084833613 163.92589988576367 119.54063422435593 73.39149400976648 0.0 0.0 0.23908126844871008 0.1464323432072983 8.925309523839843 31.199201556285367 32.59241557631398 6.4754779185998155 
386.00025783356335 0.0 33.00019159828512 0.0 16.554866154941912 0.007226053876784167 0.3019788993155896 0.007226053876784167 0.3019788993155896 9.003377886092851 31.28123516726298 32.60400229835206 6.380027564426344 30.021508084833613 164.71104987918432 119.54063422435593 74.39552223847281 0.0 0.0 0.23908126844871003 0.1486620115856295 9.003377886092851 31.28123516726298 32.60400229835206 6.380027564426344 
388.00025783356324 0.0 33.11551964494533 0.0 16.61383140137406 0.007226053876784167 0.3032918492252517 0.007226053876784167 0.3032918492252517 8.998900590416298 31.23282719049757 31.64034187245289 6.34075916298454 30.021508084833613 165.36282881805712 119.54063422435593 75.39935698283854 0.0 0.0 0.23908126844871003 0.14997496149529177 8.998900590416298 31.23282719049757 31.64034187245289 6.34075916298454 
390.0002578335631 0.0 33.21967207064169 0.0 16.707047989484533 0.007226053876784165 0.3055539806031188 0.007226053876784165 0.3055539806031188 9.022660186511379 31.21959709478232 31.03174679701928 6.357743288925734 30.021508084833613 165.91261163849822 119.54063422435593 76.39513015279401 0.0 0.0 0.23908126844871003 0.1522370928731591 9.022660186511379 31.21959709478232 31.03174679701928 6.357743288925734 
392.000257833563 0.0 33.84602995966335 0.0 17.059671808866717 0.007226053876784165 0.31872032923048765 0.007226053876784165 0.31872032923048765 9.058713434545954 31.163278651727587 31.302824127039738 6.490265138409564 30.021508084833613 173.1355674589691 119.54063422435593 82.39513608010621 0.0 0.0 0.23908126844871008 0.1654034415005271 9.058713434545954 31.163278651727587 31.302824127039738 6.490265138409564 
394.0000585795145 0.0 33.87580022911748 0.0 16.965168720966748 0.007226053876784165 0.3205241131373421 0.007226053876784165 0.3205241131373421 9.160417790669928 31.15812645842502 30.745185633245075 6.444425643352906 30.021508084833613 173.99977065108607 119.54063422435593 83.39218545097287 0.0 0.0 0.23908126844871008 0.16720722540737837 9.160417790669928 31.15812645842502 30.745185633245075 6.444425643352906 
396.0002578335628 0.0 33.917484553233045 0.0 16.855417508961242 0.007226053876784165 0.3228161997832377 0.007226053876784165 0.3228161997832377 9.272320144291365 31.226306859494 29.65839941604549 6.464043321699428 30.021508084833613 174.58681370909898 119.54063422435593 84.38866943084173 0.0 0.0 0.23908126844870997 0.1694993120532741 9.272320144291365 31.226306859494 29.65839941604549 6.464043321699428 
398.00025783356267 0.0 33.85098949756416 0.0 16.75441297403866 0.007226053876784165 0.32436130200047086 0.007226053876784165 0.32436130200047086 9.27426829222938 31.243401956522916 28.681240530583388 6.419581752676556 30.021508084833613 174.98052856745457 119.54063422435593 85.38843553452429 0.0 0.0 0.23908126844871003 0.17104441427051145 9.27426829222938 31.243401956522916 28.681240530583388 6.419581752676556 
400.00025783356256 0.0 33.82200925677709 0.0 16.67761740122385 0.007226053876784165 0.326878904515058 0.007226053876784165 0.326878904515058 9.220535804318137 31.2115152828713 27.940385743830245 6.390980445485407 30.021508084833613 175.28058230404002 119.54063422435593 86.38957439359095 0.0 0.0 0.23908126844871003 0.17356201678509733 9.220535804318137 31.2115152828713 27.940385743830245 6.390980445485407 
402.0001510195491 0.0 33.68074015190602 0.0 16.151279065419203 0.007226053876784165 0.3378394211978097 0.007226053876784165 0.3378394211978097 8.438833620013025 30.99777795553321 21.38822786780271 6.3686343096828555 30.021508084833613 183.01743483132202 119.77323549154154 90.45592725167305 0.0 0.0 0.25673432164700993 0.03755711618477407 8.438833620013025 30.99777795553321 21.38822786780271 6.3686343096828555 
404.00025783356233 0.0 33.65021653052416 0.0 16.225561514804806 0.007226053876784163 0.34043270552543425 0.007226053876784163 0.34043270552543425 8.302488254024393 30.911023349118633 21.534832521673746 6.381652157103249 30.021508084833613 183.43028972794463 120.03983488997088 89.22392837289128 0.0 0.0 0.25673432164700993 0.0401504005124035 8.302488254024393 30.911023349118633 21.534832521673746 6.381652157103249 
406.0000650886257 0.0 33.61813410374442 0.0 16.274262558797925 0.007226053876784163 0.34204115493081017 0.007226053876784163 0.34204115493081017 8.299686517868231 30.90872835432069 22.498120520596583 6.415677408334544 30.021508084833613 183.43028972794463 120.38495696052286 87.36012580536924 0.0 0.0 0.25673432164700993 0.04175884991777709 8.299686517868231 30.90872835432069 22.498120520596583 6.415677408334544 
408.00023170952187 0.0 33.55819086103917 0.0 16.279223614012473 0.007226053876784163 0.3443752831150446 0.007226053876784163 0.3443752831150446 8.29020043524101 30.947742422832576 23.182570529423565 6.4117552671994655 30.021508084833613 183.43028972794463 120.78522818500518 85.03650075975355 0.0 0.0 0.25673432164700993 0.044092978102009496 8.29020043524101 30.947742422832576 23.182570529423565 6.4117552671994655 
410.000257833562 0.0 33.45663502919821 0.0 16.258293828082152 0.007226053876784165 0.346793621524756 0.007226053876784165 0.346793621524756 8.211368844364959 30.979249349852513 23.465312562848872 6.39346965972009 30.021508084833613 183.43028972794463 121.15515709226295 82.94443374152677 0.0 0.0 0.25673432164701004 0.04651131651172458 8.211368844364959 30.979249349852513 23.465312562848872 6.39346965972009 
412.0002578335619 0.0 32.79152119839902 0.0 16.214874779773055 0.007226053876784167 0.35869397979710854 0.007226053876784167 0.35869397979710854 8.204070892067662 31.26554363223189 25.485466581936624 6.240486740704574 NaN NaN 123.16981039144964 72.1749695505248 0.0 0.0 0.25673432164700993 0.05841167478408015 8.204070892067662 31.26554363223189 25.485466581936624 6.240486740704574 
414.00025783356176 0.0 32.82211190055917 0.0 16.191209216392394 0.007226053876784165 0.35976582717650557 0.007226053876784165 0.35976582717650557 8.435276977765287 31.32462601202994 24.670400918644166 6.302285548315371 NaN NaN 123.42954567322772 70.9955831299477 0.0 0.0 0.25673432164700993 0.05948352216347807 8.435276977765287 31.32462601202994 24.670400918644166 6.302285548315371 
416.00025783356165 0.0 32.95765822289534 0.0 16.223059872721535 0.007226053876784163 0.3628957597136536 0.007226053876784163 0.3628957597136536 8.47049448691614 31.37481401693784 25.419917738685456 6.358362977069083 NaN NaN 123.61838545207581 70.42384709322944 0.0 0.0 0.25673432164700993 0.06261345470062323 8.47049448691614 31.37481401693784 25.419917738685456 6.358362977069083 
418.00025783356153 0.0 33.053125289700766 0.0 16.292256574553505 0.007226053876784165 0.3640514409957595 0.007226053876784165 0.3640514409957595 8.473577031916594 31.399085756234424 26.111369310263196 6.364194164997307 NaN NaN 123.88702013662618 69.19884523032655 0.0 0.0 0.25673432164700993 0.0637691359827253 8.473577031916594 31.399085756234424 26.111369310263196 6.364194164997307 
420.0002578335614 0.0 33.14867122497246 0.0 16.38054544175406 0.007226053876784165 0.3666709084938575 0.007226053876784165 0.3666709084938575 8.46600598094696 31.439120255395895 26.654984106960573 6.370143866024557 NaN NaN 124.17705154896244 67.7958249644612 0.0 0.0 0.25673432164701004 0.06638860348082591 8.46600598094696 31.439120255395895 26.654984106960573 6.370143866024557 
422.0001294303037 0.0 35.62518650596265 0.0 16.477859103056353 0.007226053876784165 0.37804065805401826 0.006878040382039799 0.0697927865858901 1011.4259130580363 31.094892303380224 819.173751558035 5.179527882781894 70.85961881591538 96.20577868153015 123.59054878955232 51.56193738925849 0.14171923763183022 0.19139599018977335 0.23875230420057367 0.07032493921571396 1011.4259130580363 31.094892303380224 819.173751558035 5.179527882781894 
424.0002578335612 0.0 36.13672695113103 0.0 16.932195031581568 0.007226053876784167 0.3792266425657715 0.006974398005626421 0.13242099739278973 952.1224237605153 29.036919665626446 652.1915502689312 4.25820065907198 70.85961881591538 97.86072179140814 121.61977569463818 44.03460023490039 0.14171923763183014 0.192581974701533 0.24531414125753317 0.07422345864985881 952.1224237605153 29.036919665626446 652.1915502689312 4.25820065907198 
426.0001655616593 0.0 36.69558199875755 0.0 17.60276945323973 0.007226053876784168 0.3819549699839684 0.007049475652221617 0.1830224206814098 892.9240332180576 26.98906385466816 566.6161536201514 4.194790609720441 70.85961881591538 99.37392350673579 122.43777588505341 43.052328276585804 0.14171923763183014 0.19531030211972342 0.2504268377442348 0.0790652746608509 892.9240332180576 26.98906385466816 566.6161536201514 4.194790609720441 
428.00025783356097 0.0 37.37392537657526 0.0 18.40464804032122 0.007226053876784167 0.38356410006575753 0.0070689325649040844 0.197038208249579 841.2587253937552 25.43462596598799 489.183313923361 4.428091293099039 70.85961881591538 100.76319534133467 123.38960642741735 43.32213861314008 0.14171923763183014 0.19691943220151245 0.2517518298507404 0.08122213052881422 841.2587253937552 25.43462596598799 489.183313923361 4.428091293099039 
430.00025783356085 0.0 38.02722016124963 0.0 19.024592357561453 0.007226053876784167 0.3861332529815137 0.007087878772540898 0.21168836870505625 796.6359059240127 24.1692128717491 419.58988249859846 4.688015697128681 70.85961881591538 102.18087854780677 123.79123477375893 43.80154922208626 0.14171923763183014 0.19948858511727485 0.2530420435643257 0.084324632524276 796.6359059240127 24.1692128717491 419.58988249859846 4.688015697128681 
432.00025783356074 0.0 42.0736348448592 0.0 23.102333961991345 0.007226053876784165 0.39782922898961015 0.00714209821422757 0.2579572521979732 548.7282382472783 17.24170682568232 59.00429488490284 6.0955002159767515 70.85961881591538 105.75505327645676 125.27079844931963 47.61592951327149 0.1417192376318301 0.21118456112537287 0.2567343216470098 0.09754692397658102 548.7282382472783 17.24170682568232 59.00429488490284 6.0955002159767515 
434.0002578335606 0.0 42.7405312644057 0.0 23.34706352571335 0.007226053876784163 0.4005857418963113 0.007142098214227568 0.2607137651046747 527.0420906461554 16.595407966789228 42.938122798278215 6.101112942739483 70.85961881591538 106.95076532428673 125.37353307500992 48.65871057405497 0.14171923763183014 0.21394107403206866 0.25673432164700993 0.10030343688328215 527.0420906461554 16.595407966789228 42.938122798278215 6.101112942739483 
436.0002578335605 0.0 43.4099478843997 0.0 23.388179650117586 0.007226053876784161 0.40175195748868087 0.007142098214227568 0.26187998069703866 512.032278399393 16.356971173249416 36.64346510148324 6.0596475909201555 70.85961881591538 108.19495710042902 125.72626599275775 49.80733837641022 0.14171923763183014 0.21510728962443296 0.25673432164700993 0.10146965247564535 512.032278399393 16.356971173249416 36.64346510148324 6.0596475909201555 
438.0000663438612 0.0 44.32541500446262 0.0 23.390495764518676 0.007226053876784163 0.4038681982041859 0.007142098214227567 0.2639962214125452 500.6112593414844 16.3334303337104 33.0442334358909 6.062320383183939 70.85961881591538 109.38270244628654 125.81553014269217 50.839030317164486 0.14171923763183014 0.2172235303399436 0.25673432164700993 0.10358589319115165 500.6112593414844 16.3334303337104 33.0442334358909 6.062320383183939 
440.0002578335603 0.0 45.08095516381625 0.0 23.346759036459293 0.007226053876784163 0.40542001565658975 0.007142098214227567 0.26554803886495465 490.47486590862644 16.49981714471162 30.376015099898154 6.0889974292898446 70.85961881591538 110.81692827590894 125.66109630278234 51.78458083728038 0.1417192376318301 0.21877534779235275 0.25673432164700993 0.10513771064356071 490.47486590862644 16.49981714471162 30.376015099898154 6.0889974292898446 
442.00025783356017 0.0 49.000425199538995 0.0 22.528025391815774 0.007226053876784165 0.4180469422241347 0.007142098214227567 0.2781749654324916 433.0399524341559 18.034482564550004 20.484575263399044 6.4177592095146645 70.85961881591538 115.73913842757122 125.01811184912286 57.50926557944121 0.14171923763183014 0.2314022743598864 0.25673432164700993 0.1177646372110994 433.0399524341559 18.034482564550004 20.484575263399044 6.4177592095146645 
444.00025783356006 0.0 49.386406255773686 0.0 22.24127260661282 0.007226053876784167 0.4197843024419801 0.007142098214227567 0.2799123256503348 423.55629994418626 18.506102956931226 21.59049122495275 6.4704144454923505 70.85961881591538 116.88386874681102 125.51356621406282 58.72337525218193 0.14171923763183014 0.23313963457773376 0.25673432164700993 0.11950199742894545 423.55629994418626 18.506102956931226 21.59049122495275 6.4704144454923505 
446.00025783355994 0.0 49.57678329621036 0.0 21.810090661950245 0.007226053876784165 0.42168090835296995 0.007142098214227567 0.28180893156133535 413.32557220672686 18.937358286287655 22.65275218131248 6.4772414226990485 70.85961881591538 118.04492649627596 125.60368883295743 59.78164341692716 0.14171923763183014 0.2350362404887336 0.25673432164700993 0.12139860333994126 413.32557220672686 18.937358286287655 22.65275218131248 6.4772414226990485 
448.00025783355983 0.0 49.930730312604474 0.0 21.271913677695306 0.007226053876784165 0.42384869613471127 0.007142098214227568 0.2839767193430715 403.24515749970726 19.440131615846706 23.30065214425677 6.454413027032527 70.85961881591538 119.14033569307067 125.55871517679734 60.744972624305895 0.14171923763183014 0.2350362404887336 0.25673432164700993 0.12356639112168075 403.24515749970726 19.440131615846706 23.30065214425677 6.454413027032527 
450.0002578335597 0.0 50.162470840674246 0.0 20.69214252417161 0.007226053876784167 0.42508715877660636 0.007142098214227567 0.28521518198497064 392.1679040690068 19.985381257698368 23.751933058577535 6.444936634989644 70.85961881591538 120.33266688456983 125.55109789634119 61.753879540252534 0.14171923763183014 0.2350362404887336 0.25673432164700993 0.12480485376357667 392.1679040690068 19.985381257698368 23.751933058577535 6.444936634989644 
452.0002578335596 0.0 50.43968329791365 0.0 17.4790375754756 0.007226053876784165 0.4376366178073839 0.007142098214227568 0.29776464101574485 322.9017437697929 23.154196554813126 25.094743065098637 6.4360862937144505 70.85961881591538 125.74242336815286 126.96854896979106 68.33940143720261 0.0 0.0 0.25673432164700993 0.13735431279435317 322.9017437697929 23.154196554813126 25.094743065098637 6.4360862937144505 
454.0002578335595 0.0 51.26480344308485 0.0 17.153716709928222 0.007226053876784167 0.44019376951804096 0.007142098214227568 0.30032179272639725 309.28316433750814 23.659146902279776 24.704782058854267 6.5058235672800695 70.85961881591538 126.6504220034789 127.23213066990591 69.45519418271324 0.0 0.0 0.25673432164700993 0.1399114645050066 309.28316433750814 23.659146902279776 24.704782058854267 6.5058235672800695 
456.0002578335594 0.0 51.483530004137364 0.0 16.69486327666497 0.007226053876784167 0.44166733177309453 0.007142098214227568 0.3017953549814516 295.6662462103929 24.16527402962631 24.395462420485703 6.505293284594242 70.85961881591538 127.47516866955422 127.53216784224956 70.55887303322636 0.0 0.0 0.25673432164700993 0.14138502676005954 295.6662462103929 24.16527402962631 24.395462420485703 6.505293284594242 
458.00025783355926 0.0 51.40113370915239 0.0 16.534818780728976 0.007226053876784165 0.4434615813285741 0.007142098214227568 0.3035896045369299 281.5432664335785 24.64087270289647 24.061420037673354 6.47563486958977 70.85961881591538 128.3042308722617 127.70758913329655 71.64063409442878 0.0 0.0 0.25673432164700993 0.14317927631553895 281.5432664335785 24.64087270289647 24.061420037673354 6.47563486958977 
460.00025783355915 0.0 51.38673869676155 0.0 16.494295843160607 0.007226053876784165 0.44564717490107475 0.00714209821422757 0.3057751981094322 267.13686620190447 25.09358977283385 23.831353831710036 6.479713489622246 70.85961881591538 129.2456087766433 127.84587178613026 72.68120944117972 0.0 0.0 0.25673432164700993 0.1453648698880405 267.13686620190447 25.09358977283385 23.831353831710036 6.479713489622246 
462.00025783355903 0.0 51.828279573200625 0.0 16.555111058758868 0.007226053876784167 0.4579719220657988 0.007142098214227568 0.318099945274152 182.28321602894653 27.685246255874475 24.663436057780476 6.558888172311738 70.85961881591538 135.7393226800991 128.36716082350586 78.90245648534184 0.0 0.0 0.25673432164700993 0.15768961705276188 182.28321602894653 27.685246255874475 24.663436057780476 6.558888172311738 
464.0002578335589 0.0 50.83972119746936 0.0 16.492588948020195 0.007226053876784167 0.4602387949625915 0.007142098214227567 0.3203668181709577 170.03270069783164 28.02218800875448 27.621439085415798 6.584853493671466 70.85961881591538 136.7922434172105 128.36716082350586 79.89555557131392 0.0 0.0 0.25673432164700993 0.15995648994956338 170.03270069783164 28.02218800875448 27.621439085415798 6.584853493671466 
466.0002578335588 0.0 50.143458467113966 0.0 16.51960331357059 0.007226053876784167 0.462214279062225 0.007142098214227568 0.32234230227058985 158.95882941536635 28.277731935631145 30.87399811827881 6.591729687276643 70.85961881591538 137.88401956989335 128.36716082350586 80.8907469632949 0.0 0.0 0.25673432164700993 0.16193197404919693 158.95882941536635 28.277731935631145 30.87399811827881 6.591729687276643 
468.0002578335587 0.0 49.70486453623338 0.0 16.496346245844816 0.007226053876784167 0.4637796533430305 0.007142098214227568 0.32390767655138314 147.8500491085599 28.53139713099053 33.35483331043447 6.583732000195599 70.85961881591538 139.05881564879815 128.36716082350586 81.89188260608329 0.0 0.0 0.25673432164700993 0.16349734832999252 147.8500491085599 28.53139713099053 33.35483331043447 6.583732000195599 
470.0002578335586 0.0 49.143199626395344 0.0 16.453031213651645 0.007226053876784167 0.46626333713648416 0.007142098214227567 0.3263913603448489 137.90258531818807 28.779918501991066 35.0247288036935 6.569267682825561 70.85961881591538 140.07814681098873 128.36716082350586 82.89699633008757 0.0 0.0 0.25673432164700993 0.16598103212345613 137.90258531818807 28.779918501991066 35.0247288036935 6.569267682825561 
472.00025783355846 0.0 44.33470339331716 0.0 16.094317186991788 0.007226053876784165 0.4779097555220418 0.007142098214227568 0.3380377787303979 80.16450505673991 29.902843398007057 40.68532834291972 6.381056319715134 70.85961881591538 145.7290515373406 128.36716082350586 88.89315621804036 0.0 0.0 0.25673432164700993 0.1776274505090072 80.16450505673991 29.902843398007057 40.68532834291972 6.381056319715134 
474.00025783355835 0.0 44.24596566203455 0.0 16.12355415435259 0.007226053876784167 0.47994900865189605 0.007142098214227568 0.34007703186026167 72.6284083777525 30.01854021443011 39.79473215213711 6.317869538246394 70.85961881591538 146.7215741788742 128.36716082350586 89.91024969682816 0.0 0.0 0.25673432164700993 0.17966670363886814 72.6284083777525 30.01854021443011 39.79473215213711 6.317869538246394 
476.00025783355824 0.0 43.295909337973555 0.0 16.239978310764943 0.007226053876784165 0.48209058146559025 0.007142098214227568 0.3422186046739535 65.6916172071237 30.066470571273754 37.80234454365838 6.193313499593654 70.85961881591538 147.7187247558072 128.36716082350586 90.89932158203636 0.0 0.0 0.25673432164700993 0.18180827645256295 65.6916172071237 30.066470571273754 37.80234454365838 6.193313499593654 
478.0000716427371 0.0 42.47611236894578 0.0 16.402401730585858 0.007226053876784163 0.4836032963699281 0.007142098214227568 0.3437313195782839 59.2351190597404 30.11166736298349 35.462211487175246 6.161014870457603 70.85961881591538 148.66798283776913 128.36716082350586 91.92153493081122 0.0 0.0 0.2567343216470098 0.1833209913568936 59.2351190597404 30.11166736298349 35.462211487175246 6.161014870457603 
480.000257833558 0.0 41.526723346208605 0.0 16.518273072166117 0.007226053876784165 0.4860058825057736 0.007142098214227568 0.3461339057141393 53.462992331841086 30.164854218885857 34.178173223366144 6.192364086505403 70.85961881591538 149.57070491711215 128.36716082350586 92.9058735828523 0.0 0.0 0.25673432164700993 0.18572357749274815 53.462992331841086 30.164854218885857 34.178173223366144 6.192364086505403 
482.0002578335579 0.0 37.53687943985728 0.0 16.923809899086567 0.007226053876784165 0.4979634543235055 0.007142098214227568 0.3580914775318602 22.254482730730984 30.536176258882076 26.782693489339284 6.4465776056611785 70.85961881591538 155.68431632276844 128.36716082350586 98.910370889623 0.0 0.0 0.25673432164700993 0.1976811493104711 22.254482730730984 30.536176258882076 26.782693489339284 6.4465776056611785 
484.0002578335578 0.0 37.7711684316711 0.0 16.994552911474734 0.007226053876784167 0.500360040331107 0.007142098214227567 0.3604880635394723 19.385400671206618 30.518826746383834 28.764478072742815 6.464945787993341 70.85961881591538 156.70659331156685 128.36716082350586 99.91580543943894 0.0 0.0 0.25673432164700993 0.20007773531807907 19.385400671206618 30.518826746383834 28.764478072742815 6.464945787993341 
486.00025783355767 0.0 37.87159742945566 0.0 17.062266900670092 0.007226053876784167 0.5017747415861231 0.007142098214227567 0.3619027647944884 17.077301319917503 30.64542126800522 30.087512995459686 6.487257125756987 70.85961881591538 157.7152327413506 128.36716082350586 100.91465937492897 0.0 0.0 0.25673432164701004 0.2014924365730949 17.077301319917503 30.64542126800522 30.087512995459686 6.487257125756987 
488.00025783355755 0.0 38.14281099298889 0.0 17.063391617938162 0.007226053876784167 0.5038776911197517 0.007142098214227568 0.3640057143281153 15.371149427633839 30.672995076986126 30.542345122316203 6.496572516935841 70.85961881591538 158.6496512695156 128.36716082350586 101.8992735903817 0.0 0.0 0.25673432164701004 0.2035953861067199 15.371149427633839 30.672995076986126 30.542345122316203 6.496572516935841 
490.00025783355744 0.0 37.96510947791313 0.0 17.022344242478056 0.007226053876784165 0.5058192584620025 0.007142098214227567 0.3659472816703574 14.128117128880472 30.677727850924494 31.392834760470336 6.50879800991284 70.85961881591538 159.72100719504192 128.36716082350586 102.90375768233487 0.0 0.0 0.25673432164701004 0.20553695344896736 14.128117128880472 30.677727850924494 31.392834760470336 6.50879800991284 
492.0002578335573 0.0 36.526700424976426 0.0 16.60629976355721 0.007226053876784165 0.5179031194334517 0.007142098214227567 0.37803114264181764 8.83564640500543 30.72707234036465 37.350591315522706 6.572956933576733 70.85961881591538 165.73730390727195 128.36716082350586 108.88241839266985 0.0 0.0 0.25673432164700993 0.21762081442042377 8.83564640500543 30.72707234036465 37.350591315522706 6.572956933576733 
494.0002578335572 0.0 35.38111541768804 0.0 16.680273463571233 0.007226053876784167 0.5208739732667471 0.007142098214227568 0.38100199647511307 8.782028831885361 30.833226201982267 37.612593247182225 6.585723240067979 70.85961881591538 166.6879881318322 128.36716082350586 109.90261799189722 0.0 0.0 0.25673432164700993 0.2205916682537198 8.782028831885361 30.833226201982267 37.612593247182225 6.585723240067979 
496.0002578335571 0.0 34.75182024063917 0.0 16.68595619840059 0.007226053876784165 0.5220607952760941 0.00714209821422757 0.3821888184844597 8.816094397043976 30.95190127234422 36.46509857307676 6.532881769039534 70.85961881591538 167.49561567680226 128.36716082350586 110.89607913560862 0.0 0.0 0.25673432164700993 0.22177849026306629 8.816094397043976 30.95190127234422 36.46509857307676 6.532881769039534 
498.000257833557 0.0 34.18248164996978 0.0 16.64837512958796 0.007226053876784165 0.5237271939064801 0.00714209821422757 0.38385521711484705 8.812161846630195 30.97782673446971 35.72005440193595 6.499979278580023 70.85961881591538 168.20368032850436 128.36716082350586 111.90482646748062 0.0 0.0 0.25673432164700993 0.22344488889345285 8.812161846630195 30.97782673446971 35.72005440193595 6.499979278580023 
500.0000605676516 0.0 33.89256058140734 0.0 16.584223179570532 0.007226053876784167 0.5263814808229211 0.007142098214227568 0.3865095040312852 8.849152683464482 30.916958591732666 35.10354948653649 6.428366609667396 70.85961881591538 168.73067316402748 128.36716082350586 112.90997405400283 0.0 0.0 0.25673432164700993 0.22609917580988653 8.849152683464482 30.916958591732666 35.10354948653649 6.428366609667396 
#####################################################################
# End of data export. Simulation finished at: 2019-02-19T16:08+0000 #
#####################################################################
