#####################################################################
# Alchemist log file - simulation started at: 2019-09-18T02:50+0000 #
#####################################################################
# seed = 65.0, stage_width = 1500
#
# The columns have the following meaning: 
# time rep-bcast[Sum] rep-ccast[Sum] share-bcast[Sum] share-ccast[Sum] 
0.0 NaN NaN NaN NaN 
1.000002116339913 NaN NaN NaN NaN 
2.000002116339913 NaN NaN 1.689813246943984 NaN 
3.000002116339914 NaN NaN 2.0787363876596032 NaN 
4.000002116339915 NaN NaN 2.2257116255654346 NaN 
5.000002116339916 NaN NaN 2.5285289570487097 3.579029510150633 
6.000002116339917 NaN NaN 2.4354559432515304 2.331374044504178 
7.0000021163399175 NaN NaN 2.8124967230795015 2.331374044504178 
8.000002116339918 NaN NaN 2.8124967230795015 3.5823895827085646 
9.000002116339914 NaN NaN 2.8780161982623493 2.8002994391144114 
10.00000211633991 NaN NaN 1.8852388712251642 2.864662965624686 
11.000002116339907 NaN NaN 2.4855217207064655 3.8286685908721383 
12.000002116339903 NaN NaN 1.9081523637558604 4.204984691118379 
13.0000021163399 NaN NaN 2.0332312071243823 2.850542245017465 
14.000002116339896 NaN NaN 2.4547724794986348 2.850542245017465 
15.000002116339893 NaN NaN 3.2928396268783775 3.1287854422241406 
16.00000211633989 NaN NaN 2.7129406015723028 2.208057457357837 
17.000002116339886 NaN NaN 2.754436723908544 3.0924609687572335 
18.000002116339882 NaN NaN 2.046498946782199 2.565777670282694 
19.00000211633988 18.552623517609273 NaN 2.9546914931938932 3.3378595969733205 
20.000002116339875 18.552623517609273 NaN 2.9546914931938932 2.1045106065360777 
21.00000211633987 20.067649101043596 NaN 2.054604129122829 2.6565109639074045 
22.000002116339868 20.067649101043596 NaN 2.054604129122829 2.6872578076314007 
23.000002116339864 19.254450484309544 NaN 2.255174930434059 1.7445075805997625 
24.00000211633986 19.796597253216014 NaN 2.4743366013363683 3.0346646419314425 
25.000002116339857 19.221590802740497 NaN 2.3487243969670537 2.298427604031808 
26.000002116339854 19.47677806901109 NaN 1.9251046396616935 3.2988734546174605 
27.00000211633985 18.159163697770172 NaN 2.409830464798226 2.938521878590784 
28.000002116339846 19.673845641107086 NaN 3.3567229351316747 2.9967631865733075 
29.000002116339843 18.763312827437694 NaN 3.0551032267177334 1.8360954253293187 
30.00000211633984 19.95943745428828 NaN 2.90147801118567 2.841259244949878 
31.000002116339836 20.61664430821161 NaN 2.691079314343824 2.7037016280401858 
32.000002116339836 20.09011004354369 NaN 2.309051136456784 3.7137495036588604 
33.00000211633985 19.956485975103327 NaN 2.188202969328106 2.345577788148411 
34.000002116339864 19.734788073363596 NaN 2.1386441810476136 2.1795738932988975 
35.00000211633988 20.336746335698642 NaN 2.213823389870811 3.339642816370283 
36.00000211633989 19.21234363881067 NaN 2.489893150223949 4.243644954370264 
37.00000211633991 19.21234363881067 18.563508959947132 2.489893150223949 2.696279199107039 
38.00000211633992 20.178180966011087 19.400687387091008 2.2421961719201704 2.9314993639158686 
39.000002116339935 21.04495681564769 20.983614343608 3.1089720215567738 2.9333661401801336 
40.00000211633995 19.540775610386262 19.92391759219775 2.2445988298313324 2.9499692367908494 
41.000002116339964 17.902622907975424 20.524691904652617 3.0323623220794786 3.5507435492457162 
42.00000211633998 17.530899985324414 21.21065967712259 2.1353877489982764 2.651488898020439 
43.00000211633999 19.17894760472684 20.383287729270606 2.668904763081045 4.009575130408685 
44.000002116340006 19.557651937719285 21.374544117181152 2.263088571865268 2.6152275615450122 
45.00000211634002 20.06827077829407 22.494961022829735 2.7737074124400536 2.0875968477911684 
46.000002116340035 20.282394251384925 21.73301980987171 2.2067235888212338 3.0357570532424702 
47.00000211634005 19.889713636998625 20.469720131358137 2.4082579483080764 2.8112798178622924 
48.00000211634006 19.889713636998625 19.17882840066716 2.4082579483080764 3.733896172679941 
49.00000211634008 19.057279865067798 20.16043062570228 2.326203123264861 2.933139601035087 
50.00000211634009 20.01902472570013 20.89477320826384 3.1260443046140836 3.667482183596647 
51.000002116340106 20.757232217939876 19.096156877288163 2.94163544203618 4.53598479422066 
52.00000211634012 19.913624807287494 20.706726239384214 2.4374572425751566 3.9584975107731992 
53.000002116340134 20.94472395149022 20.89521796755852 2.1963714940895187 4.146989238947505 
54.00000211634015 20.0413676237495 18.79364511641554 2.7365783756088717 2.4287070785820077 
55.00000211634016 19.10770402436944 19.24337340174884 2.456131011181185 2.9997779294577995 
56.00000211634018 18.395261632661622 19.843735885365838 2.533115880161951 3.2206745575110034 
57.00000211634019 19.187856180231215 20.618384817848906 2.375897159570812 3.455116608474718 
58.000002116340205 20.050217922020963 19.08318063616081 2.808916992574197 3.4286784652022035 
59.00000211634022 20.868128941310957 19.819302246662176 2.37483223960826 2.7567513627416034 
60.000002116340234 19.286456982891224 20.285470490462878 2.168797472280879 2.4798513982732473 
61.00000211634025 20.037805339460867 20.619155041145476 2.1840242183491583 1.8476871511513195 
62.00000211634026 21.04105814643679 21.439257377913435 2.5597130189577513 2.667789487919279 
63.000002116340276 19.061266073947905 22.640517399713175 1.5522311717464348 2.33684250804027 
64.00000211634028 19.926823288822348 20.2099466600188 2.4177883866208774 3.121197664893174 
65.0000021163403 19.926823288822348 19.56571385111475 2.4177883866208774 1.9537288344597101 
66.00000211634031 18.897351903205013 19.56571385111475 3.3128711869905203 1.9537288344597101 
67.00000211634033 19.910089298581248 18.67744994603001 2.1307390001771864 3.1454068915724065 
68.00000211634034 19.910089298581248 19.42777600948631 2.1307390001771864 3.8957329550287056 
69.00000211634035 19.506318513486647 17.926780386989762 1.9046118234454212 2.3953827446130447 
70.00000211634037 20.43695463896509 19.194459693927044 2.0849218854675655 3.6630620515503267 
71.00000211634038 18.68547707890025 18.76983930640329 2.0120780301910486 4.0465259900978765 
72.0000021163404 19.319435222231505 18.624820134944862 2.160403919433179 2.654279902853233 
73.00000211634041 18.49950426212255 18.47042129983602 2.683564914938245 2.085337128437203 
74.00000211634043 19.291153251216357 18.13792829223572 2.0948050200072146 3.1608928337988687 
75.00000211634044 20.19832459045945 19.286201104000206 2.6773898430994763 4.309165645563354 
76.00000211634045 19.206576620143522 19.286201104000206 2.293548892982102 4.309165645563354 
77.00000211634047 19.078821830324564 19.360825016653337 2.163351944094728 2.878588758011176 
78.00000211634048 20.247611722942445 20.21922521970066 2.982040371182478 3.7369889610585005 
79.0000021163405 20.247611722942445 18.859020867005682 2.982040371182478 4.9112555435253 
80.00000211634051 18.83475744962987 19.909964737662023 2.473161178115376 2.9999403796183373 
81.00000211634053 NaN NaN NaN NaN 
82.00000211634054 NaN NaN NaN NaN 
83.00000211634055 NaN NaN 2.7445270380142546 NaN 
84.00000211634057 NaN NaN 2.3096180082429925 NaN 
85.00000211634058 NaN NaN 2.244023955151036 NaN 
86.0000021163406 NaN NaN 2.8874647245547607 NaN 
87.00000211634061 NaN NaN 2.8598008005891273 NaN 
88.00000211634062 NaN NaN 2.2093870458565164 NaN 
89.00000211634064 NaN NaN 2.507553410073342 NaN 
90.00000211634065 NaN NaN 2.634452272159564 NaN 
91.00000211634067 NaN NaN 1.970664436919705 NaN 
92.00000211634068 NaN NaN 1.8447010407709286 NaN 
93.0000021163407 NaN NaN 2.5759576796726833 2.5514667582501147 
94.00000211634071 NaN NaN 2.6138917426660697 2.547357216589674 
95.00000211634072 NaN NaN 2.169511236340739 2.5741764462724888 
96.00000211634074 NaN NaN 2.422654036146099 2.4253721597814035 
97.00000211634075 NaN NaN 2.411664007281871 2.502641275623944 
98.00000211634077 NaN NaN 2.1779717381108696 2.365949598242622 
99.00000211634078 NaN NaN 1.8942702072241246 2.9749200891303786 
100.0000021163408 NaN NaN 2.55017821076747 2.6965134416826118 
101.00000211634081 18.848541887825846 NaN 2.0986998129378662 2.52847285187471 
102.00000211634082 19.612146975409857 NaN 2.1628153911477597 2.52847285187471 
103.00000211634084 20.156296349418355 NaN 2.378520483806355 2.484274357370225 
104.00000211634085 19.966763198271153 NaN 3.2721540246013774 2.484274357370225 
105.00000211634087 20.375036099114098 NaN 2.69622596191104 2.9190899579223526 
106.00000211634088 18.813972165284355 NaN 2.950468066634059 2.0419288184885147 
107.0000021163409 19.55951754969631 NaN 2.497592762909875 3.036263197695959 
108.00000211634091 18.650824312721795 NaN 2.9497241338312676 2.4903178988197396 
109.00000211634092 18.64715461446383 NaN 2.212216759809934 2.8936607750117105 
110.00000211634094 19.6741284213727 NaN 2.1317251455212727 2.858946956348703 
111.00000211634095 20.220469842895852 NaN 2.678066567044425 2.858946956348703 
112.00000211634097 19.35194885357818 NaN 2.8814809376324035 2.886925589599187 
113.00000211634098 18.63246869060538 NaN 2.633714802390813 2.0883978274275847 
114.000002116341 19.948365600165857 NaN 2.9011757891247214 2.1780276909785954 
115.00000211634101 17.505129706456373 NaN 1.7247993125648406 3.2349892787620007 
116.00000211634102 18.33360292832272 NaN 1.6286079413191459 2.4882970268762534 
117.00000211634104 19.499695205045455 NaN 1.986084289209174 2.9284967207605774 
118.00000211634105 19.116135369466264 NaN 2.5725621411179986 3.5023077028776726 
119.00000211634107 19.937561285845476 NaN 2.533107462165262 3.8629082579367235 
120.00000211634108 20.574782961559166 NaN 3.8698186472530693 2.606143967839458 
121.0000021163411 21.71362852890286 NaN 3.371132674823812 3.3159215220022986 
122.00000211634111 22.843768203104062 NaN 3.1452574355731002 4.120473090873077 
123.00000211634112 20.590256123193384 NaN 2.3586380451503004 2.235126589423743 
124.00000211634114 17.399953840796158 NaN 2.708199718576381 2.1083622679162772 
125.00000211634115 18.208586923450852 NaN 2.3129111967110276 2.3985683514316065 
126.00000211634116 19.51445842644617 NaN 2.63568466018026 2.0115876542398183 
127.00000211634118 19.76803259169928 NaN 2.46432441167417 2.718905940621525 
128.0000021163412 19.651002664153268 NaN 2.4905554784836283 2.6360671109208056 
129.00000211634114 19.973754511278997 NaN 2.3236212556044364 2.5932199214436054 
130.00000211634108 16.807558189409292 NaN 2.2133303137709106 2.814029354242365 
131.00000211634102 17.837479727104807 NaN 1.9802275379483092 2.73399930492414 
132.00000211634097 18.5328764207609 NaN 2.4262343519482954 2.2195620173476414 
133.0000021163409 19.493612310565865 NaN 3.386970241753261 2.1814363208489453 
134.00000211634085 18.822342545765324 NaN 2.12999292241264 2.793444163116419 
135.0000021163408 20.06467268569996 NaN 3.3723230623472773 2.5729838720057217 
136.00000211634074 20.91514737709325 NaN 2.6189940702762726 3.1326139983235066 
137.00000211634068 19.64838337201094 NaN 3.276831218181769 2.855733031574573 
138.00000211634062 19.143256860624376 NaN 3.053579809975446 3.0224814660699337 
139.00000211634057 19.702099936327727 NaN 2.6635811979399193 3.276242786526865 
140.0000021163405 19.094860840783056 NaN 3.5039208650499063 2.490225606741575 
141.00000211634045 19.90995946107718 NaN 2.675601368932604 2.404860535441344 
142.0000021163404 18.399760642562214 NaN 2.0961663214911255 2.5348695540326673 
143.00000211634034 19.767777168994897 NaN 2.658809748500744 3.560332240371679 
144.00000211634028 19.773926273485216 NaN 2.7775375155193274 2.3886377526066838 
145.00000211634023 17.825018164729087 NaN 2.110590107327198 3.1666734732845896 
146.00000211634017 19.454654898497594 NaN 1.805127623333732 2.383862775886314 
147.0000021163401 20.15353995902943 NaN 2.504012683865568 2.140517301020367 
148.00000211634006 19.480484365448717 NaN 2.557749002191372 2.3342088590049457 
149.00000211634 20.290193508736564 NaN 2.313476609459201 2.83778444924954 
150.00000211633994 21.328207659036252 NaN 3.3514907597588888 3.794767984821732 
151.00000211633989 19.98812482590276 NaN 3.139359811944189 4.150707905203859 
152.00000211633983 20.99602623642818 NaN 2.9873613646048796 3.1657056021041683 
153.00000177746995 21.17287784742905 NaN 2.7262016278001227 2.225144851519417 
154.00000211633972 18.83131844388342 NaN 2.6067509697840308 2.253979401594165 
155.00000211633966 19.755675852246668 NaN 2.2910025348427325 2.7238386705530786 
156.0000021163396 20.731484882103558 NaN 2.6448817886831364 2.635727924810368 
157.00000211633954 20.151256603597574 NaN 2.7618890277111348 2.3310548798679065 
158.0000021163395 19.896268582505996 NaN 3.389379535952145 2.3310548798679065 
159.00000211633943 18.425506296243356 NaN 2.6655467218972717 2.719526709003418 
160.00000211633937 19.13105517061686 NaN 3.371095596270777 3.4598852057686997 
161.00000211633932 20.296111933008206 NaN 2.5680858808373443 3.4598852057686997 
162.00000211633926 18.204156248270266 NaN 1.8393998811682195 2.3544945075108217 
163.0000021163392 19.030243435458203 NaN 2.665487068356157 2.7844691756540954 
164.00000211633915 18.44989906774984 NaN 1.8238667664377886 3.0961815314071828 
165.0000021163391 19.240424025896544 NaN 1.7434549513108664 2.7569054700498725 
166.00000211633903 20.17488483148668 NaN 2.677915756901001 2.923018379437991 
167.00000211633898 19.2162343104078 NaN 2.5162205274841085 2.585831751378265 
168.00000211633892 17.730318881683274 NaN 2.510928316002577 2.571356312229682 
169.00000211633886 17.730318881683274 NaN 2.510928316002577 3.314550781456404 
170.0000021163388 19.61968240685701 NaN 2.5017109427028004 3.314550781456404 
171.00000211633875 19.839345336027066 NaN 2.0733643273795224 3.2679088171020965 
172.0000021163387 20.55093778486264 NaN 2.784956776215097 2.9802390336326425 
173.00000211633864 18.62914350767045 NaN 2.5462410042243278 3.2491047391310417 
174.00000211633858 19.923920039058657 NaN 2.86428965729786 2.7107225053639468 
175.00000211633852 18.031263705566147 NaN 3.0025505339225163 3.2167853558903516 
176.00000211633846 18.794493969181133 NaN 2.1065893858053073 2.1128948842817294 
177.0000021163384 18.52946805058582 NaN 2.0817215536332014 2.5253939508896224 
178.00000211633835 19.474107687942734 NaN 2.0962840327870538 2.7830476843980136 
179.0000021163383 19.253409412032624 NaN 2.5065632297261686 2.7830476843980136 
180.00000211633824 19.719091145021025 NaN 1.6438558846047044 2.511860442942094 
181.00000211633818 19.77472724526632 NaN 3.1121262723585517 3.8842616782514483 
182.00000211633812 19.41992213025182 NaN 2.319272410252154 2.6589605158873155 
183.00000211633807 19.190034473840484 NaN 2.0568677632635683 2.3599642681698754 
184.000002116338 20.126956413857982 NaN 2.806471714503772 3.386531244178201 
185.00000211633795 19.46655313534646 NaN 2.234043717946804 2.3431002394602842 
186.0000021163379 18.857785758439576 NaN 2.7478077205153113 3.360840147181193 
187.00000211633784 20.430793481223077 NaN 2.4364205124647356 2.973942309935154 
188.00000211633778 18.71895839396538 NaN 2.160550311301108 2.377027401153015 
189.00000211633773 17.887228180790856 NaN 2.7944785181686314 3.1383628572658893 
190.00000211633767 18.201617530787587 NaN 3.108867868165362 2.7430732090258516 
191.0000021163376 19.67545030429494 NaN 3.600526894120293 2.4704887769434265 
192.00000211633755 20.13353050438198 NaN 2.7835076355259503 2.515438473306375 
193.0000021163375 19.807275829223357 NaN 2.274471302111266 3.2704695990527455 
194.00000211633744 19.347186717890935 NaN 2.395763522552585 3.2704695990527455 
195.00000211633738 19.191891347741574 NaN 3.170545310606286 3.3293667701995844 
196.00000211633733 20.444051051514265 NaN 1.820554593981683 3.0910332688149253 
197.00000211633727 18.92828166511208 NaN 2.641537276914903 2.5714999025230156 
198.0000021163372 19.296692388381615 NaN 1.9374372336868078 2.884855963472006 
199.00000211633716 20.99158157466124 NaN 2.339724181785755 3.721314913568733 
200.0000021163371 19.457434417932944 NaN 3.5047310294036436 2.3201628909532417 
201.00000211633704 NaN 128.18013642574397 NaN NaN 
202.000002116337 NaN 129.3778855412075 NaN NaN 
203.00000211633693 NaN 130.44019235878267 NaN NaN 
204.00000211633687 NaN 131.47004242451743 3.0423336116672317 NaN 
205.00000211633682 NaN 132.20112371574749 2.8991359227158284 NaN 
206.00000211633676 NaN 133.67910400593178 2.1169393958055878 NaN 
207.0000021163367 NaN 134.5907768266461 2.484624143389766 NaN 
208.00000211633665 NaN 135.59707281914956 2.1457992884577095 NaN 
209.0000021163366 NaN 136.2864813544105 2.942764608726776 NaN 
210.00000211633653 NaN 137.71169298664825 3.1856004213626647 NaN 
211.00000211633647 NaN 138.48192906209692 2.3721662911189583 NaN 
212.00000211633642 NaN 139.43945021368273 2.6410588217054567 NaN 
213.00000211633636 NaN 140.24201891824072 2.348727991179544 NaN 
214.0000021163363 NaN 141.64087334639015 2.5053301903293175 NaN 
215.00000211633625 NaN 142.09894583655262 2.0436356945625676 3.171405660436676 
216.0000021163362 NaN 143.75299610267882 1.9226785323631077 3.6925751248510608 
217.00000211633613 NaN 144.61055679552533 1.820558048330895 4.550135817697566 
218.00000211633608 NaN 145.44896389906717 1.820558048330895 3.4762679551842552 
219.00000211633602 NaN 146.1817957748304 3.0610456491331206 4.209099830947508 
220.00000211633596 NaN 147.79427285068044 2.547927340055594 2.986581178989951 
221.0000021163359 NaN 148.58418977473355 2.0335304705913586 2.536010502240856 
222.00000211633585 18.680181788798222 149.7751708198512 2.219298635610471 2.6166866842702916 
223.0000021163358 16.122968197960574 150.1433018111112 2.129555249873107 2.98481767553028 
224.00000211633574 17.040422592783557 150.88426019156265 2.3055127975895573 2.668933946140868 
225.00000211633568 17.68382110740157 152.6630348079093 1.9325315829267993 1.9492897833026177 
226.00000211633562 18.52336819967678 153.42117174602214 2.7720786752020103 1.7899723265925047 
227.00000211633557 17.703382566681853 154.41430034551684 2.5658075168321375 1.5975085710274186 
228.0000021163355 18.4092886590783 154.91992589803363 2.583932937631772 2.10313412354418 
229.00000211633545 17.993729375307936 156.69574381650517 2.0613580918880245 3.0394049497405433 
230.0000021163354 18.91218415051921 157.76597455503003 2.979812867099298 4.109635688265399 
231.00000211633534 17.63761971543414 158.65129116887 2.592914979362888 4.994952302105361 
232.00000211633528 18.42598033457392 159.01401888165083 1.711271354333661 5.357680014886199 
233.00000211633522 19.28397489599294 160.36480089386993 2.114023334383063 2.4046995912985096 
234.00000211633517 18.525161326046117 161.5332837881387 2.4982760677548583 2.2795360575598806 
235.0000021163351 19.47281007489019 162.39078804420876 2.095142804379833 3.1370403136299387 
236.00000211633505 20.499063115676876 163.77994531423468 2.3726613478825413 3.444704843451973 
237.000002116335 17.64603426475486 164.5848794360249 2.670910035468097 3.0725844866192062 
238.00000211633494 18.706751031309693 165.77088537909043 2.4556516112843667 4.2585904296847445 
239.00000211633488 18.995517306905413 165.77088537909043 1.6625974614720462 4.2585904296847445 
240.00000211633483 19.84620061407267 167.3912592052739 2.513280768639305 2.844149428548633 
241.00000211633477 20.90619372372501 168.5217550956371 2.929581195314995 2.9139285523569924 
242.0000021163347 20.86529200221537 169.42771852228805 2.058222571675003 2.6379283647021907 
243.00000211633466 19.496707450668083 170.42654819941805 1.8592125465935965 3.636758041832195 
244.0000021163346 20.28330015844719 171.4841379737308 2.6458052543727035 4.694347816144983 
245.00000211633454 19.9678999499165 172.5343942138768 3.421398990591854 3.0849124369278513 
246.00000211633449 18.692069299895394 173.34948014993137 2.6798214459942074 2.9685125077006376 
247.00000211633443 19.047422892972918 174.64159372915765 2.928967842599974 1.7675790750085412 
248.00000211633437 20.128647064454043 175.31875922384114 2.0359826145993907 2.4447445696920624 
249.00000211633431 19.81808724950787 176.78734739785614 1.9997540547122128 2.819998606849623 
250.00000211633426 18.84148657330124 177.6008405736979 2.421109980543264 2.5522676112102545 
251.0000021163342 19.242580427465526 177.6008405736979 2.575112372494374 2.5522676112102545 
252.00000211633414 20.231838161088717 179.6104122155611 2.7223643641739272 3.6963546551922093 
253.0000021163341 21.04136248055707 180.66087880107045 2.454540788510002 2.7670072047349095 
254.00000211633403 21.315502738754674 181.63088813943028 2.6609674119027886 3.7370165430947395 
255.00000211633397 18.096871252614847 182.19244480913017 2.0208718875693137 3.3093154791714596 
256.0000021163339 18.875943615554434 183.20920454569972 2.7999442505089007 3.1538231834918236 
257.00000211633386 19.78529402466708 184.46491032494964 2.1777286515618073 4.409528962741717 
258.0000021163338 20.653580772636417 185.81813733304625 2.571568923050478 3.1363866444064854 
259.00000211633375 18.073375056323442 184.03066644531773 2.130219827010933 3.1325929030192867 
260.0000021163337 19.047558316681176 184.77522325677265 2.3061256415396088 2.9677993053615523 
261.00000211633363 19.706961884466835 186.13154270033098 2.410579647057716 2.099162057651313 
262.0000021163336 18.49524410652822 187.13333841821432 2.3283763513476288 3.1009577755346527 
263.0000021163335 19.587157366666304 188.12930600737118 2.6757328000308007 2.4633385365481217 
264.00000211633346 17.785289860628893 189.22387710722884 2.440477800948372 2.864834310563481 
265.0000021163334 19.209325127149157 189.55637493208795 2.862717349585296 3.1973321354225845 
266.00000211633335 19.968981876390217 190.82612437078765 2.0743511945805153 2.254103869508299 
267.0000021163333 20.801374048419518 191.6933830670183 2.906743366609817 3.1213625657389343 
268.00000211633323 19.666834538708855 193.10224406779733 2.996636859745877 3.1061882999977115 
269.0000021163332 20.50632486788615 193.79705529667106 2.6692751355456608 3.8009995288714435 
270.0000021163331 20.111294395833227 194.56281489493765 2.1922859555463674 3.8071023778969675 
271.00000211633306 18.556173034488438 195.49308164114447 2.921246605827548 3.122554350453129 
272.000002116333 19.243846824110676 18.48765364594871 2.14834956830947 3.100607202029096 
273.00000211633295 19.046036060986353 19.53026506430396 2.6210930499912592 2.7136931780671034 
274.0000016987606 17.47410161434982 18.4158797849241 2.387922111428452 3.0010151975756685 
275.00000211633284 18.47870777812716 20.102190485775196 2.722884802096928 4.687325898426764 
276.0000021163328 19.520665006313664 17.7642779883314 2.4349085924196174 5.448436181093427 
277.0000021163327 20.239304375485858 16.23128165468256 1.8705374128522294 2.974022960766888 
278.00000211633267 19.900729613172246 17.2073799372738 2.3799762095359824 1.9035578513942824 
279.0000021163326 18.87554745958886 18.311273567968897 2.161203778238985 3.0074514820893796 
280.00000211633255 19.89423506418217 19.070577507185817 1.796110912857955 3.0481160521341053 
281.0000021163325 20.892961222106067 18.080867237417408 2.7948370707818526 2.930655419550817 
282.00000211633244 18.940325961867302 19.75633990470982 2.3330869912296066 2.8939638180041243 
283.0000021163324 19.324017146665255 20.260742609213537 1.921499859815583 3.3983665225078425 
284.0000021163323 19.968944773099906 17.32098753888033 2.8677717942876484 3.240907749071596 
285.00000211633227 19.968944773099906 18.39500675161355 2.8677717942876484 4.314926961804815 
286.0000021163322 19.101925460982102 19.03361085850321 1.627898421876182 2.120799817718364 
287.00000211633215 18.654099008698438 19.69851780869044 2.3661323381330703 2.7857067679055945 
288.0000021163321 18.782448815328564 20.753427904991838 1.957788564426437 3.1487107137330668 
289.00000211633204 19.663440613001 20.716724701106898 2.173873411911643 2.706350130236274 
290.000002116332 20.612739294566495 20.55244057726827 2.834021595442323 2.389770663185004 
291.0000021163319 19.60729178852216 22.154643156225234 2.7872664566515937 3.6794793686156595 
292.00000211633187 20.476557239293584 23.048743498090403 2.3550803909455453 4.5735797104808285 
293.0000021163318 19.300444680022167 22.03772888645949 2.8912227231382417 2.8856653705802273 
294.00000211633176 20.157958381174126 21.75949688366609 2.702016121444501 2.967791429978206 
295.0000021163317 19.267793474196367 22.7102182197371 2.33590131684997 2.5131049830850998 
296.00000211633164 17.842666894519823 21.977447276641442 2.6547947425323173 3.3526698165836137 
297.0000021163316 17.71241287874375 19.488495682298094 2.021720802653931 2.6006784176377096 
298.00000211633153 18.961400299345655 19.488495682298094 2.8775327302559504 2.6006784176377096 
299.0000021163315 18.543572777040538 20.766647232024525 2.596283274344785 3.8788299673641404 
300.0000021163314 18.5956403803998 22.5938797320145 2.8310269094727687 4.479033304067855 
#####################################################################
# End of data export. Simulation finished at: 2019-09-18T03:08+0000 #
#####################################################################
