#####################################################################
# Alchemist log file - simulation started at: 2019-09-17T20:10+0000 #
#####################################################################
# seed = 29.0, stage_width = 1500
#
# The columns have the following meaning: 
# time rep-bcast[Sum] rep-ccast[Sum] share-bcast[Sum] share-ccast[Sum] 
0.0 NaN NaN NaN NaN 
1.0000462405716728 NaN NaN NaN NaN 
2.0000462405716726 NaN NaN NaN NaN 
3.0000462405716735 NaN NaN NaN NaN 
4.000046240571674 NaN NaN 2.7801107609839475 1.5273865530712825 
5.000046240571675 NaN NaN 1.7653446668509112 1.6920031772265074 
6.000046240571676 NaN NaN 2.644958645092095 1.6920031772265074 
7.000046240571677 NaN NaN 3.3711801317321335 2.88455184746265 
8.000046240571677 NaN NaN 2.2410411761272844 1.9830947217090724 
9.000046240571674 NaN NaN 3.5688697248365333 2.1242839503677304 
10.00004624057167 NaN NaN 2.3594007572264797 2.314645435982465 
11.000046240571667 NaN NaN 2.1977486603118166 3.226392432909414 
12.000045468428446 NaN NaN 3.0790092764575157 3.076257962263279 
13.00004624057166 NaN NaN 2.776257928892443 3.028382828648118 
14.000046240571656 NaN NaN 2.9738016959614857 4.3289128859385855 
15.000046240571653 NaN NaN 2.920700816942448 4.3289128859385855 
16.00004624057165 NaN NaN 2.8890171071665876 5.544812862441965 
17.000046240571645 NaN NaN 2.81062322162901 6.432862701630265 
18.000046240571642 NaN NaN 2.81062322162901 7.6599386913987555 
19.00004624057164 17.57023159595298 NaN 1.9425521583126688 3.0257125622982812 
20.000046240571635 18.893582575786176 NaN 2.0388271483773757 4.307645965759502 
21.00004624057163 18.718596511160378 NaN 3.032637999671419 2.943370642038868 
22.000046240571628 18.19158662559363 NaN 2.11990978206396 2.943370642038868 
23.000046240571624 18.19158662559363 NaN 2.11990978206396 4.390350019491034 
24.00004624057162 19.62075925534043 NaN 2.455342811403167 3.148487980936114 
25.000046240571617 20.608765961267327 NaN 1.9963701398778966 2.6714174828201607 
26.000046240571614 19.466540856263144 NaN 2.0953220566934085 3.8879188119063173 
27.00004624057161 20.636510194767133 NaN 2.0899829007453583 3.8879188119063173 
28.000046240571606 20.636510194767133 NaN 2.0899829007453583 3.5444509636411645 
29.000046240571603 18.62882976962245 NaN 2.2289390883881204 3.5444509636411645 
30.0000462405716 19.719383404091097 NaN 3.3194927228567686 2.757801153798585 
31.000046240571596 18.08788173487917 NaN 2.809678580574257 2.4253068963784123 
32.00004624057159 18.08788173487917 NaN 2.809678580574257 3.565757374928758 
33.000046240571606 19.492678072438437 NaN 2.656903680084284 4.617734467976131 
34.00004624057162 20.681540956239843 NaN 2.8228033045769436 3.115604072813859 
35.000046240571635 21.533796198900262 NaN 2.5346080686870174 3.7962407013377018 
36.00004624057165 19.130316282646927 NaN 2.483630932368456 3.7962407013377018 
37.00004624057166 20.462452217256708 NaN 1.9828096540219846 2.711954447875236 
38.00004624057168 19.088108436045715 20.458881563231575 3.1187156692937137 3.0362386432507904 
39.00004624057169 19.088108436045715 19.21901690881707 3.1187156692937137 3.3546037643160105 
40.000046240571706 17.594348140301275 20.405352983038252 2.7616953489360725 3.2088039039274108 
41.00004452721016 18.54852816489664 21.005491931409164 2.396510295737407 3.8089428522983226 
42.000046240571734 19.436319477954623 22.011573898499204 3.2843016087953885 3.6791188041166336 
43.00004624057175 19.39207213802132 19.50373369594375 2.5288790388423124 2.917748989593477 
44.00004624057176 19.39207213802132 19.50373369594375 2.5288790388423124 2.917748989593477 
45.00004624057178 19.569193960359755 20.943637495282523 2.1775449801201106 2.515681451278901 
46.00004624057179 20.501865750431946 19.839723879909574 3.1102167701923022 3.5740262512206797 
47.000046240571805 19.54412599037688 21.11666038325917 2.2373974209010186 2.467479985140784 
48.00004624057182 20.61282847394433 19.728124874330813 2.2477551045266893 3.6043713314453356 
49.000046240571834 18.14650156535498 18.746863579878134 3.2575114370567277 4.729568900486399 
50.00004624057185 19.323654405671668 18.746863579878134 3.1577277740238188 4.729568900486399 
51.00004624057186 18.238798075039796 20.119420887184187 3.1284076686851137 6.102126207792452 
52.00000185069927 18.238798075039796 20.9472602286106 3.1284076686851137 6.929965549218863 
53.00004624057189 18.673563675711307 21.96098963187475 2.2177389774419183 3.495640033635098 
54.000046240571905 18.673563675711307 19.73719794411025 2.2177389774419183 3.236346843015525 
55.00004624057192 19.554667664694676 21.153694832660058 1.937910850258568 1.9581863054955662 
56.00004624057193 17.97753041487075 20.460376518576815 2.128826356671709 3.1181231908015548 
57.00004624057195 18.860135067356026 20.460376518576815 3.0114310091569862 3.1181231908015548 
58.00004624057196 19.857823726424108 19.495707706565504 2.59262277967526 3.0597557111645415 
59.000046240571976 18.83614196381837 21.194272137382363 2.9167052837787466 3.6495449858711453 
60.00004624057199 19.866226623650306 20.00455197924692 2.4434168057404833 2.9084236017588836 
61.000046240572004 19.866226623650306 20.87843959388517 2.4434168057404833 3.782311216397133 
62.00004624057202 20.745762119315728 20.100260300452284 2.2245268189599585 4.846103260617596 
63.00004624057203 20.0040646845977 20.100260300452284 2.0474218323135105 4.846103260617596 
64.00004624057205 20.126385551683704 19.085623986506967 2.165694947392012 3.70084566686036 
65.00004624057206 18.953868434059835 20.241755920571393 2.427634384828231 2.4152362160938026 
66.00004624057208 18.7416163122639 20.31314108471996 3.492318766381892 3.4192931703145604 
67.00004624057209 20.061554302731906 21.559167337046972 2.2872783673012975 2.3474272112681405 
68.0000462405721 21.27411830158853 19.222007038518115 2.495785411937163 2.460965659961346 
69.00004624057212 21.27411830158853 20.24680283545281 2.495785411937163 3.485761456896043 
70.00004624057213 20.46640998705395 21.175752409012716 2.704139760421185 3.094773039987942 
71.00004624057215 21.33380262640678 21.175752409012716 2.3933095695271476 3.094773039987942 
72.00004624057216 22.43144181403855 19.89860747394136 2.466152960224221 5.2028463875962245 
73.00004624057217 19.18189911074115 20.808040813845388 2.419646385060645 6.112279727500251 
74.00004624057219 18.874938077435544 20.808040813845388 3.5291822403048485 6.112279727500251 
75.0000462405722 19.748902843464165 20.03541051508447 2.2950736587251868 2.756005603301105 
76.00004624057222 19.903757570769834 16.286448807298463 2.700431931432817 3.6277734140237925 
77.00004624057223 18.308458598908608 17.350436800728296 1.5435210416347047 4.691761407453626 
78.00004624057225 19.445245441682054 17.350436800728296 1.8204025218810642 4.691761407453626 
79.00004624057226 18.07603396491063 18.804326200097172 1.9938043313380547 6.145650806822502 
80.00004624057227 18.67952661901507 19.934891532465095 2.5972969854424974 7.276216139190424 
81.00004624057229 NaN NaN NaN NaN 
82.0000462405723 NaN NaN NaN NaN 
83.00004624057232 NaN NaN NaN NaN 
84.00004624057233 NaN NaN 2.197475178235166 NaN 
85.00004624057235 NaN NaN 2.9529203374365096 NaN 
86.00004624057236 NaN NaN 3.1999183311762778 NaN 
87.00004624057237 NaN NaN 2.4347371711760815 NaN 
88.00004624057239 NaN NaN 2.4347371711760815 NaN 
89.0000462405724 NaN NaN 3.6891759575780583 NaN 
90.00004624057242 NaN NaN 3.298828352826604 NaN 
91.00004624057243 NaN NaN 2.3063200131483654 NaN 
92.00004624057244 NaN NaN 3.524471760998594 NaN 
93.00004624057246 NaN NaN 2.9633218419015463 NaN 
94.00004624057247 NaN NaN 2.631138608652492 2.97597945865472 
95.00004624057249 NaN NaN 2.631138608652492 2.909404332298422 
96.0000462405725 NaN NaN 2.598267488150114 1.9306377573602447 
97.00004624057252 NaN NaN 1.7334218609092176 2.710278878895693 
98.00004624057253 NaN NaN 2.849620003518055 4.073084876952663 
99.00004624057254 18.270213864723488 NaN 2.2727610547872956 3.5869070346025325 
100.00004624057256 19.360205021312368 NaN 1.9999462133192054 2.4712131586003494 
101.00004624057257 19.360205021312368 NaN 1.9999462133192054 2.4712131586003494 
102.00004624057259 19.436046314557387 NaN 3.3126750343233056 3.7799276171821816 
103.0000462405726 20.42788284799464 NaN 3.0042632288274405 2.5799166088315104 
104.00004624057262 20.42788284799464 NaN 3.0042632288274405 2.50969199750476 
105.00004624057263 19.709685008472817 NaN 2.886643634394204 2.974015367748308 
106.00004624057264 19.380573117772883 NaN 2.691016559932251 2.657715806262644 
107.00004624057266 20.910109437474034 NaN 3.0572655050563498 1.8436502606039937 
108.00004624057267 19.489145489496934 NaN 2.0724571989914296 2.811098599562584 
109.00004624057269 19.489145489496934 NaN 2.0724571989914296 2.811098599562584 
110.0000462405727 19.40568402531541 NaN 2.083286388224849 2.4466978390479284 
111.00002258780808 20.507824311979945 NaN 3.185426674889385 3.7393389337735954 
112.00004624057273 20.044896506502 NaN 3.2586950392512932 2.899333852012333 
113.00004624057274 18.90597498528578 NaN 3.2851123775311777 2.7929330711588136 
114.00004624057276 20.107929085773065 NaN 2.505611095625042 2.7929330711588136 
115.00004624057277 16.576430847231478 NaN 2.4792809643073355 3.2287580983864643 
116.00004624057279 17.748694553131102 NaN 2.655805164395943 2.7797480207195377 
117.0000462405728 18.899431719351938 NaN 3.8065423306167787 2.9802452390098324 
118.00004624057281 18.73587019671949 NaN 2.2223086353933894 3.2118118206612394 
119.00004624057283 19.560957178089808 NaN 3.0473956167637084 4.573928137542637 
120.00004624057284 19.532934768006356 NaN 1.8433528168034172 4.573928137542637 
121.0000403927086 20.166785471855988 NaN 2.477203520653049 2.6665281249724444 
122.00004624057287 18.762857392849128 NaN 2.1923612302257283 2.9009703797662922 
123.00004624057289 19.95782824696775 NaN 2.3368803696698706 2.0182055107406995 
124.0000462405729 19.07064768024405 NaN 1.8720987607858603 3.146963865807905 
125.00004624057291 19.07064768024405 NaN 1.8720987607858603 2.0493582383981135 
126.00004624057293 18.46294527777684 NaN 2.1650648661101286 2.5387793582087994 
127.00004624057294 19.738751469192366 NaN 2.2662318043627465 2.766090989162535 
128.00004624057294 18.620959409408172 NaN 3.281023642723639 2.4899072101238175 
129.00004624057289 18.620959409408172 NaN 3.281023642723639 2.4899072101238175 
130.00004624057283 19.99981684461366 NaN 2.3250889362108467 2.7657734029469054 
131.00004624057277 19.362437176674405 NaN 2.523623969312254 2.9280240511780704 
132.00004624057271 19.48811334003321 NaN 1.96620870813112 3.4728341553603315 
133.00004624057266 18.180211515283517 NaN 3.130588119740594 3.2984104723241785 
134.0000462405726 19.351831445249687 NaN 2.580355458932445 2.722757892038345 
135.00004624057254 19.565501011538856 NaN 2.3321340928517316 2.8384143139828097 
136.0000462405725 20.140573643504894 NaN 2.138783590649439 3.085091549819907 
137.00004624057243 18.728652920065727 NaN 3.203131596020228 2.9228369645341843 
138.00004624057237 20.106866218954664 NaN 3.4714313499072205 2.9228369645341843 
139.00004624057232 18.473741014268782 NaN 1.8304521846501984 3.598762149404166 
140.00004624057226 19.175848070035542 NaN 2.5325592404169583 3.590304622192292 
141.0000462405722 17.538528479539437 NaN 2.651452199409448 3.590304622192292 
142.00004624057215 18.143113836791187 NaN 2.5042141591530367 2.19472970108248 
143.0000462405721 19.420823206937726 NaN 2.7260330511406607 3.3766282070842806 
144.00004624057203 20.072682554982904 NaN 3.377892399185839 4.105304679748201 
145.00004624057198 21.016141423020954 NaN 2.8571630068080083 2.8130964395153626 
146.00004624057192 18.87137841111786 NaN 2.3112564111203824 2.7178087512724005 
147.00001329193663 19.707591470113584 NaN 2.260812588688225 2.1858148921482723 
148.0000462405718 19.705491400820122 NaN 3.404253200747519 3.151803141840304 
149.00004624057175 20.332898784315816 NaN 2.8492389023396356 2.7151732094604313 
150.0000462405717 18.77030222247626 NaN 2.9520328543716516 2.552657637822989 
151.00004624057163 19.843355382542313 NaN 3.0590977647456725 3.8753340389541506 
152.00004624057158 18.183878648794035 NaN 2.315552083560817 3.2585915707566073 
153.00004624057152 19.003657332651272 NaN 1.8126543662868926 3.3997228916784366 
154.00004624057146 20.19175038916987 NaN 1.8466418954480446 2.9124511580034778 
155.0000462405714 21.057903548536018 NaN 2.712795054814194 2.877384952339071 
156.00004624057135 20.88737745105857 NaN 2.344932872425744 2.0755083805916286 
157.0000462405713 19.942313127459897 NaN 2.4113850634557537 2.9642059734193538 
158.00004624057124 19.942313127459897 NaN 2.4113850634557537 3.1740238452864276 
159.00004624057118 19.483703673576997 NaN 2.953990643869105 2.988264331693273 
160.00004624057112 20.430411419811065 NaN 1.9360297660422248 2.8129758981236535 
161.00004624057107 20.577321677766236 NaN 3.13883050215631 2.208762819460702 
162.000046240571 20.27590164570657 NaN 3.5479707965811826 2.5741502542643104 
163.00004624057095 20.27590164570657 NaN 3.5479707965811826 2.4365663265661794 
164.0000462405709 18.807544977964653 NaN 2.4323890835953534 2.4365663265661794 
165.0000356138068 19.00760488755202 NaN 2.5027754940486204 3.9424571910374198 
166.00004624057078 20.316478313610503 NaN 2.746432111691149 2.556550217399149 
167.00004624057073 20.316478313610503 NaN 2.746432111691149 3.4560273433047826 
168.00004624057067 19.524088600673508 NaN 2.2997661444626374 3.055882477177221 
169.0000462405706 19.524088600673508 NaN 2.2997661444626374 2.9591203385005826 
170.00004624057055 20.340148249553806 NaN 1.9077094294322023 2.660177194041239 
171.0000462405705 19.867120442921106 NaN 2.7573580239306636 3.1090403602215417 
172.00004624057044 18.599321004104922 NaN 3.324583881394119 3.1090403602215417 
173.00004624057038 18.599321004104922 NaN 3.324583881394119 1.9603472496676773 
174.00004624057033 19.183569755831314 NaN 2.417075318194435 2.0631597822841172 
175.00004624057027 20.330467470640826 NaN 2.3732604128207697 2.6815928695518494 
176.0000462405702 18.313082522740302 NaN 2.4028253672051676 2.6815928695518494 
177.00004624057016 18.342984954849356 NaN 3.1863557332455628 2.920393005859836 
178.0000462405701 19.520352151582898 NaN 2.9868540556540495 4.1308062035126625 
179.00004624057004 18.195670730886803 NaN 2.460456601153851 2.4119802739136844 
180.00004624057 17.736956993265295 NaN 3.3138380445700193 1.8310577594365327 
181.00004624056993 18.58259685794539 NaN 2.9490647115972877 2.831930168645954 
182.00004624056987 20.010035832545412 NaN 2.4151780079011758 2.7767895227282793 
183.00004624056982 16.99015902912933 NaN 2.0712729152324982 2.137045075526487 
184.00004624056976 17.988674909713325 NaN 3.0697887958164927 2.137045075526487 
185.0000462405697 19.25820506563298 NaN 2.2154072521179273 3.690250927642552 
186.00004624056965 20.084045100242832 NaN 3.0412472867277813 1.8458976476726718 
187.0000462405696 20.467291268269378 NaN 2.770764728543895 3.0062152207762267 
188.00004624056953 20.467291268269378 NaN 2.770764728543895 3.0418412091862024 
189.00004624056947 19.613281118087713 NaN 2.8726336993525763 3.3356534282475536 
190.00004624056942 20.583104182067444 NaN 2.682139190228753 3.3356534282475536 
191.00004624056936 21.679094584710242 NaN 2.4729734485419215 3.6417676006838064 
192.0000462405693 20.43603587089848 NaN 2.425143847092272 3.0634326003067827 
193.00004624056925 20.342251429620575 NaN 3.522072025997545 3.4227227743473634 
194.0000462405692 20.450405749593614 NaN 2.402999907820032 3.3693762289233007 
195.00004624056913 20.450405749593614 NaN 2.402999907820032 2.287947465208049 
196.00004624056908 19.20953174818399 NaN 1.8134106246380384 3.169057232603734 
197.00004624056902 18.031403892990994 NaN 2.123254895726035 4.333825582477459 
198.00004624056896 18.886259991702303 NaN 2.097001227041659 4.333825582477459 
199.0000462405689 19.863727122218762 NaN 3.0744683575581178 2.54515316005498 
200.00004624056885 19.863727122218762 NaN 3.0744683575581178 2.4269373716212783 
201.0000462405688 NaN 126.77002613899862 NaN NaN 
202.00004624056874 NaN 127.77249984916932 NaN NaN 
203.00004624056868 NaN 129.0327226482485 2.460470446254817 NaN 
204.00004624056862 NaN 129.95913518149865 2.7724278813011836 NaN 
205.00004624056857 NaN 131.4178490215935 2.7724278813011836 NaN 
206.0000462405685 NaN 132.5988865378809 2.8269578626166663 NaN 
207.00004624056845 NaN 132.5988865378809 1.8799034647442454 NaN 
208.0000462405684 NaN 133.6809525352501 2.8114910984641597 NaN 
209.00004624056834 NaN 134.85424634052285 2.439426668935738 NaN 
210.00004624056828 NaN 135.98710788962063 3.0724783964506344 NaN 
211.00004624056822 NaN 136.93578355777842 3.3638229571268994 NaN 
212.00004624056817 NaN 138.40708968386016 2.3316780509686623 NaN 
213.0000462405681 NaN 139.52355232295483 2.4946009157677906 2.4787768305778286 
214.00004624056805 NaN 139.52355232295483 3.649863502262747 2.4787768305778286 
215.000046240568 NaN 141.60744087329286 3.649863502262747 4.56266538091586 
216.00004624056794 NaN 141.60744087329286 2.95492056934188 4.56266538091586 
217.00004624056788 NaN 143.0448018518329 2.3973678042249844 3.6144173782866744 
218.00004624056783 NaN 144.4408300331988 2.5438558054596 5.010445559652595 
219.00004624056777 18.756272837121656 144.4408300331988 2.4814971242873867 5.010445559652595 
220.0000462405677 18.756272837121656 146.4922704880669 2.4814971242873867 3.3681163457756895 
221.00004624056766 20.020588392016265 147.40561725932938 2.3497844978160742 3.254320580576916 
222.0000462405676 18.9674817012029 148.09476465175908 3.559374316252587 3.9434679730066193 
223.00004624056754 18.883117267237623 149.1349878864864 2.3499819606693677 2.3443733554715322 
224.00004624056749 19.71629305043544 150.27723547144063 2.2698109726047164 3.4866209404257518 
225.00004624056743 18.77972465795773 150.27723547144063 3.2838465440795517 3.4866209404257518 
226.00004624056737 18.92084032763995 151.74226381205673 2.3245573914494173 3.74205946260534 
227.00004624056731 18.92084032763995 153.04189172517655 2.3245573914494173 5.041687375725161 
228.00004624056726 20.071037209959655 154.16182771158554 2.009725933153021 6.161623362134151 
229.0000462405672 20.23700233772263 155.61576574110262 2.049356953068923 3.01397287821257 
230.00004624056714 20.349594930763175 155.61576574110262 3.294811095207251 3.01397287821257 
231.0000462405671 17.692221819295042 157.10293418817415 2.801897826047906 3.3509444429643906 
232.00004624056703 18.860859467285252 158.39012161723528 2.768646049137459 4.638131872025525 
233.00004624056697 18.860859467285252 159.37354327352273 2.768646049137459 2.409817735889277 
234.00004624056692 20.22075015702194 160.24136048437666 2.641368291802621 3.2776349467432055 
235.00004624056686 21.47852462463473 161.08722376927392 1.62853367406683 4.123498231640468 
236.0000462405668 21.060472738721984 162.0418312684709 2.4137158032654895 3.657419478230821 
237.00004624056675 21.541037502393124 163.08057663761653 2.0612546064120636 3.336274157639764 
238.00000502952105 18.666826296975415 163.7897053929631 2.402799371487731 2.7876284453735423 
239.00004624056663 18.7930984306104 164.81939292469175 2.204792281060776 3.0321338479035376 
240.00004624056658 19.747008550157858 166.16793685950822 1.4198861135330105 3.019458483822234 
241.00004624056652 19.747008550157858 167.10107276866168 1.4198861135330105 1.8157038499843736 
242.00004624056646 18.65035878615609 168.0007669552271 2.965953747950749 2.7153980365498 
243.0000462405664 19.77566654646202 169.36096767466745 2.742717573440217 4.075598755990143 
244.00004624056635 20.776424250739666 170.62757726779157 2.8103393685643994 5.342208349114259 
245.0000462405663 21.73263476727908 170.62757726779157 2.8668556985383873 5.342208349114259 
246.0000447556092 18.753594686304154 171.99294207137038 3.7947194562536026 6.707573152693072 
247.00004624056618 19.916062010288044 172.94025760999227 2.641203177004087 3.028845472766193 
248.00004624056612 21.00417263318417 174.0570747905709 2.0531222869903445 4.145662653344829 
249.00004624056606 20.43968006064071 175.29840753423875 3.2501158098663154 3.502921122758039 
250.000046240566 20.57713284636364 176.28323829592188 2.1358237968953517 4.487751884441167 
251.00004624056595 19.99605349147646 177.23749001345408 3.041912889079697 1.9944321322173835 
252.0000462405659 18.82235460132415 178.51310032988326 2.8974903406081296 3.2700424486465636 
253.00004624056584 20.110137182145507 178.51310032988326 3.200442159746359 3.2700424486465636 
254.00004624056578 20.110137182145507 179.76181184892818 3.200442159746359 2.6628241692775703 
255.00004624056572 19.83890752407541 180.95121858034082 2.4130309634660705 2.7553207054939435 
256.00004624056567 18.30940851072816 182.3233266450999 2.337302054763086 2.839646189431676 
257.0000462405656 18.44306892956331 183.399611625698 2.3112432739142434 2.4734803323486574 
258.00004624056555 18.07396722753873 184.62628497415997 3.290685506706126 2.527171070468711 
259.0000462405655 18.95863815234486 185.45842618914386 2.8032483667531665 3.359312285452603 
260.00004624056544 19.835723419908675 186.38395395447375 2.6040486537189054 4.284840050782492 
261.0000462405654 19.906888329533558 187.3640939496008 2.381676124035266 2.2375189377477227 
262.0000462405653 20.720999108687636 188.14014787288207 2.3636456882054517 2.1364875934651764 
263.00004624056527 18.95444739557098 189.57299145631484 2.2179307137617457 2.5650303581196 
264.0000462405652 18.95444739557098 190.223377138185 2.2179307137617457 2.40130526083567 
265.00004624056515 20.110856590394633 191.39036611957366 2.5982859853041305 3.56829424222434 
266.0000462405651 18.8277000512455 192.3079007424851 3.6278097883557052 4.4858288651357725 
267.00004624056504 18.964900328398528 193.29880798559114 1.6316089993957803 2.560374127404941 
268.000046240565 20.445569936503148 194.4989811381012 2.1947439845889676 2.731023476863413 
269.0000462405649 21.23878534657007 195.62089700834392 2.9879593946558884 2.5989218893744805 
270.00004624056487 21.23878534657007 195.62089700834392 2.9879593946558884 2.5989218893744805 
271.0000462405648 19.643994087906975 19.314034518605894 3.0591233562402067 3.0072876663787156 
272.00004624056476 19.416336852627865 19.314034518605894 3.4304560444099366 3.0072876663787156 
273.0000462405647 20.277504623753146 21.096398692861527 2.155442199413983 2.410812466347352 
274.00004624056464 19.89289392822687 22.213674677810587 3.0195430229326234 2.4801353701463427 
275.0000462405646 20.983481924681683 22.038459863895014 2.0979624682806275 1.8674345424082048 
276.00004624056453 20.95897360004031 21.496768957686783 2.6178956126727257 2.768194473881067 
277.0000060863494 18.387128467053287 22.08749403890559 2.603840888555794 3.358919555099874 
278.0000462405644 19.591117636281012 19.57611707187715 2.6952622908777357 4.163315381769053 
279.00004624056436 18.918157536347053 20.732919902052004 2.288486158565888 5.320118211943907 
280.0000462405643 20.10913150195455 19.266828625969936 2.675064297504207 6.62008394701013 
281.00004624056425 20.0161478616605 19.245117753770614 2.405417822162349 2.8497870206789457 
282.0000462405642 20.097518977152106 20.151980585313197 1.9628771258689994 3.7566498522215284 
283.00004624056413 20.6745150859752 19.43447280244453 2.539873234692095 2.5234120093787737 
284.0000462405641 20.613301788897274 18.559158014259197 2.2122407825495998 3.8340302190686657 
285.000046240564 17.602781891002337 19.27103407888967 2.408645170316106 2.2243287812701737 
286.00004624056396 17.936155216430734 20.295396316465713 2.1080206790349507 3.248691018846216 
287.0000462405639 18.845781729250973 21.306638186089856 3.0176471918551897 2.888302602115516 
288.00004624056385 20.002916284626792 20.41669409119504 3.4629056826005353 2.7793118465688167 
289.0000462405638 20.002916284626792 20.128325330305017 3.4629056826005353 2.989049112914074 
290.000043241589 18.35384819109828 18.67756639222813 2.7891847372234224 2.105106152011274 
291.0000462405637 19.19842416664676 18.67756639222813 2.503902077407531 2.105106152011274 
292.0000462405636 19.19109640812485 18.478661544710633 2.4142422460080866 3.6314698991376986 
293.00004624056356 18.746941102421488 19.19083320248035 2.549510080339701 2.1371824195358613 
294.0000462405635 18.746941102421488 20.476971583798502 2.549510080339701 3.4233208008540146 
295.00004624056345 20.277823458347314 20.616834475637063 4.080392436265527 3.523700535792841 
296.0000462405634 17.81857578044162 20.616834475637063 2.791057959730324 3.523700535792841 
297.00004624056334 18.93700848525208 19.805397290825795 2.62335228322263 3.662297076960101 
298.0000462405633 19.14558480403838 20.00536670061996 2.7582805438904074 2.586172371695227 
299.0000462405632 18.773228450489796 21.218629075048852 2.229207442615916 2.6810020413136613 
300.00004624056317 19.9349339080066 19.764135868402832 3.3909129001327187 3.50219168065496 
#####################################################################
# End of data export. Simulation finished at: 2019-09-17T20:29+0000 #
#####################################################################
