#####################################################################
# Alchemist log file - simulation started at: 2019-09-19T02:31+0000 #
#####################################################################
# seed = 193.0, stage_width = 1000
#
# The columns have the following meaning: 
# time rep-bcast[Sum] rep-ccast[Sum] share-bcast[Sum] share-ccast[Sum] 
0.0 NaN NaN NaN NaN 
1.000072114673009 NaN NaN NaN NaN 
2.0000721146730087 NaN NaN NaN NaN 
3.0000721146730096 NaN NaN 1.5525341798982009 1.6204061024025036 
4.00007211467301 NaN NaN 1.5525341798982009 2.4394700471409614 
5.000072114673011 NaN NaN 1.7567921712738088 1.9344175137837567 
6.000072114673012 NaN NaN 1.4081092412586216 2.8151166878819884 
7.0000635845209445 NaN NaN 1.800252720772967 2.8151166878819884 
8.000072114673014 NaN NaN 2.0343582323998577 2.0280962598278123 
9.00007211467301 NaN NaN 1.488334097904442 3.092195596721025 
10.000072114673006 NaN NaN 1.5219417640908457 1.6281133129355254 
11.000072114673003 NaN NaN 1.5432599930781645 2.1069364190568756 
12.000072114673 NaN NaN 1.5432599930781645 1.8405376296198739 
13.000072114672996 NaN NaN 1.5367259052275255 2.0939510493303874 
14.000072114672992 13.480518175391744 NaN 2.246879748797708 2.0939510493303874 
15.000072114672989 14.386556130946756 NaN 1.8448728518988222 2.1012096503408806 
16.000072114672985 14.386556130946756 NaN 1.8448728518988222 1.9653175447909632 
17.00007211467298 12.527900289145034 NaN 1.8584887155288765 2.8552967674475322 
18.000072114672978 14.18025396584676 NaN 2.105272440567722 3.801576369866668 
19.000072114672975 14.18025396584676 NaN 2.105272440567722 4.658414248986729 
20.00007211467297 13.716882516982015 NaN 1.676788663027601 1.525487441636571 
21.000072114672967 14.671535929595294 NaN 1.7746041965208192 1.525487441636571 
22.000072114672964 13.960815077596134 NaN 1.6912791711992377 1.6275433366456582 
23.00007211467296 15.29135536108664 NaN 3.0218194546897443 1.684055821491242 
24.000072114672957 15.784988438748002 NaN 2.0056215898064345 2.864309208060334 
25.000072114672953 14.671078159622263 NaN 1.9779579538711118 1.6819632823702797 
26.00007211467295 13.80775066829965 14.68177985519566 1.2610107554466623 3.031097027836463 
27.000072114672946 14.988538801200036 15.488260914824096 2.441798888347048 3.837578087464898 
28.000072114672943 14.62649328318893 13.682543595915591 2.038664477323657 5.064646714230591 
29.00007211467294 15.541374919823047 14.80187742803241 2.147065054329339 6.18398054634741 
30.000072114672935 15.541374919823047 15.064859243843408 2.147065054329339 2.2832388125533 
31.000072114672932 12.346377304044307 15.931123838310913 1.3460762458785638 2.2346217703866884 
32.00007211467293 13.611396900521036 13.661634721754055 2.6110958423552937 3.129684683633503 
33.000072114672946 13.935605818084415 14.82019220121055 2.6231228676727234 1.4778089161815302 
34.000015020490714 14.267837112804113 14.82019220121055 2.1316898326866287 1.4778089161815302 
35.000060608776764 15.366088176988153 15.023522138878434 2.071383417414175 1.907867104701559 
36.00007211467299 15.366088176988153 15.42854850825356 2.071383417414175 1.9976524139617382 
37.000072114673 14.382144415244081 12.902753183235223 1.4068329546877791 2.035619800121715 
38.00007211467302 13.035210292775364 13.506609271249257 1.4735035030695371 2.639475888135749 
39.00007211467303 13.813848746570553 14.484417203012153 2.252141956864726 2.080230741639184 
40.000072114673046 13.546973447537123 15.588121447209875 1.594325864939428 1.5694447574539439 
41.00007211467306 14.561879854517812 13.069510120772666 1.3342011555879338 1.5612011505591994 
42.00002022188529 14.561879854517812 14.171860366950224 1.3342011555879338 2.6635513967367572 
43.00007211467309 13.470280915727006 14.171860366950224 1.5149898361416305 2.6635513967367572 
44.000013544927256 12.600486292948595 13.0510575524121 1.5781293330191772 4.003043869264488 
45.00007211467312 13.543279078160026 14.248437679753355 2.520922118230608 2.1242330099049127 
46.00007211467313 15.177721009374665 14.209580976289821 1.6184914495762612 3.350395902918109 
47.000072114673145 15.177721009374665 14.381813236372722 1.6184914495762612 2.5953924314179133 
48.00007211467316 14.535166982640384 13.583563009523083 1.8033949225320924 3.0670366772964996 
49.00007211467317 12.791496355407652 14.756318188987628 3.030509062491234 2.605349925546406 
50.00007211467319 14.085336842664333 13.324912353282286 2.4994262471029884 3.809248232284567 
51.0000721146732 14.085336842664333 12.817537883960945 2.4994262471029884 2.278183485418019 
52.000072114673216 14.533952465661493 13.382256591586348 1.70760683424146 2.8429021930434217 
53.00007211467323 15.997564832498071 14.490816360514323 2.0641034420164175 2.657621474714716 
54.000072114673245 15.485738537274521 15.355865993047132 1.4606626900164201 1.937837033906348 
55.00007211467326 15.485738537274521 15.632332798688168 1.4606626900164201 1.8329499191435588 
56.00007211467327 14.406726215871124 16.524740721180933 1.694319819815945 2.725357841636324 
57.00007211467329 14.481250557854025 16.524740721180933 2.871194407976404 2.725357841636324 
58.0000721146733 14.182837339472883 13.7936973759871 1.6611404875564375 2.0674507393127115 
59.000072114673316 13.936289715528282 13.959604671430043 1.1013356063909896 3.1761508199670843 
60.00007211467333 14.968778525377182 14.767739516808888 2.1338244162398894 1.7663318230388825 
61.000072114673344 14.960147214011542 16.166564999447672 2.2426559172330727 3.165157305677667 
62.00007211467336 14.26338758990233 14.44817540748658 2.5626847503899413 4.492276010900241 
63.00004780835588 15.113473704731362 14.44817540748658 2.0139453825801894 4.492276010900241 
64.00007211467339 14.757647419526883 14.519984323263436 1.5037555716176811 2.5903461717431284 
65.0000721146734 14.333661683832126 15.589439845761525 0.9847450869250878 1.681551900876471 
66.00007211467342 14.556216318547968 14.160078110797265 1.809678665829864 2.313935832250003 
67.00007211467343 14.556216318547968 13.917111946811303 1.809678665829864 3.5345820351006196 
68.00007211467344 14.495028093747365 14.631641137540214 2.8570502099572366 4.24911122582953 
69.00007211467346 15.12530912490481 15.711069788552763 1.682421845163276 5.328539876842079 
70.00007211467347 14.13645137370554 13.744762759274643 2.2301680778016504 1.490648042346237 
71.00000067332508 15.369442685705039 13.633040135898256 2.3837307387886 2.4200046731164377 
72.00003430261206 15.369442685705039 13.633040135898256 2.3837307387886 2.4200046731164377 
73.00007211467351 11.643196756486475 14.726561351807675 1.1753139262658863 3.513525889025857 
74.00007211467353 12.705033840107873 14.086878025879528 2.2371510098872847 2.361897140976481 
75.00002973839186 13.951350007422533 13.55360996526607 2.3899459612925256 1.9461087979950378 
76.00002130235966 13.87790152438707 14.670588683608777 1.6157146751281317 2.001250432716347 
77.00007211467357 13.87790152438707 13.579941234309906 1.6157146751281317 3.7057816710422884 
78.00007211467359 12.908846729964964 13.579941234309906 1.8980597405974038 3.7057816710422884 
79.0000721146736 11.582983976551077 13.748628463054573 2.352810354208117 3.338750936387953 
80.00007211467361 12.122435958030565 13.748628463054573 1.4505091945520832 3.338750936387953 
81.00007211467363 NaN NaN NaN NaN 
82.00007211467364 NaN NaN NaN NaN 
83.00005239168247 NaN NaN 1.556222570314688 NaN 
84.00007211467367 NaN NaN 2.3142377769220133 NaN 
85.00007211467369 NaN NaN 2.1286290797821437 NaN 
86.0000721146737 NaN NaN 2.0160369062362946 NaN 
87.00007211467371 NaN NaN 1.5957775913148424 NaN 
88.00001702052367 NaN NaN 2.1473608323469335 NaN 
89.00007211467374 NaN NaN 2.0527480284225135 NaN 
90.00007211467376 NaN NaN 1.787743090728739 NaN 
91.00007078301617 NaN NaN 1.5220668536876616 NaN 
92.00007074585487 NaN NaN 2.588446894278576 2.264028432721844 
93.00001684069498 NaN NaN 1.9706807648175158 1.946294695909856 
94.00007211467381 NaN NaN 1.892058024264415 1.2008940348964643 
95.00007211467383 13.859706992366853 NaN 2.1093773785899685 1.2008940348964643 
96.00007211467384 13.859706992366853 NaN 2.1093773785899685 1.5998410553833509 
97.00007211467386 15.36741936679985 NaN 2.4646360723084086 2.959674394129692 
98.00007211467387 15.098281423720792 NaN 1.9853310810277947 1.174797222938409 
99.00007211467388 15.041760203143653 NaN 1.2770782699724776 2.1839070637701923 
100.0000721146739 13.94595308351333 NaN 1.6810230833195448 2.1839070637701923 
101.00007211467391 13.94595308351333 NaN 1.6810230833195448 2.9245644547660987 
102.00007211467393 15.204994997571063 NaN 2.9400649973772772 1.6186674004640338 
103.00007211467394 14.53393377729077 NaN 2.0803676383985277 2.4434420638013137 
104.00007211467396 14.390032054275878 NaN 1.8209832041016227 2.136364162050967 
105.00007211467397 15.246708207811565 NaN 1.8528846943000303 3.0982369115491224 
106.00007211467398 14.169327543113383 NaN 2.423847836396831 1.3563534218984046 
107.000072114674 13.254795584830774 NaN 1.2725491854328794 1.3563534218984046 
108.00007211467401 13.254795584830774 NaN 1.2725491854328794 3.1233425007624476 
109.00007211467403 14.478706899436133 NaN 2.496460500038239 1.8142797626761933 
110.00007211467404 15.518129534710596 NaN 1.7688940564486586 1.6797928923812435 
111.00004205516935 14.476561921058476 NaN 1.1492871364254995 2.6842694211703275 
112.00007211467407 15.03842641375958 NaN 1.7111516291266042 2.6842694211703275 
113.00000943712656 15.022688355367833 NaN 1.49914533000819 2.2239523415015015 
114.0000721146741 16.232480413142696 NaN 2.7089373877830525 2.3043033295759017 
115.00007211467411 14.414961968837986 NaN 2.0536891202147984 2.3546951496938107 
116.00007211467413 13.889751322230026 NaN 2.2258946842734275 2.4503069042561805 
117.00007211467414 13.272166961183359 NaN 1.9803224563817423 2.4503069042561805 
118.00007211467415 13.585149143017603 NaN 1.9497735753769092 2.3072816093740727 
119.00007211467417 13.585149143017603 NaN 1.9497735753769092 2.3072816093740727 
120.00007211467418 14.740401012587398 NaN 1.8699831516245524 2.4969354409992093 
121.0000721146742 14.563088523100902 NaN 2.4000683710325177 1.539806607039992 
122.00007211467421 15.4716768902193 NaN 1.9598485919277806 2.41291364131213 
123.00007211467423 13.571393785306384 NaN 3.1463944351239377 1.7981359204507612 
124.00007211467424 14.568141446405605 NaN 1.797057095008043 1.7981359204507612 
125.00007211467425 12.574697003139491 NaN 2.0651978459266758 1.6999091495172394 
126.00007211467427 12.574697003139491 NaN 2.0651978459266758 1.7342709160271284 
127.00007211467428 13.18495463544501 NaN 2.4566666109331976 1.4580093165359074 
128.00007211467428 14.390167320788791 NaN 1.226991206077031 1.6463044016776962 
129.00007211467423 12.97018219581308 NaN 2.5171364359282364 1.9459612928304608 
130.00007211467417 12.97018219581308 NaN 2.5171364359282364 3.2183433750117416 
131.0000721146741 13.67741916074884 NaN 2.491675880622438 4.3680800011343734 
132.00007211467405 13.858023344201285 NaN 1.9879016273920342 4.3680800011343734 
133.000072114674 13.30041708476314 NaN 1.629366888054392 2.1827421150044017 
134.00007211467394 14.422804731590062 NaN 1.3293836847242915 1.6196241332783927 
135.00007211467388 14.422804731590062 NaN 1.3293836847242915 1.9473643040315096 
136.00007211467383 12.964950691490003 NaN 1.4751538150738952 2.7452393900753123 
137.00007211467377 12.964950691490003 NaN 1.4751538150738952 2.796787475438606 
138.0000721146737 14.128490953931845 NaN 1.8408189914719344 1.837729082277832 
139.00007211467366 10.961851718752982 NaN 2.26757823347009 1.811722193067851 
140.0000721146736 12.099862082372184 NaN 2.064516517971583 1.5860058057222375 
141.00007211467354 12.099862082372184 NaN 2.064516517971583 1.5860058057222375 
142.0000721146735 12.694387404625843 NaN 2.2451212336524407 2.4759853512385064 
143.00007211467343 14.475093792787163 NaN 1.760869489454734 2.417840489253706 
144.00007211467337 14.475093792787163 NaN 1.760869489454734 1.3122109819619538 
145.00007211467332 13.191682469302862 NaN 1.8197113726399436 1.8717182294212762 
146.00007211467326 12.953701842281106 NaN 1.68570802311379 1.8717182294212762 
147.0000721146732 11.638796280232214 NaN 2.5251628029937763 2.172031141923526 
148.00007211467315 12.721436181340891 NaN 0.9344537622004054 2.3205687583957513 
149.0000721146731 13.691675349738262 NaN 1.9046929305977756 1.289126802945475 
150.00007211467303 13.866409003963838 NaN 1.5443738312596622 1.289126802945475 
151.00007211467297 15.580242529829349 NaN 2.367554631586785 2.897566687560726 
152.00007211467292 14.168867860401463 NaN 1.8627478888515725 2.291265572138798 
153.00002669102025 13.74251588822736 NaN 2.57392928990933 1.9811476038723015 
154.0000721146728 13.74251588822736 NaN 2.57392928990933 1.9811476038723015 
155.00007211467275 15.258928819724986 NaN 1.3500798705631212 1.5298412246220892 
156.0000721146727 14.011744728873708 NaN 2.3678539120708706 2.5136447542742246 
157.00007211467263 14.01703440778013 NaN 2.08950092892411 1.3122170232430506 
158.00007211467258 13.79336192036996 NaN 2.200418484523226 2.4994232473089824 
159.00007211467252 12.019649049005068 NaN 1.76729531308618 1.66663451698264 
160.00001560220204 13.066413328445293 NaN 1.6268533684604733 1.66663451698264 
161.0000721146724 12.849837816732304 NaN 1.3961181608892446 2.1166371228614764 
162.00007211467235 13.736266488701716 NaN 2.2825468328586567 2.1026219597677596 
163.0000721146723 14.580860491401609 NaN 1.6354057683344365 2.1026219597677596 
164.00007211467224 12.535444022318444 NaN 2.534975977111344 2.642253407453609 
165.00007211467218 12.535444022318444 NaN 2.534975977111344 2.353274456823925 
166.00007211467212 13.919241714231191 NaN 2.2627898934437383 2.1045656961494785 
167.00007211467207 15.180123081095104 NaN 2.1203044542327802 2.1045656961494785 
168.000072114672 14.755999202899034 NaN 3.099896133635724 2.1334681277787126 
169.00007211467195 13.172737565651687 NaN 2.283755098122498 2.1909826381405253 
170.0000721146719 14.317659171333844 NaN 2.0159765802626737 1.8532532526480168 
171.00007211467184 13.01297299042406 NaN 1.9128599881672983 1.471010371333847 
172.00007211467178 14.115671500129139 NaN 2.3736962039619414 1.471010371333847 
173.00007211467172 12.447856847149211 NaN 1.8758789824033784 2.6518417039008852 
174.00007211467167 13.2748416851027 NaN 1.5220324877898292 2.7229534052866597 
175.0000721146716 11.511122420610945 NaN 2.4470461152249356 2.024097888536261 
176.00007211467155 12.655602646553433 NaN 2.3051353546512985 2.024097888536261 
177.0000721146715 13.598938673430638 NaN 1.8157168296720272 1.6766273468273027 
178.00007211467144 14.788813036351371 NaN 3.0055911925927603 1.7284723558957467 
179.00007211467138 14.335809021182598 NaN 1.3551008248082894 1.7503360823566823 
180.00007211467133 14.964738061228218 NaN 1.984029864853909 3.1896430634753585 
181.00007211467127 14.47409034094926 NaN 2.10837348284241 3.1896430634753585 
182.0000721146712 12.96347623922128 NaN 1.8895484007634593 2.427759058387778 
183.00007211467116 13.501760212824138 NaN 1.6913415195375023 1.6336053471336243 
184.0000721146711 14.553348727173272 NaN 2.742930033886637 3.014523910755713 
185.00007211467104 14.553348727173272 NaN 2.742930033886637 2.103591265265379 
186.00007211467099 14.326343789691776 NaN 1.7374166131253048 1.6108179837149237 
187.0000136553636 14.899674781898113 NaN 2.0018834168359945 2.391772215181419 
188.00007211467087 14.899674781898113 NaN 2.0018834168359945 2.2098349069364076 
189.00007211467081 14.674210947536096 NaN 1.7230411047249277 3.1654260445493776 
190.00007211467076 13.476701664035033 NaN 2.245027762026126 2.5642478789801544 
191.0000721146707 13.476701664035033 NaN 2.245027762026126 1.600920721985375 
192.00007211467064 13.69189150385671 NaN 1.5479675400416113 1.600920721985375 
193.0000721146706 13.840268535834866 NaN 2.6615443253579087 2.7087299638288584 
194.00007211467053 14.85589434344007 NaN 2.413235447943123 3.9035617652228893 
195.00007211467047 14.543391152870072 NaN 1.9587914944739282 1.6779271820578003 
196.00007211467042 14.524470690261268 NaN 2.123392379210344 1.2919640140360684 
197.00007211467036 14.591498747359822 NaN 1.7996560518379852 2.3601731597273954 
198.0000721146703 14.591498747359822 NaN 1.7996560518379852 2.3601731597273954 
199.00007211467025 14.837483331896323 NaN 1.617509431778302 1.3898930072492988 
200.0000721146702 13.905100806548575 NaN 2.733637660291919 2.7184328941492595 
201.00007211467013 NaN 126.99433642347913 NaN NaN 
202.00007211467008 NaN 127.86791897026635 1.6747282697275239 NaN 
203.00007211467002 NaN 129.22986488452895 1.757058608950416 NaN 
204.00007211466996 NaN 130.78843123931478 1.5907305385720747 NaN 
205.0000721146699 NaN 131.78357428593543 1.5907305385720747 NaN 
206.00007211466985 NaN 132.56804580443108 2.101563289356477 NaN 
207.00001161582995 NaN 133.3624325759363 1.3560975258502879 NaN 
208.00007211466973 NaN 134.59041544542717 1.1751766037707512 NaN 
209.00006062130802 NaN 134.59041544542717 1.1885911999199834 NaN 
210.00007211466962 NaN 135.96052199736675 1.1885911999199834 NaN 
211.00007211466956 NaN 137.37715485915973 2.684235038844321 NaN 
212.0000721146695 NaN 137.37715485915973 1.3104223054845647 NaN 
213.00007211466945 NaN 139.03954894629706 1.3104223054845647 3.2605423009499077 
214.0000721146694 12.96809355707174 140.81704294188998 2.5852751213911347 5.038036296542828 
215.00007211466934 14.350990032996805 141.52303756574705 1.4852344004124802 5.744030920399894 
216.00007211466928 13.488221164461805 142.59016635781208 1.9010431071007758 1.2448399013361495 
217.00007211466922 13.530668481745664 142.59016635781208 1.8988909611457814 1.2448399013361495 
218.00007211466917 11.459736450884918 143.93204577349906 1.4376158975039175 2.5867193170231246 
219.0000721146691 12.516385811926625 145.50916066903463 2.4942652585456244 2.0872321421418008 
220.00007211466905 13.891761889093317 146.2989659706399 2.527761920025341 2.2711837153239003 
221.000072114669 14.189729378968877 146.2989659706399 1.2531959842652896 2.2711837153239003 
222.00007211466894 14.189729378968877 148.7248609495041 1.2531959842652896 2.2650532559796943 
223.00003338263383 14.35716105077097 149.42908658367034 1.0417697768086214 2.9692788901459437 
224.00007211466882 14.04293271420056 150.50885307019684 2.097647992177798 4.049045376672439 
225.00007211466877 15.349740629235072 151.424010694658 1.8811760429314859 4.964203001133598 
226.0000721146687 13.157396752334392 152.81594622512867 1.6880926284346174 6.356138531604273 
227.00007211466865 14.333952901044796 153.8344185425449 1.949491152683862 2.5241559159430835 
228.0000721146686 14.333952901044796 154.57514322555213 1.949491152683862 3.264880598950299 
229.00007211466854 14.932325440262161 154.57514322555213 1.9149498396072318 3.264880598950299 
230.00007211466848 14.932325440262161 156.07169270149618 1.9149498396072318 2.698190854154319 
231.00007211466843 14.675886092800624 157.05712357815042 2.6909092250605795 2.209494294620214 
232.00007211466837 13.111154049628993 158.0253327264126 2.548622017167446 3.177703442882404 
233.0000721146683 14.234343696674443 159.03301043395467 2.6863807875586474 1.7669579833419675 
234.00007211466826 14.285693337242776 160.3637811077071 1.551648873928002 2.2572348955173993 
235.0000721146682 13.581670516817098 161.37013903259964 2.454466802251943 1.626634666890567 
236.00007211466814 13.581670516817098 161.37013903259964 2.454466802251943 1.626634666890567 
237.0000721146681 13.463979654142122 163.18271905459034 1.5229272052128238 2.598059746707662 
238.00007211466803 12.175843655027052 164.35299794206315 1.255752836488 2.8655207058565395 
239.00007211466797 12.839496077057646 165.64090374917828 1.9194052585185943 2.747837511365816 
240.00007211466792 13.859638733898151 165.64090374917828 1.7692690278862813 2.747837511365816 
241.00007211466786 13.333753032363433 167.04202916601972 1.527267825730064 1.9399048529107858 
242.0000441670604 14.543186042557437 168.55616865160752 1.3355754190826303 2.433901681658085 
243.00007211466774 12.763164942048263 169.62648905625235 2.778259354178971 3.504222086302917 
244.00006401154306 12.763164942048263 170.53116330682812 2.778259354178971 2.153558721725773 
245.00007211466763 13.99803302676304 170.53116330682812 2.4989879533059423 2.153558721725773 
246.00007211466757 14.94528547999738 171.9778149664834 2.3759200018954516 2.15752644628472 
247.00007211466752 14.29931334769472 173.3160885463184 2.8011604748212733 2.260931941404948 
248.00007211466746 14.42583913712113 173.98589087544656 2.8118052783448206 1.9834818172987525 
249.0000721146674 15.239750157872493 13.978122407624994 2.287442719261179 2.1332758621822165 
250.00007211466735 13.278723169895528 13.978122407624994 2.475551349039307 2.1332758621822165 
251.0000721146673 14.546930916241678 12.418749505634054 2.2640503270004046 3.524897615062997 
252.00007211466723 14.266560988850415 13.535801618876661 3.1539592870819604 4.641949728305605 
253.00007211466718 14.184112966583683 13.149608200321154 1.850743205806964 1.542225199438576 
254.00007211466712 14.184112966583683 14.175032915514947 1.850743205806964 2.5676499146323692 
255.00007211466706 13.86023195929377 14.290557635571304 2.9279876153584894 2.8391702795660763 
256.00007211466703 15.09972248843414 15.352066013843853 1.8444517689894724 2.695220872990234 
257.000072114667 13.850800626583634 12.72741201968745 2.0185604723563415 3.9575519088389512 
258.00006596349743 14.884133472935503 12.72741201968745 1.9903849404356606 3.9575519088389512 
259.00007211466686 14.884133472935503 14.137255232684254 1.9903849404356606 3.0506601831438616 
260.0000721146668 12.795216019765775 14.923925716211272 2.3287359414832736 3.83733066667088 
261.00000134732545 14.322662877970487 15.318252573678478 1.6596691031641626 5.178909977372427 
262.0000721146667 14.278506881738224 15.072015594742595 2.2853154360600456 2.2930348103078018 
263.00007211466664 13.864246341650272 14.630537671471558 2.0091843536555984 1.7814064920108876 
264.0000721146666 15.34901026562423 12.95891084229683 2.4102705330638514 3.0498093888399467 
265.0000721146665 15.34901026562423 12.95891084229683 2.4102705330638514 3.0498093888399467 
266.00007211466647 12.217560530448566 14.338789402694346 1.826299602784104 2.738593388044478 
267.0000721146664 12.217560530448566 15.402458926475873 1.826299602784104 2.3174989878520478 
268.0000070316632 13.575380692853628 13.577166330748753 1.8042412047916514 1.9645670401492907 
269.0000721146663 12.718458424288599 14.46550370223099 2.106587115732907 2.8529044116315276 
270.00005300251763 13.538456362981037 15.809815047915095 2.9265850544253453 2.8393955949105703 
271.0000721146662 14.526164276425959 15.667318508668643 1.6786370376336777 2.5703741500817046 
272.0000721146661 15.644375765307643 15.667318508668643 2.7968485265153618 2.5703741500817046 
273.00007211466607 13.874796514255479 16.943103847237865 2.355132178624615 2.038453636513566 
274.000072114666 15.377292120914035 15.526118278105457 1.484848456820032 1.8721274532334746 
275.00001538718743 13.299048517071697 13.755599115705706 1.6666470861703715 2.3271421881414085 
276.0000721146659 13.299048517071697 13.755599115705706 1.6666470861703715 2.3271421881414085 
277.00007211466584 13.428444102906894 15.228660041436854 2.8118612119133672 2.2977075072139996 
278.0000721146658 14.458255628448853 16.385214635348973 2.4840630047540344 2.3205781661741867 
279.0000721146657 13.117965411617035 17.55285350773778 2.3189933194176433 2.3430029128199976 
280.00007211466567 13.674319503625838 18.523624023973753 2.7824623412958545 3.3137734290559706 
281.0000721146656 13.674319503625838 15.006918355166135 2.7824623412958545 4.673176751872404 
282.00007211466556 13.366341236246114 14.723465652288667 2.6541637602816763 5.7475442113999975 
283.0000721146655 12.292105255290835 13.737745893910642 1.482402657440332 6.947837826437194 
284.00007211466544 13.365480877265043 13.737745893910642 1.4814108198869462 6.947837826437194 
285.0000721146654 14.431286494988 13.800467684761259 1.346922822572708 3.0011008576310587 
286.0000559838248 14.642932768673404 13.775163543518943 2.6555630861520285 1.8622198470851572 
287.0000721146653 13.659327570639618 14.067485647873013 1.7562914803541503 1.9913313315096275 
288.0000721146652 14.346981327507308 12.819542709046573 2.4439452372218398 0.8268622245773258 
289.00007211466516 15.563637411091065 13.966935788166552 2.4656842186581684 1.2866015468296155 
290.0000721146651 15.563637411091065 13.966935788166552 2.4656842186581684 1.2866015468296155 
291.00007211466504 14.940081124180438 15.183396181859166 2.137168908275953 2.5030619405222296 
292.000072114665 14.940081124180438 15.836476399408582 2.137168908275953 3.084700200230884 
293.00007211466493 13.659716801923253 15.924800461220002 1.96453765862708 4.202835787584263 
294.0000721146649 15.000895142198146 16.78399831908905 1.507421655609562 5.062033645453312 
295.0000721146648 13.060711720440395 16.78399831908905 1.8536439450784314 5.062033645453312 
296.00007211466476 13.060711720440395 14.115821633406085 1.8536439450784314 3.110268591764509 
297.0000721146647 12.224525256184279 14.2467852640699 2.408982942286002 4.399644958639385 
298.00007211466465 12.854943381007217 14.36394042147549 1.5437535859966829 5.590175738019184 
299.0000721146646 12.854943381007217 11.998561416816528 1.5437535859966829 2.623234988625768 
300.00007211466453 13.916074020816609 12.924881625496141 1.4143534464262757 1.826229724843074 
#####################################################################
# End of data export. Simulation finished at: 2019-09-19T02:50+0000 #
#####################################################################
