#####################################################################
# Alchemist log file - simulation started at: 2019-02-19T15:54+0000 #
#####################################################################
# seed = 80.0
#
# The columns have the following meaning: 
# time derr-single-broadcast-rep[Mean] terr-single-broadcast-rep[Mean] derr-single-broadcast-share[Mean] terr-single-broadcast-share[Mean] derr-single-collection-rep[Mean] terr-single-collection-rep[Mean] derr-single-collection-share[Mean] terr-single-collection-share[Mean] derr-single-distance-rep[Mean] terr-single-distance-rep[Mean] derr-single-distance-share[Mean] terr-single-distance-share[Mean] derr-stack-broadcast-rep[Mean] terr-stack-broadcast-rep[Mean] derr-stack-broadcast-share[Mean] terr-stack-broadcast-share[Mean] derr-stack-collection-rep[Mean] terr-stack-collection-rep[Mean] derr-stack-collection-share[Mean] terr-stack-collection-share[Mean] derr-stack-distance-rep[Mean] terr-stack-distance-rep[Mean] derr-stack-distance-share[Mean] terr-stack-distance-share[Mean] 
0.0 NaN NaN NaN NaN NaN NaN NaN NaN NaN NaN NaN NaN NaN NaN NaN NaN NaN NaN NaN NaN NaN NaN NaN NaN 
2.000904634175559 0.0 0.794533926405182 0.0 1.0606664289244423 3.764956494761391 0.002265803591903553 2.687885380771771 0.0028960976373375376 0.0 0.0 32.68910451061047 0.8129287731146951 NaN NaN NaN NaN 0.0 0.0 0.0 0.0 0.0 0.0 32.68910451061047 0.8129287731146951 
4.00090463417556 0.0 1.835851236152007 0.0 2.033935961549003 3.6539950880222056 0.0036695707987659813 2.1530262724193654 0.004384403433470909 2.2010657443357737 2.0188781140258563 33.48554813745024 1.9479600586829773 NaN NaN NaN NaN 0.0 0.0 0.0 0.0 2.2010657443357737 2.0188781140258563 33.48554813745024 1.9479600586829773 
6.000114179509724 0.0 2.82336031833946 0.0 2.960601788013618 3.5838244710193554 0.005086644333933415 1.5936792420126789 0.005373116457852717 11.484235783182164 3.36492310117149 44.34254987945484 3.2467894062041385 NaN NaN NaN NaN 0.0 0.0 0.0 0.0 11.484235783182164 3.36492310117149 44.34254987945484 3.2467894062041385 
8.000904634175564 0.0 3.7665966563647486 0.0 3.8189824339081038 3.403934245415821 0.007786822713359796 1.0568902730551597 0.007101821442354437 10.66996084453739 4.684304966082599 42.2849899898714 4.100141571549486 NaN NaN NaN NaN 0.0 0.0 0.0 0.0 10.66996084453739 4.684304966082599 42.2849899898714 4.100141571549486 
10.000904634175557 0.0 4.700616437172381 0.0 4.636739676618973 3.27829924743755 0.009207052801581302 0.890406525975134 0.007910309911725902 10.673078284050876 5.760854804307349 37.6657795164494 4.642427007521765 NaN NaN NaN NaN 0.0 0.0 0.0 0.0 10.673078284050876 5.760854804307349 37.6657795164494 4.642427007521765 
12.00024156031736 0.0 9.886266363457615 0.0 9.00597329800146 2.5809829774560322 0.021001209835290052 0.005419823029561914 0.013107018944061643 11.58560965607446 7.975438922071562 29.61717192993061 6.133382458703686 NaN NaN NaN NaN 0.0 0.0 0.0 0.0 11.58560965607446 7.975438922071562 29.61717192993061 6.133382458703686 
14.000904634175543 0.0 10.727615082454085 0.0 9.615977169014112 2.391839326996514 0.022821744199677484 0.005419823029561914 0.014925232677420958 13.24161886209218 8.985071838332841 29.164070255646795 6.195086715637694 NaN NaN NaN NaN 0.0 0.0 0.0 0.0 13.24161886209218 8.985071838332841 29.164070255646795 6.195086715637694 
16.000904634175537 0.0 11.533397050452203 0.0 10.151936029287317 2.303096983251983 0.024422602509743298 0.005419823029561914 0.016682251921455962 15.893836049025406 10.140919842852867 28.249820130442952 6.186310278317903 NaN NaN NaN NaN 0.0 0.0 0.0 0.0 15.893836049025406 10.140919842852867 28.249820130442952 6.186310278317903 
18.000799054721732 0.0 12.315444829478619 0.0 10.69356948367673 2.2097812470121094 0.02587255925802744 0.0054198230295619135 0.018250867560069443 16.238286177014956 11.10234564329529 27.431997245819286 6.128794326314606 NaN NaN NaN NaN 0.0 0.0 0.0 0.0 16.238286177014956 11.10234564329529 27.431997245819286 6.128794326314606 
20.000904634175523 0.0 13.052545961482883 0.0 11.18163032242345 2.0667780244800307 0.02888056036101063 0.005419823029561914 0.02098955604982094 17.6290713196035 12.376839519115476 27.183367825065403 6.145006739445137 NaN NaN NaN NaN 0.0 0.0 0.0 0.0 17.6290713196035 12.376839519115476 27.183367825065403 6.145006739445137 
22.000904634175516 0.0 17.54157468827795 0.0 13.999981869470464 1.4506175828460766 0.04227558117889462 0.0054198230295619135 0.03356492671469796 15.42817324677927 14.889556315950205 28.46821688354087 6.303539857681393 NaN NaN NaN NaN 0.0 0.0 0.0 0.0 15.42817324677927 14.889556315950205 28.46821688354087 6.303539857681393 
24.00090463417551 0.0 18.196328197053884 0.0 14.30935129324614 1.3406896198137466 0.04492349100446091 0.0054198230295619135 0.03625450989303347 16.397533640079423 15.815943595997512 27.528135481555296 6.348764922690203 NaN NaN NaN NaN 0.0 0.0 0.0 0.0 16.397533640079423 15.815943595997512 27.528135481555296 6.348764922690203 
26.00017331739673 0.0 18.85455454642469 0.0 14.585100464346349 1.2535677440183957 0.045864864730692 0.0054198230295619135 0.037288243480388374 18.290197273643834 17.053336148458637 27.266090088868392 6.324768840620647 NaN NaN NaN NaN 0.0 0.0 0.0 0.0 18.290197273643834 17.053336148458637 27.266090088868392 6.324768840620647 
28.00084705309415 0.0 19.490900922304444 0.0 14.824018770906013 1.1587249991140396 0.04788311504589552 0.0054198230295619135 0.039407038723807776 19.009500980229866 17.99021485234744 27.710453773551595 6.314603518879719 NaN NaN NaN NaN 0.0 0.0 0.0 0.0 19.009500980229866 17.99021485234744 27.710453773551595 6.314603518879719 
30.000904634175487 0.0 20.10146623683845 0.0 15.029902829060292 0.9742734532912323 0.04995209941592895 0.005523296545280284 0.03693426217140618 20.262814545420678 18.961795522116812 28.144440439564445 6.306714914068172 NaN NaN NaN NaN 0.0 0.0 0.0 0.0 20.262814545420678 18.961795522116812 28.144440439564445 6.306714914068172 
32.000904634175484 0.0 23.69216028062982 0.0 16.087131904434564 0.0 0.06010616266593465 0.006284422571082773 0.015207659935686124 16.53158751377669 21.136983178365053 34.32633289588767 6.3964450806386495 NaN NaN NaN NaN 0.0 0.0 0.0 0.0 16.53158751377669 21.136983178365053 34.32633289588767 6.3964450806386495 
34.00090463417551 0.0 24.1804786509234 0.0 16.21584415460667 0.0 0.0626068989731488 0.006284422571082771 0.017708396242899806 21.395476356233946 22.251488375358175 34.60532468083077 6.366802862203016 NaN NaN NaN NaN 0.0 0.0 0.0 0.0 21.395476356233946 22.251488375358175 34.60532468083077 6.366802862203016 
36.00090463417554 0.0 24.707046743573752 0.0 16.310503301403166 0.0 0.06432411519315262 0.006284422571082771 0.019425612462903894 23.545101451004854 23.11881935712711 34.97130078597502 6.280022372448402 NaN NaN NaN NaN 0.0 0.0 0.0 0.0 23.545101451004854 23.11881935712711 34.97130078597502 6.280022372448402 
38.00090463417557 0.0 25.204137791720733 0.0 16.39126619871077 0.0 0.06589321071850573 0.006284422571082771 0.020994707988257436 27.133911414138417 24.225278831258617 35.18421708505594 6.2545864214548725 NaN NaN NaN NaN 0.0 0.0 0.0 0.0 27.133911414138417 24.225278831258617 35.18421708505594 6.2545864214548725 
40.000028359488795 0.0 25.66830240661365 0.0 16.50553065010652 0.0013270743685385394 0.06659023851125231 0.006459767438178147 0.018852191755717913 24.232027623595794 24.71794545351117 34.19878415146603 6.2124496518707915 NaN NaN NaN NaN 0.0 0.0 0.0 0.0 24.232027623595794 24.71794545351117 34.19878415146603 6.2124496518707915 
42.000904634175626 0.0 28.3135524698007 0.0 17.274623356716692 0.0054198230295619135 0.07395172239846333 0.007000537787628607 0.01745641208413783 14.474291052406734 26.862922905826935 28.50705112124903 5.84234966127257 NaN NaN NaN NaN 0.0 0.0 0.0 0.0 14.474291052406734 26.862922905826935 28.50705112124903 5.84234966127257 
44.000904634175654 0.0 28.649476831836747 0.0 17.25241949648604 0.0054198230295619135 0.0756216954209583 0.007000537787628607 0.019126385106632587 13.757740663989539 27.185396044405405 26.825282908175694 5.8319656632917924 NaN NaN NaN NaN 0.0 0.0 0.0 0.0 13.757740663989539 27.185396044405405 26.825282908175694 5.8319656632917924 
46.00090463417568 0.0 28.973456302347532 0.0 17.27864391335781 0.005419823029561914 0.07643554329116285 0.007000537787628607 0.01994023297683848 12.965530638846358 27.45051807311564 25.93513533672186 5.843081283201392 NaN NaN NaN NaN 0.0 0.0 0.0 0.0 12.965530638846358 27.45051807311564 25.93513533672186 5.843081283201392 
48.00072184810725 0.0 29.264084428180283 0.0 17.31063086803781 0.0054198230295619135 0.07941631114013054 0.007000537787628607 0.022921000825804786 12.250842154691595 27.729492542715914 25.428471197049266 5.907171824725033 NaN NaN NaN NaN 0.0 0.0 0.0 0.0 12.250842154691595 27.729492542715914 25.428471197049266 5.907171824725033 
50.00090463417574 0.0 29.546288155330636 0.0 17.31916374597448 0.005419823029561914 0.0819493819540375 0.007000537787628607 0.02545407163971346 11.71404732540363 27.948791195087622 24.678159112196518 5.951064836805155 NaN NaN NaN NaN 0.0 0.0 0.0 0.0 11.71404732540363 27.948791195087622 24.678159112196518 5.951064836805155 
52.00008620048678 0.0 31.09461004343199 0.0 17.454183999889167 0.0054198230295619135 0.09353325821837445 0.007000537787628607 0.0370379479040493 8.657710069014032 29.354037493595406 21.540863572057408 6.219068628561585 NaN NaN NaN NaN 0.0 0.0 0.0 0.0 8.657710069014032 29.354037493595406 21.540863572057408 6.219068628561585 
54.0009046341758 0.0 31.242466242462417 0.0 17.48362918615725 0.005419823029561914 0.09505725529490215 0.007000537787628607 0.03856194498057736 8.27755573335937 29.563502039006387 21.74126873434779 6.30194753595055 NaN NaN NaN NaN 0.0 0.0 0.0 0.0 8.27755573335937 29.563502039006387 21.74126873434779 6.30194753595055 
56.000904634175825 0.0 31.38987493795528 0.0 17.31756496525212 0.005419823029561914 0.09821773017057173 0.007109849388632448 0.03273830434793281 8.08855756940293 29.783736025944958 23.448799789865383 6.348176166156003 NaN NaN NaN NaN 0.0 0.0 0.0 0.0 8.08855756940293 29.783736025944958 23.448799789865383 6.348176166156003 
58.0004615456715 0.0 31.550139291769273 0.0 17.182371670515078 0.005649457871334849 0.09019202312500617 0.007187823566572114 0.02827411218147358 7.952639436911481 29.89087279555049 24.46881691401394 6.316946187458531 NaN NaN NaN NaN 0.0 0.0 0.0 0.0 7.952639436911481 29.89087279555049 24.46881691401394 6.316946187458531 
60.00090463417588 0.0 31.70858393360776 0.0 17.10671610704051 0.005792915455026294 0.08615613240719308 0.007236535630783374 0.026463172672689942 7.817204060675126 30.014995605151125 24.978320841057535 6.2977923287075175 NaN NaN NaN NaN 0.0 0.0 0.0 0.0 7.817204060675126 30.014995605151125 24.978320841057535 6.2977923287075175 
62.00090463417591 0.0 33.158254574337846 0.0 17.34815372809926 0.0074034304409529555 0.02255121543777833 0.0074034304409529555 0.02255121543777833 947.775907938176 28.809480001490606 804.0898798570321 5.002059091988758 NaN NaN 102.27981927751534 29.99390034149108 0.0 0.0 0.20455963855503234 0.058320226485135136 947.775907938176 28.809480001490606 804.0898798570321 5.002059091988758 
64.00090463417594 0.0 33.763396160185 0.0 17.72718630218284 0.0074034304409529555 0.025045103907841794 0.0074034304409529555 0.025045103907841794 887.9435560559389 27.0517867186382 665.6021583807901 4.320447524330787 NaN NaN 102.27981927751534 31.46035721553137 0.0 0.0 0.20455963855503234 0.058320226485135136 887.9435560559389 27.0517867186382 665.6021583807901 4.320447524330787 
66.00065305736626 0.0 34.46413013830643 0.0 18.578008260039915 0.0074034304409529555 0.02750838167244483 0.0074034304409529555 0.02750838167244483 832.76251042217 25.328877032555898 574.8630204758826 4.214816253797915 NaN NaN 102.27981927751534 32.3294900961989 0.0 0.0 0.20455963855503234 0.058320226485135136 832.76251042217 25.328877032555898 574.8630204758826 4.214816253797915 
68.000904634176 0.0 35.197556164584604 0.0 19.450201777224393 0.007403430440952957 0.028900475529901794 0.007403430440952957 0.028900475529901794 792.5126449121655 24.181902624677846 499.8451874018771 4.445082783328948 NaN NaN 102.27981927751534 33.005027468035365 0.0 0.0 0.20455963855503234 0.058320226485135136 792.5126449121655 24.181902624677846 499.8451874018771 4.445082783328948 
70.00090463417602 0.0 35.91740076466052 0.0 20.026008684058606 0.0074034304409529555 0.03150427462910776 0.0074034304409529555 0.03150427462910776 752.7333499344307 23.0423408842533 426.85877480028665 4.764814561475044 NaN NaN 102.27981927751534 33.64101849413057 0.0 0.0 0.20455963855503234 0.058320226485135136 752.7333499344307 23.0423408842533 426.85877480028665 4.764814561475044 
72.00090463417605 0.0 40.58192772351237 0.0 22.847472917626845 0.0074034304409529555 0.04343649113840225 0.0074034304409529555 0.04343649113840225 556.8954176951697 17.794958560338063 64.31290325106605 6.350469127787795 NaN NaN 102.27981927751534 39.69431827408659 0.0 0.0 0.0 0.0 556.8954176951697 17.794958560338063 64.31290325106605 6.350469127787795 
74.00011701440621 0.0 41.79564066665149 0.0 22.875434117297026 0.0074034304409529555 0.04635432036868408 0.0074034304409529555 0.04635432036868408 533.9229547307519 17.359540011464805 48.432269239442135 6.447866644603094 NaN NaN 102.27981927751534 40.572438450251205 0.0 0.0 0.0 0.0 533.9229547307519 17.359540011464805 48.432269239442135 6.447866644603094 
76.00090463417611 0.0 42.82236059155754 0.0 23.01659332950303 0.007403430440952955 0.04805399284561517 0.007403430440952955 0.04805399284561517 517.022802994678 17.141468054515148 42.48689727419228 6.473805068546358 NaN NaN 102.27981927751534 41.51187769432473 0.0 0.0 0.0 0.0 517.022802994678 17.141468054515148 42.48689727419228 6.473805068546358 
78.00036695089287 0.0 43.81765367117506 0.0 23.18250071402364 0.007403430440952955 0.049286914892492435 0.007403430440952955 0.049286914892492435 505.17528881832646 17.09233537021402 39.05782364607094 6.4891577768395825 NaN NaN 102.27981927751534 42.476829625825395 0.0 0.0 0.0 0.0 505.17528881832646 17.09233537021402 39.05782364607094 6.4891577768395825 
80.00090463417617 0.0 44.468102320714095 0.0 23.275013561678712 0.0074034304409529555 0.05207050495621037 0.0074034304409529555 0.05207050495621037 494.4700618216264 17.199852112881995 36.39074843216048 6.480224107938411 NaN NaN 102.27981927751534 43.31983208145322 0.0 0.0 0.0 0.0 494.4700618216264 17.199852112881995 36.39074843216048 6.480224107938411 
82.00079331793981 0.0 47.97970095044267 0.0 23.34388327526066 0.0074034304409529555 0.06316522104774491 0.0074034304409529555 0.06316522104774491 436.8335425721466 18.647924108104398 26.00233813951553 6.596681333130878 NaN NaN 102.27981927751534 49.66579011634824 0.0 0.0 0.0 0.0 436.8335425721466 18.647924108104398 26.00233813951553 6.596681333130878 
84.00090463417622 0.0 47.74434254925809 0.0 22.660074178203686 0.0074034304409529555 0.06587406965095408 0.0074034304409529555 0.06587406965095408 428.23470522894627 19.09780045042554 27.500271616573396 6.554526994986673 NaN NaN 102.27981927751534 50.779117426637406 0.0 0.0 0.0 0.0 428.23470522894627 19.09780045042554 27.500271616573396 6.554526994986673 
86.00090463417625 0.0 47.89531566764501 0.0 21.9000008930256 0.007403430440952957 0.06718687710575785 0.007403430440952957 0.06718687710575785 418.2765310926742 19.61461469460972 27.912447239070882 6.486311955874701 NaN NaN 102.27981927751534 51.73658364980818 0.0 0.0 0.0 0.0 418.2765310926742 19.61461469460972 27.912447239070882 6.486311955874701 
88.00043372404775 0.0 47.84851923137693 0.0 21.091062762570576 0.0074034304409529555 0.06949275763636663 0.0074034304409529555 0.06949275763636663 407.7841416504179 20.102333096202454 27.967738651665446 6.4418955358756085 NaN NaN 102.27981927751534 52.60199885755622 0.0 0.0 0.0 0.0 407.7841416504179 20.102333096202454 27.967738651665446 6.4418955358756085 
90.00090463417631 0.0 47.97823653617468 0.0 20.29032569546573 0.0074034304409529555 0.07103707986429225 0.0074034304409529555 0.07103707986429225 396.62863803982214 20.608894224390042 28.882689340085093 6.47706169661096 NaN NaN 102.27981927751534 53.31489791801454 0.0 0.0 0.0 0.0 396.62863803982214 20.608894224390042 28.882689340085093 6.47706169661096 
92.00024416909454 0.0 49.21786571002407 0.0 16.291696941309894 0.0074034304409529555 0.08270174322925235 0.0074034304409529555 0.08270174322925235 326.9153088762361 23.70766877582394 33.08511053779835 6.5862829485574235 NaN NaN 102.27981927751534 59.59932535917528 0.0 0.0 0.0 0.0 326.9153088762361 23.70766877582394 33.08511053779835 6.5862829485574235 
94.00090463417636 0.0 49.002971738406785 0.0 16.039859545954172 0.007403430440952955 0.08542293574800042 0.007403430440952955 0.08542293574800042 313.0442584330556 24.157416103051688 33.75006073304802 6.479344932047902 NaN NaN 102.27981927751534 60.22421478583963 0.0 0.0 0.0 0.0 313.0442584330556 24.157416103051688 33.75006073304802 6.479344932047902 
96.0009046341764 0.0 48.86098039371065 0.0 16.05176203739583 0.0074034304409529555 0.08674562778165777 0.0074034304409529555 0.08674562778165777 299.3075883657766 24.62703329641882 32.45571388654809 6.3594007565069735 NaN NaN 102.27981927751534 60.617990838400296 0.0 0.0 0.0 0.0 299.3075883657766 24.62703329641882 32.45571388654809 6.3594007565069735 
98.00090463417642 0.0 49.27533985613102 0.0 16.07382856190979 0.007403430440952957 0.08907179070436315 0.007403430440952957 0.08907179070436315 285.13642266867004 25.105244155184113 30.386015335923528 6.281237966073428 NaN NaN 102.27981927751534 61.019241412633676 0.0 0.0 0.0 0.0 285.13642266867004 25.105244155184113 30.386015335923528 6.281237966073428 
100.00090463417645 0.0 49.52394327766627 0.0 16.169189529759322 0.007403430440952957 0.09031739418697801 0.007403430440952957 0.09031739418697801 270.35830369007755 25.594343191112745 29.114627839121493 6.3061374408003035 NaN NaN 102.27981927751534 61.360106887058464 0.0 0.0 0.0 0.0 270.35830369007755 25.594343191112745 29.114627839121493 6.3061374408003035 
102.00090463417648 0.0 50.078619163656164 0.0 16.46488311184939 0.0074034304409529555 0.1031963680560953 0.0074034304409529555 0.1031963680560953 186.01387472869686 28.323534126901475 26.572368931410097 6.4889438707485265 NaN NaN 102.27981927751534 69.23488843748319 0.0 0.0 0.0 0.0 186.01387472869686 28.323534126901475 26.572368931410097 6.4889438707485265 
104.0009046341765 0.0 49.53107164763967 0.0 16.642220108294982 0.0074034304409529555 0.10440130480556094 0.0074034304409529555 0.10440130480556094 173.61337693693645 28.694481071171964 28.083731836642926 6.550993433433882 NaN NaN 102.27981927751534 69.23488843748319 0.0 0.0 0.0 0.0 173.61337693693645 28.694481071171964 28.083731836642926 6.550993433433882 
106.00090463417654 0.0 48.89031752612273 0.0 16.67904663647463 0.007403430440952955 0.10685296219747942 0.007403430440952955 0.10685296219747942 161.68171829795028 29.10395325560106 30.047441706657917 6.571145770346478 NaN NaN 102.27981927751534 69.23488843748319 0.0 0.0 0.0 0.0 161.68171829795028 29.10395325560106 30.047441706657917 6.571145770346478 
108.00035783563843 0.0 48.20708151563876 0.0 16.60562879767253 0.007403430440952955 0.10871972961659788 0.007403430440952955 0.10871972961659788 150.72305942111774 29.45558681098758 31.15145869726632 6.56834091896738 NaN NaN 102.27981927751534 69.23488843748319 0.0 0.0 0.0 0.0 150.72305942111774 29.45558681098758 31.15145869726632 6.56834091896738 
110.0003250944485 0.0 47.37020294188788 0.0 16.512423777977077 0.0074034304409529555 0.11027861682995017 0.0074034304409529555 0.11027861682995017 139.5768147124118 29.7406733381939 30.926534894840305 6.523977868313256 NaN NaN 102.27981927751534 69.23488843748319 0.0 0.0 0.0 0.0 139.5768147124118 29.7406733381939 30.926534894840305 6.523977868313256 
112.00029076720092 0.0 42.47626997516857 0.0 16.274884754842354 0.007403430440952957 0.12345897585842988 0.007403430440952957 0.12345897585842988 78.54562692803685 31.465281703071 31.98227980773239 6.527396153153341 NaN NaN NaN NaN 0.0 0.0 0.0 0.0 78.54562692803685 31.465281703071 31.98227980773239 6.527396153153341 
114.00090463417665 0.0 42.188606354362136 0.0 16.241466585060323 0.0074034304409529555 0.12540986291668815 0.0074034304409529555 0.12540986291668815 71.08247103160083 31.59574313028648 33.81708928045064 6.4561621136611 NaN NaN NaN NaN 0.0 0.0 0.0 0.0 71.08247103160083 31.59574313028648 33.81708928045064 6.4561621136611 
116.00006552773011 0.0 41.55638297853275 0.0 16.155372399342664 0.007403430440952955 0.12751303271402484 0.007403430440952955 0.12751303271402484 64.7285324239463 31.571733197589403 34.065047129950486 6.36298264400447 NaN NaN NaN NaN 0.0 0.0 0.0 0.0 64.7285324239463 31.571733197589403 34.065047129950486 6.36298264400447 
118.00078996024068 0.0 41.20722140666755 0.0 16.041178832184077 0.007403430440952955 0.12863672240204913 0.007403430440952955 0.12863672240204913 58.9731328483822 31.551271499335144 33.2489033390308 6.297619329661231 NaN NaN NaN NaN 0.0 0.0 0.0 0.0 58.9731328483822 31.551271499335144 33.2489033390308 6.297619329661231 
120.0006036294852 0.0 40.63967202086369 0.0 16.02614465989141 0.0074034304409529555 0.13130978338407348 0.0074034304409529555 0.13130978338407348 53.35361532670116 31.5913662963198 32.980350704844184 6.339115532344781 NaN NaN NaN NaN 0.0 0.0 0.0 0.0 53.35361532670116 31.5913662963198 32.980350704844184 6.339115532344781 
122.00090463417676 0.0 38.00590821925918 0.0 15.771916601564907 0.007403430440952957 0.14349935405450465 0.007403430440952957 0.14349935405450465 24.296269240272103 32.0308293090862 30.19383092140686 6.471401001559387 NaN NaN NaN NaN 0.0 0.0 0.0 0.0 24.296269240272103 32.0308293090862 30.19383092140686 6.471401001559387 
124.0001937725658 0.0 37.62935362917319 0.0 15.884421014306737 0.0074034304409529555 0.14648863370026913 0.0074034304409529555 0.14648863370026913 21.094984521234075 32.150077473183075 30.763513006011635 6.525652025425175 NaN NaN NaN NaN 0.0 0.0 0.0 0.0 21.094984521234075 32.150077473183075 30.763513006011635 6.525652025425175 
126.00090463417682 0.0 36.688176843240946 0.0 16.011759501267164 0.0074034304409529555 0.14768193573857663 0.0074034304409529555 0.14768193573857663 18.382310467897366 32.22001181828599 31.66961984618272 6.517307577215874 NaN NaN NaN NaN 0.0 0.0 0.0 0.0 18.382310467897366 32.22001181828599 31.66961984618272 6.517307577215874 
128.0004326342574 0.0 36.1017292652592 0.0 16.126912778842748 0.0074034304409529555 0.14962306163836045 0.0074034304409529555 0.14962306163836045 16.249589774057043 32.256972481589926 32.04991010493072 6.498065235661221 NaN NaN NaN NaN 0.0 0.0 0.0 0.0 16.249589774057043 32.256972481589926 32.04991010493072 6.498065235661221 
130.00090463417672 0.0 35.715276620837244 0.0 16.206259364558406 0.0074034304409529555 0.15228113995089534 0.0074034304409529555 0.15228113995089534 14.733775820120727 32.25678622406717 32.40271714988414 6.494438121577511 NaN NaN NaN NaN 0.0 0.0 0.0 0.0 14.733775820120727 32.25678622406717 32.40271714988414 6.494438121577511 
132.0009046341766 0.0 34.22688387237962 0.0 16.649520587194157 0.0074034304409529555 0.16405392594854934 0.0074034304409529555 0.16405392594854934 8.73002889232656 32.25123158305696 33.68757388612231 6.365804470988465 NaN NaN NaN NaN 0.0 0.0 0.0 0.0 8.73002889232656 32.25123158305696 33.68757388612231 6.365804470988465 
134.0009046341765 0.0 34.26465956699075 0.0 16.73104672683421 0.0074034304409529555 0.1649794912046938 0.0074034304409529555 0.1649794912046938 8.84259482648846 32.13031579443242 32.82554074643071 6.4156510706320855 NaN NaN NaN NaN 0.0 0.0 0.0 0.0 8.84259482648846 32.13031579443242 32.82554074643071 6.4156510706320855 
136.00090463417638 0.0 34.24722378915133 0.0 16.803120766344435 0.0074034304409529555 0.1679957591939384 0.0074034304409529555 0.1679957591939384 8.896881935392074 32.02421198590095 32.58134587093735 6.488387205209255 NaN NaN NaN NaN 0.0 0.0 0.0 0.0 8.896881935392074 32.02421198590095 32.58134587093735 6.488387205209255 
138.0001135834079 0.0 34.180503721549925 0.0 16.775044079050467 0.0074034304409529555 0.1694636683918636 0.0074034304409529555 0.1694636683918636 8.785338032918379 31.954858970087543 31.907199287483913 6.436198628426196 NaN NaN NaN NaN 0.0 0.0 0.0 0.0 8.785338032918379 31.954858970087543 31.907199287483913 6.436198628426196 
140.00058863703637 0.0 34.13310415977115 0.0 16.766783894109977 0.007403430440952957 0.1722862822816215 0.007403430440952957 0.1722862822816215 8.775239751196619 31.90476648501946 31.23254074544438 6.371806305312404 NaN NaN NaN NaN 0.0 0.0 0.0 0.0 8.775239751196619 31.90476648501946 31.23254074544438 6.371806305312404 
142.00090463417604 0.0 33.945173939819426 0.0 16.767388806128828 0.007403430440952955 0.18381958861787764 0.007403430440952955 0.18381958861787764 8.371658414883536 31.855902183444233 27.968188398914585 6.194003308123547 NaN NaN NaN NaN 0.0 0.0 0.0 0.0 8.371658414883536 31.855902183444233 27.968188398914585 6.194003308123547 
144.00090463417592 0.0 33.95713434901868 0.0 16.77609967046146 0.007403430440952955 0.18643444273886664 0.007403430440952955 0.18643444273886664 8.384995618583051 31.89372905491972 28.139178508879862 6.2936394290543225 NaN NaN NaN NaN 0.0 0.0 0.0 0.0 8.384995618583051 31.89372905491972 28.139178508879862 6.2936394290543225 
146.0009046341758 0.0 33.97267175525719 0.0 16.795777521068093 0.0074034304409529555 0.18789985200828263 0.0074034304409529555 0.18789985200828263 8.38131234272331 31.948652425863656 28.598139431561254 6.373361487474744 NaN NaN NaN NaN 0.0 0.0 0.0 0.0 8.38131234272331 31.948652425863656 28.598139431561254 6.373361487474744 
148.00071604921732 0.0 33.94019816867773 0.0 16.837659569497085 0.0074034304409529555 0.19014789101974458 0.0074034304409529555 0.19014789101974458 8.578866210675935 31.935314093897297 28.857530214508113 6.38620373833375 NaN NaN NaN NaN 0.0 0.0 0.0 0.0 8.578866210675935 31.935314093897297 28.857530214508113 6.38620373833375 
150.00090463417558 0.0 33.972582331871486 0.0 16.963532511856307 0.007403430440952957 0.19188155945232493 0.007403430440952957 0.19188155945232493 8.830178095693778 31.967646350905664 30.576434903135066 6.44021944466856 NaN NaN NaN NaN 0.0 0.0 0.0 0.0 8.830178095693778 31.967646350905664 30.576434903135066 6.44021944466856 
152.00090463417547 0.0 34.072444176363916 0.0 17.84828372540602 0.0074034304409529555 0.20350442307189887 0.0074034304409529555 0.20350442307189887 10.37521752805279 32.05932478173423 40.12138692678927 6.732839231379464 NaN NaN NaN NaN 0.0 0.0 0.0 0.0 10.37521752805279 32.05932478173423 40.12138692678927 6.732839231379464 
154.0008891888802 0.0 34.019250028118975 0.0 17.73503532711977 0.007403430440952957 0.2049340936481494 0.007403430440952957 0.2049340936481494 10.237179963736441 32.12852911672308 39.76324352233989 6.647541396703323 NaN NaN NaN NaN 0.0 0.0 0.0 0.0 10.237179963736441 32.12852911672308 39.76324352233989 6.647541396703323 
156.00044824603285 0.0 34.211620811658456 0.0 17.655831585231542 0.0074034304409529555 0.20714164389267606 0.0074034304409529555 0.20714164389267606 10.249828729844229 32.160913682012264 38.63544461851925 6.541199748554048 NaN NaN NaN NaN 0.0 0.0 0.0 0.0 10.249828729844229 32.160913682012264 38.63544461851925 6.541199748554048 
158.00090463417513 0.0 34.32488395711879 0.0 17.545517490159906 0.007403430440952957 0.2086121615835469 0.007403430440952957 0.2086121615835469 10.09052968923179 32.155299755046734 37.87178282202092 6.506684521174669 NaN NaN NaN NaN 0.0 0.0 0.0 0.0 10.09052968923179 32.155299755046734 37.87178282202092 6.506684521174669 
160.00090463417501 0.0 34.41268829098372 0.0 17.493801322912983 0.0074034304409529555 0.21137540708957112 0.0074034304409529555 0.21137540708957112 9.903153987987656 32.09037384930486 37.316116612229244 6.478135333031371 NaN NaN NaN NaN 0.0 0.0 0.0 0.0 9.903153987987656 32.09037384930486 37.316116612229244 6.478135333031371 
162.0009046341749 0.0 35.04148530365058 0.0 17.51460868011394 0.007403430440952957 0.2226634242186317 0.007403430440952957 0.2226634242186317 9.112656825703118 31.872984081520976 31.271667027746865 6.380423206453719 NaN NaN NaN NaN 0.0 0.0 0.0 0.0 9.112656825703118 31.872984081520976 31.271667027746865 6.380423206453719 
164.0009046341748 0.0 35.01719916752295 0.0 17.50192611403486 0.007403430440952959 0.2261734042986571 0.007403430440952959 0.2261734042986571 9.252492711440958 31.934441208275913 31.837157062009815 6.489079054148639 NaN NaN NaN NaN 0.0 0.0 0.0 0.0 9.252492711440958 31.934441208275913 31.837157062009815 6.489079054148639 
166.00090463417467 0.0 35.123864784854725 0.0 17.55671070251167 0.007403430440952959 0.22743646755307786 0.007403430440952959 0.22743646755307786 9.242655016579768 31.95625029827057 31.210645246467948 6.487948040338651 NaN NaN NaN NaN 0.0 0.0 0.0 0.0 9.242655016579768 31.95625029827057 31.210645246467948 6.487948040338651 
168.00090463417456 0.0 35.20255336150007 0.0 17.641277885674917 0.007403430440952959 0.22885510794100936 0.007403430440952959 0.22885510794100936 9.213483656114857 31.984035990180818 30.515612998717977 6.513950928707692 NaN NaN NaN NaN 0.0 0.0 0.0 0.0 9.213483656114857 31.984035990180818 30.515612998717977 6.513950928707692 
170.00072063001429 0.0 35.333871915998095 0.0 17.67527648439854 0.007403430440952959 0.2320015740838325 0.007403430440952959 0.2320015740838325 9.279795903995282 32.03800235502695 30.66846273691324 6.548509332110422 NaN NaN NaN NaN 0.0 0.0 0.0 0.0 9.279795903995282 32.03800235502695 30.66846273691324 6.548509332110422 
172.00003046779867 0.0 35.97078041348994 0.0 17.729413432822316 0.0074034304409529555 0.24354705223904324 0.0074034304409529555 0.24354705223904324 9.570116554158163 32.29060356002239 28.403751439282587 6.640765801714346 NaN NaN NaN NaN 0.0 0.0 0.0 0.0 9.570116554158163 32.29060356002239 28.403751439282587 6.640765801714346 
174.00051591553245 0.0 36.002558909158275 0.0 17.747071602731626 0.0074034304409529555 0.24598444054068672 0.0074034304409529555 0.24598444054068672 9.452650018068692 32.31783469559686 28.08369796893509 6.596602611593416 NaN NaN NaN NaN 0.0 0.0 0.0 0.0 9.452650018068692 32.31783469559686 28.08369796893509 6.596602611593416 
176.0007452945792 0.0 35.97342108396023 0.0 17.76498442313122 0.0074034304409529555 0.24814871790531032 0.0074034304409529555 0.24814871790531032 9.467503045007714 32.3251258824007 28.82552473260598 6.603856470273248 NaN NaN NaN NaN 0.0 0.0 0.0 0.0 9.467503045007714 32.3251258824007 28.82552473260598 6.603856470273248 
178.000904634174 0.0 35.883361188616405 0.0 17.737210919776395 0.0074034304409529555 0.24958627913268813 0.0074034304409529555 0.24958627913268813 9.63587017318666 32.36528230659906 30.519321381092368 6.669078646772878 NaN NaN NaN NaN 0.0 0.0 0.0 0.0 9.63587017318666 32.36528230659906 30.519321381092368 6.669078646772878 
180.00018637577134 0.0 35.84851375115997 0.0 17.68135824845206 0.0074034304409529555 0.25178796701530837 0.0074034304409529555 0.25178796701530837 11.926711648069295 32.392472363670926 33.51157074564483 6.664983240146935 NaN NaN NaN NaN 0.0 0.0 0.0 0.0 11.926711648069295 32.392472363670926 33.51157074564483 6.664983240146935 
182.00090463417376 0.0 37.947553025747766 0.0 17.890532395495125 0.007390163157008389 0.22097418007053274 0.007074468995453954 0.11743457683435271 964.3029291523837 32.08872055446027 723.9077220082395 4.730123962654884 45.25922931890318 87.87540949796781 129.4517509023155 35.40272721101992 0.09051845863780539 0.17416364387826844 0.2616307007290765 0.07434155957127121 964.3029291523837 32.08872055446027 723.9077220082395 4.730123962654884 
184.00090463417365 0.0 38.701616082628746 0.0 18.627689829814887 0.007390163157008389 0.22231101295456818 0.0071804044384562 0.1535155230814784 908.2110617052937 30.335733354625024 576.5243918474915 4.02180373924909 45.25922931890318 89.18523981055789 129.5861572631892 36.94877968795618 0.09051845863780539 0.1755004767623039 0.2626683516050794 0.07742508199964751 908.2110617052937 30.335733354625024 576.5243918474915 4.02180373924909 
186.00061238438886 0.0 39.71696054819687 0.0 19.083548167225725 0.0073901631570083915 0.225094668861264 0.007266411516336947 0.18450729875643626 860.7986405648694 28.83076107353688 497.3602507927984 4.149811921573202 45.25922931890318 90.40264381556106 129.7242035127561 38.20559998007432 0.09051845863780542 0.17828413266899854 0.26351080165934593 0.08162684368298806 860.7986405648694 28.83076107353688 497.3602507927984 4.149811921573202 
188.00090463417342 0.0 40.776746580344636 0.0 19.863072137183245 0.007390163157008389 0.22624586599015434 0.007284826276394939 0.19169806576744583 814.9005992850524 27.41465514851769 427.5395980459469 4.463221452351907 45.25922931890318 91.89654919288779 129.84899394048023 39.496101822550166 0.09051845863780542 0.17943532979788945 0.26369117653071833 0.08308166788836187 814.9005992850524 27.41465514851769 427.5395980459469 4.463221452351907 
190.0009046341733 0.0 41.51914233805921 0.0 20.454448431934196 0.007390163157008389 0.22924511015447022 0.007313418865967466 0.20407494734277218 767.5261216051736 25.955243714527132 363.74994189357545 4.752394151775828 45.25922931890318 93.65862173632985 129.96891740813783 40.90135759556688 0.09051845863780542 0.18243457396220666 0.26397124451151877 0.08655235367633524 767.5261216051736 25.955243714527132 363.74994189357545 4.752394151775828 
192.0000574966321 0.0 46.94666690454603 0.0 24.376918205289908 0.007390163157008389 0.24170810354837433 0.007390163157008389 0.24170810354837433 514.2077959058666 18.37234740017917 46.12961053231347 6.233901596072018 45.25922931890318 97.28813175182142 130.6593342038901 47.035217117665674 0.09051845863780539 0.19489756735611163 0.2647229644134722 0.10028072574757564 514.2077959058666 18.37234740017917 46.12961053231347 6.233901596072018 
194.00061487438245 0.0 47.43116766957357 0.0 24.769738645318533 0.007390163157008387 0.24324559850587432 0.007390163157008387 0.24324559850587432 488.57515116648784 17.599253255975775 36.60809647695822 6.237573975141259 45.25922931890318 98.48279536979696 130.67030075469756 48.1728306278724 0.09051845863780536 0.19643506231360594 0.2647229644134722 0.10181822070507235 488.57515116648784 17.599253255975775 36.60809647695822 6.237573975141259 
196.00090463417297 0.0 47.479409788586516 0.0 24.93766524961771 0.007390163157008387 0.24586891763526864 0.007390163157008387 0.24586891763526864 473.98008431702965 17.43914321967329 34.08433567769167 6.269123799742346 45.25922931890318 99.84065490940837 130.71747742525184 49.44836506938022 0.09051845863780536 0.19905838144300014 0.2647229644134721 0.10444153983446672 473.98008431702965 17.43914321967329 34.08433567769167 6.269123799742346 
198.00090463417285 0.0 47.746072009402575 0.0 25.07612823658742 0.007390163157008387 0.24748833898295847 0.007390163157008387 0.24748833898295847 460.82106614800864 17.25267038018403 32.60588040492311 6.234929786801474 45.25922931890318 101.21081799719775 130.71044879972538 50.75557253001934 0.09051845863780533 0.20067780279069636 0.2647229644134722 0.1060609611821601 460.82106614800864 17.25267038018403 32.60588040492311 6.234929786801474 
200.00090463417274 0.0 47.84378833959031 0.0 25.272318264581923 0.00739143621635135 0.25365701619772824 0.007390163157008387 0.24958928083649454 449.4230256291237 17.217684222149572 31.710116861190727 6.20869354445219 45.25922931890318 102.61954295255158 130.73495541292687 52.05736400332055 0.09051845863780536 0.20277874464422932 0.2647229644134722 0.10816190303569079 449.4230256291237 17.217684222149572 31.710116861190727 6.20869354445219 
202.00090463417263 0.0 49.5430840137357 0.0 25.21321946960736 0.007403430440952956 0.3041992275828757 0.007390163157008387 0.2618070167657927 388.24846518056717 18.320777289115508 29.539469847711754 6.119202920485488 45.25922931890318 107.24034283537013 131.35114561113264 58.20854275881183 0.09051845863780539 0.21499648057352913 0.2647229644134721 0.12037963896499367 388.24846518056717 18.320777289115508 29.539469847711754 6.119202920485488 
204.00033994987058 0.0 49.155206566189555 0.0 24.475772342316652 0.007403430440952956 0.3052566269437637 0.007390163157008387 0.26286441612668104 380.3802072687518 18.92341701132443 29.0151845697498 6.105134876517481 45.25922931890318 108.33757968741884 131.42116456270045 59.35103600679121 0.09051845863780542 0.21605387993441713 0.2647229644134721 0.12143703832588165 380.3802072687518 18.92341701132443 29.0151845697498 6.105134876517481 
206.0009046341724 0.0 48.78758389331155 0.0 23.41931036618298 0.0074034304409529555 0.3080154937778269 0.007390163157008387 0.26562328296074933 371.1992905164514 19.513136950953054 28.660328789894034 6.130381414697177 45.25922931890318 109.45677238924372 131.51239855673188 60.558099981542306 0.09051845863780542 0.21605387993441713 0.2647229644134721 0.12419590515994665 371.1992905164514 19.513136950953054 28.660328789894034 6.130381414697177 
208.0009046341723 0.0 48.846753541704345 0.0 22.448619879312773 0.0074034304409529555 0.30920873897537743 0.007390163157008387 0.26681652815829576 361.93600484070055 20.062275181222063 29.069754426703927 6.180248263993546 45.25922931890318 110.51239448672666 131.62139706531244 61.75130133063185 0.09051845863780542 0.21605387993441713 0.2647229644134721 0.12538915035749656 361.93600484070055 20.062275181222063 29.069754426703927 6.180248263993546 
210.00090463417217 0.0 49.01177329305615 0.0 21.51935718211162 0.0074034304409529555 0.3120789797710054 0.007390163157008387 0.2696867689539228 351.7049594570313 20.607427290570854 29.86235944369577 6.2210481309912815 45.25922931890318 111.56364530370696 131.73907065983758 62.97883120611218 0.09051845863780542 0.21605387993441713 0.2647229644134722 0.1282593911531269 351.7049594570313 20.607427290570854 29.86235944369577 6.2210481309912815 
212.00051603880462 0.0 49.38114540164293 0.0 17.584432302219984 0.007403430440952956 0.32459866403189924 0.007390163157008387 0.2822064532148162 286.1263905513455 23.695086571122413 29.895160430971764 6.215532813598578 45.25922931890318 117.20061068326753 132.2547375071012 69.67209742062799 0.0 0.0 0.2739682509846571 0.10701978971414902 286.1263905513455 23.695086571122413 29.895160430971764 6.215532813598578 
214.00031063346663 0.0 49.485137134469376 0.0 17.323157965952795 0.007403430440952956 0.3263335882565331 0.007390163157008385 0.28394137743945463 273.28812525725436 24.16162653160445 29.483577143083696 6.190671394282334 45.25922931890318 118.10714646724112 132.65735028977716 69.3594334434838 0.0 0.0 0.2822592631868816 0.07847997366751644 273.28812525725436 24.16162653160445 29.483577143083696 6.190671394282334 
216.00065469085294 0.0 49.47930231320428 0.0 16.946298153500155 0.007403430440952958 0.32817710125466315 0.007390163157008385 0.2857848904375852 259.86065293544806 24.614722455851098 29.785611650283013 6.214859628223769 45.25922931890318 118.99437359043998 133.04371543534515 69.09347533163395 0.0 0.0 0.2851023425217338 0.06994194502344751 259.86065293544806 24.614722455851098 29.785611650283013 6.214859628223769 
218.00090463417172 0.0 49.54892365460753 0.0 16.704693073289537 0.007403430440952958 0.33055285145282476 0.007390163157008387 0.2881606406357515 246.13222328597413 25.026011077794557 30.23863938082363 6.206514280679715 45.25922931890318 119.86776500444527 133.46302245154965 68.61593296640902 0.0 0.0 0.287132340873365 0.06490512950011243 246.13222328597413 25.026011077794557 30.23863938082363 6.206514280679715 
220.0009046341716 0.0 49.62892974594922 0.0 16.56268195587563 0.007403430440952958 0.3319091083455922 0.007390163157008387 0.289516897528516 232.37784095516028 25.423707681681417 29.997539750873077 6.190347158473308 45.25922931890318 120.71584908790777 133.88723388600863 68.12934132130437 0.0 0.0 0.28782058775805663 0.06374824382736508 232.37784095516028 25.423707681681417 29.997539750873077 6.190347158473308 
222.0009046341715 0.0 50.358251727148435 0.0 16.145371526482602 0.007403430440952958 0.3437549252331401 0.007390163157008389 0.30136271441606877 154.03059445917745 27.495141652451807 31.58230941248914 6.334435671064556 45.25922931890318 127.20157874340374 136.29939109484343 65.50226602050364 0.0 0.0 0.2919779531771451 0.06041338612347281 154.03059445917745 27.495141652451807 31.58230941248914 6.334435671064556 
224.000500521089 0.0 49.41563095185196 0.0 16.205792739892942 0.007403430440952956 0.3458248131066369 0.007390163157008389 0.3034326022895594 143.37265298818173 27.858825769923666 32.182804054927495 6.310314260175393 45.25922931890318 128.2216339887943 136.87110411087963 64.42740702727887 0.0 0.0 0.2919779531771451 0.062483273996967466 143.37265298818173 27.858825769923666 32.182804054927495 6.310314260175393 
226.00057854051204 0.0 49.25819569087161 0.0 16.301015790004556 0.007403430440952958 0.3471914721287174 0.007390163157008389 0.3047992613116344 132.9576119095181 28.205454562946805 31.95855247576195 6.255497409425697 45.25922931890318 129.19829416717536 137.42724692664524 63.43362762924626 0.0 0.0 0.2919779531771451 0.06384993301904594 132.9576119095181 28.205454562946805 31.95855247576195 6.255497409425697 
228.00090463417115 0.0 48.900863977671094 0.0 16.401561335068102 0.007403430440952956 0.3499143943617329 0.007390163157008389 0.30752218354465416 123.94056707957749 28.44916009822065 31.32590264107762 6.1802739244280565 45.25922931890318 130.05678719527396 137.87737185850008 62.76751274326433 0.0 0.0 0.2919779531771451 0.0665728552520604 123.94056707957749 28.44916009822065 31.32590264107762 6.1802739244280565 
230.00082729033093 0.0 48.493544826218354 0.0 16.544941766809483 0.007403430440952956 0.35095852247046827 0.007390163157008387 0.3085663116533909 115.09145107099573 28.692110184487557 31.05237984100412 6.128171768489642 45.25922931890318 130.97722709759654 138.32143624777564 62.14631239430865 0.0 0.0 0.2919779531771451 0.06761698336079883 115.09145107099573 28.692110184487557 31.05237984100412 6.128171768489642 
232.0005737939905 0.0 44.472827256344594 0.0 17.332876255890437 0.007403430440952956 0.3630357954750784 0.007390163157008389 0.32064358465799464 64.15524486976813 29.855542476291642 32.97856829942641 6.170219085946659 45.25922931890318 137.18489602182723 140.98180267192663 58.40823034258721 0.0 0.0 0.2919779531771452 0.07969425636540538 64.15524486976813 29.855542476291642 32.97856829942641 6.170219085946659 
234.00027498254642 0.0 44.28626704599761 0.0 17.439233351552737 0.0074034304409529555 0.36505256225420646 0.007390163157008389 0.32266035143713023 57.96372512970713 29.96327777282146 33.512793556033785 6.1861490383898 45.25922931890318 138.17765433899027 141.39522191294728 57.89801274655427 0.0 0.0 0.2919779531771451 0.08171102314453835 57.96372512970713 29.96327777282146 33.512793556033785 6.1861490383898 
236.0009046341707 0.0 43.85248230094462 0.0 17.413804885632455 0.007403430440952956 0.3676591103163276 0.007390163157008389 0.3252668994992524 52.741714789436834 30.028066180064275 33.02885948348135 6.151703848463712 45.25922931890318 139.10566058200152 141.82007437447456 57.34822868253431 0.0 0.0 0.2919779531771451 0.08431757120665895 52.741714789436834 30.028066180064275 33.02885948348135 6.151703848463712 
238.0004776973797 0.0 43.40452899331277 0.0 17.370550812331533 0.007403430440952956 0.3686720230746393 0.007390163157008389 0.32627981225756403 47.966143144191214 30.144883083708464 32.57976745748896 6.092413955666677 45.25922931890318 140.060469615241 142.2135151835227 56.91437349056954 0.0 0.0 0.2919779531771451 0.08533048396497185 47.966143144191214 30.144883083708464 32.57976745748896 6.092413955666677 
240.00090463417047 0.0 42.86504770113732 0.0 17.327888524307347 0.007403430440952956 0.3713138891528999 0.007390163157008389 0.32892167833582203 43.6081130001225 30.284796546910346 31.875840433698418 6.011276711108284 45.25922931890318 141.03001060483334 142.59109646852266 56.5350548831336 0.0 0.0 0.2919779531771451 0.08797235004323124 43.6081130001225 30.284796546910346 31.875840433698418 6.011276711108284 
242.00090463417035 0.0 39.03696684483778 0.0 16.793198916185595 0.007403430440952956 0.3839510304815994 0.0073901631570083915 0.34155881966452095 19.82589123458435 31.026651629811195 24.608633319203708 5.776991828517536 45.25922931890318 147.16289342662967 145.18554495866258 53.0802371213611 0.0 0.0 0.2919779531771451 0.10060949137192936 19.82589123458435 31.026651629811195 24.608633319203708 5.776991828517536 
244.0003692626727 0.0 38.421545335877326 0.0 16.622874243933385 0.007403430440952956 0.3855929423317975 0.0073901631570083915 0.3432007315147191 17.060173779878212 30.94699082873516 23.018199367122737 5.940233479968898 45.25922931890318 148.12647987135392 145.3781499277508 53.36064141913101 0.0 0.0 0.2919779531771451 0.10225140322212417 17.060173779878212 30.94699082873516 23.018199367122737 5.940233479968898 
246.00090463417013 0.0 38.003198760682 0.0 16.5446208217892 0.007403430440952956 0.387843692134701 0.007390163157008389 0.3454514813176254 14.850388310196866 30.878753614957994 22.25205218877287 6.004740065107939 45.25922931890318 149.03315297655243 145.51395941163483 53.85505365389027 0.0 0.0 0.291977953177145 0.10450215302503237 14.850388310196866 30.878753614957994 22.25205218877287 6.004740065107939 
248.00000244265607 0.0 37.60069239591425 0.0 16.546493859692674 0.007403430440952956 0.38998861108485516 0.0073901631570083915 0.34759640026777555 13.051697699315325 30.775891425496308 22.32064587886091 6.0366031924916825 45.25922931890318 150.06011099214925 145.6279415318089 54.46063042011559 0.0 0.0 0.2919779531771451 0.10664707197518476 13.051697699315325 30.775891425496308 22.32064587886091 6.0366031924916825 
250.00000396171166 0.0 37.082569541700934 0.0 16.52804053306309 0.007403430440952958 0.3913490835868306 0.007390163157008389 0.34895687276975557 11.984170240307252 30.629892170455555 22.904354135200716 6.07556473521404 45.25922931890318 150.81600217468616 145.6932365876624 55.23490513205445 0.0 0.0 0.2919779531771451 0.10800754447716535 11.984170240307252 30.629892170455555 22.904354135200716 6.07556473521404 
252.00090463416979 0.0 34.46868700254653 0.0 16.629673318733964 0.007403430440952958 0.40365868456888826 0.0073901631570083915 0.3612664737518056 7.418182010727255 29.99181147370503 27.132139392503305 6.1899772570632665 45.25922931890318 157.1311336366763 145.98897658857322 60.13475546893673 0.0 0.0 0.2919779531771451 0.12031714545921585 7.418182010727255 29.99181147370503 27.132139392503305 6.1899772570632665 
254.00050658248466 0.0 33.771921898716336 0.0 16.66347237821538 0.007403430440952956 0.4056352774859672 0.007390163157008389 0.3632430666688889 7.436174066893473 30.016720008914092 26.493918024028584 6.2212746902884595 45.25922931890318 158.03035115406004 145.98897658857322 61.14005443049256 0.0 0.0 0.2919779531771451 0.12229373837629877 7.436174066893473 30.016720008914092 26.493918024028584 6.2212746902884595 
256.00076640182766 0.0 33.50447775276575 0.0 16.606366678038157 0.007403430440952958 0.40687742269732513 0.007390163157008389 0.36448521188024535 7.41951740133254 30.01759691793812 26.11626957046258 6.223222117107464 45.25922931890318 158.79336977853993 145.98897658857322 62.145916480567045 0.0 0.0 0.2919779531771451 0.12353588358765125 7.41951740133254 30.01759691793812 26.11626957046258 6.223222117107464 
258.00075941539905 0.0 33.20051843518562 0.0 16.525069419752562 0.007403430440952956 0.4096556068432618 0.007390163157008389 0.3672633960261822 7.419218702592691 30.00572905769809 25.99674077012886 6.203327783407725 45.25922931890318 159.3920246365657 145.98897658857322 63.150501442031064 0.0 0.0 0.291977953177145 0.12631406773358791 7.419218702592691 30.00572905769809 25.99674077012886 6.203327783407725 
260.00090463416933 0.0 32.96795614192154 0.0 16.48573663765079 0.007403430440952956 0.4110409564247386 0.007390163157008389 0.36864874560765465 7.469728243642897 29.968669690754023 26.326553177149613 6.1828986138978 45.25922931890318 159.88479069312544 145.98897658857322 64.14974597265477 0.0 0.0 0.2919779531771451 0.12769941731506523 7.469728243642897 29.968669690754023 26.326553177149613 6.1828986138978 
262.0002391698015 0.0 31.930649230410108 0.0 16.38046185882286 0.007403430440952956 0.42304470263234295 0.007390163157008389 0.38065249181526917 7.623649641664686 29.748247563201158 27.628803342829514 6.291764468797405 45.25922931890318 167.08963901456121 145.98897658857322 70.13829848316237 0.0 0.0 0.2919779531771451 0.13970316352267567 7.623649641664686 29.748247563201158 27.628803342829514 6.291764468797405 
264.0009046341691 0.0 31.9329457725241 0.0 16.342931356654333 0.007403430440952956 0.42618382034132773 0.007390163157008389 0.3837916095242437 7.440177917679164 29.825991408035065 27.182623857934804 6.2611744100291356 45.25922931890318 167.90151739501255 145.98897658857322 71.13132930893505 0.0 0.0 0.291977953177145 0.142842281231655 7.440177917679164 29.825991408035065 27.182623857934804 6.2611744100291356 
266.0000669377899 0.0 31.914073243234373 0.0 16.286227300102325 0.007403430440952956 0.42718274566938336 0.0073901631570083915 0.3847905348523101 7.408912104352702 29.885658493101104 26.179091592171556 6.259991172621665 45.25922931890318 168.43065724478572 145.98897658857322 72.14529146078563 0.0 0.0 0.2919779531771451 0.1438412065597163 7.408912104352702 29.885658493101104 26.179091592171556 6.259991172621665 
268.0009046341689 0.0 31.916862943915326 0.0 16.18274827592506 0.007403430440952956 0.4297910966316672 0.007390163157008389 0.38739888581458815 7.390048595228948 29.942273054378198 26.087383282384383 6.2723055172093485 45.25922931890318 168.81937634966383 145.98897658857322 73.12749167882404 0.0 0.0 0.2919779531771451 0.1464495575220015 7.390048595228948 29.942273054378198 26.087383282384383 6.2723055172093485 
270.00074614019996 0.0 31.966097566639174 0.0 16.07710718295542 0.0074034304409529555 0.43142021341962566 0.007390163157008389 0.3890280026025458 7.383191337879745 29.96778236953398 25.932007729362628 6.243392354534845 45.25922931890318 169.08277789761533 145.98897658857322 74.14680512525939 0.0 0.0 0.291977953177145 0.1480786743099543 7.383191337879745 29.96778236953398 25.932007729362628 6.243392354534845 
272.00090463416865 0.0 32.18712273006891 0.0 15.674931142055941 0.0074034304409529555 0.4430991029601987 0.007390163157008389 0.4007068921431145 6.991688856354532 30.29186851173941 25.23047297341237 6.228897472259449 45.25922931890318 176.9890634338339 145.98897658857322 80.12096555621072 0.0 0.0 0.2919779531771451 0.15975756385052628 6.991688856354532 30.29186851173941 25.23047297341237 6.228897472259449 
274.00090463416853 0.0 32.27766800430207 0.0 15.720274857462593 0.0074034304409529555 0.4450318803626395 0.007390163157008387 0.40263966954556646 7.041680944707159 30.217176476415048 25.324818365219357 6.197952953436149 45.25922931890318 177.3464089255334 145.98897658857322 81.12207374829646 0.0 0.0 0.2919779531771451 0.16169034125297038 7.041680944707159 30.217176476415048 25.324818365219357 6.197952953436149 
276.0009046341684 0.0 32.37299339084635 0.0 15.707705101807429 0.0074034304409529555 0.4468141901346891 0.007390163157008389 0.4044219793176095 7.13831452446854 30.151003977906477 24.587969589283098 6.090201561484771 45.25922931890318 177.8003458972965 145.98897658857322 82.1293340932584 0.0 0.0 0.2919779531771451 0.16347265102502023 7.13831452446854 30.151003977906477 24.587969589283098 6.090201561484771 
278.0009046341683 0.0 32.41792858432545 0.0 15.709115377611472 0.007403430440952954 0.44906338644194577 0.0073901631570083915 0.4066711756248654 7.1665133808317485 30.130658554299348 23.945278402838273 6.012059817661144 45.25922931890318 177.8003458972965 145.98897658857322 83.12863706247911 0.0 0.0 0.2919779531771451 0.16572184733227358 7.1665133808317485 30.130658554299348 23.945278402838273 6.012059817661144 
280.0000234235398 0.0 32.51876207668024 0.0 15.714974051200455 0.007403430440952952 0.4512044008336197 0.0073901631570083915 0.40881219001655095 7.277737340060639 30.16909143832194 23.75737050593331 5.991327704228276 45.25922931890318 177.8003458972965 145.98897658857322 84.14472488952268 0.0 0.0 0.2919779531771451 0.1678628617239544 7.277737340060639 30.16909143832194 23.75737050593331 5.991327704228276 
282.00010295464926 0.0 33.153996405176706 0.0 15.512022259512962 0.007403430440952958 0.46315110831806144 0.007390163157008389 0.4207588975009891 7.703741670755657 30.19615201671446 26.308729262123087 5.986623371502893 NaN NaN 145.98897658857322 90.1319319841435 0.0 0.0 0.2919779531771451 0.17980956920839603 7.703741670755657 30.19615201671446 26.308729262123087 5.986623371502893 
284.0004405694734 0.0 33.11931630839475 0.0 15.482730135970163 0.007403430440952956 0.46602785486838066 0.0073901631570083915 0.42363564405129617 7.774587306748219 30.15552391248802 26.7453213713695 5.976724008412763 NaN NaN 145.98897658857322 91.13277188529038 0.0 0.0 0.2919779531771451 0.18268631575870894 7.774587306748219 30.15552391248802 26.7453213713695 5.976724008412763 
286.00090463416785 0.0 33.1783937011197 0.0 15.328485276291048 0.007403430440952956 0.4676464223233435 0.007390163157008389 0.42525421150627135 7.746782491336173 30.19371109212759 26.064546903414683 6.0094772726153485 NaN NaN 145.98897658857322 92.14450100105533 0.0 0.0 0.2919779531771451 0.18430488321367824 7.746782491336173 30.19371109212759 26.064546903414683 6.0094772726153485 
288.00090463416774 0.0 33.21114132770753 0.0 15.144582546410836 0.007403430440952958 0.4701435324593231 0.007390163157008389 0.427751321642243 7.764872716479946 30.199766915452255 25.98242005812958 6.067409323697126 NaN NaN 145.98897658857322 93.14590843254327 0.0 0.0 0.2919779531771451 0.18680199334965625 7.764872716479946 30.199766915452255 25.98242005812958 6.067409323697126 
290.00033498620496 0.0 33.155274533885404 0.0 15.09942964439195 0.0074034304409529555 0.47203596530414255 0.007390163157008387 0.4296437544870626 7.90697431680609 30.27300061930753 26.703149059590338 6.115131046719069 NaN NaN 145.98897658857322 94.15015351394062 0.0 0.0 0.2919779531771451 0.18869442619447377 7.90697431680609 30.27300061930753 26.703149059590338 6.115131046719069 
292.00006891694716 0.0 32.936704516363235 0.0 14.883913651901937 0.0074034304409529555 0.48449780355912425 0.007390163157008389 0.4421055927420438 8.483524760243734 30.970170354196476 29.401354985045494 6.3797660564008085 NaN NaN 145.98897658857322 100.14000987159791 0.0 0.0 0.2919779531771451 0.20115626444945475 8.483524760243734 30.970170354196476 29.401354985045494 6.3797660564008085 
294.00029282734897 0.0 33.08081022937359 0.0 14.945863676460716 0.0074034304409529555 0.4859937381395845 0.007390163157008389 0.44360152732250363 8.535312403825086 30.95025420446036 30.11601503739871 6.380845414198525 NaN NaN 145.98897658857322 101.13524798067944 0.0 0.0 0.291977953177145 0.20265219902990877 8.535312403825086 30.95025420446036 30.11601503739871 6.380845414198525 
296.0004752024866 0.0 33.102680645247084 0.0 15.00176355713811 0.0074034304409529555 0.4879407317850265 0.007390163157008387 0.4455485209679548 8.489124835554465 30.98320309093048 29.58521862211988 6.3209160650813025 NaN NaN 145.98897658857322 102.14146185149717 0.0 0.0 0.2919779531771451 0.20459919267536386 8.489124835554465 30.98320309093048 29.58521862211988 6.3209160650813025 
298.00090463416717 0.0 33.00780907703983 0.0 15.108265449427945 0.007403430440952956 0.49041459991689984 0.007390163157008389 0.4480223890998199 8.568004059010235 30.94980156923335 28.912559196788692 6.276647460644724 NaN NaN 145.98897658857322 103.14873752598339 0.0 0.0 0.2919779531771451 0.20707306080723137 8.568004059010235 30.94980156923335 28.912559196788692 6.276647460644724 
300.00090463416706 0.0 32.941121656439144 0.0 15.194064510500064 0.007403430440952956 0.49152545034791056 0.007390163157008389 0.44913323953083906 8.672277224879785 30.933044018325223 28.106912641180397 6.212297341247058 NaN NaN 145.98897658857322 104.13729469660218 0.0 0.0 0.2919779531771451 0.20818391123824617 8.672277224879785 30.933044018325223 28.106912641180397 6.212297341247058 
302.00090463416694 0.0 35.017378114691425 0.0 16.433443413334185 0.0074034304409529555 0.5030749427166733 0.005388299320036815 0.06838025322923497 968.7315436697708 30.74557076826429 890.6639902973841 5.644503786028613 47.96479541934082 71.7729544460691 144.5084299347804 106.92612359290553 0.0959295908386821 0.14354590889213892 0.21955518734527144 0.06328633914967029 968.7315436697708 30.74557076826429 890.6639902973841 5.644503786028613 
304.00090463416683 0.0 36.13279105879763 0.0 17.12044367006661 0.007403430440952955 0.5061309815316866 0.006647177718959128 0.09484248248053326 942.7297965227873 29.831945413017486 712.0134665347817 5.068961030130791 47.96479541934082 74.07800554904763 140.1394799832803 98.55019800737207 0.0959295908386821 0.14660194770715942 0.2203889132988562 0.08682422004897768 942.7297965227873 29.831945413017486 712.0134665347817 5.068961030130791 
306.0009046341667 0.0 37.257882962654236 0.0 17.88102727160467 0.0074034304409529555 0.5078616091623755 0.006825216066237733 0.09988335791984669 906.8511896324659 28.633514002873437 592.88075610072 4.924632610299004 47.96479541934082 75.64729283947315 136.81728136109265 92.40379230905872 0.09592959083868213 0.14833257533784222 0.24065953919082148 0.11598297955382271 906.8511896324659 28.633514002873437 592.88075610072 4.924632610299004 
308.0009046341666 0.0 38.566046012514555 0.0 18.738178456768292 0.0074034304409529555 0.509608756909178 0.006912820965687901 0.10325933412334515 876.6826148583265 27.73330731569421 500.4282077339407 5.158457597476329 47.96479541934082 76.92637425088884 135.2555602095848 89.75642395308367 0.0959295908386821 0.15007972308464745 0.25063382939403805 0.13122631377770466 876.6826148583265 27.73330731569421 500.4282077339407 5.158457597476329 
310.0009046341665 0.0 40.030718893812015 0.0 19.382917696705448 0.0074034304409529555 0.511248164477982 0.006968087918247978 0.10592631418647919 836.5065142481186 26.603115908090146 422.6994474356 5.426679566175261 47.96479541934082 78.04618523693776 134.5136742003722 88.81346893030621 0.0959295908386821 0.15171913065344186 0.25755535037556027 0.14877675176863958 836.5065142481186 26.603115908090146 422.6994474356 5.426679566175261 
312.0009046341664 0.0 47.437420017649856 0.0 22.185063358262465 0.007403430440952957 0.5235029467583158 0.007242945476450075 0.12329149343259921 612.0923104537387 20.51214660432813 52.37716483470148 6.595852102525695 47.96479541934082 82.09506774911141 133.2700307270864 89.86417349967523 0.0959295908386821 0.16397391293378857 0.2919779531771451 0.24016140764864818 612.0923104537387 20.51214660432813 52.37716483470148 6.595852102525695 
314.00090463416626 0.0 48.24845751412173 0.0 22.36875535176491 0.0074034304409529555 0.524858881108062 0.007242945476450074 0.12464742778234056 583.4433726983967 19.804869691668944 43.745144131494285 6.5557974362175955 47.96479541934082 83.44868325178318 134.06071147150593 92.52345113316177 0.09592959083868209 0.16532984728352773 0.2919779531771451 0.24151734199839264 583.4433726983967 19.804869691668944 43.745144131494285 6.5557974362175955 
316.00090463416615 0.0 48.96233713919866 0.0 22.648939597479593 0.0074034304409529555 0.5277851423345422 0.007242945476450074 0.12757368900882257 557.2638104849707 19.18967146257325 41.320566116894696 6.57538490442451 47.96479541934082 84.76053434427189 133.8528279006143 93.02638375078928 0.09592959083868209 0.16825610851001477 0.2919779531771451 0.24444360322487477 557.2638104849707 19.18967146257325 41.320566116894696 6.57538490442451 
318.00090463416603 0.0 49.34137748787759 0.0 23.03723566630999 0.007403430440952957 0.5291695504541434 0.007242945476450075 0.12895809712841538 536.9506399851975 18.8356019180477 39.61469052415144 6.559049134129727 47.96479541934082 86.20555803529459 134.1650304695846 94.61702415178642 0.09592959083868209 0.1696405166296052 0.2919779531771451 0.24582801134446686 536.9506399851975 18.8356019180477 39.61469052415144 6.559049134129727 
320.0009046341659 0.0 49.66438887103505 0.0 23.157216848641486 0.007403430440952957 0.531293359860192 0.007242945476450075 0.13108190653447138 521.0655423336933 18.691585756937762 37.70322967814213 6.489656196504557 47.96479541934082 87.59490049343826 134.1089615976706 95.69288453276769 0.09592959083868209 0.17176432603566383 0.2919779531771451 0.24795182075052358 521.0655423336933 18.691585756937762 37.70322967814213 6.489656196504557 
322.0004471589587 0.0 51.26230227380923 0.0 23.63733658406863 0.007403430440952957 0.5443649508551193 0.007242945476450075 0.1441534975293948 438.69327510062527 19.092689883349845 31.29967651342286 6.396769815953262 47.96479541934082 92.11174605337962 134.33693153437247 103.48404522358649 0.09592959083868209 0.18483591703058666 0.2919779531771451 0.26102341174545024 438.69327510062527 19.092689883349845 31.29967651342286 6.396769815953262 
324.0009046341657 0.0 51.499709908212964 0.0 23.263003244957037 0.0074034304409529555 0.5453979723547786 0.007242945476450075 0.14518651902905608 428.7877144808325 19.55879717754999 32.293160403895335 6.415851816611521 47.96479541934082 93.2194613429554 134.6928635553021 105.23803748294138 0.0959295908386821 0.18586893853024336 0.2919779531771451 0.26205643324510813 428.7877144808325 19.55879717754999 32.293160403895335 6.415851816611521 
326.0009046341656 0.0 52.18301103317544 0.0 22.905185234587833 0.0074034304409529555 0.5481659670206105 0.007242945476450077 0.14795451369489193 418.5713039009293 20.06995668173583 33.12131456123649 6.445633285773791 47.96479541934082 94.39894978014647 135.5847510168147 108.12591874274224 0.0959295908386821 0.18863693319608385 0.2919779531771451 0.2648244279109472 418.5713039009293 20.06995668173583 33.12131456123649 6.445633285773791 
328.00090463416547 0.0 52.59024770664026 0.0 22.46879655135125 0.007403430440952957 0.5494840792705684 0.007242945476450077 0.14927262594484644 407.55914219682415 20.57333739133943 32.741330010072595 6.539860811733406 47.96479541934082 95.61835349941953 136.52359578408897 111.15401216225803 0.0959295908386821 0.18995504544603528 0.2919779531771452 0.2661425401608976 407.55914219682415 20.57333739133943 32.741330010072595 6.539860811733406 
330.00090463416535 0.0 52.68006920758014 0.0 22.192379037004414 0.007403430440952957 0.5509454930299057 0.007242945476450077 0.15073403970418328 396.02966423092795 21.093474181921273 32.557353732883435 6.563261809016251 47.96479541934082 97.05101662119128 137.60607085615197 114.5189510025806 0.0959295908386821 0.18995504544603528 0.2919779531771452 0.267603953920237 396.02966423092795 21.093474181921273 32.557353732883435 6.563261809016251 
332.0005511917333 0.0 53.959623531606155 0.0 19.59709175304374 0.0074034304409529555 0.5624208515010444 0.007242945476450075 0.16220939817531702 322.4528604979394 24.436305747370152 27.924092451666326 6.369747734075714 47.96479541934082 102.03201688245204 144.04883476938977 135.25189980277847 0.0 0.0 0.291977953177145 0.2790793123913705 322.4528604979394 24.436305747370152 27.924092451666326 6.369747734075714 
334.0007658583208 0.0 53.75895027186381 0.0 18.94336803394644 0.0074034304409529555 0.5652498604185265 0.007242945476450075 0.16503840709280668 307.5863728481939 25.057618503743704 28.2921770717333 6.3835364033295585 47.96479541934082 103.0519440505282 144.92297674524895 138.40094295828933 0.0 0.0 0.2919779531771451 0.2819083213088583 307.5863728481939 25.057618503743704 28.2921770717333 6.3835364033295585 
336.000904634165 0.0 53.6876720993255 0.0 18.680664605409373 0.0074034304409529555 0.5662781286734405 0.007242945476450075 0.1660666753477206 292.9579573222465 25.580063962734286 28.01956810055901 6.329456909761665 47.96479541934082 104.06610647883934 145.2574995109115 140.2302880435251 0.0 0.0 0.2919779531771451 0.28293658956377177 292.9579573222465 25.580063962734286 28.01956810055901 6.329456909761665 
338.0005240849711 0.0 53.47944554770581 0.0 18.61389124311246 0.007403430440952955 0.5688507425282021 0.007242945476450075 0.1686392892024746 278.20615637145534 26.060468911678228 28.212200454719035 6.313543041637702 47.96479541934082 105.04110766515811 145.4422278724605 141.70963075541474 0.0 0.0 0.2919779531771451 0.2855092034185273 278.20615637145534 26.060468911678228 28.212200454719035 6.313543041637702 
340.0004353448173 0.0 53.14478077013554 0.0 18.396316056084917 0.0074034304409529555 0.571147358670775 0.007242945476450075 0.1709359053450518 263.03526505724926 26.51370401595508 28.481257767298498 6.338796613348967 47.96479541934082 106.13042127770437 145.55863732823232 143.03167538535325 0.0 0.0 0.2919779531771451 0.28780581956110607 263.03526505724926 26.51370401595508 28.481257767298498 6.338796613348967 
342.00090463416467 0.0 50.45165402132376 0.0 17.104844657974372 0.0074034304409529555 0.5835255465550518 0.007242945476450075 0.18331409322933134 181.45004532706415 28.95522678335657 30.059763515185146 6.481912565720191 47.96479541934082 112.02633712376401 145.98897658857322 150.1297393391513 0.0 0.0 0.2919779531771451 0.3001840074453832 181.45004532706415 28.95522678335657 30.059763515185146 6.481912565720191 
344.00090463416456 0.0 49.60957564269086 0.0 16.927389124418568 0.007403430440952957 0.5858909411880456 0.007242945476450075 0.1856794878623226 169.92565245481237 29.27424148925823 30.007261907062905 6.488670234669948 47.96479541934082 112.96289535791978 145.98897658857322 151.15500650256922 0.0 0.0 0.2919779531771451 0.3025494020783754 169.92565245481237 29.27424148925823 30.007261907062905 6.488670234669948 
346.0006390717868 0.0 49.34013447953962 0.0 16.70939430806167 0.007403430440952957 0.5882864199468828 0.007242945476450077 0.18807496662116238 159.47344598462504 29.518620921318817 30.9545649435699 6.474907539159214 47.96479541934082 113.96441537247547 145.98897658857322 152.14601566161676 0.0 0.0 0.2919779531771451 0.30494488083721416 159.47344598462504 29.518620921318817 30.9545649435699 6.474907539159214 
348.000233248998 0.0 48.74283627105737 0.0 16.578260105219076 0.007403430440952957 0.5896704791248613 0.007242945476450077 0.18945902579914203 149.12449854739086 29.731114427103353 31.404336616618437 6.47856774542052 47.96479541934082 114.83350050434701 145.98897658857322 153.13831496347078 0.0 0.0 0.291977953177145 0.306328940015196 149.12449854739086 29.731114427103353 31.404336616618437 6.47856774542052 
350.00028759784504 0.0 48.236546168022755 0.0 16.547444434991412 0.0074034304409529555 0.5926018858392234 0.007242945476450077 0.19239043251349913 138.91525423611995 29.95903931464175 32.297768270857965 6.494273738495654 47.96479541934082 115.80518630694384 145.98897658857322 154.1586923400107 0.0 0.0 0.2919779531771451 0.3092603467295492 138.91525423611995 29.95903931464175 32.297768270857965 6.494273738495654 
352.0009046341641 0.0 44.65424246351722 0.0 16.24629751766144 0.0074034304409529555 0.6034282759589508 0.007242945476450075 0.2032168226332279 83.99511548170679 31.199914534603316 34.030053736713704 6.540043974338322 47.96479541934082 122.02741955020569 145.98897658857322 160.1266044921609 0.0 0.0 0.2919779531771451 0.3200867368492817 83.99511548170679 31.199914534603316 34.030053736713704 6.540043974338322 
354.000904634164 0.0 43.78399504244203 0.0 16.270009976770336 0.0074034304409529555 0.6066964601725103 0.007242945476450075 0.20648500684678608 75.70066051815503 31.402194755127947 34.45875438840844 6.61399041704264 47.96479541934082 122.94883816845899 145.98897658857322 161.13452108569632 0.0 0.0 0.2919779531771451 0.3233549210628381 75.70066051815503 31.402194755127947 34.45875438840844 6.61399041704264 
356.00016861025875 0.0 43.03552801607543 0.0 16.273979440329818 0.0074034304409529555 0.6086966697338463 0.007242945476450077 0.2084852164081184 68.74862227055266 31.657720390037767 35.279375082336244 6.536681090925087 47.96479541934082 123.9522431284216 145.98897658857322 162.13216498512998 0.0 0.0 0.2919779531771451 0.3253551306241722 68.74862227055266 31.657720390037767 35.279375082336244 6.536681090925087 
358.00090463416376 0.0 42.22122524017366 0.0 16.22749278729594 0.0074034304409529555 0.6097477878326796 0.007242945476450077 0.20953633450695827 62.025869773625836 31.79325099159504 35.28851523776195 6.557751223369857 47.96479541934082 124.98389599168226 145.98897658857322 163.1303940903707 0.0 0.0 0.2919779531771451 0.3264062487230116 62.025869773625836 31.79325099159504 35.28851523776195 6.557751223369857 
360.00090463416365 0.0 41.55819624502828 0.0 16.21900809225287 0.0074034304409529555 0.6128061062240148 0.007242945476450075 0.21259465289829413 56.091145489388346 31.882648874729412 35.17423823352495 6.597229136076592 47.96479541934082 126.0248893205323 145.98897658857322 164.13329235145466 0.0 0.0 0.2919779531771452 0.3294645671143462 56.091145489388346 31.882648874729412 35.17423823352495 6.597229136076592 
362.0006550396012 0.0 37.15928750861071 0.0 16.38109795127141 0.007403430440952957 0.6245652116507073 0.007242945476450075 0.2243537583249875 23.870120594812146 32.08917861186971 42.64981781522133 6.7577553473196 47.96479541934082 132.0581240512146 145.98897658857322 170.1562414255892 0.0 0.0 0.2919779531771451 0.3412236725410367 23.870120594812146 32.08917861186971 42.64981781522133 6.7577553473196 
364.0009046341634 0.0 36.93171292393181 0.0 16.409482210500187 0.007403430440952957 0.6256443724175902 0.007242945476450075 0.22543291909186755 20.32202809804755 32.01106162668328 41.048480760749776 6.705422731918067 47.96479541934082 133.01984065166116 145.98897658857322 171.12933640738754 0.0 0.0 0.2919779531771451 0.34230283330791994 20.32202809804755 32.01106162668328 41.048480760749776 6.705422731918067 
366.0009046341633 0.0 36.55119647076431 0.0 16.561564437374038 0.007403430440952957 0.6282110944500857 0.007242945476450077 0.2279996411243632 17.77019157546505 31.992922945608516 39.6309730679685 6.659945826398672 47.96479541934082 134.0057963526024 145.98897658857322 172.12919373041177 0.0 0.0 0.291977953177145 0.34486955534041547 17.77019157546505 31.992922945608516 39.6309730679685 6.659945826398672 
368.00063795251054 0.0 36.12275919783485 0.0 16.691056557319875 0.007403430440952957 0.630412694751543 0.007242945476450077 0.23020124142582493 15.830803007485176 31.91143113570943 39.89822201285836 6.613029773352414 47.96479541934082 135.02823523248668 145.98897658857322 173.11888906171131 0.0 0.0 0.291977953177145 0.3470711556418753 15.830803007485176 31.91143113570943 39.89822201285836 6.613029773352414 
370.0009046341631 0.0 35.869015336033804 0.0 16.75974562235703 0.0074034304409529555 0.6319270268708238 0.007242945476450075 0.23171557354509717 14.565544675516238 31.816612760035973 40.38464193921177 6.591210509597865 47.96479541934082 136.00136732964305 145.98897658857322 174.13679865893167 0.0 0.0 0.291977953177145 0.34858548776115134 14.565544675516238 31.816612760035973 40.38464193921177 6.591210509597865 
372.00090463416296 0.0 34.89009166303776 0.0 16.839509608724583 0.007403430440952957 0.6433753474778704 0.007242945476450075 0.2431638941521537 9.751831859889993 31.327007394220015 44.5963062293876 6.490624435513441 47.96479541934082 141.98373831538058 145.98897658857322 180.12631108412506 0.0 0.0 0.2919779531771451 0.3600338083682058 9.751831859889993 31.327007394220015 44.5963062293876 6.490624435513441 
374.00090463416285 0.0 34.86587055009563 0.0 16.814540723311598 0.007403430440952957 0.6443093402482126 0.007242945476450075 0.24409788692249604 9.890002873422171 31.543357888240635 47.902984580392435 6.639923350631284 47.96479541934082 142.91520308307227 145.98897658857322 181.12786133577376 0.0 0.0 0.2919779531771451 0.36096780113854815 9.890002873422171 31.543357888240635 47.902984580392435 6.639923350631284 
376.00090463416274 0.0 35.01046232842624 0.0 16.792048440486777 0.007403430440952957 0.6479760183779203 0.007242945476450077 0.24776456505220038 10.24436021523459 31.668339798627713 48.93856888767661 6.719123707794235 47.96479541934082 143.7215347381591 145.98897658857322 182.1337006336107 0.0 0.0 0.2919779531771451 0.3646344792682483 10.24436021523459 31.668339798627713 48.93856888767661 6.719123707794235 
378.0001850833236 0.0 35.11340647660935 0.0 16.780580027467018 0.007403430440952957 0.6490204204768133 0.007242945476450075 0.24880896715108428 10.452302239548098 31.733693398440995 50.243936515821254 6.751039463032369 47.96479541934082 144.492040887692 145.98897658857322 183.142726945621 0.0 0.0 0.2919779531771451 0.3656788813671385 10.452302239548098 31.733693398440995 50.243936515821254 6.751039463032369 
380.0008891239358 0.0 35.230770123917885 0.0 16.83297217515063 0.007403430440952955 0.6519737760141052 0.007242945476450075 0.25176232268837945 10.468480567904837 31.788447561434115 51.107033012652785 6.743306614505718 47.96479541934082 145.1635752707368 145.98897658857322 184.15259104514382 0.0 0.0 0.2919779531771451 0.36863223690443064 10.468480567904837 31.788447561434115 51.107033012652785 6.743306614505718 
382.0002283659976 0.0 35.90779696864331 0.0 16.949155366889823 0.0074034304409529555 0.6633802343923235 0.007242945476450075 0.26316878106660113 10.404359000398749 32.514544997452205 50.406946365293415 6.4510524474715325 47.96479541934082 152.01045860863601 145.98897658857322 190.13205553150297 0.0 0.0 0.2919779531771451 0.3800386952826546 10.404359000398749 32.514544997452205 50.406946365293415 6.4510524474715325 
384.0009046341623 0.0 35.87516323100282 0.0 17.024307142094184 0.0074034304409529555 0.666606513096044 0.007242945476450075 0.26639505977032313 10.408525949576433 32.7480820378485 48.32328535889575 6.395357471614867 47.96479541934082 152.99192772013186 145.98897658857322 191.13246655236372 0.0 0.0 0.2919779531771451 0.38326497398637516 10.408525949576433 32.7480820378485 48.32328535889575 6.395357471614867 
386.0001716127352 0.0 35.85699933391802 0.0 17.11388826562503 0.0074034304409529555 0.6687644330390119 0.007242945476450075 0.26855297971329856 10.377943409058949 32.801696828587126 45.98922744885035 6.383394133760723 47.96479541934082 153.76217570918755 145.98897658857322 192.13725366400334 0.0 0.0 0.2919779531771451 0.3854228939293459 10.377943409058949 32.801696828587126 45.98922744885035 6.383394133760723 
388.00090463416205 0.0 35.78336361324775 0.0 17.198106534675222 0.0074034304409529555 0.6698761031250525 0.007242945476450075 0.2696646497993241 10.531191286923818 32.804586828379016 44.23635798014452 6.404533020335675 47.96479541934082 154.41773381343205 145.98897658857322 193.13068575204187 0.0 0.0 0.2919779531771451 0.38653456401538006 10.531191286923818 32.804586828379016 44.23635798014452 6.404533020335675 
390.00090463416194 0.0 35.75243979400673 0.0 17.259220316046655 0.0074034304409529555 0.6722488819607721 0.007242945476450077 0.27203742863504954 10.659413641840887 32.791267192051535 42.69748946507307 6.436752868474169 47.96479541934082 154.97854358883774 145.98897658857322 194.13025840008092 0.0 0.0 0.2919779531771452 0.3889073428511093 10.659413641840887 32.791267192051535 42.69748946507307 6.436752868474169 
392.00046651502475 0.0 35.62566028027605 0.0 17.341592419863304 0.0074034304409529555 0.683390633592902 0.007242945476450074 0.2831791802671798 11.51425928726841 32.87322393829002 33.644518631653675 6.638250636656425 47.96479541934082 161.90465260504874 145.98897658857322 200.12195404300743 0.0 0.0 0.2919779531771451 0.40004909448323633 11.51425928726841 32.87322393829002 33.644518631653675 6.638250636656425 
394.0007187712199 0.0 35.48882088060887 0.0 17.290257747422228 0.0074034304409529555 0.6856332593158496 0.007242945476450077 0.28542180599013056 11.659760193699583 32.77600251316095 32.48020819890767 6.670391561051346 47.96479541934082 162.5836030020675 145.98897658857322 201.12196144327555 0.0 0.0 0.2919779531771451 0.40229172020618387 11.659760193699583 32.77600251316095 32.48020819890767 6.670391561051346 
396.0009046341616 0.0 35.453350539034275 0.0 17.386161008550488 0.0074034304409529555 0.6872395966860447 0.007242945476450075 0.28702814336032445 11.578712375284173 32.630960397984616 32.26947660492153 6.703675995917279 47.96479541934082 163.0464114976732 145.98897658857322 202.13437891714665 0.0 0.0 0.2919779531771451 0.40389805757637115 11.578712375284173 32.630960397984616 32.26947660492153 6.703675995917279 
398.0009046341615 0.0 35.45903919252778 0.0 17.490344621751802 0.007403430440952955 0.6896940239666229 0.007242945476450074 0.28948257064091004 11.526699635263768 32.600094909331204 33.095266314931244 6.748868834884645 47.96479541934082 163.2531512337027 145.98897658857322 203.12447366184603 0.0 0.0 0.2919779531771451 0.40635248485695696 11.526699635263768 32.600094909331204 33.095266314931244 6.748868834884645 
400.0009046341614 0.0 35.48981340108307 0.0 17.640248066083522 0.0074034304409529555 0.6911964013689197 0.007242945476450074 0.2909849480432013 11.57724686599011 32.55595421331626 34.654816178649504 6.79088072650665 47.96479541934082 163.32129827825216 145.98897658857322 204.1449617726102 0.0 0.0 0.2919779531771451 0.4078548622592506 11.57724686599011 32.55595421331626 34.654816178649504 6.79088072650665 
402.00090463416126 0.0 35.68060643545008 0.0 18.18642903851027 0.0074034304409529555 0.703293236867277 0.007242945476450077 0.3030817835415556 11.985453380963284 32.46125314227735 42.155164815807545 7.063719381926976 47.96479541934082 171.24807746239787 145.98897658857322 210.14772654903564 0.0 0.0 0.291977953177145 0.4199516977576125 11.985453380963284 32.46125314227735 42.155164815807545 7.063719381926976 
404.0002696939636 0.0 35.748514109650856 0.0 17.90421808084911 0.007403430440952957 0.7049850071477083 0.007242945476450075 0.304773553821982 12.007613652442 32.658392053199464 41.54825827454028 7.043060205910942 47.96479541934082 171.24807746239787 145.98897658857322 211.1429312177514 0.0 0.0 0.2919779531771451 0.42164346803803027 12.007613652442 32.658392053199464 41.54825827454028 7.043060205910942 
406.00090463416103 0.0 35.81619325101729 0.0 17.776713823310352 0.007403430440952957 0.7075435059486619 0.007242945476450075 0.307332052622932 12.156491777726922 32.78303615283446 40.70155573774194 6.923529257679934 47.96479541934082 171.24807746239787 145.98897658857322 212.15624419157626 0.0 0.0 0.2919779531771451 0.42420196683898825 12.156491777726922 32.78303615283446 40.70155573774194 6.923529257679934 
408.00017769653925 0.0 35.88298273016 0.0 17.676828993563923 0.007403430440952957 0.7088444655923422 0.007242945476450075 0.3086330122666183 12.274124577341183 32.79878057172481 39.37193928650533 6.789504854515184 47.96479541934082 171.24807746239787 145.98897658857322 213.1499733974912 0.0 0.0 0.2919779531771451 0.42550292648267285 12.274124577341183 32.79878057172481 39.37193928650533 6.789504854515184 
410.00051228100403 0.0 35.97461027611669 0.0 17.638140363154168 0.0074034304409529555 0.7116038319851219 0.007242945476450075 0.31139237865941083 12.244994831435571 32.84838746264017 38.251909748289066 6.610641260810951 47.96479541934082 171.24807746239787 145.98897658857322 214.1595783821474 0.0 0.0 0.2919779531771452 0.42826229287545664 12.244994831435571 32.84838746264017 38.251909748289066 6.610641260810951 
412.0009046341607 0.0 36.50663801739832 0.0 17.538320449968033 0.0074034304409529555 0.7232436778430383 0.007242945476450075 0.3230322245173221 12.342518865852954 33.011047043014074 33.19759669104973 6.284215759843063 NaN NaN 145.98897658857322 220.12577845675997 0.0 0.0 0.2919779531771451 0.4399021387333777 12.342518865852954 33.011047043014074 33.19759669104973 6.284215759843063 
414.00002931267085 0.0 36.59853509747244 0.0 17.39627607336398 0.0074034304409529555 0.7266984560462935 0.007242945476450075 0.3264870027205642 12.497142204562754 32.983002054438636 35.31533385643666 6.4779030461176115 NaN NaN 145.98897658857322 221.13843301860007 0.0 0.0 0.2919779531771452 0.44335691693662227 12.497142204562754 32.983002054438636 35.31533385643666 6.4779030461176115 
416.0001498887581 0.0 36.62464630740642 0.0 17.26013825546069 0.0074034304409529555 0.7286450574779212 0.007242945476450075 0.32843360415220557 12.379449144681146 32.881560545382406 35.575069209731765 6.448192923675398 NaN NaN 145.98897658857322 222.1303338898073 0.0 0.0 0.2919779531771451 0.4453035183682534 12.379449144681146 32.881560545382406 35.575069209731765 6.448192923675398 
418.00090463416035 0.0 36.591843408588915 0.0 17.260471617557048 0.0074034304409529555 0.7301056945164962 0.007242945476450075 0.3298942411907786 12.335495593778138 32.791991801424565 35.70228775253567 6.495804837445682 NaN NaN 145.98897658857322 223.1199323934367 0.0 0.0 0.2919779531771451 0.4467641554068302 12.335495593778138 32.791991801424565 35.70228775253567 6.495804837445682 
420.00080568594365 0.0 36.5657689549976 0.0 17.22183452909373 0.007403430440952957 0.7326674767966472 0.007242945476450074 0.33245602347093123 15.673016059350461 32.694892161344434 39.61057365409206 6.50492643460038 NaN NaN 145.98897658857322 224.13081790609718 0.0 0.0 0.2919779531771451 0.4493259376869865 15.673016059350461 32.694892161344434 39.61057365409206 6.50492643460038 
422.0009046341601 0.0 38.2304800762679 0.0 16.16547349663718 0.007403430440952956 0.743036508979911 0.006595279503728648 0.060667869892932456 1017.5444042797319 31.591158524696525 686.0698828044515 4.539063045973087 23.84108879406222 92.528131125628 129.479509052805 186.91688244186935 0.04801101807629424 0.1492065066339372 0.22147340357495188 0.12622987289325605 1017.5444042797319 31.591158524696525 686.0698828044515 4.539063045973087 
424.00090463416 0.0 38.89258362873409 0.0 16.745020204869434 0.007403430440952956 0.7454096448871806 0.0068649814418785095 0.07604724692730218 925.3106883317562 28.598228852642734 569.5597948217755 3.961460501543788 23.941589280151227 83.50967725244193 122.86642327490944 164.93681134906146 0.04815182840785815 0.13694765464119296 0.25673699823205054 0.15689312939599098 925.3106883317562 28.598228852642734 569.5597948217755 3.961460501543788 
426.0009046341599 0.0 38.96684080121953 0.0 17.452285284341194 0.007403430440952956 0.7473603971182043 0.006939393766985546 0.08158649633341403 861.4691168139268 26.776140386947375 502.3320117144395 4.009159199056919 24.014284967245622 77.51527342407304 120.99418990752771 156.12272731359403 0.0481906787930009 0.13486135675662994 0.2664664280168923 0.16664928957292685 861.4691168139268 26.776140386947375 502.3320117144395 4.009159199056919 
428.0001655047081 0.0 39.07634679415875 0.0 18.276162905211013 0.007403430440952956 0.7489103715328445 0.006970515236042754 0.08463728803384939 807.2899131012521 25.30723993404287 438.44918606635093 4.282402543891029 24.03447077590065 76.93393349081215 121.35387190001589 153.0955078738368 0.0482069271907947 0.1347229155751649 0.27053556774014187 0.17146371999694607 807.2899131012521 25.30723993404287 438.44918606635093 4.282402543891029 
430.00053218981657 0.0 39.509109287770286 0.0 19.05128841620577 0.007403430440952958 0.7517393212632705 0.007005487769665577 0.08915277071335724 763.4440776156332 24.12970690740566 377.63524894770995 4.588860552258069 24.05880925032502 75.59921362832881 122.0971155004302 151.69674760628007 0.048225186214400126 0.1356545200647085 0.2751082351012532 0.17796107938175854 763.4440776156332 24.12970690740566 377.63524894770995 4.588860552258069 
432.00090463415955 0.0 43.27443715499637 0.0 23.65053211615515 0.0074034304409529555 0.7636778939766793 0.007104239875457036 0.10585361435645795 530.2000895867395 17.903752199548602 61.54552104010676 6.145051215065213 24.108752363398143 74.16370634634413 126.60838688581966 143.66312141202252 0.04827674430424715 0.14223555019998163 0.28802009718891697 0.2002581574921353 530.2000895867395 17.903752199548602 61.54552104010676 6.145051215065213 
434.00079821085603 0.0 44.36320223651541 0.0 24.050736243122305 0.007403430440952958 0.7663858102892932 0.007104239875457038 0.10856153066908099 509.97641906731553 17.45258585308129 46.81320465118357 6.187922493754399 24.100472108631482 76.16745798872856 126.17619237545564 138.78263561001808 0.04827674430424715 0.14494346651260717 0.28802009718891697 0.20296607380475717 509.97641906731553 17.45258585308129 46.81320465118357 6.187922493754399 
436.0009046341593 0.0 44.949388645447975 0.0 24.235199066341004 0.007403430440952958 0.7674916958682173 0.007104239875457036 0.10966741624799974 491.0384735392966 16.9647777194838 40.26286090053876 6.114722789467103 24.09362880551338 78.18641934259989 126.31126591572816 134.4905814098875 0.04827674430424715 0.14604935209152736 0.28802009718891697 0.20407195938367467 491.0384735392966 16.9647777194838 40.26286090053876 6.114722789467103 
438.00019934769796 0.0 45.65006024910382 0.0 24.455978564231966 0.007403430440952958 0.7702312488750112 0.007104239875457036 0.11240696925479339 476.9622426279382 16.79171352792336 36.58360356188632 6.0368122217009885 24.09605937645497 79.22116018559451 126.15067252507104 129.89545467195748 0.048276744304247166 0.14878890509831794 0.28802009718891697 0.2068115123904678 476.9622426279382 16.79171352792336 36.58360356188632 6.0368122217009885 
440.0009046341591 0.0 45.77088853900829 0.0 24.61186521728025 0.007403430440952958 0.7718755302088113 0.007104239875457034 0.11405125058858517 465.24612860819514 16.809100425125173 34.9874381119641 6.015708582528519 24.095141928675147 80.64670969806286 126.41002826732235 126.18924248846473 0.04827674430424715 0.15043318643211243 0.28802009718891697 0.2084557937242643 465.24612860819514 16.809100425125173 34.9874381119641 6.015708582528519 
442.0000103319778 0.0 47.88423191976885 0.0 23.964277683187454 0.007403430440952956 0.7832995473073412 0.007104239875457036 0.12547526768713005 403.01777763913947 17.79776905798407 28.739250438338736 6.024846803636416 24.103982324711964 84.68887843839566 126.8232920012635 109.01288000676563 0.04827674430424714 0.16185720353065347 0.28802009718891697 0.2198798108228071 403.01777763913947 17.79776905798407 28.739250438338736 6.024846803636416 
444.00034360444096 0.0 47.682062247649725 0.0 23.668025565739455 0.007403430440952956 0.7850219747039185 0.007104239875457036 0.12719769508369655 394.5394279066782 18.31974023950814 27.400376643521028 5.924247504213719 24.08793027619556 87.44936609521068 126.64234174836315 106.7853568963717 0.048276744304247166 0.16357963092722222 0.28802009718891697 0.22160223821937294 394.5394279066782 18.31974023950814 27.400376643521028 5.924247504213719 
446.0004317387438 0.0 47.92173743894584 0.0 23.418055793753208 0.007403430440952956 0.7866858229587477 0.007104239875457038 0.128861543338536 385.19574300583827 18.83985968294611 26.5196870283691 5.9014756123646706 24.089393658896615 88.43316171042105 127.42294123841985 106.61057925195 0.048276744304247166 0.16524347918206217 0.28802009718891697 0.22326608647421356 385.19574300583827 18.83985968294611 26.5196870283691 5.9014756123646706 
448.00058397119454 0.0 48.15251842526997 0.0 22.997404889652117 0.007403430440952956 0.7889694068416522 0.007104239875457036 0.1311451272214394 375.75774822125163 19.331047450458037 25.62793167319142 5.882192321209482 24.081933402305303 90.41509654441367 128.45943493873435 106.62142514281771 0.048276744304247166 0.16524347918206217 0.2880200971889171 0.2255496703571158 375.75774822125163 19.331047450458037 25.62793167319142 5.882192321209482 
450.00082348737357 0.0 48.39771465434435 0.0 22.527835541372657 0.007403430440952956 0.791322812667419 0.007104239875457038 0.13349853304720652 365.3861777628397 19.785469642460477 25.018979337152924 5.899554253653822 24.08071245681689 91.60126364083042 130.55479159366584 107.28959358983677 0.048276744304247166 0.16524347918206217 0.3114795877402454 0.2054798739721323 365.3861777628397 19.785469642460477 25.018979337152924 5.899554253653822 
452.0009046341584 0.0 49.12440019653308 0.0 19.369457125626518 0.007403430440952956 0.8032770954644763 0.007104239875457038 0.14545281584425526 301.6864458960865 22.656583500272905 25.279936345537717 6.0524101048113215 24.104304804206983 94.61445504478486 151.6232396649156 104.33387043239134 0.0 0.0 0.4918269814310344 0.04505334278423168 301.6864458960865 22.656583500272905 25.279936345537717 6.0524101048113215 
454.00041519389197 0.0 48.996644742616986 0.0 18.75008746310208 0.007403430440952956 0.8061260317468589 0.007104239875457036 0.14830175212663593 289.3926520793249 23.27485386865721 25.42774970728192 6.126675421014534 24.11167523036507 94.77094001841537 156.33828077720088 100.93549988034006 0.0 0.0 0.4918269814310346 0.04790227906661234 289.3926520793249 23.27485386865721 25.42774970728192 6.126675421014534 
456.0009046341582 0.0 48.90627290554107 0.0 18.03798034436772 0.0074034304409529555 0.807303611889743 0.007104239875457036 0.14947933226951707 277.43019932898204 23.82739944016774 25.7032639011718 6.108208902173024 24.116817067360643 95.16086320396373 160.76833838468795 98.89327880064624 0.0 0.0 0.4918269814310345 0.049079859209494536 277.43019932898204 23.82739944016774 25.7032639011718 6.108208902173024 
458.0009046341581 0.0 49.024668446283634 0.0 17.542489593336384 0.007403430440952956 0.809600098616628 0.007104239875457034 0.1517758189964059 264.2255327191295 24.302258899970052 25.94056196398627 6.138422133868491 24.121221105981235 95.43161922891167 164.26060733461932 97.90499791923159 0.0 0.0 0.4918269814310345 0.051376345936382295 264.2255327191295 24.302258899970052 25.94056196398627 6.138422133868491 
460.00090463415796 0.0 49.17485243435919 0.0 17.21236304139442 0.007403430440952956 0.811479066898989 0.007104239875457036 0.15365478727877058 250.93125595772628 24.689315996388753 26.12529763885248 6.188894147396868 24.12461943356746 96.00981798202051 167.92356851016658 96.56753688393596 0.0 0.0 0.4918269814310344 0.05325531421874654 250.93125595772628 24.689315996388753 26.12529763885248 6.188894147396868 
462.00090463415785 0.0 47.9405410818649 0.0 16.154409246066933 0.007403430440952958 0.8236395855894555 0.007104239875457034 0.1658153059692365 173.16724057787184 26.958821954814727 29.471060919281562 6.346609250824869 24.132144146714275 101.73427582120044 189.62200806166945 86.49634206415011 0.0 0.0 0.4918269814310346 0.06541583290921205 173.16724057787184 26.958821954814727 29.471060919281562 6.346609250824869 
464.00090463415773 0.0 47.55775239063843 0.0 15.948915753279989 0.007403430440952958 0.8256475031090162 0.007104239875457036 0.16782322348879006 161.2800774129668 27.247529816782432 28.67793499049446 6.2886197889289885 24.13540672858579 102.3908653493036 192.57788222560623 84.67851525675607 0.0 0.0 0.4918269814310346 0.06742375042876819 161.2800774129668 27.247529816782432 28.67793499049446 6.2886197889289885 
466.0009046341576 0.0 47.18153097002457 0.0 15.813964975073732 0.007403430440952956 0.8280434651608363 0.007104239875457036 0.17021918554061288 150.37367881456723 27.4937881980948 29.677090946422943 6.254896085675119 24.135920865279747 103.26247463808134 195.2858063884062 83.07653106836013 0.0 0.0 0.4918269814310347 0.06981971248058855 150.37367881456723 27.4937881980948 29.677090946422943 6.254896085675119 
468.0004852291783 0.0 46.483021101636155 0.0 15.744529662652676 0.007403430440952956 0.8292314954670379 0.007104239875457036 0.1714072158468162 139.5847180873819 27.667116348472522 29.384958511577416 6.211494193505229 24.137214499883523 104.07162461451234 198.61664630661758 80.89697872697687 0.0 0.0 0.4918269814310346 0.07100774278679266 139.5847180873819 27.667116348472522 29.384958511577416 6.211494193505229 
470.0009046341574 0.0 45.796026721920235 0.0 15.722584078544942 0.0074034304409529555 0.8316395485755065 0.007104239875457038 0.1738152689552849 129.85456025606513 27.864775377583097 29.192584260115186 6.209099140909993 24.137556308757766 105.02247659800253 202.06599314623614 78.59652515219592 0.0 0.0 0.4918269814310346 0.07341579589526104 129.85456025606513 27.864775377583097 29.192584260115186 6.209099140909993 
472.00040059943444 0.0 40.64534970721784 0.0 15.576045714568348 0.007403430440952958 0.8442983532098268 0.007104239875457038 0.18647407358962045 75.1696913241476 29.070072608136602 25.959343607687153 6.035669618825334 24.138372152123566 111.10122104906254 223.04916379064048 64.55009596338252 0.0 0.0 0.4918269814310345 0.08607460052959755 75.1696913241476 29.070072608136602 25.959343607687153 6.035669618825334 
474.00090463415717 0.0 39.65769137281954 0.0 15.556634083740347 0.007403430440952958 0.8458267057434626 0.007104239875457036 0.18800242612324009 67.98787183426467 29.173398606880475 26.8820943541739 6.009797515623279 24.138372152123566 111.97770091114968 226.1437415660623 62.56681264999514 0.0 0.0 0.4918269814310345 0.08760295306321504 67.98787183426467 29.173398606880475 26.8820943541739 6.009797515623279 
476.00090463415705 0.0 39.31120111986151 0.0 15.51415252006971 0.007403430440952956 0.8478251588667035 0.007104239875457038 0.19000087924649084 61.46860351467586 29.296666971234107 26.116912614411387 5.9441893701929045 24.138372152123566 112.97887220696809 229.3152082261746 60.55448220221999 0.0 0.0 0.4918269814310344 0.08960140618646843 61.46860351467586 29.296666971234107 26.116912614411387 5.9441893701929045 
478.0000957743231 0.0 38.962200777230194 0.0 15.482583696990934 0.007403430440952956 0.8502824264994164 0.007104239875457036 0.19245814687919596 55.26979118987153 29.41984240955447 25.402766956929423 5.9179906167201315 24.138372152123566 113.96155701400261 232.39554391490236 58.61206160858969 0.0 0.0 0.4918269814310344 0.09205867381917024 55.26979118987153 29.41984240955447 25.402766956929423 5.9179906167201315 
480.00012318919073 0.0 38.66437163903888 0.0 15.490618333891742 0.0074034304409529555 0.8513676020110286 0.007104239875457034 0.19354332239080405 49.37794225732531 29.561959853643117 24.60527352191513 5.932178551335227 24.138372152123566 114.91245527600354 234.57887483856084 57.54031058097767 0.0 0.0 0.4918269814310344 0.09314384933078203 49.37794225732531 29.561959853643117 24.60527352191513 5.932178551335227 
482.0009046341567 0.0 36.57814662769044 0.0 15.609389097701511 0.007403430440952956 0.8629792055426878 0.007104239875457036 0.2051549259224637 20.613144081089345 29.97387319157027 20.658262236903624 6.018052398711684 24.138372152123566 121.11495831916913 245.27899139808486 53.30376140100516 0.0 0.0 0.4918269814310346 0.10475545286244171 20.613144081089345 29.97387319157027 20.658262236903624 6.018052398711684 
484.0004717586249 0.0 36.08815246069638 0.0 15.624183549185402 0.007403430440952956 0.8650286364013652 0.007104239875457036 0.20720435678115942 17.50724733953308 29.844078488923074 21.085218404214626 6.029591783944347 24.138372152123566 122.14720151875088 245.58584769571675 54.01677998862369 0.0 0.0 0.4918269814310346 0.10680488372113597 17.50724733953308 29.844078488923074 21.085218404214626 6.029591783944347 
486.0009046341565 0.0 35.713476635620246 0.0 15.538768897895253 0.0074034304409529555 0.8667483654256408 0.007104239875457034 0.2089240858054165 15.270366700696934 29.860621833831633 21.826291142286554 6.088941424177227 24.138372152123566 123.13606400937292 245.68304573242952 54.92788689819257 0.0 0.0 0.4918269814310346 0.10852461274539381 15.270366700696934 29.860621833831633 21.826291142286554 6.088941424177227 
488.00007357706284 0.0 34.9772980588079 0.0 15.463889459011085 0.007403430440952956 0.8693993160477205 0.007104239875457034 0.21157503642751357 13.63814792573267 29.90637246563765 23.048585192755972 6.105462610038461 24.138372152123566 124.16739117250115 245.73533035962518 55.8584265185134 0.0 0.0 0.4918269814310345 0.1111755633674863 13.63814792573267 29.90637246563765 23.048585192755972 6.105462610038461 
490.00090463415626 0.0 34.49036924766265 0.0 15.434346552736985 0.007403430440952958 0.8704316425774158 0.007104239875457034 0.21260736295719357 12.52091321861377 29.887102145217003 24.07051549621796 6.122234412160526 24.138372152123566 125.06140228956735 245.7688206711644 56.84043029221813 0.0 0.0 0.4918269814310345 0.11220788989716726 12.52091321861377 29.887102145217003 24.07051549621796 6.122234412160526 
492.00090463415614 0.0 31.643896410242736 0.0 15.357458925823035 0.00740343044095296 0.8827933897801684 0.007104239875457036 0.22496911015994137 7.89699832864972 29.79480575182198 29.264728619959765 6.188131133874742 24.138372152123566 131.03789576721013 245.91349071551485 62.67771992726915 0.0 0.0 0.4918269814310344 0.12456963709992097 7.89699832864972 29.79480575182198 29.264728619959765 6.188131133874742 
494.00090463415603 0.0 31.492026436777962 0.0 15.454058493898659 0.00740343044095296 0.8839999110763572 0.007104239875457038 0.2261756314561355 7.931309587540096 29.821921520978492 29.62416699402574 6.181002231567045 24.138372152123566 131.9427389888912 245.91349071551485 63.69202440156399 0.0 0.0 0.4918269814310345 0.12577615839611203 7.931309587540096 29.821921520978492 29.62416699402574 6.181002231567045 
496.0000397300493 0.0 31.474007415297496 0.0 15.560756350824581 0.007403430440952958 0.8871033484987592 0.007104239875457038 0.22927906887854654 7.886809476941279 29.76862589949081 30.058922939015165 6.219849162213213 24.138372152123566 132.77824152219043 245.91349071551485 64.69007916424525 0.0 0.0 0.4918269814310345 0.12887959581852493 7.886809476941279 29.76862589949081 30.058922939015165 6.219849162213213 
498.0009046341558 0.0 31.38458350834286 0.0 15.659942945721093 0.007403430440952958 0.8881798047197934 0.007104239875457038 0.23035552509957866 7.776817808762345 29.74010611938236 29.693264452387922 6.225807712168502 24.138372152123566 133.47993876450911 245.91349071551485 65.69599857318683 0.0 0.0 0.4918269814310345 0.12995605203955815 7.776817808762345 29.74010611938236 29.693264452387922 6.225807712168502 
500.00083933966556 0.0 31.29867300887541 0.0 15.789894670338555 0.0074034304409529555 0.8907905980017347 0.007104239875457039 0.23296631838151718 7.668727095921262 29.70282896632804 29.612423874716832 6.243511386703165 24.138372152123566 133.9728598897593 245.91349071551485 66.71162241004998 0.0 0.0 0.4918269814310345 0.13256684532149252 7.668727095921262 29.70282896632804 29.612423874716832 6.243511386703165 
#####################################################################
# End of data export. Simulation finished at: 2019-02-19T16:08+0000 #
#####################################################################
