#####################################################################
# Alchemist log file - simulation started at: 2019-02-19T16:39+0000 #
#####################################################################
# seed = 91.0
#
# The columns have the following meaning: 
# time derr-single-broadcast-rep[Mean] terr-single-broadcast-rep[Mean] derr-single-broadcast-share[Mean] terr-single-broadcast-share[Mean] derr-single-collection-rep[Mean] terr-single-collection-rep[Mean] derr-single-collection-share[Mean] terr-single-collection-share[Mean] derr-single-distance-rep[Mean] terr-single-distance-rep[Mean] derr-single-distance-share[Mean] terr-single-distance-share[Mean] derr-stack-broadcast-rep[Mean] terr-stack-broadcast-rep[Mean] derr-stack-broadcast-share[Mean] terr-stack-broadcast-share[Mean] derr-stack-collection-rep[Mean] terr-stack-collection-rep[Mean] derr-stack-collection-share[Mean] terr-stack-collection-share[Mean] derr-stack-distance-rep[Mean] terr-stack-distance-rep[Mean] derr-stack-distance-share[Mean] terr-stack-distance-share[Mean] 
0.0 NaN NaN NaN NaN NaN NaN NaN NaN NaN NaN NaN NaN NaN NaN NaN NaN NaN NaN NaN NaN NaN NaN NaN NaN 
2.000385255267349 0.0 0.7576523019772337 0.0 1.016863939204741 3.812536028144336 0.0015861106649994966 3.233198065189321 0.00148104275197851 7.585532389344101 0.9978697560558287 14.050726363728401 1.0593184673332945 NaN NaN NaN NaN 0.0 0.0 0.0 0.0 7.585532389344101 0.9978697560558287 14.050726363728401 1.0593184673332945 
4.000385255267351 0.0 1.7873976765307482 0.0 2.016212836571659 3.656091328478242 0.003476884430231863 2.427670784559214 0.0038228795941176942 18.762725348051042 2.468040162992144 35.544648827558035 2.253312125872293 NaN NaN NaN NaN 0.0 0.0 0.0 0.0 18.762725348051042 2.468040162992144 35.544648827558035 2.253312125872293 
6.000385255267353 0.0 2.7306694771073383 0.0 2.895148496716314 3.5265210095220527 0.005587582152619783 1.7948808880661733 0.0058734878637603 16.423767905576838 3.47567087979542 59.471358757889035 3.567266076887228 NaN NaN NaN NaN 0.0 0.0 0.0 0.0 16.423767905576838 3.47567087979542 59.471358757889035 3.567266076887228 
8.000247072231737 0.0 3.666618963409075 0.0 3.7408242717910722 3.3909399801265323 0.00803317960797506 1.2654581740198771 0.0072768754164237994 20.077153150544586 4.766923426447869 54.64902654262981 4.545691204977702 NaN NaN NaN NaN 0.0 0.0 0.0 0.0 20.077153150544586 4.766923426447869 54.64902654262981 4.545691204977702 
10.000385255267346 0.0 4.577970206910118 0.0 4.523840659799303 3.258459533522421 0.010113369041251633 1.0057358539417898 0.008482616814034378 24.12265577110371 5.982289195780835 45.38128943663049 5.055528060376058 NaN NaN NaN NaN 0.0 0.0 0.0 0.0 24.12265577110371 5.982289195780835 45.38128943663049 5.055528060376058 
12.00036846711264 0.0 9.573029080497413 0.0 8.773433116462796 2.5343285366798365 0.020977160084567282 0.004996878900157279 0.015509623335643676 21.63896706216503 8.40638344943624 26.289283270810156 6.259513701878094 NaN NaN NaN NaN 0.0 0.0 0.0 0.0 21.63896706216503 8.40638344943624 26.289283270810156 6.259513701878094 
14.000385255267332 0.0 10.342314221949488 0.0 9.386406425122338 2.457947231308089 0.022979447462939576 0.004996878900157279 0.014288652515704109 27.56449343773818 9.339205375424969 24.631583403341995 6.338679742943529 NaN NaN NaN NaN 0.0 0.0 0.0 0.0 27.56449343773818 9.339205375424969 24.631583403341995 6.338679742943529 
16.000385081567153 0.0 11.096854792132323 0.0 9.915680332153498 2.303960603064346 0.025317786676313975 0.004996878900157279 0.013535051212293148 30.59277627504617 10.298082571970859 23.99528698983627 6.325082494090335 NaN NaN NaN NaN 0.0 0.0 0.0 0.0 30.59277627504617 10.298082571970859 23.99528698983627 6.325082494090335 
18.000385255267318 0.0 11.866801571481103 0.0 10.436509181272372 2.215454541189766 0.027302021777193316 0.004996878900157279 0.013364859291788656 33.7321214734374 11.335639922822772 23.80552077946053 6.329650132066916 NaN NaN NaN NaN 0.0 0.0 0.0 0.0 33.7321214734374 11.335639922822772 23.80552077946053 6.329650132066916 
20.00038525526731 0.0 12.6176222050012 0.0 10.961878650541532 2.1659241225930903 0.028867427906275795 0.004996878900157279 0.013376823633262385 42.659959400125416 12.91205708038225 24.0971159905105 6.387447023263466 NaN NaN NaN NaN 0.0 0.0 0.0 0.0 42.659959400125416 12.91205708038225 24.0971159905105 6.387447023263466 
22.000385255267304 0.0 16.99561308882089 0.0 14.000739395383354 1.5783814794329387 0.04027702343946339 0.004996878900157279 0.014388702878531041 28.38095528416311 15.541799487295151 27.744755250219715 6.6239216812782065 NaN NaN NaN NaN 0.0 0.0 0.0 0.0 28.38095528416311 15.541799487295151 27.744755250219715 6.6239216812782065 
24.000385255267297 0.0 17.699260164771452 0.0 14.265098748218591 1.4026467697584226 0.04298927528218232 0.005480960856496697 0.015235657144462539 35.03033553288821 16.696130165195438 27.270831583624798 6.588301186902242 NaN NaN NaN NaN 0.0 0.0 0.0 0.0 35.03033553288821 16.696130165195438 27.270831583624798 6.588301186902242 
26.00038525526729 0.0 18.423457736685812 0.0 14.569096945428125 1.1721265083620944 0.04542843943017511 0.005614645482058201 0.017045706964233964 37.951681074825125 17.834004798174274 26.33892325818901 6.559031688549949 NaN NaN NaN NaN 0.0 0.0 0.0 0.0 37.951681074825125 17.834004798174274 26.33892325818901 6.559031688549949 
28.000214280729153 0.0 19.10254625811682 0.0 14.79345634262117 1.0576107700761983 0.047032347034993156 0.005663398928646324 0.018409571975841716 43.374088135243944 19.070095110350334 26.289156376663538 6.497179336114971 NaN NaN NaN NaN 0.0 0.0 0.0 0.0 43.374088135243944 19.070095110350334 26.289156376663538 6.497179336114971 
30.00032779330221 0.0 19.72362982717644 0.0 15.00888304790369 0.9322287849719145 0.04939340016850882 0.005710400778318035 0.020573469394532418 53.070791135880725 20.520741857670117 26.650182866800453 6.471629330208989 NaN NaN NaN NaN 0.0 0.0 0.0 0.0 53.070791135880725 20.520741857670117 26.650182866800453 6.471629330208989 
32.00032353249432 0.0 23.258437876372078 0.0 16.11911387982212 0.13712191044634028 0.061180815999751184 0.00587817225966052 0.03224371791445448 35.49483887183207 23.10011978618377 29.48211813358625 6.472510600362177 NaN NaN NaN NaN 0.0 0.0 0.0 0.0 35.49483887183207 23.10011978618377 29.48211813358625 6.472510600362177 
34.0003852552673 0.0 23.742903771276172 0.0 16.09347819209655 0.10245387007977436 0.06287050833165383 0.00587817225966052 0.034268493156059524 30.72511351996057 23.61835047324957 29.885915383667804 6.492357900336507 NaN NaN NaN NaN 0.0 0.0 0.0 0.0 30.72511351996057 23.61835047324957 29.885915383667804 6.492357900336507 
36.000385255267325 0.0 24.194681241366215 0.0 16.133759120994227 0.07070704915789153 0.06356573114122498 0.005878172259660518 0.03604538464772967 27.070267784739112 24.08548335177022 30.09298866637745 6.498850377571868 NaN NaN NaN NaN 0.0 0.0 0.0 0.0 27.070267784739112 24.08548335177022 30.09298866637745 6.498850377571868 
38.000385255267354 0.0 24.647380350248312 0.0 16.144652297148333 0.053910736933655855 0.06455614240478598 0.00587817225966052 0.03801467605037587 24.126876031374152 24.52194040398794 30.319561870030686 6.468870138961315 NaN NaN NaN NaN 0.0 0.0 0.0 0.0 24.126876031374152 24.52194040398794 30.319561870030686 6.468870138961315 
40.00038525526738 0.0 25.081538337002566 0.0 16.185394624088584 0.04517510852538 0.06570613676061232 0.005878172259660521 0.03967377818159524 21.873919049666938 24.896663701637475 30.20048412225816 6.44881776092902 NaN NaN NaN NaN 0.0 0.0 0.0 0.0 21.873919049666938 24.896663701637475 30.20048412225816 6.44881776092902 
42.00038525526741 0.0 27.61579432602666 0.0 16.183124737944013 0.004996878900157279 0.07191981313613466 0.00587817225966052 0.05177872140511535 11.281934391131173 27.149006400670437 31.67482108855543 6.437102963047037 NaN NaN NaN NaN 0.0 0.0 0.0 0.0 11.281934391131173 27.149006400670437 31.67482108855543 6.437102963047037 
44.00038525526744 0.0 28.039032141605997 0.0 16.14064122077416 0.004996878900157279 0.07197348334772766 0.00587817225966052 0.053421926207003256 10.570499198376996 27.468741677815434 32.89459031825892 6.495683218305651 NaN NaN NaN NaN 0.0 0.0 0.0 0.0 10.570499198376996 27.468741677815434 32.89459031825892 6.495683218305651 
46.000211773280505 0.0 28.32381498244816 0.0 16.099636423698414 0.004996878900157279 0.07058291431520897 0.005878172259660518 0.05564469258013253 9.988662910808696 27.74855382724558 32.74642148243648 6.4895714788674415 NaN NaN NaN NaN 0.0 0.0 0.0 0.0 9.988662910808696 27.74855382724558 32.74642148243648 6.4895714788674415 
48.000385255267496 0.0 28.6723116860856 0.0 16.08622851189061 0.004996878900157282 0.06957017228687574 0.005955001032641944 0.045324094349832644 9.631178020001531 28.033632428957084 32.46751364100341 6.4175667370067115 NaN NaN NaN NaN 0.0 0.0 0.0 0.0 9.631178020001531 28.033632428957084 32.46751364100341 6.4175667370067115 
50.000385255267524 0.0 28.95659266401644 0.0 16.06876435869269 0.0050839500064892495 0.06931349549983983 0.005993871187752133 0.04055050048423874 9.397786653421603 28.226806533715774 31.45877694806314 6.341503870400757 NaN NaN NaN NaN 0.0 0.0 0.0 0.0 9.397786653421603 28.226806533715774 31.45877694806314 6.341503870400757 
52.00038525526755 0.0 30.743671614102915 0.0 15.8715520673044 0.00587817225966052 0.0715929410854395 0.006220560613871883 0.017119785356314667 8.285383865945201 29.50140582053343 25.20833451817837 6.2941275548607925 NaN NaN NaN NaN 0.0 0.0 0.0 0.0 8.285383865945201 29.50140582053343 25.20833451817837 6.2941275548607925 
54.00038525526758 0.0 30.92892349636245 0.0 15.871408182251079 0.00587817225966052 0.0737487657192469 0.006220560613871883 0.019275609990121546 8.213120530098251 29.704146837357545 23.724239205063146 6.227889385633584 NaN NaN NaN NaN 0.0 0.0 0.0 0.0 8.213120530098251 29.704146837357545 23.724239205063146 6.227889385633584 
56.00038525526761 0.0 31.084373590996023 0.0 15.92196633044838 0.00587817225966052 0.07578903469183199 0.006220560613871881 0.021315878962705564 8.187819400315561 29.768279721061297 22.947675594702847 6.229560805572843 NaN NaN NaN NaN 0.0 0.0 0.0 0.0 8.187819400315561 29.768279721061297 22.947675594702847 6.229560805572843 
58.00038525526764 0.0 31.233218486569527 0.0 15.969581270364328 0.00587817225966052 0.0774248130364343 0.006220560613871881 0.02295165730730898 8.141234103565083 29.89827062034464 22.820417957167287 6.212904992826863 NaN NaN NaN NaN 0.0 0.0 0.0 0.0 8.141234103565083 29.89827062034464 22.820417957167287 6.212904992826863 
60.00038182202058 0.0 31.372886273498082 0.0 15.940605945617968 0.005878172259660521 0.07967631022742075 0.006220560613871883 0.02520315449829489 10.471180961449416 29.984500472730392 25.082085348578186 6.155157773755685 NaN NaN NaN NaN 0.0 0.0 0.0 0.0 10.471180961449416 29.984500472730392 25.082085348578186 6.155157773755685 
62.000385255267695 0.0 33.85870063529791 0.0 17.134572621920917 0.006220560613871885 0.038102604226440934 0.006220560613871885 0.038102604226440934 1012.7652751194945 30.037375254731508 958.8434628579631 5.870576499367895 NaN NaN 81.6500805930659 28.222851927075027 0.0 0.0 0.16979149404770108 0.055638482841344296 1012.7652751194945 30.037375254731508 958.8434628579631 5.870576499367895 
64.00038525526772 0.0 34.58603902141084 0.0 17.818728893446433 0.006220560613871883 0.04039529823428248 0.006220560613871883 0.04039529823428248 967.8906013125744 28.616918952443324 770.4365126533366 4.972422045778014 NaN NaN 83.89073919842134 29.662857240178923 0.0 0.0 0.16979149404770108 0.055638482841344296 967.8906013125744 28.616918952443324 770.4365126533366 4.972422045778014 
66.00038525526774 0.0 35.45376981311079 0.0 18.7022507875515 0.006220560613871883 0.04238397932474455 0.006220560613871883 0.04238397932474455 916.925982639447 27.033503486618613 643.243395526361 4.646213680745221 NaN NaN 83.47966972142513 30.634869945110157 0.0 0.0 0.16979149404770108 0.055638482841344296 916.925982639447 27.033503486618613 643.243395526361 4.646213680745221 
68.00038525526777 0.0 36.192882068283716 0.0 19.39300702032518 0.006220560613871883 0.04430371840311937 0.006220560613871883 0.04430371840311937 865.0421847705153 25.50787131291615 548.1085871706525 4.764781046671983 NaN NaN 82.74107263837645 31.36598955856899 0.0 0.0 0.16979149404770108 0.055638482841344296 865.0421847705153 25.50787131291615 548.1085871706525 4.764781046671983 
70.00032239433428 0.0 36.97987231500797 0.0 19.994046022093993 0.006220560613871883 0.04620889414444052 0.006220560613871883 0.04620889414444052 823.2798591925713 24.37267575048988 466.4499503148779 4.999783895493075 NaN NaN 82.43291501489284 32.17250651356945 0.0 0.0 0.16979149404770108 0.055638482841344296 823.2798591925713 24.37267575048988 466.4499503148779 4.999783895493075 
72.00038525526783 0.0 40.859413804238116 0.0 23.06647835410701 0.006220560613871883 0.05752391558354595 0.006220560613871883 0.05752391558354595 588.504937415408 18.799839741307395 66.0420611812689 6.30217732272771 NaN NaN 81.59111180426288 37.584408069548914 0.0 0.0 0.0 0.0 588.504937415408 18.799839741307395 66.0420611812689 6.30217732272771 
74.00038525526786 0.0 41.026191298349666 0.0 22.90409967672978 0.006220560613871885 0.05933599594585381 0.006220560613871885 0.05933599594585381 559.7761015895418 18.29285145711746 48.88347478169558 6.342750379907767 NaN NaN 81.79006411572695 38.50532708667242 0.0 0.0 0.0 0.0 559.7761015895418 18.29285145711746 48.88347478169558 6.342750379907767 
76.00038525526789 0.0 41.235576420056105 0.0 23.069092521317494 0.006220560613871885 0.06239646591886706 0.006220560613871885 0.06239646591886706 537.1585034191216 17.81248653010076 42.11545002948836 6.332803258737849 NaN NaN 81.70266613231047 39.374352037204055 0.0 0.0 0.0 0.0 537.1585034191216 17.81248653010076 42.11545002948836 6.332803258737849 
78.00038525526791 0.0 41.614795397508956 0.0 22.98760525143841 0.006220560613871883 0.06432922385626767 0.006220560613871883 0.06432922385626767 517.2876861692637 17.378155062285042 37.82476907859621 6.287848125690423 NaN NaN 81.4576123231362 40.56653804003171 0.0 0.0 0.0 0.0 517.2876861692637 17.378155062285042 37.82476907859621 6.287848125690423 
80.00038525526794 0.0 41.911187053465405 0.0 22.97458776914435 0.006220560613871883 0.0655113187672256 0.006220560613871883 0.0655113187672256 501.7525511556259 17.302951921424782 34.96961530025807 6.294486278567405 NaN NaN 81.35241847271067 41.677147650454415 0.0 0.0 0.0 0.0 501.7525511556259 17.302951921424782 34.96961530025807 6.294486278567405 
82.00038525526797 0.0 44.01656262680642 0.0 22.902378457275965 0.006220560613871883 0.07716540512051681 0.006220560613871883 0.07716540512051681 420.9493915380891 17.96664470250517 23.769008810857695 6.356759248302192 NaN NaN 81.20604740228113 47.587209480474286 0.0 0.0 0.0 0.0 420.9493915380891 17.96664470250517 23.769008810857695 6.356759248302192 
84.000385255268 0.0 43.49342868924282 0.0 21.953511323267357 0.006220560613871883 0.07950456931393077 0.006220560613871883 0.07950456931393077 411.3261979590308 18.464833760047732 24.072765482575093 6.374976210352832 NaN NaN 81.4333108061985 48.61270855283547 0.0 0.0 0.0 0.0 411.3261979590308 18.464833760047732 24.072765482575093 6.374976210352832 
86.00038525526803 0.0 43.65545560807126 0.0 21.208416529960502 0.006220560613871883 0.08100402826273644 0.006220560613871883 0.08100402826273644 401.52063914224374 19.009000912541932 24.153380138130117 6.3747461411778845 NaN NaN 81.59079865614628 49.439811762844194 0.0 0.0 0.0 0.0 401.52063914224374 19.009000912541932 24.153380138130117 6.3747461411778845 
88.00038525526806 0.0 43.61645195623695 0.0 20.653156256243026 0.006220560613871883 0.08349681582536271 0.006306514773805542 0.06119829520640088 391.32539981938146 19.5016587137331 24.132111288411547 6.386064571670105 NaN NaN 81.74258576757092 50.11615389448383 0.0 0.0 0.0 0.0 391.32539981938146 19.5016587137331 24.132111288411547 6.386064571670105 
90.0001470400485 0.0 43.74822323257747 0.0 20.016927220957655 0.006220560613871883 0.08556297448032478 0.006346115326588743 0.05299114372211511 380.543572607539 20.000252975975627 24.37249778781658 6.401304138137771 NaN NaN 81.81270075482269 50.62588692482756 0.0 0.0 0.0 0.0 380.543572607539 20.000252975975627 24.37249778781658 6.401304138137771 
92.00038525526811 0.0 45.11001697725645 0.0 17.206366442927663 0.006220560613871883 0.09765975961207525 0.006511875673319598 0.022085815724853054 314.50190443827387 22.960224632746495 25.31880399466046 6.34410208087049 NaN NaN 82.31887701969626 57.5738752608585 0.0 0.0 0.0 0.0 314.50190443827387 22.960224632746495 25.31880399466046 6.34410208087049 
94.00038525526814 0.0 45.41941150248949 0.0 16.832392215817908 0.006220560613871885 0.10022952550726816 0.0065118756733195966 0.02465558162004667 301.0039583189578 23.461842144268278 24.465534260710385 6.2917718580429645 NaN NaN 82.67496442847842 58.28752209104227 0.0 0.0 0.0 0.0 301.0039583189578 23.461842144268278 24.465534260710385 6.2917718580429645 
96.00038525526817 0.0 45.39177033013846 0.0 16.551806027821797 0.006220560613871885 0.10160629739947433 0.006511875673319598 0.026032353512254157 287.6862747628632 23.916465766618188 24.391495727222175 6.282829196110458 NaN NaN 83.04432773227475 58.7210825787706 0.0 0.0 0.0 0.0 287.6862747628632 23.916465766618188 24.391495727222175 6.282829196110458 
98.0003852552682 0.0 45.33161809931605 0.0 16.362992974982674 0.006220560613871883 0.10378919421338663 0.006511875673319598 0.028215250326166827 273.3739065117465 24.388070260618647 24.962240542275403 6.272378114312887 NaN NaN 83.24326073718208 58.879541874697836 0.0 0.0 0.0 0.0 273.3739065117465 24.388070260618647 24.962240542275403 6.272378114312887 
100.00038525526823 0.0 45.07923035205635 0.0 16.242392071604968 0.006220560613871883 0.10586608495100118 0.006511875673319598 0.030292141063781038 260.0648834218264 24.8067256820899 25.38108144429433 6.237200426557756 NaN NaN 83.24326073718208 58.88528742619601 0.0 0.0 0.0 0.0 260.0648834218264 24.8067256820899 25.38108144429433 6.237200426557756 
102.00038525526826 0.0 43.083051899213665 0.0 15.799591749925831 0.006220560613871883 0.118181553516032 0.006511875673319598 0.04260760962881079 179.52306034583643 27.29423213372687 26.8690047640335 6.1790638759769 NaN NaN NaN NaN 0.0 0.0 0.0 0.0 179.52306034583643 27.29423213372687 26.8690047640335 6.1790638759769 
104.00038525526828 0.0 42.625936774530594 0.0 15.838098861829701 0.006220560613871885 0.11942726314818658 0.006511875673319598 0.043853319260964016 167.54404845832948 27.573595007182163 26.85098731781492 6.198066190430733 NaN NaN NaN NaN 0.0 0.0 0.0 0.0 167.54404845832948 27.573595007182163 26.85098731781492 6.198066190430733 
106.00038525526831 0.0 41.91353914785326 0.0 15.904497332610413 0.006220560613871883 0.12182071018355048 0.0065118756733196 0.04624676629632863 155.86380355562227 27.837465666694733 27.241548023425178 6.2346890694869606 NaN NaN NaN NaN 0.0 0.0 0.0 0.0 155.86380355562227 27.837465666694733 27.241548023425178 6.2346890694869606 
108.00022572782689 0.0 41.57933698257031 0.0 15.934524955178043 0.006220560613871883 0.12334229491552129 0.0065118756733196 0.04776835102829866 144.88466617053385 28.100248071652167 27.438890738924318 6.225145827080956 NaN NaN NaN NaN 0.0 0.0 0.0 0.0 144.88466617053385 28.100248071652167 27.438890738924318 6.225145827080956 
110.00038525526837 0.0 41.03275224272695 0.0 15.933869416663628 0.006220560613871883 0.12547986262693536 0.0065118756733196 0.04990591873971553 134.40520611812966 28.35691377029612 27.039642933634404 6.219782659686696 NaN NaN NaN NaN 0.0 0.0 0.0 0.0 134.40520611812966 28.35691377029612 27.039642933634404 6.219782659686696 
112.0003852552684 0.0 37.09078602919406 0.0 15.608218259778791 0.006220560613871883 0.13711733076273905 0.006511875673319598 0.06154338687551801 76.13207843493656 29.51878130597967 25.041827564742402 6.199085418074991 NaN NaN NaN NaN 0.0 0.0 0.0 0.0 76.13207843493656 29.51878130597967 25.041827564742402 6.199085418074991 
114.00023947008611 0.0 36.37356815113511 0.0 15.535898775428963 0.00637666282469065 0.0988340006216857 0.006511875673319598 0.06375662338452952 67.95093747149336 29.71635870751733 24.4984831264487 6.1946061229054585 NaN NaN NaN NaN 0.0 0.0 0.0 0.0 67.95093747149336 29.71635870751733 24.4984831264487 6.1946061229054585 
116.00000456188246 0.0 35.633373678404816 0.0 15.49853720050753 0.006428624178543004 0.08795796386163945 0.006511875673319598 0.06636057783328933 60.7308701008063 29.83320880149295 24.602093744930734 6.15895685119593 NaN NaN NaN NaN 0.0 0.0 0.0 0.0 60.7308701008063 29.83320880149295 24.602093744930734 6.15895685119593 
118.00038525526848 0.0 34.9657340433134 0.0 15.540121269284256 0.006447555977886206 0.08495955457573628 0.006511875673319598 0.06827352034619896 54.039842494430054 29.923910034710058 25.38521445190711 6.171651071112 NaN NaN NaN NaN 0.0 0.0 0.0 0.0 54.039842494430054 29.923910034710058 25.38521445190711 6.171651071112 
120.00038525526851 0.0 34.31388975358719 0.0 15.579741696425174 0.006458850832053876 0.08381072446784107 0.0065118756733195966 0.07005483973591563 48.660211140045234 29.954994469399182 25.71201279854613 6.219208613175761 NaN NaN NaN NaN 0.0 0.0 0.0 0.0 48.660211140045234 29.954994469399182 25.71201279854613 6.219208613175761 
122.00038525526854 0.0 31.518976063374723 0.0 15.506097818823598 0.006511875673319598 0.0824343922877196 0.006511875673319598 0.0824343922877196 19.581007966502394 30.048742609326137 26.718069688837033 6.378200799666303 NaN NaN NaN NaN 0.0 0.0 0.0 0.0 19.581007966502394 30.048742609326137 26.718069688837033 6.378200799666303 
124.00038525526857 0.0 31.41078496371588 0.0 15.333823368817471 0.0065118756733195966 0.08433171333290249 0.0065118756733195966 0.08433171333290249 17.31282172845163 29.934073972890786 27.13142411886885 6.336681398763698 NaN NaN NaN NaN 0.0 0.0 0.0 0.0 17.31282172845163 29.934073972890786 27.13142411886885 6.336681398763698 
126.0003852552686 0.0 31.3778169848854 0.0 15.2864018310625 0.006511875673319598 0.08662079197787054 0.006511875673319598 0.08662079197787054 15.125767226410726 29.8628561721206 27.34643357357351 6.309402615179189 NaN NaN NaN NaN 0.0 0.0 0.0 0.0 15.125767226410726 29.8628561721206 27.34643357357351 6.309402615179189 
128.0003852552686 0.0 31.36722209549917 0.0 15.25677168395822 0.006511875673319598 0.08772407747086455 0.006511875673319598 0.08772407747086455 13.516758998398362 29.888857012905866 27.21512503237328 6.282322729730297 NaN NaN NaN NaN 0.0 0.0 0.0 0.0 13.516758998398362 29.888857012905866 27.21512503237328 6.282322729730297 
130.0003852552685 0.0 31.444104205748097 0.0 15.144917917874178 0.0065118756733195966 0.0898145065402425 0.0065118756733195966 0.0898145065402425 12.465913891578538 29.939146151890927 26.82649089514223 6.264116370828161 NaN NaN NaN NaN 0.0 0.0 0.0 0.0 12.465913891578538 29.939146151890927 26.82649089514223 6.264116370828161 
132.00038525526838 0.0 31.736750814478064 0.0 14.712645145094024 0.0065118756733196 0.10061239897062792 0.0065118756733196 0.10061239897062792 8.516995454134962 29.718502959519697 24.974924327488967 6.13242838832662 NaN NaN NaN NaN 0.0 0.0 0.0 0.0 8.516995454134962 29.718502959519697 24.974924327488967 6.13242838832662 
134.00038525526827 0.0 31.71653287577287 0.0 14.791069025518158 0.006511875673319598 0.10342889646044501 0.006511875673319598 0.10342889646044501 8.581163582892113 29.618538274162503 24.194639608859234 6.082531852392901 NaN NaN NaN NaN 0.0 0.0 0.0 0.0 8.581163582892113 29.618538274162503 24.194639608859234 6.082531852392901 
136.00038525526816 0.0 31.645070336062965 0.0 14.939084908042876 0.0065118756733195966 0.10577828800581816 0.0065118756733195966 0.10577828800581816 8.458619435526494 29.523998924705598 23.439529638940094 6.035427818122756 NaN NaN NaN NaN 0.0 0.0 0.0 0.0 8.458619435526494 29.523998924705598 23.439529638940094 6.035427818122756 
138.00038525526804 0.0 31.649365886116808 0.0 15.061394017923007 0.0065118756733195966 0.10757260738928306 0.0065118756733195966 0.10757260738928306 8.429031967150856 29.488026111817934 23.884552908824165 6.065327681587628 NaN NaN NaN NaN 0.0 0.0 0.0 0.0 8.429031967150856 29.488026111817934 23.884552908824165 6.065327681587628 
140.00038525526793 0.0 31.593572039360136 0.0 15.144194862413844 0.0065118756733195966 0.10967987860581092 0.0065118756733195966 0.10967987860581092 8.326637434032982 29.492487936850555 24.254468487059576 6.072348770871474 NaN NaN NaN NaN 0.0 0.0 0.0 0.0 8.326637434032982 29.492487936850555 24.254468487059576 6.072348770871474 
142.00038525526782 0.0 31.336837341808252 0.0 15.381278832031185 0.006511875673319598 0.12229512866199245 0.006511875673319598 0.12229512866199245 7.761719301963296 29.506581254900446 25.196554156360943 5.912994248052531 NaN NaN NaN NaN 0.0 0.0 0.0 0.0 7.761719301963296 29.506581254900446 25.196554156360943 5.912994248052531 
144.0001707240113 0.0 31.441627029136274 0.0 15.55644181296173 0.006511875673319598 0.12352754631391835 0.006511875673319598 0.12352754631391835 7.7056499979262165 29.373714973308303 25.480597985822165 5.9483679479375136 NaN NaN NaN NaN 0.0 0.0 0.0 0.0 7.7056499979262165 29.373714973308303 25.480597985822165 5.9483679479375136 
146.0003852552676 0.0 31.426061192324898 0.0 15.75226670521793 0.006511875673319598 0.12617441902680548 0.006511875673319598 0.12617441902680548 7.600061234074536 29.289253652032492 24.954887624812603 5.97222442255847 NaN NaN NaN NaN 0.0 0.0 0.0 0.0 7.600061234074536 29.289253652032492 24.954887624812603 5.97222442255847 
148.00038525526747 0.0 31.400450441375188 0.0 15.796131360539983 0.0065118756733195966 0.12772765908409825 0.0065118756733195966 0.12772765908409825 7.500363172453439 29.132006316416447 24.791516023095795 5.9933596583002755 NaN NaN NaN NaN 0.0 0.0 0.0 0.0 7.500363172453439 29.132006316416447 24.791516023095795 5.9933596583002755 
150.00038525526736 0.0 31.37038085028067 0.0 15.756733113719104 0.006511875673319598 0.13017939141818385 0.006511875673319598 0.13017939141818385 7.448820290373397 29.05532960794102 25.259382811569772 6.024667529046772 NaN NaN NaN NaN 0.0 0.0 0.0 0.0 7.448820290373397 29.05532960794102 25.259382811569772 6.024667529046772 
152.00038525526725 0.0 31.308285371491333 0.0 15.412127088624445 0.006511875673319598 0.14251259538201952 0.006511875673319598 0.14251259538201952 7.179775565130422 28.94873755472031 29.386870760413537 6.122907083594341 NaN NaN NaN NaN 0.0 0.0 0.0 0.0 7.179775565130422 28.94873755472031 29.386870760413537 6.122907083594341 
154.00038525526713 0.0 31.252874059605467 0.0 15.32781301066708 0.0065118756733195966 0.14427663671604596 0.0065118756733195966 0.14427663671604596 7.091166661821507 28.977337806394605 29.31817826427029 6.077226950545852 NaN NaN NaN NaN 0.0 0.0 0.0 0.0 7.091166661821507 28.977337806394605 29.31817826427029 6.077226950545852 
156.00038525526702 0.0 31.270198913909454 0.0 15.378853945172244 0.006511875673319598 0.1466347886579432 0.006511875673319598 0.1466347886579432 7.120487015744096 29.041604509809275 29.53811026902172 6.02249014638595 NaN NaN NaN NaN 0.0 0.0 0.0 0.0 7.120487015744096 29.041604509809275 29.53811026902172 6.02249014638595 
158.0003852552669 0.0 31.218396111182493 0.0 15.374457779086015 0.006511875673319598 0.1484419154261187 0.006511875673319598 0.1484419154261187 7.110237636203196 29.101901180236418 29.031354321561306 6.011105157673482 NaN NaN NaN NaN 0.0 0.0 0.0 0.0 7.110237636203196 29.101901180236418 29.031354321561306 6.011105157673482 
160.0003852552668 0.0 31.116456681314418 0.0 15.379893296764976 0.006511875673319598 0.14987959001288978 0.006511875673319598 0.14987959001288978 7.066101969348713 29.176374218910087 28.8213419421817 6.004338046803265 NaN NaN NaN NaN 0.0 0.0 0.0 0.0 7.066101969348713 29.176374218910087 28.8213419421817 6.004338046803265 
162.00038525526668 0.0 30.64964475461156 0.0 15.612810194612894 0.006511875673319598 0.16116094779973367 0.006511875673319598 0.16116094779973367 6.790530626427745 29.472609168278794 26.030645862429683 5.709576233593583 NaN NaN NaN NaN 0.0 0.0 0.0 0.0 6.790530626427745 29.472609168278794 26.030645862429683 5.709576233593583 
164.00038525526656 0.0 30.5995630229082 0.0 15.627490052839434 0.006511875673319598 0.16369384715993074 0.006511875673319598 0.16369384715993074 6.88579014808192 29.623732822207728 23.933633754008557 5.662805894271465 NaN NaN NaN NaN 0.0 0.0 0.0 0.0 6.88579014808192 29.623732822207728 23.933633754008557 5.662805894271465 
166.0002985296693 0.0 30.553609741285015 0.0 15.687684735029558 0.006511875673319598 0.16591195219731172 0.006511875673319598 0.16591195219731172 7.069981445920401 29.685735046196633 22.386751493506747 5.683013764723699 NaN NaN NaN NaN 0.0 0.0 0.0 0.0 7.069981445920401 29.685735046196633 22.386751493506747 5.683013764723699 
168.00038525526634 0.0 30.602562877091557 0.0 15.720835825133133 0.006511875673319598 0.16808912987202404 0.006511875673319598 0.16808912987202404 7.193902111347979 29.596609043876253 22.00913209144875 5.731101053483721 NaN NaN NaN NaN 0.0 0.0 0.0 0.0 7.193902111347979 29.596609043876253 22.00913209144875 5.731101053483721 
170.00038525526622 0.0 30.664872886920005 0.0 15.699858444086582 0.006511875673319598 0.16983992677193882 0.006511875673319598 0.16983992677193882 7.191787117415368 29.481966362307748 22.015906587360092 5.819527447745903 NaN NaN NaN NaN 0.0 0.0 0.0 0.0 7.191787117415368 29.481966362307748 22.015906587360092 5.819527447745903 
172.0003852552661 0.0 30.860274394767085 0.0 15.892449885217975 0.0065118756733196 0.18244429107199361 0.0065118756733196 0.18244429107199361 7.356813180493196 29.270147462102965 24.35852952904747 6.223519942657937 NaN NaN NaN NaN 0.0 0.0 0.0 0.0 7.356813180493196 29.270147462102965 24.35852952904747 6.223519942657937 
174.000385255266 0.0 30.82708747765794 0.0 15.589579435450677 0.006511875673319598 0.1844943817965877 0.006511875673319598 0.1844943817965877 7.400027684587704 29.22760980961946 25.199145011970863 6.25598002355247 NaN NaN NaN NaN 0.0 0.0 0.0 0.0 7.400027684587704 29.22760980961946 25.199145011970863 6.25598002355247 
176.00038525526588 0.0 30.81234489249175 0.0 15.50187512819038 0.006511875673319598 0.18631646735380428 0.006511875673319598 0.18631646735380428 7.180125281004334 29.082705762464116 25.40189316198613 6.261985775489763 NaN NaN NaN NaN 0.0 0.0 0.0 0.0 7.180125281004334 29.082705762464116 25.40189316198613 6.261985775489763 
178.00038525526577 0.0 30.797373097667766 0.0 15.41140600172849 0.0065118756733195966 0.1880050264734544 0.0065118756733195966 0.1880050264734544 7.011761828044391 29.05027767427618 24.9772124613433 6.236878856854354 NaN NaN NaN NaN 0.0 0.0 0.0 0.0 7.011761828044391 29.05027767427618 24.9772124613433 6.236878856854354 
180.0000930790974 0.0 30.821141018465912 0.0 15.344650002930166 0.006511875673319598 0.19010395899309482 0.006511875673319598 0.19010395899309482 7.595313348085013 29.05524494356663 25.564849264468716 6.240475911838546 NaN NaN NaN NaN 0.0 0.0 0.0 0.0 7.595313348085013 29.05524494356663 25.564849264468716 6.240475911838546 
182.00022329311525 0.0 32.118396613543005 0.0 16.579460380392756 0.0059197560004377 0.039788347826279505 0.0062065588802445995 0.1184136694185172 969.5591376005646 28.3865117725798 853.1544154987521 5.285424654789464 36.214126811802544 92.37232549749145 82.4773512161346 19.403353114447423 0.07242825362360471 0.18422186383375244 0.16495470243226965 0.037887876984244784 969.5591376005646 28.3865117725798 853.1544154987521 5.285424654789464 
184.00038525526543 0.0 33.06058495125888 0.0 16.78553850146692 0.006166564264413678 0.10935466970200211 0.006344736521510584 0.15819954539674616 933.1143460849139 27.50921296428805 685.7790666804503 4.49202382140037 36.214126811802544 93.86948351471763 84.19835563564506 23.446951930499278 0.07242825362360474 0.18612715266892668 0.1918929526959391 0.07750032749815684 933.1143460849139 27.50921296428805 685.7790666804503 4.49202382140037 
186.00038525526531 0.0 33.881576793056745 0.0 17.284552349004343 0.006276603289983452 0.14154917051694357 0.0063979980962088605 0.1748288422048002 892.7804181314203 26.393484579041854 587.774787925665 4.459652049203178 36.214126811802544 95.5567468045546 88.65711428437832 29.78549105803468 0.07242825362360471 0.18815510223115803 0.21046583052983014 0.1006861854678471 892.7804181314203 26.393484579041854 587.774787925665 4.459652049203178 
188.0003852552652 0.0 34.34769030756475 0.0 17.972564970623846 0.006318117690523201 0.15424170736641638 0.006418092079538531 0.18164909774064034 849.3826462084203 25.184908122489617 503.59808459290457 4.7055312749572 36.214126811802544 97.04427232661973 92.80749176455505 35.85719153579146 0.07242825362360471 0.1894667104953302 0.2174728163294403 0.10998003348433348 849.3826462084203 25.184908122489617 503.59808459290457 4.7055312749572 
190.0000094607353 0.0 35.008490248985375 0.0 18.696986223294576 0.0063563032269432634 0.16659767407162965 0.006436574811368381 0.18860365652338892 810.6235238731739 24.11185740414649 427.64247949864966 5.02729510896533 36.214126811802544 98.51171020033395 95.54413287928608 40.37539878357758 0.07242825362360468 0.19135433712239913 0.2239179415864268 0.1192098378332136 810.6235238731739 24.11185740414649 427.64247949864966 5.02729510896533 
192.00038525526497 0.0 39.27510611916446 0.0 22.069379287814677 0.006511875673319599 0.22156917087610944 0.006511875673319599 0.22156917087610944 614.5285100092638 19.245893087787966 58.10608083273247 6.602823932439247 36.214126811802544 102.09614074630471 106.53971732909135 58.30991497083891 0.07242825362360471 0.20367656333566825 0.25017615339722915 0.16144497498066396 614.5285100092638 19.245893087787966 58.10608083273247 6.602823932439247 
194.00006216869713 0.0 39.93987288742342 0.0 22.241219162817814 0.006511875673319599 0.22340597366021292 0.006511875673319599 0.22340597366021292 581.5076221005468 18.31203913829015 45.81481117301723 6.643456573588053 36.214126811802544 103.23217215401908 105.90050407343396 58.709269995447464 0.07242825362360474 0.20551336611977006 0.25017615339722915 0.16328177776476932 581.5076221005468 18.31203913829015 45.81481117301723 6.643456573588053 
196.00038525526475 0.0 40.97104544756218 0.0 22.435710293992898 0.006511875673319599 0.22532899639204274 0.006511875673319599 0.22532899639204274 562.2390022761381 17.925124845050327 41.034883031166025 6.663396840736283 36.214126811802544 104.44572349411285 105.47371739302997 59.40275537992038 0.07242825362360471 0.2074363888515997 0.25017615339722915 0.16520480049660183 562.2390022761381 17.925124845050327 41.034883031166025 6.663396840736283 
198.00038525526463 0.0 42.08866576708929 0.0 22.638202467991558 0.006511875673319599 0.22714319677545397 0.006511875673319599 0.22714319677545397 545.3666474198427 17.678273127936826 39.139889951378834 6.692465047738313 36.214126811802544 105.88322851623957 105.23514251817831 60.413313077976255 0.07242825362360471 0.20925058923501283 0.25017615339722915 0.16701900088001198 545.3666474198427 17.678273127936826 39.139889951378834 6.692465047738313 
200.00038525526452 0.0 42.98962532576303 0.0 22.93669958304004 0.006511875673319601 0.2297450505992691 0.006511875673319601 0.2297450505992691 530.7655220710288 17.605353688835542 37.878607643880166 6.7216231941105 36.214126811802544 107.2804688746415 105.54398533540332 62.07458185042665 0.07242825362360474 0.21185244305882617 0.25017615339722915 0.16962085470382568 530.7655220710288 17.605353688835542 37.878607643880166 6.7216231941105 
202.0003852552644 0.0 47.90207263117966 0.0 24.167581257933076 0.006511875673319599 0.24224355870705042 0.006511875673319599 0.24224355870705042 454.3291204686814 18.278773101508236 30.688754968400517 6.670115541857131 36.214126811802544 112.13473664958063 113.56546934488203 76.91984062551896 0.07242825362360471 0.22435095116660728 0.25017615339722915 0.18211936281160224 454.3291204686814 18.278773101508236 30.688754968400517 6.670115541857131 
204.0003852552643 0.0 48.62232008675221 0.0 23.500372392137383 0.006511875673319599 0.24395175954350176 0.006511875673319599 0.24395175954350176 442.99391689088594 18.72162083152987 30.681109068907826 6.7109531414751435 36.214126811802544 113.2236077704082 113.34881698451069 77.73525491742241 0.07242825362360471 0.22605915200305438 0.2501761533972292 0.18382756364805475 442.99391689088594 18.72162083152987 30.681109068907826 6.7109531414751435 
206.00038525526418 0.0 48.93085943673262 0.0 22.759238177723933 0.006511875673319599 0.24637620199131716 0.006511875673319599 0.24637620199131716 431.38498303425604 19.194450849402642 30.461537755779222 6.68913009809982 36.214126811802544 114.3635041997393 114.34788715227577 79.96366118957884 0.07242825362360471 0.22848359445086971 0.2501761533972291 0.18625200609587025 431.38498303425604 19.194450849402642 30.461537755779222 6.68913009809982 
208.00038525526406 0.0 49.08836616126637 0.0 22.089638001669645 0.006511875673319599 0.24814079354232255 0.006511875673319599 0.24814079354232255 418.9808666084607 19.71242202203435 30.413104473338734 6.676763439069287 36.214126811802544 115.53230444290116 115.83393629525385 82.77377416819577 0.07242825362360471 0.23024818600187996 0.25017615339722915 0.18801659764687453 418.9808666084607 19.71242202203435 30.413104473338734 6.676763439069287 
210.00038525526395 0.0 49.28191312848774 0.0 21.573079673388584 0.006511875673319599 0.2504962843241465 0.006511875673319599 0.2504962843241465 406.62662894735985 20.205948892939357 30.69625585050683 6.639485857553155 36.214126811802544 116.83381676031587 117.04149765985733 85.26022392592539 0.07242825362360471 0.23260367678370386 0.2501761533972291 0.19037208842869827 406.62662894735985 20.205948892939357 30.69625585050683 6.639485857553155 
212.00038525526384 0.0 50.705028755715944 0.0 18.547355194994267 0.006511875673319599 0.2625720960561349 0.006511875673319599 0.2625720960561349 328.53260298583126 23.15304065151451 29.63558488214471 6.493182390393963 36.214126811802544 122.12197375010886 122.66299222426015 98.01804087488405 0.07242825362360471 0.24467948851569246 0.25017615339722915 0.2024479001606867 328.53260298583126 23.15304065151451 29.63558488214471 6.493182390393963 
214.00011082083995 0.0 50.42678643342318 0.0 18.111758413945697 0.006511875673319599 0.264252667014967 0.006511875673319599 0.264252667014967 313.6928694008894 23.884974252278592 29.282433813032004 6.609712914338952 36.214126811802544 123.15479808438313 123.49939414931211 100.04732989752944 0.07242825362360471 0.24636005947452602 0.25017615339722915 0.2041284711195261 313.6928694008894 23.884974252278592 29.282433813032004 6.609712914338952 
216.0003852552636 0.0 50.36541732025225 0.0 17.822235967229947 0.006511875673319599 0.2660846696081947 0.006511875673319599 0.2660846696081947 299.0610513215754 24.52396300328869 29.981034347144153 6.6115299444461755 36.214126811802544 124.24176438874585 123.92988245376087 101.55750147690762 0.07242825362360471 0.24819206206775243 0.25017615339722915 0.20596047371274692 299.0610513215754 24.52396300328869 29.981034347144153 6.6115299444461755 
218.0003852552635 0.0 50.492030364253566 0.0 17.584536059611537 0.006511875673319599 0.2681356853612354 0.006511875673319599 0.2681356853612354 284.2183657244841 25.091990812921395 30.119337272028318 6.593491401636626 36.214126811802544 125.31221707877887 124.22574244018067 102.93526395195397 0.07242825362360471 0.24819206206775243 0.25017615339722915 0.20801148946579537 284.2183657244841 25.091990812921395 30.119337272028318 6.593491401636626 
220.00038525526338 0.0 50.44954840103368 0.0 17.475071164665632 0.006511875673319599 0.2699621230617469 0.006511875673319599 0.2699621230617469 269.79252785572135 25.588099252317814 30.158933696383794 6.556217303478274 36.214126811802544 126.3839783071191 124.38771556724768 104.12111748759848 0.07242825362360471 0.24819206206775243 0.2501761533972291 0.20983792716629898 269.79252785572135 25.588099252317814 30.158933696383794 6.556217303478274 
222.00038525526327 0.0 49.85918539913222 0.0 16.97386574006691 0.006511875673319599 0.2816521352909594 0.006511875673319599 0.2816521352909594 184.26810458531372 28.37815783813147 31.879982961764153 6.5300592057652835 36.214126811802544 132.0282357825798 125.08807669861562 110.94610014975744 0.0 0.0 0.25017615339722915 0.22152793939551202 184.26810458531372 28.37815783813147 31.879982961764153 6.5300592057652835 
224.00002120543382 0.0 50.06853304737576 0.0 16.978270044695034 0.006511875673319601 0.28316868218822244 0.006511875673319601 0.28316868218822244 171.48479028695192 28.850898619761377 34.685843241971995 6.628474010060966 36.214126811802544 133.0812777943092 125.08807669861562 111.98443090531329 0.0 0.0 0.2501761533972291 0.22304448629277643 171.48479028695192 28.850898619761377 34.685843241971995 6.628474010060966 
226.00038525526304 0.0 49.47257957748034 0.0 16.966821538704345 0.006511875673319599 0.28572915573344054 0.006511875673319599 0.28572915573344054 159.5778702068025 29.191278957643004 36.5191538814757 6.623214825119554 36.214126811802544 134.1577388122748 125.08807669861562 112.97432623548643 0.0 0.0 0.2501761533972291 0.22560495983799314 159.5778702068025 29.191278957643004 36.5191538814757 6.623214825119554 
228.00038525526293 0.0 48.9166377299997 0.0 16.989982396250255 0.006511875673319601 0.2876507749951548 0.006511875673319601 0.2876507749951548 147.8832511637744 29.457053537776343 37.3984716124848 6.609597632759435 36.214126811802544 135.2185285937697 125.08807669861562 113.98135508940796 0.0 0.0 0.2501761533972291 0.22752657909970686 147.8832511637744 29.457053537776343 37.3984716124848 6.609597632759435 
230.0003852552628 0.0 48.3312497644662 0.0 17.017434453389 0.006511875673319601 0.28952733380701107 0.006511875673319601 0.28952733380701107 137.63255075152242 29.64333969177592 37.35993221429676 6.577937692367838 36.214126811802544 136.25319014605324 125.08807669861562 114.96759426806466 0.0 0.0 0.2501761533972291 0.22940313791156405 137.63255075152242 29.64333969177592 37.35993221429676 6.577937692367838 
232.0003852552627 0.0 44.27464498012653 0.0 17.25664523481667 0.006511875673319601 0.30227601047331193 0.006511875673319601 0.30227601047331193 78.85792215836697 30.768860277923697 33.63713808044886 6.277415916854009 36.214126811802544 142.06888021686817 125.08807669861562 120.96506989801595 0.0 0.0 0.25017615339722915 0.24215181457787244 78.85792215836697 30.768860277923697 33.63713808044886 6.277415916854009 
234.0003852552626 0.0 43.06103108465996 0.0 17.274184614000948 0.006511875673319601 0.30416198215466533 0.006511875673319601 0.30416198215466533 71.81666483870892 30.92664571345305 31.947152832862315 6.239749878153296 36.214126811802544 143.128778390086 125.08807669861562 121.970219415359 0.0 0.0 0.2501761533972292 0.24403778625922068 71.81666483870892 30.92664571345305 31.947152832862315 6.239749878153296 
236.00038525526247 0.0 42.48332499386205 0.0 17.267041436282682 0.006511875673319599 0.30605895177920817 0.006511875673319599 0.30605895177920817 65.47113108695406 31.142259148594853 30.395863830183636 6.306348385126813 36.214126811802544 144.09292517980188 125.08807669861562 122.97447975108405 0.0 0.0 0.25017615339722915 0.24593475588376193 65.47113108695406 31.142259148594853 30.395863830183636 6.306348385126813 
238.00038525526236 0.0 41.6820384154822 0.0 17.303589292321487 0.006511875673319597 0.3079046277077862 0.006511875673319597 0.3079046277077862 59.09467496885102 31.354944699180095 29.06898659789864 6.353452166749187 36.214126811802544 145.0919182378683 125.08807669861562 123.98599957533196 0.0 0.0 0.25017615339722915 0.24778043181233927 59.09467496885102 31.354944699180095 29.06898659789864 6.353452166749187 
240.00038525526224 0.0 40.95970263049563 0.0 17.276916298355864 0.006511875673319596 0.31008106900659055 0.006511875673319596 0.31008106900659055 53.661713241173864 31.497107729486245 28.296021495898277 6.3546143711231196 36.214126811802544 146.18481260741402 125.08807669861562 124.97754018144263 0.0 0.0 0.2501761533972292 0.2499568731111456 53.661713241173864 31.497107729486245 28.296021495898277 6.3546143711231196 
242.00038525526213 0.0 35.837196205794726 0.0 17.113063857481507 0.006511875673319599 0.32227811343556106 0.006511875673319599 0.32227811343556106 23.934912520424568 31.812994208225366 29.363463344882422 6.433039030199418 36.214126811802544 152.09482535242162 125.08807669861562 130.94757252590418 0.0 0.0 0.25017615339722915 0.2621539175401114 23.934912520424568 31.812994208225366 29.363463344882422 6.433039030199418 
244.00038525526202 0.0 35.27823588855896 0.0 17.173194680129676 0.006511875673319599 0.32422669945637106 0.006511875673319599 0.32422669945637106 20.473542064927553 31.889321001260612 30.709831666550333 6.564393468811938 36.214126811802544 153.066325575165 125.08807669861562 131.9639539915103 0.0 0.0 0.2501761533972291 0.2641025035609239 20.473542064927553 31.889321001260612 30.709831666550333 6.564393468811938 
246.0003852552619 0.0 34.758011513431924 0.0 17.093366736909854 0.006511875673319599 0.32640505863046276 0.006511875673319599 0.32640505863046276 17.98064242321083 31.971893981050787 31.316357426561826 6.576945501463362 36.214126811802544 153.993202856732 125.08807669861562 132.97154299518502 0.0 0.0 0.2501761533972291 0.26628086273502033 17.98064242321083 31.971893981050787 31.316357426561826 6.576945501463362 
248.00001272094642 0.0 34.4948577861406 0.0 17.113367460865273 0.006511875673319599 0.3281236266275107 0.006511875673319599 0.3281236266275107 15.958954222868085 31.995406509145898 31.92199030987276 6.579559690381871 36.214126811802544 155.04660527867856 125.08807669861562 133.97762375865122 0.0 0.0 0.2501761533972291 0.26799943073206695 15.958954222868085 31.995406509145898 31.92199030987276 6.579559690381871 
250.00038525526168 0.0 34.325011307893654 0.0 17.06920789039225 0.006511875673319599 0.3302993515351687 0.006511875673319599 0.3302993515351687 14.537107052846654 31.953712052486996 31.551833918630635 6.549694072683956 36.214126811802544 155.99722628915768 125.08807669861562 134.972913807972 0.0 0.0 0.2501761533972292 0.2701751556397212 14.537107052846654 31.953712052486996 31.551833918630635 6.549694072683956 
252.00038525526156 0.0 33.27508153725598 0.0 16.588056951499972 0.006511875673319599 0.34219370195339344 0.006511875673319599 0.34219370195339344 8.513942685181561 31.658132477037967 26.96223606891352 6.364306422909761 36.214126811802544 162.05760680375178 125.08807669861562 140.96874206639023 0.0 0.0 0.25017615339722915 0.2820695060579463 8.513942685181561 31.658132477037967 26.96223606891352 6.364306422909761 
254.00038525526145 0.0 33.3802522585649 0.0 16.73555711115427 0.006511875673319599 0.344440235845085 0.006511875673319599 0.344440235845085 8.427076841292003 31.654810853321575 27.482441243884317 6.401533374668262 36.214126811802544 162.99344107008898 125.08807669861562 141.9696708660764 0.0 0.0 0.25017615339722915 0.2843160399496412 8.427076841292003 31.654810853321575 27.482441243884317 6.401533374668262 
256.00038525526134 0.0 33.377448713892754 0.0 16.794263522416752 0.006511875673319599 0.3465685243773806 0.006511875673319599 0.3465685243773806 8.357898504684565 31.733048873529086 27.05419516908055 6.459294060428374 36.214126811802544 163.879320778868 125.08807669861562 142.97946552689754 0.0 0.0 0.2501761533972292 0.2864443284819317 8.357898504684565 31.733048873529086 27.05419516908055 6.459294060428374 
258.0003852552612 0.0 33.417228625809905 0.0 16.853041325827157 0.006511875673319599 0.3482442326657831 0.006511875673319599 0.3482442326657831 8.307042147508492 31.766075983286832 26.9108505591168 6.4917375746492345 36.214126811802544 164.71521500735284 125.08807669861562 143.9719574358119 0.0 0.0 0.25017615339722915 0.28812003677034104 8.307042147508492 31.766075983286832 26.9108505591168 6.4917375746492345 
260.0003852552611 0.0 33.43700413467614 0.0 16.90864405585975 0.006511875673319601 0.35031819041120066 0.006511875673319601 0.35031819041120066 8.287229217898325 31.8344334450985 27.6480708478287 6.52309247975518 36.214126811802544 165.48878634477248 125.08807669861562 144.98731852719314 0.0 0.0 0.2501761533972291 0.29019399451575334 8.287229217898325 31.8344334450985 27.6480708478287 6.52309247975518 
262.000385255261 0.0 33.41711834271447 0.0 16.884166642775504 0.006511875673319599 0.3618950320383511 0.006511875673319599 0.3618950320383511 8.232680189989189 32.006485985675 27.840302402805204 6.619934546990548 36.214126811802544 172.06310716959297 125.08807669861562 150.96576912935154 0.0 0.0 0.25017615339722915 0.3017708361429024 8.232680189989189 32.006485985675 27.840302402805204 6.619934546990548 
264.0003852552609 0.0 33.42005130952161 0.0 17.130042235600936 0.006511875673319597 0.36408161249441556 0.006511875673319597 0.36408161249441556 8.452568168809629 31.81974662030859 28.32844804484088 6.660668743205223 36.214126811802544 173.01138672211593 125.08807669861562 151.98167915932996 0.0 0.0 0.25017615339722915 0.30395741659897285 8.452568168809629 31.81974662030859 28.32844804484088 6.660668743205223 
266.00038525526077 0.0 33.448493918570264 0.0 17.267893111703344 0.006511875673319599 0.36591753512260133 0.006511875673319599 0.36591753512260133 8.764802405362873 31.667863877624356 30.84598024765751 6.71950193818255 36.214126811802544 173.79699612785367 125.08807669861562 152.97572618083134 0.0 0.0 0.25017615339722915 0.3057933392271538 8.764802405362873 31.667863877624356 30.84598024765751 6.71950193818255 
268.00038525526065 0.0 33.515876950296324 0.0 17.295834842303208 0.006511875673319599 0.3684148489504212 0.006640552153511944 0.2577435075624181 8.835856287393257 31.579971107872357 31.937091263074628 6.713271179083881 36.214126811802544 174.55355700117988 125.08807669861562 153.9770625663943 0.0 0.0 0.25017615339722915 0.3082906530549765 8.835856287393257 31.579971107872357 31.937091263074628 6.713271179083881 
270.00038525526054 0.0 33.538064082917174 0.0 17.356635178607938 0.006511875673319599 0.3700823431753576 0.0066916167835906915 0.21549162273793337 8.895491006986704 31.50501561957982 32.653033763318284 6.693055534342877 36.214126811802544 175.17955932814527 125.08807669861562 154.9858322518482 0.0 0.0 0.25017615339722915 0.30995814727990845 8.895491006986704 31.50501561957982 32.653033763318284 6.693055534342877 
272.0003852552604 0.0 33.82513690106761 0.0 17.712012761408158 0.006511875673319601 0.3818765811682983 0.006930644695472063 0.021704082324082843 9.091269161369745 31.042794915180853 38.14081834119383 6.632011291185337 36.214126811802544 182.09672252258648 125.08807669861562 160.984766109123 0.0 0.0 0.2501761533972291 0.3217523852728546 9.091269161369745 31.042794915180853 38.14081834119383 6.632011291185337 
274.00034266363673 0.0 33.807258070469736 0.0 17.50572204797528 0.006511875673319601 0.3839677519799159 0.006930644695472063 0.023795253135705473 8.978297588233307 31.079506595493346 38.61702872779776 6.565624722042957 36.214126811802544 182.98196111300086 125.08807669861562 161.97780623027637 0.0 0.0 0.25017615339722915 0.323843556084473 8.978297588233307 31.079506595493346 38.61702872779776 6.565624722042957 
276.0003852552602 0.0 33.89161352204931 0.0 17.38613497497301 0.006511875673319601 0.3857862643130953 0.006930644695472062 0.025613765468885212 8.92461016539428 31.022025487592302 38.43691914115795 6.537598069804466 36.214126811802544 183.68533506752433 125.08807669861562 162.97226917573715 0.0 0.0 0.25017615339722915 0.3256620684176541 8.92461016539428 31.022025487592302 38.43691914115795 6.537598069804466 
278.0003852552601 0.0 33.97425489822138 0.0 17.28781605932097 0.006511875673319601 0.3878039417632351 0.006930644695472062 0.027631442919026163 8.925274147556014 30.999295307592835 38.17425623666488 6.501435033813812 36.214126811802544 184.4101524710316 125.08807669861562 163.9883896405556 0.0 0.0 0.25017615339722915 0.3276797458677955 8.925274147556014 30.999295307592835 38.17425623666488 6.501435033813812 
280.00038525525997 0.0 34.00266307079271 0.0 17.195266285011144 0.006511875673319601 0.39026394476092563 0.006930644695472062 0.030091445916714952 8.953717917888053 30.951129516883462 37.97443808922625 6.4325134815167795 36.214126811802544 184.84589542491003 125.08807669861562 164.96391478970136 0.0 0.0 0.2501761533972291 0.33013974886548236 8.953717917888053 30.951129516883462 37.97443808922625 6.4325134815167795 
282.00038525525986 0.0 34.096931466474004 0.0 16.64094570327812 0.006511875673319599 0.4023661467117384 0.006930644695472065 0.0421936478675294 9.223583149522401 30.756672215424164 38.657002777478446 6.595555772448779 36.214126811802544 192.00486821209657 125.08807669861562 170.97336317496644 0.0 0.0 0.25017615339722915 0.34224195081629943 9.223583149522401 30.756672215424164 38.657002777478446 6.595555772448779 
284.00038525525974 0.0 34.01765462460532 0.0 16.609824720370543 0.006511875673319599 0.40482687408685675 0.006930644695472063 0.04465437524264646 9.214929826544711 30.853706309729848 38.21683171597469 6.600282637574245 36.214126811802544 192.9306554795039 125.08807669861562 171.97060235839425 0.0 0.0 0.25017615339722915 0.3447026781914135 9.214929826544711 30.853706309729848 38.21683171597469 6.600282637574245 
286.00022870504205 0.0 33.874659722984205 0.0 16.5506139122478 0.006511875673319597 0.4059834950602488 0.006930644695472065 0.04581099621603514 9.206919237132484 31.057036949900972 37.72989017344576 6.581214334498018 36.214126811802544 193.4186389583513 125.08807669861562 172.95508247055696 0.0 0.0 0.25017615339722915 0.34585929916480507 9.206919237132484 31.057036949900972 37.72989017344576 6.581214334498018 
288.00024280479494 0.0 33.78204943665186 0.0 16.527478913583455 0.006511875673319599 0.40862949085648703 0.006930644695472065 0.04845699201227524 9.22562171815235 31.160884474655514 37.78031690752786 6.536066310480302 36.214126811802544 193.5401751465382 125.08807669861562 173.96811630585123 0.0 0.0 0.2501761533972291 0.34850529496104043 9.22562171815235 31.160884474655514 37.78031690752786 6.536066310480302 
290.0003852552594 0.0 33.725931740252975 0.0 16.506984723633742 0.006511875673319599 0.4104797617717335 0.006930644695472066 0.05030726292752328 9.251899487240323 31.276704275152426 37.646775885622546 6.509459762300854 36.214126811802544 193.56067170646904 125.08807669861562 174.97538153181463 0.0 0.0 0.25017615339722915 0.3503555658762908 9.251899487240323 31.276704275152426 37.646775885622546 6.509459762300854 
292.0002770836999 0.0 33.41390930464058 0.0 16.03231762137376 0.006511875673319599 0.42204840836314694 0.006930644695472063 0.06187590951893014 9.396726908875468 31.49419634987729 35.677797096101884 6.256019411287578 NaN NaN 125.08807669861562 180.99658409865324 0.0 0.0 0.2501761533972292 0.3619242124676987 9.396726908875468 31.49419634987729 35.677797096101884 6.256019411287578 
294.0003852552592 0.0 33.47504268716026 0.0 16.02403501429878 0.006511875673319599 0.423634779198618 0.006930644695472063 0.06346228035440064 9.391451627918565 31.570090485313216 35.20250644937292 6.226539867897863 NaN NaN 125.08807669861562 181.96233259248223 0.0 0.0 0.25017615339722926 0.36351058330316977 9.391451627918565 31.570090485313216 35.20250644937292 6.226539867897863 
296.00038525525906 0.0 33.592030701288195 0.0 15.863518341780717 0.006511875673319599 0.42609095097199057 0.006930644695472063 0.06591845212777997 9.44692411948778 31.483402197925013 35.146297470675634 6.2673426683249955 NaN NaN 125.08807669861562 182.98244968978318 0.0 0.0 0.25017615339722926 0.3659667550765464 9.44692411948778 31.483402197925013 35.146297470675634 6.2673426683249955 
298.00038525525895 0.0 33.629067924090286 0.0 15.818971372083679 0.006511875673319599 0.4274279326268863 0.006930644695472063 0.06725543378266838 9.449952642513498 31.421358108527816 34.78337384100487 6.2491378905068276 NaN NaN 125.08807669861562 183.9785505762565 0.0 0.0 0.25017615339722926 0.367303736731437 9.449952642513498 31.421358108527816 34.78337384100487 6.2491378905068276 
300.00038525525883 0.0 33.62841987590196 0.0 15.801874839599135 0.006619302356748897 0.33770134788607004 0.006930644695472062 0.06992378507224381 9.433326285692472 31.453520271117778 33.957195175887364 6.2755382474186945 NaN NaN 125.08807669861562 184.97176038907915 0.0 0.0 0.25017615339722915 0.36997208802101283 9.433326285692472 31.453520271117778 33.957195175887364 6.2755382474186945 
302.0003852552587 0.0 34.79324667830961 0.0 16.343006485221952 0.006930644695472062 0.0818260532707956 0.006586379351282669 0.06178041907266629 955.9447095436766 30.694909160945674 817.966836597715 5.416143577952244 46.330543022163056 104.6437740193068 121.23741145063421 174.97658781150128 0.09266108604432659 0.2078579396600817 0.18424603235089992 0.05651539672575595 955.9447095436766 30.694909160945674 817.966836597715 5.416143577952244 
304.0003852552586 0.0 35.45972676888664 0.0 16.70252093539452 0.006930644695472063 0.08400592776998347 0.006788816020235353 0.0757476299465565 884.8355073539069 28.418166770869373 650.2440876739704 4.4657236489265815 46.330543022163056 105.95759806436392 115.51081114726827 150.92299307378133 0.09266108604432659 0.21003781415926853 0.19741071675125052 0.07984335728201367 884.8355073539069 28.418166770869373 650.2440876739704 4.4657236489265815 
306.0003852552585 0.0 35.790516016572475 0.0 17.280335382757844 0.006930644695472063 0.08585790356237193 0.006838313919958004 0.08048173374910579 826.9544918513607 26.68138620654947 554.0128159952508 4.329560071554045 46.330543022163056 107.31671042518143 113.02362871889808 138.688040590156 0.09266108604432659 0.21188978995165533 0.20630179144622657 0.11475715395887597 826.9544918513607 26.68138620654947 554.0128159952508 4.329560071554045 
308.00025487983794 0.0 36.44566442010283 0.0 17.969090397938043 0.006930644695472065 0.08827218801507887 0.006866791270935547 0.08455417685839431 782.6696443939745 25.441127754196913 476.653057468142 4.543506040492462 46.330543022163056 108.63161204960298 112.31392048941171 133.51535264575097 0.09266108604432656 0.21430407440436286 0.21141704393321198 0.1361927116890654 782.6696443939745 25.441127754196913 476.653057468142 4.543506040492462 
310.00038525525827 0.0 37.09998021445238 0.0 18.516989921668564 0.006930644695472065 0.0904672536396378 0.0068815558360812955 0.08760894293494773 745.9712670378459 24.50602761965351 409.0422600232034 4.786729924225891 46.330543022163056 109.98023043063348 112.0117178272859 130.82431200012954 0.09266108604432656 0.21649914002892404 0.21406913325993354 0.1482496787482393 745.9712670378459 24.50602761965351 409.0422600232034 4.786729924225891 
312.00038525525815 0.0 41.744676076074846 0.0 21.884883181637964 0.006930644695472065 0.10172633494505712 0.006930644695472065 0.10172633494505712 520.5637305939836 18.419533581414264 60.47135342135378 6.190941639582097 46.330543022163056 114.04084671258032 109.76709132240146 114.61094097908973 0.09266108604432659 0.22775822133434062 0.22288673396581432 0.19229736493778374 520.5637305939836 18.419533581414264 60.47135342135378 6.190941639582097 
314.00038525525804 0.0 42.96072920523593 0.0 22.188043192471515 0.006930644695472063 0.1046466527606384 0.006930644695472063 0.1046466527606384 499.35652279742663 17.85407315393079 44.76478759870719 6.212874240650427 46.330543022163056 115.11279100439536 109.89518369969588 113.08938916431967 0.09266108604432662 0.23067853914992312 0.22288673396581432 0.19521768275336573 499.35652279742663 17.85407315393079 44.76478759870719 6.212874240650427 
316.0003852552579 0.0 43.96401491578112 0.0 22.440762540254468 0.006930644695472063 0.10661055541937459 0.006930644695472063 0.10661055541937459 481.6049895880072 17.35874565902937 37.92413872080954 6.234736934841577 46.330543022163056 116.44662096964808 110.08497705214502 111.97399496953935 0.09266108604432659 0.23264244180865606 0.22288673396581432 0.19718158541210434 481.6049895880072 17.35874565902937 37.92413872080954 6.234736934841577 
318.0003852552578 0.0 44.69975118097367 0.0 22.537502399826128 0.006930644695472062 0.10836500215564555 0.006930644695472062 0.10836500215564555 467.4677303372603 17.019436815358393 34.70119383731767 6.26829429954116 46.330543022163056 117.65400096110167 110.33492841874096 111.90982374364161 0.09266108604432656 0.23439688854492602 0.22288673396581438 0.19893603214837438 467.4677303372603 17.019436815358393 34.70119383731767 6.26829429954116 
320.0003852552577 0.0 45.1485715764549 0.0 22.544055563135746 0.006930644695472063 0.1092143501375427 0.006930644695472063 0.1092143501375427 456.6089860569109 17.046254997023834 33.29487936655941 6.285172160774019 46.330543022163056 119.29630709141995 110.40158166556938 112.04524409544054 0.09266108604432656 0.2352462365268293 0.22288673396581438 0.19978538013027178 456.6089860569109 17.046254997023834 33.29487936655941 6.285172160774019 
322.0003852552576 0.0 47.431218904219136 0.0 22.367069616171513 0.006930644695472063 0.12078253320632706 0.006930644695472063 0.12078253320632706 396.64835480847967 18.378049096768216 29.460900639443114 6.37388347347409 46.330543022163056 124.0159102756791 111.12434480275898 114.29630235878875 0.09266108604432662 0.24681441959561162 0.22288673396581432 0.21135356319905427 396.64835480847967 18.378049096768216 29.460900639443114 6.37388347347409 
324.00038525525747 0.0 47.42770328755163 0.0 22.06049348902636 0.006930644695472063 0.12319153782459724 0.006930644695472063 0.12319153782459724 388.4116561863381 18.933968814440462 29.180566828034454 6.422890830110994 46.330543022163056 125.06829765802532 110.56131112485609 110.05147211105361 0.09266108604432662 0.24804708583342489 0.22288673396581432 0.2137625678173235 388.4116561863381 18.933968814440462 29.180566828034454 6.422890830110994 
326.00038525525736 0.0 47.66313327652878 0.0 21.59735940063788 0.006930644695472063 0.12471511992801657 0.006930644695472063 0.12471511992801657 379.96405594640606 19.504912755729748 28.10753648151957 6.3334235629763205 46.330543022163056 126.20262086793333 110.06876987525845 106.51577527361711 0.09266108604432662 0.24804708583342489 0.22288673396581432 0.21528614992074382 379.96405594640606 19.504912755729748 28.10753648151957 6.3334235629763205 
328.00038525525724 0.0 47.61960448085702 0.0 20.972322045639974 0.006930644695472063 0.12753401478496992 0.006930644695472063 0.12753401478496992 371.24610031666344 20.00887586517633 27.75136023347898 6.2902831724075865 46.330543022163056 127.37218951757197 109.84236614835608 105.3421772352037 0.09266108604432662 0.24804708583342489 0.22288673396581432 0.21810504477769654 371.24610031666344 20.00887586517633 27.75136023347898 6.2902831724075865 
330.00038525525713 0.0 47.258411620110195 0.0 20.357236963124958 0.006930644695472063 0.12933038983301512 0.006930644695472063 0.12933038983301512 361.5732943643732 20.520933297543124 27.75820296020307 6.289284627428198 46.330543022163056 128.32325026971722 109.74207709114818 105.17919982212138 0.09266108604432662 0.24804708583342489 0.22288673396581432 0.21990141982574155 361.5732943643732 20.520933297543124 27.75820296020307 6.289284627428198 
332.000385255257 0.0 46.985796458762394 0.0 17.005617706008493 0.006930644695472065 0.14184956516939 0.006930644695472065 0.14184956516939 302.14653474518246 23.451769167281554 26.768145778594636 6.437701739162991 46.330543022163056 133.9764608137624 110.7609128647013 113.50041386065018 0.0 0.0 0.22288673396581432 0.23242059516211772 302.14653474518246 23.451769167281554 26.768145778594636 6.437701739162991 
334.0003852552569 0.0 46.654576957305615 0.0 16.651240325932974 0.006930644695472063 0.14364978701988512 0.006930644695472063 0.14364978701988512 290.45094085735445 23.98179041644308 27.519219440728346 6.467991403896839 46.330543022163056 134.89570464919026 111.04865546343743 115.67087694288654 0.0 0.0 0.22288673396581432 0.23422081701261527 290.45094085735445 23.98179041644308 27.519219440728346 6.467991403896839 
336.0003416325422 0.0 46.565014732519714 0.0 16.493545331781426 0.006930644695472063 0.14607660860198227 0.006930644695472063 0.14607660860198227 278.1997289507176 24.47535207254965 28.249597961910723 6.434033221381359 46.330543022163056 135.79653449138476 111.14934292885482 117.00030096508783 0.0 0.0 0.22288673396581427 0.23664763859470989 278.1997289507176 24.47535207254965 28.249597961910723 6.434033221381359 
338.0003852552567 0.0 46.14591657758465 0.0 16.379017663577745 0.006930644695472063 0.1479736710380126 0.006930644695472063 0.1479736710380126 265.2268921073521 24.964061533642067 29.04679333014802 6.410101885343727 46.330543022163056 136.7607003346473 111.21740430466784 118.29280772956287 0.0 0.0 0.22288673396581427 0.23854470103074 265.2268921073521 24.964061533642067 29.04679333014802 6.410101885343727 
340.0002587130727 0.0 45.87349993335513 0.0 16.323147505067215 0.006930644695472063 0.1503761146734235 0.006930644695472063 0.1503761146734235 252.41812940986125 25.388233524472543 29.182177666267815 6.350933855603954 46.330543022163056 137.65827496596543 111.26284574335523 119.47444725545652 0.0 0.0 0.22288673396581432 0.2409471446661503 252.41812940986125 25.388233524472543 29.182177666267815 6.350933855603954 
342.00038525525645 0.0 43.245099618087785 0.0 15.754996306844776 0.006930644695472063 0.1621530626348774 0.006930644695472063 0.1621530626348774 178.08938146606576 27.74190806743681 28.361028336965592 6.209260697377749 46.330543022163056 143.9598437476401 111.44336698290817 126.21950248230918 0.0 0.0 0.22288673396581432 0.2527240926276074 178.08938146606576 27.74190806743681 28.361028336965592 6.209260697377749 
344.00038525525633 0.0 43.31388532262982 0.0 15.808356653045367 0.006930644695472065 0.164114063646985 0.006930644695472065 0.164114063646985 166.47079105739843 28.106018629141147 28.640264053391785 6.2547362484244395 46.330543022163056 144.96030792957225 111.44336698290817 127.23295453190504 0.0 0.0 0.22288673396581432 0.2546850936397162 166.47079105739843 28.106018629141147 28.640264053391785 6.2547362484244395 
346.0003852552562 0.0 42.93568334707343 0.0 15.894496258581855 0.006930644695472063 0.16583362083811268 0.006930644695472063 0.16583362083811268 155.8553986798711 28.419992800748382 28.284845673926238 6.274458088365121 46.330543022163056 145.87561525350503 111.44336698290817 128.2197208048719 0.0 0.0 0.22288673396581438 0.25640465083083896 155.8553986798711 28.419992800748382 28.284845673926238 6.274458088365121 
348.0003852552561 0.0 42.58296938958844 0.0 16.04630593703317 0.006930644695472063 0.16853851140526596 0.006930644695472063 0.16853851140526596 145.95578142842268 28.65890277930033 28.02953495267293 6.263405290024025 46.330543022163056 146.7491112511443 111.44336698290817 129.22790848483154 0.0 0.0 0.22288673396581438 0.25910954139799564 145.95578142842268 28.65890277930033 28.02953495267293 6.263405290024025 
350.000385255256 0.0 42.23382897459135 0.0 16.17323587561824 0.006930644695472062 0.1695106586295996 0.006930644695472062 0.1695106586295996 136.13719011099334 28.852945761218244 27.71860129117986 6.2564114045242 46.330543022163056 147.68128942139606 111.44336698290817 130.21466749541258 0.0 0.0 0.22288673396581438 0.26008168862232717 136.13719011099334 28.852945761218244 27.71860129117986 6.2564114045242 
352.0000030829367 0.0 41.59529891493557 0.0 16.429313955576834 0.006930644695472065 0.18137820675311456 0.006930644695472065 0.18137820675311456 80.49405813889497 29.882655655939182 26.2787452170793 6.188339981189305 46.330543022163056 153.91398335991136 111.44336698290817 136.20681362652667 0.0 0.0 0.22288673396581432 0.2719492367458406 80.49405813889497 29.882655655939182 26.2787452170793 6.188339981189305 
354.00038525525576 0.0 40.25302490421546 0.0 16.256255291758098 0.006930644695472063 0.18287550075462597 0.006930644695472063 0.18287550075462597 72.80264617186454 29.97043458239983 24.77088880797743 6.239691682053008 46.330543022163056 154.89057846030568 111.44336698290817 137.2265362047867 0.0 0.0 0.22288673396581432 0.2734465307473554 72.80264617186454 29.97043458239983 24.77088880797743 6.239691682053008 
356.00038525525565 0.0 39.63345371467162 0.0 16.203875670911557 0.006930644695472065 0.18499046766212332 0.006930644695472065 0.18499046766212332 65.29519591993862 30.11145112363297 24.203203571330732 6.23710057105739 46.330543022163056 155.71801273351488 111.44336698290817 138.22328348315867 0.0 0.0 0.22288673396581438 0.2755614976548555 65.29519591993862 30.11145112363297 24.203203571330732 6.23710057105739 
358.00038525525554 0.0 39.13477345458138 0.0 16.083423945231832 0.006930644695472066 0.18758809897246087 0.006930644695472066 0.18758809897246087 58.44012204656337 30.2781429013488 23.928245502302982 6.267160675934064 46.330543022163056 156.50205537685295 111.44336698290817 139.240157610766 0.0 0.0 0.22288673396581438 0.2781591289651922 58.44012204656337 30.2781429013488 23.928245502302982 6.267160675934064 
360.0003852552554 0.0 38.35132599556234 0.0 15.982337473689391 0.006930644695472066 0.18913247989030596 0.006930644695472066 0.18913247989030596 52.57272369482477 30.380002282389217 23.472587308556644 6.274970827000958 46.330543022163056 157.3379711968537 111.44336698290817 140.22508502104284 0.0 0.0 0.22288673396581443 0.2797035098830321 52.57272369482477 30.380002282389217 23.472587308556644 6.274970827000958 
362.0003852552553 0.0 33.73554200549046 0.0 15.900427096457506 0.006930644695472065 0.20175358635872384 0.006930644695472065 0.20175358635872384 20.885370263448962 30.904720521562428 20.856188403081017 6.320885349431197 46.330543022163056 163.9443296919855 111.44336698290817 146.21823169309502 0.0 0.0 0.22288673396581432 0.292324616351452 20.885370263448962 30.904720521562428 20.856188403081017 6.320885349431197 
364.0003852552552 0.0 33.59288014119929 0.0 15.778159235077071 0.006930644695472063 0.20387632479499307 0.006930644695472063 0.20387632479499307 17.877490503042168 30.81680387267206 20.531114791044264 6.309716114666212 46.330543022163056 164.94810812505594 111.44336698290817 147.24550163307993 0.0 0.0 0.22288673396581432 0.294447354787721 17.877490503042168 30.81680387267206 20.531114791044264 6.309716114666212 
366.0003852552551 0.0 33.33661503346949 0.0 15.711308676401115 0.006930644695472063 0.2059089913108556 0.006930644695472063 0.2059089913108556 15.623170744826352 30.63061773966408 20.534580798887035 6.324132456521686 46.330543022163056 165.93473576696837 111.44336698290817 148.23061111710606 0.0 0.0 0.22288673396581427 0.2964800213035883 15.623170744826352 30.63061773966408 20.534580798887035 6.324132456521686 
368.00028308536355 0.0 33.12525652501467 0.0 15.745426651546078 0.006930644695472063 0.20814772234620807 0.006930644695472063 0.20814772234620807 13.716310538113273 30.530007138372802 20.96455788099314 6.339958772630487 46.330543022163056 167.0691727416335 111.44336698290817 149.24400819550655 0.0 0.0 0.22288673396581432 0.2987187523389353 13.716310538113273 30.530007138372802 20.96455788099314 6.339958772630487 
370.00038525525486 0.0 33.03319105887845 0.0 15.830556572694132 0.006930644695472063 0.2097496336818165 0.006930644695472063 0.2097496336818165 12.549933133416928 30.468059670803505 21.185768618241617 6.343637198327775 46.330543022163056 168.01222816463743 111.44336698290817 150.24058908864995 0.0 0.0 0.22288673396581438 0.3003206636745454 12.549933133416928 30.468059670803505 21.185768618241617 6.343637198327775 
372.00038525525474 0.0 31.897936916892046 0.0 15.966990483623247 0.006930644695472062 0.2215272625599269 0.006930644695472062 0.2215272625599269 7.511124453459998 30.330720714081284 21.17772602805193 6.280764479752793 46.330543022163056 173.99430360570818 111.44336698290817 156.24001130882056 0.0 0.0 0.22288673396581432 0.31209829255265237 7.511124453459998 30.330720714081284 21.17772602805193 6.280764479752793 
374.0003852552546 0.0 31.787216971470066 0.0 15.996345575538422 0.006930644695472065 0.2234450704602479 0.006930644695472065 0.2234450704602479 7.641222296010927 30.314343423253476 21.692812574730514 6.276686351346681 46.330543022163056 174.81042622167487 111.44336698290817 157.22475967383446 0.0 0.0 0.22288673396581427 0.31401610045297385 7.641222296010927 30.314343423253476 21.692812574730514 6.276686351346681 
376.0003852552545 0.0 31.714312721227408 0.0 16.00833782796392 0.006930644695472065 0.2253537234674567 0.006930644695472065 0.2253537234674567 7.788316307308407 30.25601750474204 22.133489151955448 6.293823337139574 46.330543022163056 175.57895888058275 111.44336698290817 158.23676141608797 0.0 0.0 0.22288673396581438 0.3159247534601823 7.788316307308407 30.25601750474204 22.133489151955448 6.293823337139574 
378.0003852552544 0.0 31.62773330694388 0.0 16.02133898551133 0.006930644695472065 0.22808020436809787 0.006930644695472065 0.22808020436809787 7.860854840230923 30.255998119856194 22.617859739172424 6.283121103269111 46.330543022163056 176.28789412678142 111.44336698290817 159.24984965434908 0.0 0.0 0.22288673396581438 0.31865123436082415 7.860854840230923 30.255998119856194 22.617859739172424 6.283121103269111 
380.0001709474107 0.0 31.55641000340616 0.0 16.06331349534404 0.006930644695472065 0.229305565837657 0.006930644695472065 0.229305565837657 7.923301051709302 30.25522804775201 22.85276198805322 6.238897516474303 46.330543022163056 176.90744525583852 111.44336698290817 160.25591695322677 0.0 0.0 0.22288673396581443 0.31987659583038713 7.923301051709302 30.25522804775201 22.85276198805322 6.238897516474303 
382.0003852552542 0.0 31.214122322887455 0.0 16.36961525247962 0.006930644695472063 0.24179178263060547 0.006930644695472063 0.24179178263060547 8.181403985951148 30.267847843887804 21.668684110713077 6.135466043733615 46.330543022163056 183.95730333408918 111.44336698290817 166.2471200948408 0.0 0.0 0.22288673396581432 0.3323628126233335 8.181403985951148 30.267847843887804 21.668684110713077 6.135466043733615 
384.00038525525406 0.0 31.220982916356732 0.0 16.25760895294516 0.006930644695472063 0.24362006837487277 0.006930644695472063 0.24362006837487277 7.910782402242656 30.40892444539921 21.968223973496542 6.207136729385199 46.330543022163056 184.80945918311397 111.44336698290817 167.21888396786085 0.0 0.0 0.22288673396581427 0.33419109836760086 7.910782402242656 30.40892444539921 21.968223973496542 6.207136729385199 
386.00038525525395 0.0 31.149841050735123 0.0 16.10404317877053 0.006930644695472063 0.24540083735830215 0.006930644695472063 0.24540083735830215 7.814624171815303 30.363558713773717 21.81320635029851 6.224385301991473 46.330543022163056 185.48311771191388 111.44336698290817 168.2288175067099 0.0 0.0 0.22288673396581427 0.33597186735103185 7.814624171815303 30.363558713773717 21.81320635029851 6.224385301991473 
388.00038525525383 0.0 31.257849516709726 0.0 16.08313904088523 0.006930644695472065 0.2477163544429378 0.006930644695472065 0.2477163544429378 7.78124282380502 30.31586160403166 22.95005786406381 6.281464286577177 46.330543022163056 185.97483082649157 111.44336698290817 169.23305324499262 0.0 0.0 0.22288673396581427 0.33828738443566675 7.78124282380502 30.31586160403166 22.95005786406381 6.281464286577177 
390.0003852552537 0.0 31.340844101919338 0.0 16.06993728945167 0.006930644695472063 0.24968380669466836 0.006930644695472063 0.24968380669466836 7.76285516460314 30.21134648232509 24.281275359004244 6.2913475987834815 46.330543022163056 186.52365227786626 111.44336698290817 170.2370773541198 0.0 0.0 0.22288673396581432 0.34025483668739626 7.76285516460314 30.21134648232509 24.281275359004244 6.2913475987834815 
392.0003852552536 0.0 31.927043010959004 0.0 16.128476460892827 0.006930644695472063 0.26266938697057735 0.006930644695472063 0.26266938697057735 8.19301493171829 29.323250561982043 31.682596183603614 6.460369579453594 46.330543022163056 194.02119883421807 111.44336698290817 176.2053318790785 0.0 0.0 0.22288673396581432 0.3532404169633056 8.19301493171829 29.323250561982043 31.682596183603614 6.460369579453594 
394.0003852552535 0.0 31.980993506635524 0.0 16.122108295463942 0.006930644695472063 0.2647027620056316 0.006930644695472063 0.2647027620056316 8.13962892004675 29.174342242496436 32.22429400121991 6.398648164168537 46.330543022163056 194.55560471478844 111.44336698290817 177.23871047080172 0.0 0.0 0.22288673396581432 0.3552737919983616 8.13962892004675 29.174342242496436 32.22429400121991 6.398648164168537 
396.0003852552534 0.0 32.04198554708105 0.0 16.189782390322513 0.006930644695472063 0.26603697899630124 0.006930644695472063 0.26603697899630124 8.069162056115136 29.13662519733271 32.83429638676527 6.386994420762145 46.330543022163056 194.97007554158597 111.44336698290817 178.228146819931 0.0 0.0 0.22288673396581432 0.35660800898902556 8.069162056115136 29.13662519733271 32.83429638676527 6.386994420762145 
398.00038525525326 0.0 32.06633889992353 0.0 16.217144983729504 0.006930644695472063 0.26822332758497974 0.006930644695472063 0.26822332758497974 8.143868426004053 29.23800392085519 33.360827154860324 6.358369120797303 46.330543022163056 195.05798195334904 111.44336698290817 179.23382828457855 0.0 0.0 0.22288673396581438 0.35879435757771067 8.143868426004053 29.23800392085519 33.360827154860324 6.358369120797303 
400.00038525525315 0.0 32.10275515634371 0.0 16.174012350311205 0.006930644695472062 0.26963021651633895 0.006930644695472062 0.26963021651633895 8.285049517916583 29.345049624007217 33.237565951749104 6.320890309887573 46.330543022163056 195.09632906735143 111.44336698290817 180.23537470025357 0.0 0.0 0.22288673396581438 0.3602012465090724 8.285049517916583 29.345049624007217 33.237565951749104 6.320890309887573 
402.00020429182183 0.0 32.30945634348638 0.0 15.986834228827954 0.006930644695472063 0.2817547817454206 0.006930644695472063 0.2817547817454206 9.327435533037578 30.299977895684414 33.508475720928836 6.3259980892197 NaN NaN 111.44336698290817 186.23495937595763 0.0 0.0 0.22288673396581432 0.37232581173815005 9.327435533037578 30.299977895684414 33.508475720928836 6.3259980892197 
404.00026136343934 0.0 32.34490090439675 0.0 16.021220076670698 0.006930644695472063 0.2830191188543689 0.006930644695472063 0.2830191188543689 9.114162761511365 30.410106706679237 33.31665000059404 6.391181010077031 NaN NaN 111.44336698290817 187.23485637957012 0.0 0.0 0.22288673396581438 0.3735901488471009 9.114162761511365 30.410106706679237 33.31665000059404 6.391181010077031 
406.00014257415205 0.0 32.39227758195271 0.0 16.12617110621623 0.006930644695472062 0.28543890942532196 0.006930644695472062 0.28543890942532196 8.944890665184971 30.507679818326558 32.94044024907418 6.357352238421872 NaN NaN 111.44336698290817 188.25770644386174 0.0 0.0 0.22288673396581432 0.3760099394180481 8.944890665184971 30.507679818326558 32.94044024907418 6.357352238421872 
408.0003852552527 0.0 32.341939692742336 0.0 16.15170964762229 0.006930644695472062 0.2875128894171095 0.006930644695472062 0.2875128894171095 8.855246551253217 30.53501610677599 32.74046618064129 6.323979213692451 NaN NaN 111.44336698290817 189.2266639133512 0.0 0.0 0.22288673396581432 0.37808391940983505 8.855246551253217 30.53501610677599 32.74046618064129 6.323979213692451 
410.0003852552526 0.0 32.31584788900154 0.0 16.14957843318072 0.006930644695472062 0.2893933993580988 0.006930644695472062 0.2893933993580988 8.876132696408447 30.588017663663024 32.52680757046206 6.285078163000524 NaN NaN 111.44336698290817 190.23009629213877 0.0 0.0 0.22288673396581432 0.37996442935083224 8.876132696408447 30.588017663663024 32.52680757046206 6.285078163000524 
412.00018681582253 0.0 32.29402007125298 0.0 16.117274762345073 0.006930644695472062 0.3018705636103595 0.006930644695472062 0.3018705636103595 9.345768077033322 30.828301811471565 30.83045265144146 6.1546711879042375 NaN NaN 111.44336698290817 196.23177062118248 0.0 0.0 0.22288673396581432 0.3924415936030924 9.345768077033322 30.828301811471565 30.83045265144146 6.1546711879042375 
414.00038525525235 0.0 32.18309642527158 0.0 16.02065497185285 0.006930644695472063 0.3046485832365928 0.006930644695472063 0.3046485832365928 9.052264533993178 30.644415798659 28.808179533997336 6.212433751853329 NaN NaN 111.44336698290817 197.22297351797437 0.0 0.0 0.22288673396581438 0.3952196132293198 9.052264533993178 30.644415798659 28.808179533997336 6.212433751853329 
416.00038525525224 0.0 32.27385587234112 0.0 16.034010006709767 0.006930644695472065 0.3063245763313271 0.006930644695472065 0.3063245763313271 8.860749300891422 30.64481945980807 28.044463713825962 6.2641641039574525 NaN NaN 111.44336698290817 198.23118233492823 0.0 0.0 0.22288673396581438 0.39689560632405474 8.860749300891422 30.64481945980807 28.044463713825962 6.2641641039574525 
418.0003852552521 0.0 32.3252926007402 0.0 16.01117593022607 0.006930644695472065 0.3075061557644151 0.006930644695472065 0.3075061557644151 8.81024512741227 30.61296050597692 27.98890975980413 6.287378321288461 NaN NaN 111.44336698290817 199.23816743086098 0.0 0.0 0.22288673396581438 0.3980771857571449 8.81024512741227 30.61296050597692 27.98890975980413 6.287378321288461 
420.000385255252 0.0 32.386018039841076 0.0 16.003542946164373 0.006930644695472066 0.31017796322647845 0.006930644695472066 0.31017796322647845 8.837450724729432 30.591436882079414 28.052704855957423 6.326222765775715 NaN NaN 111.50427675603693 199.2552964627807 0.0 0.0 0.2266681621652628 0.34067573321829786 8.837450724729432 30.591436882079414 28.052704855957423 6.326222765775715 
422.0003852552519 0.0 33.958829076089465 0.0 17.00686368911794 0.006930644695472063 0.3220244164995621 0.006851063978702152 0.06637968947181688 956.5881420866394 29.465514493324235 831.4915263557 5.366970043689548 41.21942350353265 60.06573764976393 114.10524752753616 163.923812552374 0.08243884700706461 0.11942346541350012 0.24630688670456824 0.04053366175662718 956.5881420866394 29.465514493324235 831.4915263557 5.366970043689548 
424.0003852552518 0.0 34.68735824920041 0.0 17.39293126743225 0.006930644695472063 0.3241075902061433 0.006878356877092974 0.1404771022665396 907.5481211548534 28.03117210217453 659.3992322424431 4.3799827398316005 41.21942350353265 61.57448854328466 116.0721351145995 133.70154168333184 0.08243884700706464 0.12150663912008257 0.24630688670456818 0.042616835463211315 907.5481211548534 28.03117210217453 659.3992322424431 4.3799827398316005 
426.0003852552517 0.0 35.35677712007541 0.0 18.076993360761993 0.006930644695472065 0.3259248472319443 0.006886953703227988 0.16497769192402742 861.3016092834519 26.699659837348317 567.0049505649365 4.306290496582121 41.21942350353265 63.066363303052974 117.01174983088909 119.770749605517 0.08243884700706466 0.12332389614588235 0.24630688670456816 0.04443409248901041 861.3016092834519 26.699659837348317 567.0049505649365 4.306290496582121 
428.00038525525156 0.0 35.9774652210232 0.0 18.877376700947956 0.006930644695472065 0.3280634983109293 0.006892490956153374 0.18172677573689014 822.3830596949067 25.552664655543882 489.88561939764077 4.562900700918406 41.21942350353265 64.52719750619093 117.48483788802271 113.24974745349209 0.08243884700706464 0.12546254722486738 0.24630688670456818 0.046572743567993985 822.3830596949067 25.552664655543882 489.88561939764077 4.562900700918406 
430.00038525525144 0.0 36.8357361683097 0.0 19.719933687237443 0.006930644695472065 0.3299240301196902 0.006895429399791562 0.19134059851813498 782.6809220019077 24.364704120155682 419.2376764712842 4.885198658646774 41.21942350353265 65.88862037131007 117.8347296510104 108.69550119058277 0.08243884700706464 0.12732307903362497 0.24630688670456824 0.04843327537675129 782.6809220019077 24.364704120155682 419.2376764712842 4.885198658646774 
432.00038525525133 0.0 42.21684487591765 0.0 24.75734203087972 0.006930644695472062 0.34219607840462496 0.006908033187354655 0.23686863002589878 546.8544867425253 17.324175990582763 62.79380394678994 6.465949806851277 41.21942350353265 69.7319883523797 119.77101234993556 83.9372394777584 0.08243884700706464 0.13959512731856094 0.24630688670456824 0.06070532366168748 546.8544867425253 17.324175990582763 62.79380394678994 6.465949806851277 
434.0003852552512 0.0 42.89484903741146 0.0 24.948277976054303 0.006930644695472062 0.34384769519333575 0.006908033187354655 0.23852024681460748 529.473060198557 16.895839785115022 45.04358030359291 6.528066622466063 41.21942350353265 70.95952858941557 120.04373487784757 80.61365072294407 0.08243884700706464 0.14124674410726845 0.24630688670456816 0.06235694045039598 529.473060198557 16.895839785115022 45.04358030359291 6.528066622466063 
436.0003852552511 0.0 43.25535007514811 0.0 24.742497832206574 0.006930644695472062 0.3461804887520392 0.006908033187354655 0.2408530403733178 515.7508798672109 16.6334395536052 38.919761043484584 6.522112107008835 41.21942350353265 72.19214316397478 120.24359238057284 78.42398676576211 0.08243884700706464 0.1435795376659782 0.24630688670456824 0.06468973400910596 515.7508798672109 16.6334395536052 38.919761043484584 6.522112107008835 
438.000385255251 0.0 43.59972777323712 0.0 24.579664635224535 0.006930644695472062 0.34785503120813716 0.006908033187354655 0.2425275828294097 504.4587193027908 16.645480119843665 35.45606659794684 6.529897986557993 41.21942350353265 73.49103084834475 120.29999486209151 78.53969258123591 0.08243884700706466 0.14525408012207267 0.24630688670456824 0.06636427646519935 504.4587193027908 16.645480119843665 35.45606659794684 6.529897986557993 
440.0003852552509 0.0 43.96323276989887 0.0 24.262438587727658 0.006930644695472062 0.35024303315182986 0.006908033187354655 0.2449155847731048 494.6513640246215 16.87324839470334 33.53258843402032 6.53592842659315 41.21942350353265 74.79207694000269 120.44901388152027 77.1714058111437 0.08243884700706466 0.1476420820657653 0.24630688670456824 0.06875227840889277 494.6513640246215 16.87324839470334 33.53258843402032 6.53592842659315 
442.00038525525076 0.0 45.96677235103623 0.0 22.900194096687937 0.006930644695472063 0.3624936085046375 0.006908033187354655 0.25716616012591104 437.5986801812959 18.940613657337828 29.56141224066135 6.730437227845282 41.21942350353265 79.65399497363495 121.88317881228362 60.375465221665905 0.08243884700706464 0.1598926574185755 0.24630688670456824 0.08100285376170377 437.5986801812959 18.940613657337828 29.56141224066135 6.730437227845282 
444.0003442845812 0.0 46.42862215144188 0.0 22.1197871862368 0.006930644695472065 0.3640882201812789 0.006908033187354657 0.2587607718025553 427.9596335848195 19.413006001630777 28.938887727342927 6.626929537959884 41.21942350353265 80.78669889245054 122.08327384779732 58.20098720220995 0.08243884700706464 0.1614872690952183 0.24630688670456818 0.08259746543834481 427.9596335848195 19.413006001630777 28.938887727342927 6.626929537959884 
446.00038525525054 0.0 46.953938331484316 0.0 21.32569046963513 0.006930644695472063 0.3663973013723174 0.006908033187354655 0.2610698529935905 418.1232006506892 19.86575017153564 28.150197217988453 6.5256996031650365 41.21942350353265 81.99183236845592 122.30212683974047 55.737553893762204 0.08243884700706464 0.16284488796299987 0.24630688670456818 0.08490654662937833 418.1232006506892 19.86575017153564 28.150197217988453 6.5256996031650365 
448.0003852552504 0.0 47.202841863948734 0.0 20.61990138446582 0.006930644695472062 0.36837273419218464 0.006908033187354655 0.26304528581345377 407.6860500218616 20.34957931626701 27.872802575885526 6.482195873572184 41.21942350353265 83.07326808779308 122.48163940272138 53.88104707656989 0.08243884700706464 0.16284488796299987 0.24630688670456816 0.08688197944924654 407.6860500218616 20.34957931626701 27.872802575885526 6.482195873572184 
450.0003852552503 0.0 47.40033827927497 0.0 20.034376221558002 0.006930644695472062 0.3705029695015925 0.0069080331873546535 0.2651755211228607 396.4374310911305 20.878130202404495 27.597519441859028 6.431983604200046 41.21942350353265 84.05803116037586 122.6028843069283 52.96270500528281 0.08243884700706464 0.16284488796299987 0.24630688670456816 0.08901221475865341 396.4374310911305 20.878130202404495 27.597519441859028 6.431983604200046 
452.0003852552502 0.0 48.02258859757834 0.0 17.51718296668082 0.006930644695472065 0.3821395338415518 0.006908033187354655 0.27681208546282654 326.5937556671874 23.74796479422422 23.931612074357044 6.30258278527026 41.21942350353265 89.6305782949414 123.12046102835453 50.73498276821751 0.0 0.0 0.24630688670456824 0.10064877909861698 326.5937556671874 23.74796479422422 23.931612074357044 6.30258278527026 
454.0003852552501 0.0 47.88956622251524 0.0 17.295939968448554 0.006930644695472063 0.38411924049610835 0.0069080331873546535 0.27879179211738625 312.7408114978794 24.218625445657032 23.17377166613837 6.328057955462529 41.21942350353265 90.55247531403779 123.14055449817151 51.41048903059755 0.0 0.0 0.24630688670456816 0.10262848575317571 312.7408114978794 24.218625445657032 23.17377166613837 6.328057955462529 
456.00038525524997 0.0 47.59335845136244 0.0 17.10039134058658 0.006930644695472063 0.3863751297930556 0.006908033187354655 0.28104768141433056 298.3002499012516 24.652403459567388 22.517915664219256 6.313104500240739 41.21942350353265 91.48700468776515 123.1452066564333 52.34634016812095 0.0 0.0 0.24630688670456818 0.10488437505012135 298.3002499012516 24.652403459567388 22.517915664219256 6.313104500240739 
458.00038525524985 0.0 47.34195341358297 0.0 16.932073251071955 0.006930644695472063 0.3881046087048787 0.006908033187354655 0.28277716032615324 283.5502796289413 25.096525473736577 22.550584148951504 6.330507419518048 41.21942350353265 92.40177988432784 123.14708898633053 53.31477709283504 0.0 0.0 0.24630688670456824 0.10661385396194133 283.5502796289413 25.096525473736577 22.550584148951504 6.330507419518048 
460.00038525524974 0.0 47.072890734737165 0.0 16.815387983946135 0.006930644695472065 0.3904705775396629 0.006908033187354655 0.28514312916093393 269.3067649169299 25.521744108331706 22.98174663482106 6.3432432594333115 41.21942350353265 93.23606278257178 123.14822913361903 54.29199064466715 0.0 0.0 0.24630688670456818 0.10897982279672337 269.3067649169299 25.521744108331706 22.98174663482106 6.3432432594333115 
462.0001911405976 0.0 45.24219419748268 0.0 16.351659382066515 0.006930644695472063 0.4027284731505427 0.006908033187354655 0.2974010247718181 184.95169385015313 28.118601213978415 29.170818727098613 6.480961923218705 41.21942350353265 99.63926146554725 123.1534433522852 60.194772052149666 0.0 0.0 0.24630688670456824 0.12123771840760843 184.95169385015313 28.118601213978415 29.170818727098613 6.480961923218705 
464.0003852552495 0.0 44.71018968259497 0.0 16.321811512591175 0.006930644695472063 0.40451769793433257 0.006908033187354655 0.2991902495556041 173.23778972577458 28.50613385461755 30.196947606302288 6.507420433570399 41.21942350353265 100.64238572815188 123.1534433522852 61.18882432583606 0.0 0.0 0.24630688670456818 0.12302694319139433 173.23778972577458 28.50613385461755 30.196947606302288 6.507420433570399 
466.0003852552494 0.0 44.43539097275917 0.0 16.27132211682231 0.006930644695472063 0.406210513926292 0.006908033187354657 0.3008830655475734 161.55204355045404 28.74105600041369 30.064910087831727 6.497640966070953 41.21942350353265 101.63239760334254 123.1534433522852 62.20088019980586 0.0 0.0 0.24630688670456818 0.12471975918335955 161.55204355045404 28.74105600041369 30.064910087831727 6.497640966070953 
468.0003378288861 0.0 44.15056691503121 0.0 16.30478921291772 0.006930644695472062 0.40809817283622724 0.006908033187354659 0.3027707244574988 150.66444947268712 28.969533913244483 29.72416630158034 6.537798421157883 41.21942350353265 102.69391317719216 123.1534433522852 63.207487507649965 0.0 0.0 0.24630688670456824 0.12660741809328896 150.66444947268712 28.969533913244483 29.72416630158034 6.537798421157883 
470.00038525524917 0.0 43.74656021391527 0.0 16.32892053320715 0.006930644695472062 0.4105184415524147 0.006908033187354657 0.30519099317369075 140.83282589553133 29.192794986178107 29.900795724655772 6.543399591651796 41.21942350353265 103.63497460079007 123.1534433522852 64.18755896234275 0.0 0.0 0.24630688670456818 0.12902768680948182 140.83282589553133 29.192794986178107 29.900795724655772 6.543399591651796 
472.00038525524906 0.0 41.617043793687756 0.0 16.426718371012157 0.006930644695472063 0.42208887985730614 0.006908033187354655 0.3167614314785801 83.21670849270026 30.278664950506016 31.90626290752666 6.503241172340452 41.21942350353265 109.61981352726822 123.1534433522852 70.18970299736641 0.0 0.0 0.24630688670456818 0.1405981251143726 83.21670849270026 30.278664950506016 31.90626290752666 6.503241172340452 
474.00038525524894 0.0 41.27824443203645 0.0 16.411989199547854 0.006930644695472062 0.42380881439185225 0.006908033187354655 0.3184813660131314 75.93722339439275 30.254630411719084 31.865424340736585 6.519194364125741 41.21942350353265 110.60206584234197 123.1534433522852 71.1869426465924 0.0 0.0 0.24630688670456818 0.14231805964891947 75.93722339439275 30.254630411719084 31.865424340736585 6.519194364125741 
476.00038525524883 0.0 41.080737592307386 0.0 16.480783547826142 0.006930644695472062 0.42628255799445103 0.0069080331873546535 0.3209551096157255 69.0896829328431 30.474114349578752 31.064355014371976 6.548148989610506 41.21942350353265 111.61129664953233 123.1534433522852 72.18823891238009 0.0 0.0 0.24630688670456818 0.14479180325151678 69.0896829328431 30.474114349578752 31.064355014371976 6.548148989610506 
478.0003852552487 0.0 40.56877520044241 0.0 16.45781433062149 0.006930644695472062 0.4283743846943532 0.0069080331873546535 0.32304693631563003 62.72312983100718 30.703429553602653 30.730612464004068 6.569490673100255 41.21942350353265 112.45628383327549 123.1534433522852 73.18964807085115 0.0 0.0 0.24630688670456816 0.1468836299514206 62.72312983100718 30.703429553602653 30.730612464004068 6.569490673100255 
480.0003852552486 0.0 40.06227181064352 0.0 16.443695876403957 0.006930644695472063 0.43030499957259055 0.006908033187354655 0.32497755119387023 57.053984700865094 30.83263687341568 30.41190451103527 6.562309868836787 41.21942350353265 113.3221014962413 123.1534433522852 74.18664083828253 0.0 0.0 0.24630688670456818 0.14881424482965747 57.053984700865094 30.83263687341568 30.41190451103527 6.562309868836787 
482.0003852552485 0.0 35.70087894464342 0.0 16.538229603938145 0.006930644695472063 0.4416114437411673 0.006908033187354655 0.3362839953624391 24.31961448816745 31.463023262765386 31.412122370498437 6.535442932647054 41.21942350353265 119.63081570740412 123.1534433522852 80.19729269910363 0.0 0.0 0.24630688670456818 0.16012068899822662 24.31961448816745 31.463023262765386 31.412122370498437 6.535442932647054 
484.0003852552484 0.0 35.140530865961956 0.0 16.524397659108626 0.006930644695472063 0.4445305089031171 0.006908033187354657 0.3392030605243897 21.1532690649263 31.495897343894452 31.482189491768384 6.344588708913257 41.21942350353265 120.61865721094131 123.1534433522852 81.19426744500886 0.0 0.0 0.24630688670456818 0.16303975416017819 21.1532690649263 31.495897343894452 31.482189491768384 6.344588708913257 
486.00038525524826 0.0 34.73193035056593 0.0 16.588993137582314 0.006930644695472063 0.4464122149821476 0.006908033187354657 0.34108476660341897 18.372909869532787 31.537304670732194 30.26875943758679 6.326221249401053 41.21942350353265 121.6430189072853 123.1534433522852 82.20701977037689 0.0 0.0 0.24630688670456818 0.16492146023920676 18.372909869532787 31.537304670732194 30.26875943758679 6.326221249401053 
488.00038525524815 0.0 34.20027317596638 0.0 16.647158974178996 0.006930644695472065 0.4481386647783719 0.006908033187354659 0.34281121639964934 15.965523994643123 31.533484007584903 29.798322368890112 6.3165033483004605 41.21942350353265 122.56425970218147 123.1534433522852 83.19846276772785 0.0 0.0 0.24630688670456824 0.1666479100354396 15.965523994643123 31.533484007584903 29.798322368890112 6.3165033483004605 
490.00038525524803 0.0 34.00586974481384 0.0 16.723497661418815 0.006930644695472063 0.44992998681601476 0.006908033187354655 0.3446025384372875 14.612617441005385 31.536736204052136 29.581606090023108 6.272065602246325 41.21942350353265 123.58822665309862 123.1534433522852 84.19397800006746 0.0 0.0 0.24630688670456824 0.16843923207307918 14.612617441005385 31.536736204052136 29.581606090023108 6.272065602246325 
492.00002909870153 0.0 32.98388927372475 0.0 16.94332107075334 0.006930644695472062 0.4618855967768364 0.006908033187354657 0.3565581483981069 8.392763346278322 31.150721099893733 33.39103666231353 6.313074436391257 41.21942350353265 129.62913262524123 123.1534433522852 90.1999995291508 0.0 0.0 0.24630688670456816 0.18039484203389827 8.392763346278322 31.150721099893733 33.39103666231353 6.313074436391257 
494.0003518732565 0.0 32.95811948417248 0.0 16.905196902337583 0.006930644695472062 0.4637504317062144 0.006908033187354655 0.3584229833274879 8.51907048158199 31.012026583690613 35.1333162747052 6.303144289526722 41.21942350353265 130.4727160935145 123.1534433522852 91.20800191035595 0.0 0.0 0.24630688670456816 0.18225967696327863 8.51907048158199 31.012026583690613 35.1333162747052 6.303144289526722 
496.0003852552477 0.0 32.88643827385252 0.0 16.81553265648072 0.006930644695472062 0.46557778281127815 0.006908033187354655 0.36025033443254845 8.537553767866589 30.798443995606604 34.748765636737474 6.351956714492348 41.21942350353265 131.24902507065974 123.1534433522852 92.19764143043845 0.0 0.0 0.24630688670456816 0.18408702806834001 8.537553767866589 30.798443995606604 34.748765636737474 6.351956714492348 
498.0003852552476 0.0 32.83075621150722 0.0 16.74824126165784 0.006930644695472063 0.46778842401507137 0.006908033187354655 0.36246097563634966 8.53395813691328 30.737976619538454 34.80419040373501 6.354467845681903 41.21942350353265 131.90661558327872 123.1534433522852 93.20622443616351 0.0 0.0 0.24630688670456816 0.18629766927213876 8.53395813691328 30.737976619538454 34.80419040373501 6.354467845681903 
500.00038525524747 0.0 32.78103413152082 0.0 16.683966311365854 0.006930644695472063 0.4698302312995547 0.0069080331873546535 0.36450278292083305 8.607445303440887 30.75496346232181 34.841655860805105 6.364255904688318 41.21942350353265 132.39824057568475 123.1534433522852 94.1984335389454 0.0 0.0 0.24630688670456816 0.18833947655662286 8.607445303440887 30.75496346232181 34.841655860805105 6.364255904688318 
#####################################################################
# End of data export. Simulation finished at: 2019-02-19T16:54+0000 #
#####################################################################
