#####################################################################
# Alchemist log file - simulation started at: 2019-09-24T18:57+0000 #
#####################################################################
# seed = 75.0, stage_width = 500
#
# The columns have the following meaning: 
# time rep-bcast[Sum] rep-ccast[Sum] share-bcast[Sum] share-ccast[Sum] rep-bcast-single[Sum] rep-ccast-single[Sum] share-bcast-single[Sum] share-ccast-single[Sum] 
0.0 NaN NaN NaN NaN NaN NaN NaN NaN 
1.0000644067002498 NaN NaN NaN NaN NaN NaN NaN NaN 
2.0000644067002495 NaN NaN 0.819707359417637 NaN NaN NaN 0.819707359417637 0.4973758857854851 
3.0000644067002504 NaN NaN 0.5635407100843135 NaN NaN NaN 0.5635407100843135 0.4973758857854851 
4.000064406700251 NaN NaN 1.4904296694679673 2.304238295259881 NaN NaN 1.4904296694679673 2.304238295259881 
5.000064406700252 NaN NaN 1.2360029355866908 1.506115704884436 NaN NaN 1.2360029355866908 1.506115704884436 
6.000064406700253 NaN NaN 0.670932129227662 1.506115704884436 NaN NaN 0.670932129227662 1.506115704884436 
7.000064406700254 6.04145762248621 NaN 1.7278290029306849 1.8758107886762287 6.04145762248621 NaN 1.7278290029306849 1.8758107886762287 
8.000064406700254 6.966421907772781 NaN 1.345877656663025 1.1158055142498675 6.966421907772781 7.349517818540404 1.345877656663025 1.1158055142498675 
9.00006440670025 7.78129654592176 NaN 0.6240334091856816 2.2797732944867892 7.78129654592176 7.5015235575553625 0.6240334091856816 2.2797732944867892 
10.000064406700247 8.098708353131787 NaN 1.0945606813619104 2.2797732944867892 8.098708353131787 7.5015235575553625 1.0945606813619104 2.2797732944867892 
11.000064406700243 8.600754324551767 NaN 1.5966066527818903 2.1904481154696818 8.600754324551767 8.091120706104006 1.5966066527818903 1.3177034705102368 
12.00006440670024 7.63124278836172 NaN 0.7834437816477973 1.8047371995801225 7.63124278836172 6.235968049131845 0.7834437816477973 1.8047371995801225 
13.000064406700236 8.816369113343232 NaN 1.9685701066293095 1.8047371995801225 8.816369113343232 6.235968049131845 1.9685701066293095 1.8047371995801225 
14.000064406700233 8.541739728253525 NaN 1.6348395498940178 1.7334580394232066 8.541739728253525 6.873075730135926 1.6348395498940178 1.7334580394232066 
15.00006440670023 9.383287891722265 NaN 1.2082700288153454 2.84965729487954 9.383287891722265 7.989274985592259 1.2082700288153454 2.84965729487954 
16.000057688008084 7.51637745564784 7.422261707112781 1.068794854465139 4.448369809995302 7.51637745564784 7.422261707112781 1.068794854465139 4.448369809995302 
17.000064406700222 7.985206490358667 7.422261707112781 1.102879154297126 4.448369809995302 7.985206490358667 7.422261707112781 1.102879154297126 4.448369809995302 
18.00006440670022 9.119085803435429 7.4650402957808915 0.9352194120943587 1.0764404582041145 9.119085803435429 7.4650402957808915 0.9352194120943587 1.0764404582041145 
19.000064406700215 7.148257689446563 7.4650402957808915 1.863689179047526 1.0764404582041145 7.148257689446563 7.4650402957808915 1.863689179047526 1.0764404582041145 
20.00001672784942 7.7312038868311745 8.56577413363403 1.5688548192104257 2.1771742960572524 7.7312038868311745 8.56577413363403 1.5688548192104257 2.1771742960572524 
21.000064406700208 7.5679819102305785 7.721715274861015 1.5730166893041044 0.7102973581355592 7.5679819102305785 7.721715274861015 1.5730166893041044 1.2932435555201707 
22.000028597780638 8.538394535432055 8.560915698304104 0.525810551569645 1.5494977815786477 8.538394535432055 8.560915698304104 0.525810551569645 2.132443978963259 
23.00005936926959 8.642527073691834 7.094236975426437 1.746142345285758 1.7112491751173309 8.642527073691834 7.094236975426437 1.746142345285758 1.7112491751173309 
24.000064406700197 8.642527073691834 7.493049009269193 1.746142345285758 2.065140828317549 8.642527073691834 7.493049009269193 1.746142345285758 2.065140828317549 
25.000064406700194 6.9955765301775905 8.365868450282605 1.286272549501323 2.9379602693309614 6.9955765301775905 8.365868450282605 1.286272549501323 2.9379602693309614 
26.00006440670019 7.531370396434603 6.986817834592387 0.9492469747449235 1.7266209126320007 7.531370396434603 6.986817834592387 0.9492469747449235 4.328563304059482 
27.000064406700186 8.255695033378618 6.986817834592387 1.0420535084294293 1.7266209126320007 8.255695033378618 6.986817834592387 1.0420535084294293 4.328563304059482 
28.000064406700183 7.7483600329946185 8.447831204978865 0.9367416801530872 0.7422389983064548 7.7483600329946185 8.447831204978865 0.9367416801530872 0.7422389983064548 
29.00006440670018 8.508833800101463 8.447831204978865 0.7712999532581577 0.7422389983064548 8.508833800101463 8.447831204978865 0.7712999532581577 0.7422389983064548 
30.000064406700176 7.644478197371473 8.4023943582072 0.9533330142816041 1.048632675023839 7.644478197371473 8.4023943582072 0.9533330142816041 1.048632675023839 
31.000064406700172 8.586136326205786 10.295501481012835 1.8949911431159165 2.9417397978294737 8.586136326205786 10.295501481012835 1.8949911431159165 2.9417397978294737 
32.00006440670017 7.456629447230888 10.295501481012835 1.069500860750491 2.9417397978294737 7.456629447230888 10.295501481012835 1.069500860750491 2.9417397978294737 
33.00000582653576 7.456629447230888 10.473871683412376 1.069500860750491 1.1468988072907358 7.456629447230888 10.473871683412376 1.069500860750491 1.1468988072907358 
34.0000644067002 7.884224885915504 8.093584592218388 1.7389165065626102 1.5862021197324232 7.884224885915504 8.093584592218388 1.7389165065626102 1.5862021197324232 
35.00006440670021 8.787234117656066 7.766092035752134 1.1350055854212755 1.8750667204277462 8.787234117656066 7.766092035752134 1.1350055854212755 1.183587719301265 
36.000064406700226 7.780904201197924 7.766092035752134 2.172635236734223 1.8750667204277462 7.780904201197924 7.766092035752134 2.172635236734223 1.183587719301265 
37.00006440670024 7.888631599743665 8.488667584115593 1.9242374234731372 0.7185895690689819 7.888631599743665 8.488667584115593 1.9242374234731372 0.7185895690689819 
38.000064406700254 7.419898937730103 7.4940543251532326 1.2045262234746374 1.7259419994120648 7.419898937730103 7.4940543251532326 1.2045262234746374 1.7259419994120648 
39.00006440670027 7.831507744790635 8.64486473253206 1.2772275281614327 0.953636614247273 7.831507744790635 8.64486473253206 1.2772275281614327 0.953636614247273 
40.00006440670028 8.60149115550226 8.891035957734477 0.8964005314942298 1.0614122332541243 8.60149115550226 8.891035957734477 0.8964005314942298 1.0614122332541243 
41.0000644067003 8.340560227605224 7.892944982139923 0.5964230771614822 1.4876741596748104 8.340560227605224 7.892944982139923 0.5964230771614822 1.4876741596748104 
42.00006440670031 8.325302407038706 7.892944982139923 0.8918400723445501 1.4876741596748104 8.325302407038706 7.892944982139923 0.8918400723445501 1.4876741596748104 
43.000064406700325 8.53503203462251 8.250898926714662 1.1015696999283549 0.8508724775134269 8.53503203462251 8.250898926714662 1.1015696999283549 1.0606021050972316 
44.00006440670034 7.0760729710724135 6.993900214728981 0.5813932647396811 1.7986896765615867 7.0760729710724135 6.993900214728981 0.5813932647396811 2.0084193041453915 
45.00006440670035 7.0910826265716125 7.4641065296372915 1.603755350581963 0.836630249216789 7.0910826265716125 7.4641065296372915 1.603755350581963 0.836630249216789 
46.00006440670037 8.271402721675173 6.867086138910622 1.3660519317290536 2.0755931263427243 8.271402721675173 6.867086138910622 1.3660519317290536 2.0755931263427243 
47.00006440670038 7.959316637610868 7.135182434064362 0.965813377917641 0.9109906512622459 7.959316637610868 7.135182434064362 0.965813377917641 0.9109906512622459 
48.000064406700396 8.528157730098897 8.061555378052255 1.5346544704056697 1.8373635952501388 8.528157730098897 8.061555378052255 1.5346544704056697 1.8373635952501388 
49.00006440670041 8.275603573646627 8.164629314613002 1.4318499621247653 2.828289431514868 8.275603573646627 8.164629314613002 1.4318499621247653 2.828289431514868 
50.000064406700425 8.565430878564001 7.8726709558308485 1.0006238239218277 1.685152791661082 8.565430878564001 7.8726709558308485 1.0006238239218277 1.685152791661082 
51.00006440670044 6.577780155254715 8.768514935417443 1.9132324771024827 1.0949241291979916 6.577780155254715 8.768514935417443 1.9132324771024827 1.0949241291979916 
52.00006440670045 7.57087828709988 7.344459271995575 0.810782655827829 2.3352259214553186 7.57087828709988 7.344459271995575 0.810782655827829 2.3352259214553186 
53.00006440670047 7.090915238612183 6.325916920029101 0.7996870071170505 3.335727987906928 7.090915238612183 6.325916920029101 0.7996870071170505 3.335727987906928 
54.00002736354011 6.15052568651798 7.327500310144501 1.8237501048761047 4.337311378022328 6.15052568651798 7.327500310144501 1.8237501048761047 4.337311378022328 
55.000064406700496 6.598395522771916 7.452598277044906 1.2711178746784313 NaN 6.598395522771916 7.452598277044906 1.2711178746784313 NaN 
56.00006440670051 5.930909480381139 8.562185531035148 1.0987391925817747 1.533991828815644 5.930909480381139 8.562185531035148 1.0987391925817747 1.533991828815644 
57.000064406700524 7.150069896474392 7.122769523097837 1.2083123546847858 0.9927798931053005 7.150069896474392 7.122769523097837 1.2083123546847858 0.9927798931053005 
58.00006440670054 7.208309542012039 8.198908780781991 1.1804641481121934 0.8497587346962021 7.208309542012039 8.198908780781991 1.1804641481121934 2.068919150789455 
59.00006440670055 8.165361309560033 8.8076107060717 1.0613766579760338 1.45846065998591 8.165361309560033 8.8076107060717 1.0613766579760338 1.45846065998591 
60.00006440670057 9.110657355962708 6.770637399118222 1.3979707790890004 1.6023166564805607 9.110657355962708 6.770637399118222 1.3979707790890004 1.6023166564805607 
61.00006440670058 7.472009575488059 6.542768399789367 0.9021872357043961 1.4414589873627648 7.472009575488059 6.542768399789367 0.9021872357043961 1.4414589873627648 
62.000064406700595 7.598725401852789 6.216903594215644 1.234292353754327 1.6156161304958587 7.598725401852789 6.216903594215644 1.234292353754327 1.6156161304958587 
63.00006440670061 7.79198216703827 7.00144822038623 1.0020349887924738 2.4001607566664447 7.79198216703827 7.00144822038623 1.0020349887924738 2.4001607566664447 
64.00000642984979 7.6402969299630925 7.564150909163317 1.1753923795369516 0.8709079347068212 7.6402969299630925 7.564150909163317 1.1753923795369516 0.8709079347068212 
65.00006440670063 7.427178952145603 7.868499318601614 0.8558079360875865 2.3944167602383715 7.427178952145603 7.868499318601614 0.8558079360875865 2.3944167602383715 
66.00006440670064 7.720220257103804 7.879474754454328 2.2249884987299424 3.3594758212153266 7.720220257103804 7.879474754454328 2.2249884987299424 3.3594758212153266 
67.00006440670066 7.409924530256518 7.176702832889582 1.1327664322827502 1.4631552801644858 7.409924530256518 7.176702832889582 1.1327664322827502 4.559051713601249 
68.00006440670067 7.541483983774576 7.176702832889582 0.8609440918450844 1.4631552801644858 7.541483983774576 7.176702832889582 0.8609440918450844 4.559051713601249 
69.00006440670069 7.350148411199271 7.913262921308593 1.7890617088055478 1.4055256267564715 7.350148411199271 7.913262921308593 1.7890617088055478 2.8018714468177848 
70.0000644067007 8.226423577933929 8.045881731875532 1.3266207088869066 1.7386901018552834 8.226423577933929 8.045881731875532 1.3266207088869066 0.8105724848948199 
71.00006440670072 7.455815827103436 8.045881731875532 1.1680378545086398 1.7386901018552834 7.455815827103436 8.045881731875532 1.1680378545086398 0.8105724848948199 
72.00006440670073 8.217182959080375 7.783398672996775 1.9294049864855793 2.3931872675050414 8.217182959080375 7.783398672996775 1.9294049864855793 1.5169121007703836 
73.00006440670074 7.5467944733818655 6.543517042160332 1.1999105437083983 2.015760525383129 7.5467944733818655 6.543517042160332 1.1999105437083983 1.2543933934061897 
74.00001848875019 7.506465292391852 6.543517042160332 2.1246404236953396 2.015760525383129 7.506465292391852 6.543517042160332 2.1246404236953396 1.2543933934061897 
75.00006440670077 8.853802050249001 7.188903528503914 0.5321320894623369 1.739934548381754 8.853802050249001 7.188903528503914 0.5321320894623369 1.739934548381754 
76.00006440670079 7.336880261141459 6.994816946135799 1.5535023593940167 1.1296524970782684 7.336880261141459 6.994816946135799 1.5535023593940167 1.1296524970782684 
77.0000644067008 8.377967450071424 8.126940952403118 0.9328049617833756 1.240406233413907 8.377967450071424 8.126940952403118 0.9328049617833756 1.240406233413907 
78.00006440670082 8.386757430538736 8.126940952403118 1.0703889630304388 1.240406233413907 8.386757430538736 8.126940952403118 1.0703889630304388 1.240406233413907 
79.00006440670083 8.896838532156508 7.323965769018784 1.5804700646482104 1.374954200503069 8.896838532156508 7.323965769018784 1.5804700646482104 1.374954200503069 
80.00006440670084 6.913969955074407 7.800673588790204 1.605764711438752 0.8332400431192752 6.913969955074407 7.800673588790204 1.605764711438752 0.8332400431192752 
81.00006440670086 NaN NaN NaN NaN NaN NaN NaN NaN 
82.00006440670087 NaN NaN NaN NaN NaN NaN NaN NaN 
83.00006440670089 NaN NaN 1.2296881759919671 NaN NaN NaN 1.2296881759919671 1.625357339169014 
84.0000644067009 NaN NaN 1.2739967528756182 NaN NaN NaN 1.2739967528756182 1.560453440535852 
85.00003307415356 NaN NaN 0.9256592730269944 1.5895991231511317 NaN NaN 0.9256592730269944 1.5895991231511317 
86.00006440670093 NaN NaN 0.8865907801344264 1.0400712771003526 NaN NaN 0.8865907801344264 1.0400712771003526 
87.00006440670094 NaN NaN 1.1927881810108119 0.6467921352333121 NaN NaN 1.1927881810108119 0.6467921352333121 
88.00006440670096 NaN NaN 1.1927881810108119 1.2878117118840606 NaN NaN 1.1927881810108119 1.2878117118840606 
89.00006440670097 6.832490784092485 NaN 0.6115945523739157 1.980274777235067 6.832490784092485 8.780772344380537 0.6115945523739157 1.980274777235067 
90.00006440670099 6.832490784092485 NaN 0.6115945523739157 0.9606166988257172 6.832490784092485 8.490597941020013 0.6115945523739157 2.97801178195283 
91.00004975403844 7.2874562690630285 NaN 1.4199526719297921 1.8783825605083848 7.2874562690630285 6.527961202433417 1.4199526719297921 1.8783825605083848 
92.00006440670101 6.288453249073825 NaN 1.3589416421823728 2.3685292072405275 6.288453249073825 7.01810784916556 1.3589416421823728 2.3685292072405275 
93.00006440670103 6.241840995178563 NaN 1.4377997952400392 0.9435272153934875 6.241840995178563 7.513340097639855 1.4377997952400392 1.880253190363831 
94.00006440670104 6.241840995178563 NaN 1.4377997952400392 0.47074631521815036 6.241840995178563 7.359379445630026 1.4377997952400392 0.47074631521815036 
95.00006440670106 7.649735282039856 NaN 0.9371479716431423 1.938239069378099 7.649735282039856 8.826872199789975 0.9371479716431423 1.938239069378099 
96.00006440670107 6.894831110313888 NaN 2.006161240241255 1.584218133989907 6.894831110313888 7.331160119524711 2.006161240241255 2.9921124208511998 
97.00006440670109 7.18721612130102 NaN 1.4055277435503086 1.1941775215387906 7.18721612130102 8.010132775671707 1.4055277435503086 1.1941775215387906 
98.0000644067011 6.34199739279552 NaN 1.421938529972138 2.069799328960187 6.34199739279552 6.9702035208624125 1.421938529972138 1.2029400714911844 
99.00006440670111 7.6886081783121085 NaN 1.2139548519203345 2.9867329407256875 7.6886081783121085 7.887137132627913 1.2139548519203345 2.119873683256685 
100.00006440670113 7.451096543828129 NaN 1.4442126015640468 4.484916420728737 7.451096543828129 6.961823976188143 1.4442126015640468 3.618057163259735 
101.00006440670114 8.579728520647691 NaN 1.0746610983805596 2.020830606495764 8.579728520647691 7.781492342835691 1.0746610983805596 2.020830606495764 
102.00006440670116 8.579728520647691 NaN 1.0746610983805596 1.2651002790682924 8.579728520647691 6.824677798177589 1.0746610983805596 1.2651002790682924 
103.00006440670117 6.318983343459877 NaN 0.7088761134432673 2.015218420147008 6.318983343459877 7.574795939256305 0.7088761134432673 0.7406077304046335 
104.00005649793606 6.979524240010576 NaN 0.5989058222930623 1.9266499945157989 6.979524240010576 6.823694808003538 0.5989058222930623 1.9266499945157989 
105.0000644067012 7.089567075538639 NaN 1.5845704652425212 1.3555680424730525 7.089567075538639 7.592126408658487 1.5845704652425212 1.3555680424730525 
106.00006440670121 6.134190899321197 NaN 1.234288275375988 0.5202738267328755 6.134190899321197 7.231646124595812 1.234288275375988 0.5202738267328755 
107.00006440670123 7.329963496046119 NaN 0.6754987699920463 1.263045227995903 7.329963496046119 7.97441752585884 0.6754987699920463 1.263045227995903 
108.00006440670124 7.351368103073938 7.813809642251385 0.5781128170633139 2.2496287057976616 7.351368103073938 7.813809642251385 0.5781128170633139 2.2496287057976616 
109.00006440670126 7.692315634587942 8.12475272413127 1.5728725454552261 3.6892037644971083 7.692315634587942 8.12475272413127 1.5728725454552261 2.4934311677721865 
110.00006299118924 7.891153350502762 9.126590184406822 1.0315009054397848 0.8685399735197734 7.891153350502762 9.126590184406822 1.0315009054397848 0.8685399735197734 
111.00006440670128 7.891153350502762 10.181938088827806 1.0315009054397848 1.0256844592567518 7.891153350502762 10.181938088827806 1.0315009054397848 1.0256844592567518 
112.0000644067013 7.361459385116916 7.206832055040351 1.4361298849682669 1.650367310858826 7.361459385116916 7.206832055040351 1.4361298849682669 1.650367310858826 
113.00006440670131 7.739322443081747 8.30187116404933 0.9023937875649892 2.7454064198678054 7.739322443081747 8.30187116404933 0.9023937875649892 2.7454064198678054 
114.00006440670133 7.323269885290273 9.040810586787671 1.1202040234814774 3.484345842606146 7.323269885290273 9.040810586787671 1.1202040234814774 3.484345842606146 
115.00006440670134 7.279254167692926 7.875859836476238 1.3238323609475486 1.1307027682492787 7.279254167692926 7.875859836476238 1.3238323609475486 1.1307027682492787 
116.00006440670136 8.283611895093912 6.635454503681672 2.328190088348535 1.8716406416483835 8.283611895093912 6.635454503681672 2.328190088348535 1.8716406416483835 
117.00006440670137 9.4031695283401 7.893417618066124 1.1948424792032029 1.1826782684274377 9.4031695283401 7.893417618066124 1.1948424792032029 1.1826782684274377 
118.00000740869842 6.844877582817176 7.893417618066124 0.8753478426918093 1.1826782684274377 6.844877582817176 7.893417618066124 0.8753478426918093 1.1826782684274377 
119.0000644067014 6.844877582817176 9.996949830662857 0.8753478426918093 1.2281843699049233 6.844877582817176 9.996949830662857 0.8753478426918093 1.2281843699049233 
120.00006440670141 7.575209614513923 7.4909197041236695 1.0713695590641663 0.8181038771747353 7.575209614513923 7.4909197041236695 1.0713695590641663 0.8181038771747353 
121.00006440670143 8.563689401295406 7.4909197041236695 1.1153103001753806 0.8181038771747353 8.563689401295406 7.4909197041236695 1.1153103001753806 0.8181038771747353 
122.00006440670144 8.916688245648118 9.021065429577803 1.6184138629684384 1.359769815847386 8.916688245648118 9.021065429577803 1.6184138629684384 1.359769815847386 
123.00006440670145 7.124488284783411 8.936158400112063 1.287912841779459 2.5877121313071143 7.124488284783411 8.936158400112063 1.287912841779459 2.5877121313071143 
124.00006440670147 8.146050786304045 10.072418467285885 1.081533027840365 3.7239721984809364 8.146050786304045 10.072418467285885 1.081533027840365 3.7239721984809364 
125.00006440670148 8.146050786304045 7.622618353802608 1.081533027840365 0.6714100467017659 8.146050786304045 7.622618353802608 1.081533027840365 4.340655205849245 
126.0000644067015 7.317482507266561 8.728086217240175 0.9169779555716673 1.7768779101393335 7.317482507266561 8.728086217240175 0.9169779555716673 1.7768779101393335 
127.00006440670151 7.5782654545039065 8.587248223040945 0.5781718295596505 0.9861203915397283 7.5782654545039065 8.587248223040945 0.5781718295596505 0.9861203915397283 
128.0000644067015 6.761939760392792 8.123584770018837 0.6252017130745031 1.08877977450571 6.761939760392792 8.123584770018837 0.6252017130745031 1.08877977450571 
129.00006440670145 7.442361251604453 9.118485373593487 0.6721254806398349 1.3080802042917128 7.442361251604453 9.118485373593487 0.6721254806398349 1.3080802042917128 
130.0000644067014 8.467132027653363 9.44586510806947 1.6968962566887456 1.6855584117576115 8.467132027653363 9.44586510806947 1.6968962566887456 1.6855584117576115 
131.00006440670134 8.467132027653363 8.182352319532015 1.6968962566887456 1.0031331336581104 8.467132027653363 8.182352319532015 1.6968962566887456 1.0031331336581104 
132.00006440670128 7.358635248923193 8.182352319532015 0.9743836013482223 1.0031331336581104 7.358635248923193 8.182352319532015 0.9743836013482223 1.0031331336581104 
133.00006440670123 6.966728933189515 9.356735272150217 1.5828170253174676 0.9218104823729334 6.966728933189515 9.356735272150217 1.5828170253174676 0.9218104823729334 
134.00006440670117 7.38695705837894 7.343823633525929 1.6262926815625178 0.9772968397812463 7.38695705837894 7.343823633525929 1.6262926815625178 0.9772968397812463 
135.0000644067011 7.05112907256887 8.254450204679799 0.7960852135486505 0.6700648020718631 7.05112907256887 8.254450204679799 0.7960852135486505 0.6700648020718631 
136.00006440670106 5.7863700855527895 8.460926730417924 0.9314597802108153 1.096618057131991 5.7863700855527895 8.460926730417924 0.9314597802108153 1.096618057131991 
137.000064406701 7.236139644249789 9.345277779033779 1.3991526393810432 0.9349679679318115 7.236139644249789 9.345277779033779 1.3991526393810432 0.9349679679318115 
138.00006440670094 7.546680599753813 9.311334682055318 1.4877012842556496 1.8394061847449166 7.546680599753813 9.311334682055318 1.4877012842556496 1.8394061847449166 
139.0000644067009 7.648305719317477 9.497563650513797 1.4066993181091618 3.067459524343377 7.648305719317477 9.497563650513797 1.4066993181091618 1.6176899656463775 
140.00006440670083 7.648305719317477 8.386923126702499 1.4066993181091618 1.8146261282969078 7.648305719317477 8.386923126702499 1.4066993181091618 1.8146261282969078 
141.00006440670077 8.24622536091411 6.67542564447848 1.9509485727255367 2.6512318100083405 8.24622536091411 6.67542564447848 1.9509485727255367 2.6512318100083405 
142.00006440670072 6.953057748320276 8.131948463973998 0.9476969059136593 4.107754629503859 6.953057748320276 8.131948463973998 0.9476969059136593 4.107754629503859 
143.00006440670066 7.119534333387293 8.205400099192843 0.6397273710119293 1.1378009932673478 7.119534333387293 8.205400099192843 0.6397273710119293 1.1378009932673478 
144.0000644067006 7.40081512770783 8.983922888126529 1.1763841342628325 1.916323782201033 7.40081512770783 8.983922888126529 1.1763841342628325 1.916323782201033 
145.00006440670055 8.729122966241732 8.978966815323247 0.6851241188502968 2.957368847213786 8.729122966241732 8.978966815323247 0.6851241188502968 2.957368847213786 
146.0000644067005 8.729122966241732 7.608034932043324 0.6851241188502968 1.694921088591144 8.729122966241732 7.608034932043324 0.6851241188502968 1.694921088591144 
147.00006440670043 7.761574853721271 8.661999289619644 0.7983301938338627 1.420577607633561 7.761574853721271 8.661999289619644 0.7983301938338627 1.420577607633561 
148.00006440670037 8.769815022041655 9.858333247017924 0.7526060045779275 1.4519681211407374 8.769815022041655 9.858333247017924 0.7526060045779275 1.4519681211407374 
149.00004008665627 7.120868521379123 7.95794577741276 0.6893722429973081 2.147319496417026 7.120868521379123 7.95794577741276 0.6893722429973081 2.147319496417026 
150.00006440670026 7.246961885167309 8.21230459419985 1.4300069720624435 1.2635278201066171 7.246961885167309 8.21230459419985 1.4300069720624435 1.2635278201066171 
151.0000644067002 7.663331730574384 7.318995423128456 1.3673509185755677 2.6844037765654036 7.663331730574384 7.318995423128456 1.3673509185755677 2.6844037765654036 
152.00006440670015 7.663331730574384 7.318995423128456 1.3673509185755677 2.6844037765654036 7.663331730574384 7.318995423128456 1.3673509185755677 2.6844037765654036 
153.00004640636502 7.710816150464979 7.7651724146348045 1.0350044470201283 0.7394803830201226 7.710816150464979 7.7651724146348045 1.0350044470201283 0.7394803830201226 
154.00006440670003 7.820387761926696 8.307505058320515 1.1188232728853507 1.2818130267058336 7.820387761926696 8.307505058320515 1.1188232728853507 1.2818130267058336 
155.00006440669998 7.266227402354929 7.586241168429751 1.035287347456574 1.572423768657302 7.266227402354929 7.586241168429751 1.035287347456574 1.572423768657302 
156.00006440669992 6.4199837536775135 8.439271886360842 0.7072748934778019 1.2696630927952413 6.4199837536775135 8.439271886360842 0.7072748934778019 1.2696630927952413 
157.00006440669986 7.316143139917074 8.374225748297505 0.7504035617862712 1.213809882207613 7.316143139917074 8.374225748297505 0.7504035617862712 1.213809882207613 
158.0000644066998 6.846986680612531 8.374225748297505 0.5915340970856278 1.213809882207613 6.846986680612531 8.374225748297505 0.5915340970856278 1.213809882207613 
159.00006440669975 7.614068016183182 8.311099164954527 1.3586154326562792 1.690510016966499 7.614068016183182 8.311099164954527 1.3586154326562792 0.7813254239128185 
160.0000644066997 6.738449685758553 8.935207393074847 1.4502530230682567 1.8332449508032482 6.738449685758553 8.935207393074847 1.4502530230682567 1.8332449508032482 
161.00006440669964 7.786984676865018 7.412081638199254 1.4028733965409685 2.559957661200258 7.786984676865018 7.412081638199254 1.4028733965409685 2.559957661200258 
162.00006440669958 8.014118886710321 8.811003778531415 1.4492540052446543 1.4458476990155305 8.014118886710321 8.811003778531415 1.4492540052446543 1.4458476990155305 
163.00005526456948 8.807130917933733 5.600553653046234 0.5773583583431048 1.5509733614276797 8.807130917933733 5.600553653046234 0.5773583583431048 1.5509733614276797 
164.0000258559202 8.525216994062333 6.316667915290196 1.2866369841882204 2.2670876236716424 8.525216994062333 6.316667915290196 1.2866369841882204 2.2670876236716424 
165.0000644066994 8.040254984106355 7.063729532098108 1.1320529717305305 1.0511314108068177 8.040254984106355 7.063729532098108 1.1320529717305305 1.0511314108068177 
166.00006440669935 9.078162659740087 8.614310431047215 1.4228990305563514 2.601712309755925 9.078162659740087 8.614310431047215 1.4228990305563514 2.601712309755925 
167.0000644066993 7.128972014438091 7.420260238574514 1.114987869764775 1.1652101229011294 7.128972014438091 7.420260238574514 1.114987869764775 3.6392405642642984 
168.00006440669924 6.292795349200247 8.340784940682624 0.9061906281435199 0.8430650868517091 6.292795349200247 8.340784940682624 0.9061906281435199 0.8430650868517091 
169.00006440669918 6.292795349200247 7.659402859460755 0.9061906281435199 1.1509538373802002 6.292795349200247 7.659402859460755 0.9061906281435199 1.1509538373802002 
170.00006440669912 7.099225832690337 7.659402859460755 1.2528235821297073 1.1509538373802002 7.099225832690337 7.659402859460755 1.2528235821297073 1.1509538373802002 
171.00006440669907 7.446815297172918 8.79984048391131 1.338385799139843 1.81724583695987 7.446815297172918 8.79984048391131 1.338385799139843 1.81724583695987 
172.000064406699 7.858362178611145 9.64190146860588 0.5325972871480644 1.4371248412286945 7.858362178611145 9.64190146860588 0.5325972871480644 1.4371248412286945 
173.00006440669895 7.078139489969175 10.302100925022728 0.5736239422862184 0.9696631539633529 7.078139489969175 10.302100925022728 0.5736239422862184 0.9696631539633529 
174.0000644066989 7.858826657625201 8.676994430159311 1.3543111099422447 1.9506852232786969 7.858826657625201 8.676994430159311 1.3543111099422447 1.9506852232786969 
175.00006440669884 8.572594740256193 7.335580039879943 1.06118985412337 2.889848246790592 8.572594740256193 7.335580039879943 1.06118985412337 2.889848246790592 
176.00006440669878 7.651819600922437 7.783853356734795 1.1593046478942028 4.166852576532563 7.651819600922437 7.783853356734795 1.1593046478942028 2.503077769043813 
177.00006440669873 9.074537720945926 7.855253606078435 1.305018438175722 2.4935354045684335 9.074537720945926 7.855253606078435 1.305018438175722 2.4935354045684335 
178.00006440669867 7.7873781894348895 7.855253606078435 0.9982233817443671 2.4935354045684335 7.7873781894348895 7.855253606078435 0.9982233817443671 2.4935354045684335 
179.00001023878974 8.089127943670945 8.981041708055074 1.299973135980423 1.1593275692388545 8.089127943670945 8.981041708055074 1.299973135980423 1.1593275692388545 
180.00006440669856 7.754197595441042 8.470951829491497 1.4324627090404078 1.6655682115405739 7.754197595441042 8.470951829491497 1.4324627090404078 1.6655682115405739 
181.00002571613555 8.064684447472843 8.655132114786312 0.5633957719446983 1.4745584616314886 8.064684447472843 8.655132114786312 0.5633957719446983 1.4745584616314886 
182.00006440669844 8.358734636918655 8.88503675384618 0.7712001055783162 1.514463959898734 8.358734636918655 8.88503675384618 0.7712001055783162 2.4851502683473825 
183.00006440669839 6.354288382418076 9.710417768796788 1.603761700710436 1.0647727160881857 6.354288382418076 9.710417768796788 1.603761700710436 1.0647727160881857 
184.00006440669833 7.095143420007815 9.257533653487087 1.3340249315842811 1.1274272755596826 7.095143420007815 9.257533653487087 1.3340249315842811 1.1274272755596826 
185.00006440669827 7.292227972238294 9.076989115393417 1.4234458779232568 1.2433055171590013 7.292227972238294 9.076989115393417 1.4234458779232568 1.2433055171590013 
186.00006440669821 7.016402643943451 7.960275700043354 1.3781924970014359 0.8163083358676317 7.016402643943451 7.960275700043354 1.3781924970014359 2.581073070839011 
187.00006440669816 7.967357178028152 7.960275700043354 1.0727503868389192 0.8163083358676317 7.967357178028152 7.960275700043354 1.0727503868389192 2.581073070839011 
188.0000644066981 8.69351587800793 7.647756850182304 1.7989090868186963 1.0369863486286874 8.69351587800793 7.647756850182304 1.7989090868186963 1.0369863486286874 
189.00006440669804 8.69351587800793 7.1610479928713175 1.7989090868186963 1.2076492024917513 8.69351587800793 7.1610479928713175 1.7989090868186963 1.2076492024917513 
190.000064406698 6.4253874177109935 7.3073862634110185 0.9912497099432187 2.186549068163572 6.4253874177109935 7.3073862634110185 0.9912497099432187 2.186549068163572 
191.00006440669793 7.409151790696768 7.3073862634110185 1.3128765139136362 2.186549068163572 7.409151790696768 7.3073862634110185 1.3128765139136362 2.186549068163572 
192.00006440669787 7.423127074337202 7.726340113499418 1.2431680864858663 1.809596612422098 7.423127074337202 7.726340113499418 1.2431680864858663 0.8258322394363233 
193.00006440669782 8.032879425004893 8.042054910023097 1.549844828664476 1.1471575590055352 8.032879425004893 8.042054910023097 1.549844828664476 1.1471575590055352 
194.00006440669776 7.778446995081566 8.837062251399772 0.607655853231222 1.9421649003822097 7.778446995081566 8.837062251399772 0.607655853231222 1.9421649003822097 
195.0000644066977 6.224603617365204 7.965317304513235 1.3982331958099508 1.4807276639712939 6.224603617365204 7.965317304513235 1.3982331958099508 1.4807276639712939 
196.00006440669765 6.518958672846395 8.171515681073288 1.8043894546142667 1.4658190728306408 6.518958672846395 8.171515681073288 1.8043894546142667 1.4658190728306408 
197.0000644066976 7.2590467279175925 7.492282180398718 1.4760509770694341 2.258928272976732 7.2590467279175925 7.492282180398718 1.4760509770694341 2.258928272976732 
198.00006440669753 7.2590467279175925 7.376417330505461 1.4760509770694341 0.975535088747904 7.2590467279175925 7.376417330505461 1.4760509770694341 0.975535088747904 
199.00006440669748 7.076039880926771 8.269498203553468 1.3933543129501516 1.8686159617959106 7.076039880926771 8.269498203553468 1.3933543129501516 1.8686159617959106 
200.00006440669742 7.035422023311639 7.111098265537606 0.8222728170077573 1.584903213275311 7.035422023311639 7.111098265537606 0.8222728170077573 1.584903213275311 
201.00006440669736 NaN NaN NaN NaN NaN NaN NaN NaN 
202.0000644066973 NaN NaN 0.9546561364361423 NaN NaN NaN 0.9546561364361423 NaN 
203.00006440669725 NaN NaN 0.8072274668984676 NaN NaN NaN 0.8072274668984676 NaN 
204.0000644066972 NaN NaN 0.9720014300967819 NaN NaN NaN 0.9720014300967819 NaN 
205.00006440669713 NaN NaN 1.0822926866161424 NaN NaN NaN 1.0822926866161424 NaN 
206.00006440669708 NaN NaN 1.0822926866161424 0.7855834044792402 NaN NaN 1.0822926866161424 0.7855834044792402 
207.00006440669702 NaN NaN 1.501671127636257 1.8672980070308824 NaN NaN 1.501671127636257 1.8672980070308824 
208.00006440669696 NaN NaN 0.9494431153396192 0.6434229955922603 NaN NaN 0.9494431153396192 0.6434229955922603 
209.0000644066969 NaN NaN 0.9494431153396192 1.7763837844183854 NaN NaN 0.9494431153396192 1.7763837844183854 
210.00006440669685 9.445395929721911 NaN 0.909583582331976 1.7763837844183854 9.445395929721911 NaN 0.909583582331976 1.7763837844183854 
211.0000644066968 6.957895444985098 NaN 1.9431522155249752 1.2343315194082152 6.957895444985098 NaN 1.9431522155249752 1.2343315194082152 
212.00006440669674 7.937705917292448 NaN 1.5434225483506054 1.0125842588991247 7.937705917292448 NaN 1.5434225483506054 1.0125842588991247 
213.00006440669668 8.224317840805128 NaN 1.7034780091233301 1.0131199192086058 8.224317840805128 NaN 1.7034780091233301 1.0131199192086058 
214.00006440669662 8.224317840805128 NaN 1.7034780091233301 0.9091345179306529 8.224317840805128 NaN 1.7034780091233301 0.9091345179306529 
215.00006440669657 7.321569608077397 NaN 1.3203344652233682 1.8155595294788327 7.321569608077397 NaN 1.3203344652233682 1.8155595294788327 
216.0000644066965 8.070407917865168 NaN 1.017789208869658 0.6594766554100318 8.070407917865168 NaN 1.017789208869658 0.6594766554100318 
217.00006440669645 8.946904094729945 NaN 0.7620083727358633 0.6594766554100318 8.946904094729945 NaN 0.7620083727358633 0.6594766554100318 
218.0000644066964 8.949174065628512 NaN 0.6414507845251478 1.3702761520643207 8.949174065628512 NaN 0.6414507845251478 1.3702761520643207 
219.00006440669634 8.26985134333654 NaN 1.3416682017148958 1.8265598348470462 8.26985134333654 NaN 1.3416682017148958 1.8265598348470462 
220.00006440669628 8.214571853357654 NaN 0.9746890941740105 2.933594267039865 8.214571853357654 NaN 0.9746890941740105 2.933594267039865 
221.00006440669623 6.838045346390146 NaN 1.1037406820676665 1.1347328959417382 6.838045346390146 NaN 1.1037406820676665 1.1347328959417382 
222.00006440669617 6.838045346390146 NaN 1.1037406820676665 2.0950796470743853 6.838045346390146 NaN 1.1037406820676665 2.0950796470743853 
223.0000644066961 7.346909782883159 NaN 1.5166425721859298 2.0800406718043405 7.346909782883159 NaN 1.5166425721859298 2.0800406718043405 
224.00006440669605 6.661979030069659 NaN 1.0383833843573314 1.5872654647633055 6.661979030069659 NaN 1.0383833843573314 1.5872654647633055 
225.000064406696 7.454261560383912 NaN 0.9081516736714264 1.6716001766696422 7.454261560383912 NaN 0.9081516736714264 1.6716001766696422 
226.00006440669594 7.247624267609922 NaN 0.847032307180001 1.3422127874330556 7.247624267609922 NaN 0.847032307180001 1.3422127874330556 
227.00006440669588 7.909897745067411 NaN 1.5093057846374904 1.3422127874330556 7.909897745067411 NaN 1.5093057846374904 1.3422127874330556 
228.00006440669583 7.050357343092571 NaN 1.696084845038854 2.611596292249885 7.050357343092571 NaN 1.696084845038854 2.611596292249885 
229.00006440669577 8.326664700459759 NaN 0.6817832997535902 3.632821690085507 8.326664700459759 8.779614296647907 0.6817832997535902 3.632821690085507 
230.0000644066957 8.326664700459759 NaN 0.6817832997535902 4.728161387627637 8.326664700459759 8.638867974103562 0.6817832997535902 1.6898637551557272 
231.00006440669566 7.354487183518785 NaN 1.8909995787616936 5.477601543712325 7.354487183518785 9.38830813018825 1.8909995787616936 2.4393039112404153 
232.0000644066956 8.255638674189953 NaN 0.9473712158060437 1.11176328387225 8.255638674189953 7.4278670830337035 0.9473712158060437 1.11176328387225 
233.00006440669554 8.451826339339476 NaN 0.9080901129485994 1.3335098519876851 8.451826339339476 8.550765141820307 0.9080901129485994 1.3335098519876851 
234.0000644066955 8.328393661050853 NaN 0.8490213092383101 1.4029167709518333 8.328393661050853 7.158175392288882 0.8490213092383101 1.4029167709518333 
235.00006440669543 7.000596819261432 NaN 0.665601674891434 1.4029167709518333 7.000596819261432 7.158175392288882 0.665601674891434 1.4029167709518333 
236.00006440669537 8.032231481205429 NaN 1.6972363368354308 1.9075732245676704 8.032231481205429 8.726661100981033 1.6972363368354308 0.9028840338007171 
237.00006440669532 8.087507123081508 NaN 1.2052516678549807 0.9151664595288764 8.087507123081508 6.148116039263954 1.2052516678549807 0.9151664595288764 
238.00006440669526 9.195210714399337 NaN 1.2690381715006538 1.227658038726986 9.195210714399337 7.4241655830468005 1.2690381715006538 1.227658038726986 
239.0000644066952 7.628499511334894 NaN 1.3160972121603436 2.1060090138678333 7.628499511334894 8.302516558187648 1.3160972121603436 2.1060090138678333 
240.00006440669515 8.423382703131068 NaN 1.2326294288156703 2.0018098581290644 8.423382703131068 7.286167596945859 1.2326294288156703 2.0018098581290644 
241.0000644066951 8.278733701550578 NaN 1.2073740504427235 1.8279601023158705 8.278733701550578 7.484540245625851 1.2073740504427235 1.8279601023158705 
242.00006440669503 9.580945660779093 NaN 1.2473841059149322 1.8279601023158705 9.580945660779093 7.484540245625851 1.2473841059149322 1.8279601023158705 
243.00006440669497 7.561439044285947 NaN 1.9844720232277666 1.4669641482566078 7.561439044285947 7.891987349801923 1.9844720232277666 1.4669641482566078 
244.00006440669492 8.090214325812923 NaN 1.1011110098117172 1.200900170817988 8.090214325812923 8.928135331591818 1.1011110098117172 0.46381225350515365 
245.00006440669486 8.058583364934918 NaN 1.0772491548159735 1.2414216079750133 8.058583364934918 9.202885305644656 1.0772491548159735 1.2414216079750133 
246.0000644066948 7.416840450961388 NaN 1.3964651988962657 1.4564676824215326 7.416840450961388 7.22051878868686 1.3964651988962657 1.4564676824215326 
247.00006440669475 8.114880890365356 NaN 0.867173437059563 2.5913924975735085 8.114880890365356 7.944886031438273 0.867173437059563 2.5913924975735085 
248.0000644066947 7.97693106381783 NaN 1.732728046091097 1.2465482883927166 7.97693106381783 8.128799749942402 1.732728046091097 1.2465482883927166 
249.00006440669463 7.835452272419985 NaN 0.7397294329972794 1.5469897981780605 7.835452272419985 7.014334852324652 0.7397294329972794 1.5469897981780605 
250.00006440669458 7.7361080583555974 NaN 0.8865253950590386 1.5469897981780605 7.7361080583555974 7.014334852324652 0.8865253950590386 1.5469897981780605 
251.00006440669452 6.467113689582959 NaN 1.9600636440731307 1.1813195082378343 6.467113689582959 6.991812644404149 1.9600636440731307 1.1813195082378343 
252.0000417228909 7.251879143572211 NaN 1.501488107143075 2.509789461377295 7.251879143572211 8.32028259754361 1.501488107143075 2.509789461377295 
253.0000644066944 7.251879143572211 NaN 1.501488107143075 3.2799691116722727 7.251879143572211 9.090462247838587 1.501488107143075 3.2799691116722727 
254.00006440669435 9.448114498084522 NaN 1.5990738582209474 4.392170875696706 9.448114498084522 7.564777204991742 1.5990738582209474 4.392170875696706 
255.0000644066943 9.448114498084522 NaN 1.5990738582209474 NaN 9.448114498084522 5.9468054349555075 1.5990738582209474 NaN 
256.00006440669426 8.40769016576607 NaN 0.7423583875129793 NaN 8.40769016576607 6.71624618918338 0.7423583875129793 NaN 
257.0000644066942 8.185636511710015 NaN 0.7296608895293559 NaN 8.185636511710015 6.454387807994095 0.7296608895293559 NaN 
258.00006440669415 8.924013965195257 NaN 1.5831007621421236 NaN 8.924013965195257 7.6494528701559545 1.5831007621421236 NaN 
259.0000644066941 7.399397325544072 NaN 1.4352300043878472 NaN 7.399397325544072 7.6494528701559545 1.4352300043878472 NaN 
260.00006440669404 7.399397325544072 NaN 1.4352300043878472 2.0081753713886314 7.399397325544072 8.06974578344176 1.4352300043878472 2.0081753713886314 
261.000064406694 7.7032710493954255 NaN 1.01545221623428 1.6439046923161982 7.7032710493954255 9.12048480869555 1.01545221623428 1.6439046923161982 
262.0000644066939 7.428156842951978 NaN 0.9338343435188108 2.578217488116593 7.428156842951978 7.89409734355047 0.9338343435188108 2.578217488116593 
263.00006440669387 7.702741304020577 NaN 0.8486391881213535 2.098819975513834 7.702741304020577 9.0233177142444 0.8486391881213535 2.098819975513834 
264.0000644066938 8.55908164125438 NaN 1.7049795253551565 2.3214659022067394 8.55908164125438 8.198831019436852 1.7049795253551565 2.3214659022067394 
265.00006440669375 8.385816450095206 NaN 1.265001497062599 0.9979140735073884 8.385816450095206 6.410331457673067 1.265001497062599 0.9979140735073884 
266.0000644066937 8.212150221145066 NaN 0.9011532682345091 2.0748183765755357 8.212150221145066 7.487235760741214 0.9011532682345091 2.0748183765755357 
267.00002952529235 6.757236933225101 NaN 0.9139058648000855 2.0748183765755357 6.757236933225101 7.487235760741214 0.9139058648000855 2.0748183765755357 
268.0000644066936 7.81014965951681 NaN 1.9668185910917941 3.4695584926920446 7.81014965951681 8.347411367707366 1.9668185910917941 3.4695584926920446 
269.0000644066935 6.361525618801977 NaN 1.186987600754776 1.4941688379370248 6.361525618801977 8.286692580181636 1.186987600754776 1.4941688379370248 
270.00006440669347 7.866219860465776 NaN 1.6783472557979735 1.085932391525887 7.866219860465776 7.642844037502982 1.6783472557979735 1.085932391525887 
271.0000644066934 8.653931904822684 7.877725968028869 1.2064738944948203 0.8601452956844469 8.653931904822684 7.877725968028869 1.2064738944948203 0.8601452956844469 
272.00006440669335 8.653931904822684 7.254379603377174 1.2064738944948203 1.1830957324398241 8.653931904822684 7.254379603377174 1.2064738944948203 1.1830957324398241 
273.0000644066933 8.636935903166545 7.182356855489161 1.228217283839058 2.1324718177635305 8.636935903166545 7.182356855489161 1.228217283839058 2.1324718177635305 
274.00006440669324 8.062372047092254 7.182356855489161 1.055766226436731 2.1324718177635305 8.062372047092254 7.182356855489161 1.055766226436731 2.1324718177635305 
275.0000644066932 8.062372047092254 8.60994310976173 1.055766226436731 2.259407536869503 8.062372047092254 8.60994310976173 1.055766226436731 2.259407536869503 
276.0000644066931 8.639098083307488 6.937679062761276 1.599646124495905 3.3446222415739726 8.639098083307488 6.937679062761276 1.599646124495905 3.3446222415739726 
277.0000375081866 8.639098083307488 7.7521138896102 1.599646124495905 NaN 8.639098083307488 7.7521138896102 1.599646124495905 0.9572043104091676 
278.000064406693 7.837746068883291 7.7521138896102 1.9859993976479018 NaN 7.837746068883291 7.7521138896102 1.9859993976479018 0.9572043104091676 
279.00006440669296 7.937623558338828 8.322602478109673 1.8931483027251943 2.3751862372207597 7.937623558338828 8.322602478109673 1.8931483027251943 0.9036182593642934 
280.0000644066929 7.479870712257139 9.211845266041166 1.1280760109441985 1.021920474771207 7.479870712257139 9.211845266041166 1.1280760109441985 1.021920474771207 
281.00006440669284 8.238381992427321 9.732831936082619 0.9973445031828874 1.722775126416252 8.238381992427321 9.732831936082619 0.9973445031828874 1.722775126416252 
282.0000644066928 7.112537950164551 8.580369502269207 0.9397640861180321 1.421093364705655 7.112537950164551 8.580369502269207 0.9397640861180321 1.421093364705655 
283.00006440669273 8.127992693454871 7.397772646354326 0.8454796759181704 1.0689425969323452 8.127992693454871 7.397772646354326 0.8454796759181704 1.0689425969323452 
284.0000186145883 9.609577990820242 7.9934141379332 1.4280974437233454 1.4650675689742343 9.609577990820242 7.9934141379332 1.4280974437233454 0.6485088629686402 
285.0000644066926 7.938992992971691 6.666680051658432 0.9027831654476586 0.8992567357151415 7.938992992971691 6.666680051658432 0.9027831654476586 0.8992567357151415 
286.00006440669256 9.029352130460154 7.720472435356271 1.0773678388298435 1.9530491194129809 9.029352130460154 7.720472435356271 1.0773678388298435 1.9530491194129809 
287.0000644066925 8.254418876092075 7.318908860363649 1.7204165112733563 2.812239242204271 8.254418876092075 7.318908860363649 1.7204165112733563 2.812239242204271 
288.00006440669245 8.419663840491012 7.652553800747114 1.7211118799059477 1.2847222157694205 8.419663840491012 7.652553800747114 1.7211118799059477 1.2847222157694205 
289.0000644066924 7.02734501390421 8.49107924561514 0.7958845778627506 1.0687599083070154 7.02734501390421 8.49107924561514 0.7958845778627506 2.123247660637446 
290.00006440669233 8.086496812373582 8.49107924561514 1.0165109314640972 1.0687599083070154 8.086496812373582 8.49107924561514 1.0165109314640972 2.123247660637446 
291.0000644066923 8.232198610828846 7.688923359873854 0.6707812912310374 1.2644649294240367 8.232198610828846 7.688923359873854 0.6707812912310374 1.2644649294240367 
292.0000297102162 7.10113516044072 7.688923359873854 0.9764951276417833 1.2644649294240367 7.10113516044072 7.688923359873854 0.9764951276417833 1.2644649294240367 
293.00006440669216 6.94168816212715 8.163365443892644 0.7313718376474867 1.359264276787144 6.94168816212715 8.163365443892644 0.7313718376474867 1.359264276787144 
294.0000644066921 7.083837278664134 7.33720635971423 0.6441882738778872 3.432294627286524 7.083837278664134 7.33720635971423 0.6441882738778872 3.1527784395972276 
295.00006440669205 7.088308753108322 7.33720635971423 1.0358246091635124 3.432294627286524 7.088308753108322 7.33720635971423 1.0358246091635124 3.1527784395972276 
296.000064406692 7.088308753108322 8.352443776692951 1.0358246091635124 1.0339005601456392 7.088308753108322 8.352443776692951 1.0358246091635124 1.0339005601456392 
297.00006440669193 7.460114462015667 6.463280120056993 1.1190540199630732 1.9951608836069568 7.460114462015667 6.463280120056993 1.1190540199630732 1.9951608836069568 
298.0000644066919 5.719111369493703 6.463280120056993 0.8946117139131502 1.9951608836069568 5.719111369493703 6.463280120056993 0.8946117139131502 1.9951608836069568 
299.0000644066918 6.654004575733609 7.5487687053618515 0.7440163348481974 0.9451390178950874 6.654004575733609 7.5487687053618515 0.7440163348481974 0.9451390178950874 
300.00006440669176 6.44362092989536 7.281371140701481 1.6221554921078223 1.3992862234709946 6.44362092989536 7.281371140701481 1.6221554921078223 1.3992862234709946 
#####################################################################
# End of data export. Simulation finished at: 2019-09-24T19:28+0000 #
#####################################################################
