#####################################################################
# Alchemist log file - simulation started at: 2019-09-18T01:14+0000 #
#####################################################################
# seed = 56.0, stage_width = 1500
#
# The columns have the following meaning: 
# time rep-bcast[Sum] rep-ccast[Sum] share-bcast[Sum] share-ccast[Sum] 
0.0 NaN NaN NaN NaN 
1.0001691219062383 NaN NaN NaN NaN 
2.000169121906238 NaN NaN NaN NaN 
3.000169121906239 NaN NaN NaN NaN 
4.000169121906239 NaN NaN 2.320490494550957 NaN 
5.00016912190624 NaN NaN 1.7757898424533138 NaN 
6.000169121906241 NaN NaN 2.0972314077051744 NaN 
7.000169121906242 NaN NaN 2.0972314077051744 2.85589433106537 
8.000169121906243 NaN NaN 3.611209652606326 2.457127242638027 
9.00004345111442 NaN NaN 3.4276129918612455 4.265345588512955 
10.000169121906236 NaN NaN 2.3413956490620818 4.265345588512955 
11.000169121906232 NaN NaN 1.8128509639270831 2.7186444003300867 
12.000169121906229 NaN NaN 1.8128509639270831 3.3528132152751375 
13.000169121906225 NaN NaN 2.0294548556958336 2.821590282354663 
14.000008616826417 NaN NaN 2.2332799007057798 2.5785036314784957 
15.000169121906218 NaN NaN 2.1714462642863683 2.5483234301369766 
16.000169121906215 NaN NaN 3.3621306754050533 3.4285445278549034 
17.000152430046196 NaN NaN 2.288159478585275 3.130795993981142 
18.000169121906207 16.934832079904016 NaN 2.4420810715455534 3.2420675373810344 
19.000035725958025 16.934832079904016 NaN 2.4420810715455534 3.79474652244898 
20.0001691219062 18.18990993594373 NaN 2.806685152905313 2.305584068537282 
21.00009660379386 18.401318281431877 NaN 2.6579938712335185 3.041772524347806 
22.000169121906193 18.412151830992002 NaN 3.0500560277485675 2.483524979927669 
23.00016912190619 19.6252703065782 NaN 2.1871549926917417 3.3259824593883316 
24.000032054050223 20.34714186366542 NaN 2.909026549778961 4.4697708063180315 
25.000169121906183 18.101392100079686 NaN 2.6043420098246095 2.9171102236355786 
26.000137123739403 19.387501568895516 NaN 3.047993999179777 4.375437159207813 
27.000169121906175 18.313419218663583 NaN 2.5580805560027855 3.235634689076658 
28.000169121906172 19.52726385892138 NaN 2.3135982606883516 2.4081721781228502 
29.000103356608914 19.52726385892138 NaN 2.3135982606883516 3.250173937672912 
30.000025586611482 20.60268611729431 NaN 2.198542134722519 4.393669524902247 
31.00016912190616 18.586893034159765 NaN 2.8521613867772153 2.656940150816286 
32.00016912190616 18.586893034159765 NaN 2.8521613867772153 3.5655591986441095 
33.000169121906175 19.88589459891022 NaN 2.1656656047482734 4.438159824082753 
34.00016912190619 21.198062368725452 NaN 2.8358379835290854 5.291457680510206 
35.000169121906204 18.12378607832358 NaN 2.1262398776470235 6.431059680823978 
36.00016912190622 19.351769663260225 NaN 3.3542234625836684 7.21140707678925 
37.00016912190623 18.70071921231199 NaN 1.9778890987753357 3.091804849361864 
38.00016912190625 19.513409680865195 NaN 2.5629111564312126 2.6785342020745375 
39.00016912190626 17.83812584999122 18.60695459528187 2.287536310903583 2.564229254203397 
40.000169121906275 17.83812584999122 19.683051129651844 2.287536310903583 2.274956334952222 
41.000124209163516 19.05737428538598 20.66761785907132 3.5067847462983437 3.259523064371699 
42.0001691219063 19.008760348250856 18.725429434985628 2.608863550147987 4.19706581454242 
43.00016912190632 18.53839309127714 19.449174670546903 1.7326265974243924 4.920811050103694 
44.00016912190633 18.53839309127714 20.203346747650578 1.7326265974243924 5.674983127207369 
45.000126642141346 20.817430519452888 20.26084550399053 2.350376039868145 3.0139696861036214 
46.00016912190636 20.817430519452888 21.583124671140133 2.350376039868145 4.336248853253224 
47.000169121906374 20.42804487855463 21.207448229862123 2.6651452574384464 2.5356700212127947 
48.00002445196701 21.006859800585563 20.812441811134388 2.2181262701898063 2.5530918476842857 
49.0001691219064 22.281719950626357 21.87686769194777 2.8450188152763474 2.5485764338236905 
50.00016912190642 20.03028846817865 22.76682186472637 2.4466360570839285 3.438530606602292 
51.00016912190643 20.03028846817865 23.625220727731058 2.4466360570839285 2.922926985033783 
52.000169121906445 20.729191951376453 20.670710684540843 2.723109050502771 2.7890102318402583 
53.00016912190646 20.424919416216675 21.261359865501277 2.4517031528261697 3.3796594128006916 
54.000169121906474 20.424919416216675 18.122557900519055 2.4517031528261697 3.869707959224961 
55.00016912190649 19.85824962377073 18.835707066431283 2.7369898202741823 4.582857125137188 
56.0001691219065 20.880892269021267 18.05555201564573 3.168983284564284 2.9667910085667657 
57.00016912190652 18.634609617712044 18.54615657621939 2.1353854145924416 3.4573955691404237 
58.00016912190653 19.943037737505016 19.704018488083356 1.751429078043266 3.1890274167091093 
59.000169121906545 19.943037737505016 19.211884453567592 1.751429078043266 2.772051798333166 
60.00016912190656 17.254964660234293 20.3310428257913 2.9058738985573243 2.4396863527119734 
61.00016912190657 18.366808645171055 21.249665096265048 2.2541889447555263 3.358308623185721 
62.000164260261016 18.03280855547076 21.06390679830561 2.278947795496471 3.083370640828072 
63.0001691219066 18.03280855547076 21.157212881508308 2.278947795496471 3.51290575746183 
64.00016912190661 19.714248778394037 19.400151474207384 3.041765747946002 3.355012224802394 
65.00016912190662 19.40948100450452 20.47772165882371 1.9405493712951838 4.432582409418721 
66.00016912190664 20.29562384056296 20.47772165882371 2.8266922073536236 4.432582409418721 
67.00016912190665 20.08871727649978 21.068672201211186 3.2242358235051896 5.77598483146955 
68.00009535780907 20.08871727649978 22.225936449586314 3.2242358235051896 6.933249079844678 
69.00016912190668 18.56512659554135 20.95304598221034 2.0039262956064334 3.7616912478956266 
70.0001691219067 20.206301578806084 20.622272692774104 2.4878370304960384 4.7057781085001835 
71.00016912190671 20.206301578806084 20.8526898335054 2.4878370304960384 2.7798192414559963 
72.00016912190672 19.060934303413617 21.967648373946325 2.7624078840447623 2.253602798632187 
73.00015283028314 17.042553056393935 22.60934214223081 2.78830325733594 2.89529656691667 
74.00016912190675 18.217033190101326 19.185891061386215 3.1489803775016014 2.2712973972863466 
75.00016912190677 18.92070220000138 20.143050116499907 2.7376908469607315 3.2284564524000388 
76.00016912190678 18.92070220000138 21.378879918018498 2.7376908469607315 4.46428625391863 
77.0001691219068 19.840730248122874 21.319504980731615 2.6860046915818003 2.5845534916093413 
78.00016912190681 19.452101465999384 19.10188096792588 3.1037457930831778 2.423212406541424 
79.00016912190682 19.81642914640964 20.196333216688814 2.3881343362348986 3.5176646553043582 
80.00006140528072 19.81642914640964 21.27733140206911 2.3881343362348986 3.188030231989501 
81.00016912190685 NaN NaN NaN NaN 
82.00016912190686 NaN NaN NaN NaN 
83.00016912190688 NaN NaN NaN NaN 
84.0001691219069 NaN NaN 1.6958187088413865 NaN 
85.00016912190691 NaN NaN 1.9486375107310323 NaN 
86.00001173340843 NaN NaN 2.4361722496356464 NaN 
87.00016912190694 NaN NaN 2.1978809541500652 NaN 
88.00016912190695 NaN NaN 2.91532177761988 NaN 
89.00016912190696 NaN NaN 4.31052523644388 NaN 
90.00016912190698 NaN NaN 1.719680924689527 NaN 
91.00016912190699 NaN NaN 2.8763521434684236 NaN 
92.000169121907 NaN NaN 3.771907040622608 NaN 
93.00016912190702 NaN NaN 3.0175065119114635 NaN 
94.00016912190704 NaN NaN 2.9743853350951213 NaN 
95.00016912190705 NaN NaN 1.9843329800346368 2.7074210994242662 
96.00016912190706 NaN NaN 1.9843329800346368 3.0253452761038773 
97.00016912190708 NaN NaN 1.7460521929639299 3.0253452761038773 
98.00014198887733 NaN NaN 2.7570550775444786 3.2904739657530087 
99.0001691219071 NaN NaN 2.8649231891877918 3.3958440284210383 
100.00016912190712 NaN NaN 2.3863170687523194 2.5145452193513336 
101.00001583375305 NaN NaN 3.0471934307074946 2.427851386380027 
102.00016912190715 19.53219209380596 NaN 2.908413785248058 2.427851386380027 
103.00016912190716 19.75853275152116 NaN 2.8949062714977742 2.6419480869051455 
104.00016912190718 20.499526367740287 NaN 2.325729756097502 3.109773404241068 
105.00016912190719 21.783663807694012 NaN 2.324306694216048 2.2042056196366246 
106.00008458143036 19.71672150145092 NaN 2.0904923730125233 3.316993878908633 
107.0000301582535 20.157305482803224 NaN 3.395556959739551 3.316993878908633 
108.00010795734522 21.312355588672958 NaN 2.063139227948554 2.5898897791887663 
109.00016912190725 21.312355588672958 NaN 2.063139227948554 2.851325773551949 
110.00016912190726 21.3267296357879 NaN 2.065874091985819 2.960920049412806 
111.00016912190728 23.02983799308683 NaN 2.612659096833994 2.960920049412806 
112.00016912190729 18.983296000181227 NaN 2.274872294780181 3.350979528266123 
113.0001691219073 18.983296000181227 NaN 2.274872294780181 2.2711764376445416 
114.00016912190732 18.719211952159043 NaN 1.8215927486421464 3.6984181334568547 
115.00016912190733 19.809200159887524 NaN 2.911580956370628 3.6984181334568547 
116.00016912190735 21.147333655427047 NaN 1.7333043362783087 3.291432203615628 
117.00016912190736 19.067890352148297 NaN 2.492926807692484 3.818776483491817 
118.00016912190738 17.64023527935072 NaN 1.9930214590568767 3.818776483491817 
119.00016912190739 18.786464533108926 NaN 3.139250712815084 2.6662704005713067 
120.0001691219074 19.48977837933954 NaN 2.223390240584493 2.136435217506545 
121.00016912190742 21.23844819255997 NaN 2.6964444334574296 3.4247443516221807 
122.00016912190743 21.23844819255997 NaN 2.6964444334574296 3.4247443516221807 
123.00016912190745 21.070547078154036 NaN 2.6040467129161726 2.185467764967214 
124.00016912190746 18.373298319716227 NaN 2.407430579877726 2.4498201196275744 
125.00016912190748 19.603978853730013 NaN 3.6381111138915116 3.9888567994728703 
126.00016912190749 16.025087951543256 NaN 2.4177289612537436 3.9888567994728703 
127.0001691219075 16.75927287563337 NaN 3.151913885343859 3.1949676692604356 
128.0001691219075 17.751974132381406 NaN 2.605578462246598 3.3968660619505613 
129.00016912190745 19.228364657707118 NaN 2.6418960994940903 3.3968660619505613 
130.0001691219074 20.055675343977356 NaN 2.0366278590604168 3.4166553215039244 
131.00016912190733 20.45597643577659 NaN 2.4369289508596523 3.4166553215039244 
132.00016912190728 21.639572481420174 NaN 3.620524996503235 2.8075346638891574 
133.00016912190722 21.29394760016551 NaN 2.6631289877512643 2.6931567712191224 
134.00016912190716 21.31390413370974 NaN 3.772253941115025 2.6931567712191224 
135.0001691219071 20.966231671299397 NaN 3.669636145813712 2.7528035422178334 
136.00016912190705 21.918708310619053 NaN 3.2313958957774673 2.6248238004750704 
137.000169121907 21.918708310619053 NaN 3.2313958957774673 2.8427092063192845 
138.00016912190694 19.613863426511358 NaN 2.611076878352236 2.8427092063192845 
139.00016912190688 19.613863426511358 NaN 2.611076878352236 3.2720298901614058 
140.00016912190682 20.906131806098728 NaN 2.5763348987316306 3.518871562058706 
141.00002690441963 20.81478516439533 NaN 2.2107650775388663 3.3719076258991834 
142.0001691219067 21.805793618864655 NaN 3.2017735320081897 3.3719076258991834 
143.00016912190665 21.39691680151958 NaN 2.881887537561795 3.1716113430933035 
144.00015771907852 19.978779907749285 NaN 2.808937817114952 2.0462718249164595 
145.00016912190654 20.93965803423366 NaN 2.008179438126632 2.5968099020504383 
146.00016912190648 20.54016221500521 NaN 2.138731266399674 2.5968099020504383 
147.00016912190642 21.47681613657724 NaN 3.0753851879717047 3.0958452675033925 
148.00002865510493 20.773929181382982 NaN 3.812571120855665 3.6992372426490476 
149.0001691219063 19.42429766354934 NaN 2.082937978109385 3.6992372426490476 
150.00016912190625 19.47494647763014 NaN 2.968890509225247 2.116339733509392 
151.0001691219062 20.514135844424374 NaN 2.4438097743894502 3.452701250268319 
152.00016912190614 18.82944322389156 NaN 2.1015378659826354 2.4918515517609876 
153.0000084243349 20.417253206894344 NaN 2.352986332226493 2.4918515517609876 
154.00001630380754 20.417253206894344 NaN 2.352986332226493 2.8715421118068036 
155.00016912190597 18.853782828662105 NaN 2.174937587497311 2.3511401701849763 
156.0001691219059 18.537440404273013 NaN 1.7667255954761458 3.114457681778589 
157.00016912190586 19.531405658660447 NaN 2.760690849863579 3.114457681778589 
158.0001691219058 20.546778645001837 NaN 2.476766895415949 3.0021773521221746 
159.00016912190574 18.88131989869322 NaN 2.099876467856461 2.3456523255943296 
160.00009562357377 19.005601083126322 NaN 2.4629609979022575 2.7454799676897608 
161.00016912190563 20.059497425087642 NaN 2.1687491771851057 2.7454799676897608 
162.00016912190557 21.05370782550827 NaN 1.7477589491689116 1.9910373335186193 
163.00016912190551 19.343366050715815 NaN 2.8080427121929574 3.2141069824773467 
164.00016912190546 19.343366050715815 NaN 2.8080427121929574 2.3531065889769707 
165.0001691219054 21.633976359795156 NaN 2.1848938320079867 2.3531065889769707 
166.00016912190534 19.4675264064729 NaN 1.965495076606004 3.651781014722701 
167.0001691219053 20.555406698490003 NaN 3.053375368623108 3.8502756925383324 
168.00009036933682 20.555406698490003 NaN 3.053375368623108 3.8502756925383324 
169.00016912190517 21.955546216134223 NaN 3.154840460521598 3.1654898447993673 
170.00016912190512 23.05431890312491 NaN 2.9948347066726058 3.454608808266954 
171.00005872229326 18.894357944202227 NaN 2.689791347395783 3.8503063377683304 
172.000169121905 19.986108434225855 NaN 2.524715280472236 3.8503063377683304 
173.00008680008136 20.941872761818843 NaN 3.480479608065224 2.6410321386314877 
174.0001691219049 21.863544781997177 NaN 2.918573806725078 3.1476569866504747 
175.00012512406505 22.79373217521129 NaN 2.5591231944411277 2.8343417899496046 
176.00016912190478 19.596159694947573 NaN 2.2782654705485754 2.8343417899496046 
177.00016912190472 20.69714690384191 NaN 2.014513457007439 2.222040715555835 
178.00016912190466 19.274282039484717 NaN 2.9790549176072147 3.3403918168438054 
179.0001691219046 20.138017140665255 NaN 2.415508911762771 3.3403918168438054 
180.00016912190455 19.9429613422393 NaN 1.7492610809189841 3.6572649186440174 
181.0001691219045 20.845833390207076 NaN 2.65213312888676 3.677891825788606 
182.00001861948945 21.42547350318955 NaN 3.2317732418692344 3.3624164585824587 
183.00016912190438 22.493925053872402 NaN 3.043107393674603 3.3624164585824587 
184.00016912190432 20.531227640348703 NaN 2.8725550533762885 2.7317791266958977 
185.00016912190426 21.487137989054332 NaN 2.3156642075077514 3.509360364922145 
186.0001691219042 19.475074230612336 NaN 4.048159664532733 3.509360364922145 
187.00016912190415 19.475074230612336 NaN 4.048159664532733 4.121118836094496 
188.0001691219041 20.67759703154468 NaN 2.4010815681642725 3.7547803675883813 
189.00016912190404 20.05661452522284 NaN 3.385923523182811 3.5950241145434347 
190.00016912190398 18.347333172377176 NaN 2.7368365269475987 3.5950241145434347 
191.00016912190392 20.07809473471457 NaN 2.926964433344864 2.4823555237717585 
192.00016912190387 20.644768329813473 NaN 2.482898387331744 2.4395416063211712 
193.0001691219038 21.378291515116416 NaN 3.2164215726346868 2.4395416063211712 
194.00012220975069 19.886559600118517 NaN 2.5987339560574583 2.9246527177925827 
195.0001691219037 21.01327322539464 NaN 2.7371384731641797 2.4566196852724715 
196.00016912190364 20.742728399591925 NaN 2.164904362921561 2.4566196852724715 
197.00016912190358 21.40961829894934 NaN 2.831794262278976 4.207878867589642 
198.00016912190353 22.335624476322096 NaN 2.3761925248365685 3.1790389482230523 
199.00016912190347 20.856877502853337 NaN 2.459860136930274 2.5822284352481972 
200.0001691219034 20.67563628014659 NaN 3.5357363131010118 2.5822284352481972 
201.0000753625338 NaN 126.99284451126262 NaN NaN 
202.0001691219033 NaN 127.7264761829597 NaN NaN 
203.00016912190324 NaN 128.7600993082783 NaN NaN 
204.00016912190318 NaN 129.6641457600532 NaN NaN 
205.00016622425412 NaN 130.8326199762733 2.5545571475133784 NaN 
206.00016912190307 NaN 131.85783440751112 2.777772783488672 NaN 
207.00001955667275 NaN 132.5505268547625 2.862845556382638 NaN 
208.00016912190296 NaN 134.01098492381908 2.862845556382638 NaN 
209.0001691219029 NaN 134.81968493227816 2.2314110784813863 NaN 
210.00016912190284 NaN 135.33084673113484 2.107284772906638 NaN 
211.0001691219028 NaN 136.59387206020625 2.233631398596714 NaN 
212.00016912190273 NaN 137.70825871423853 2.4131728845174507 NaN 
213.00016912190267 NaN 138.9322878647775 2.4131728845174507 2.6876715423616986 
214.00008765705644 NaN 139.58437366022935 2.51476019236091 3.339757337813552 
215.00016912190256 NaN 140.86627884026205 2.7949423277530343 3.1222592246097918 
216.0000802821601 NaN 140.86627884026205 2.071426670773093 3.1222592246097918 
217.00016912190245 NaN 142.71512685285086 2.071426670773093 2.2119258108592987 
218.0001691219024 NaN 143.8013348818439 2.1798481646572156 3.298133839852369 
219.00016912190233 NaN 144.7816724285255 2.0033265797064246 4.278471386533937 
220.00016912190227 NaN 144.7816724285255 2.0551664240740024 4.278471386533937 
221.00016912190222 NaN 146.05212402847087 2.0551664240740024 5.54892298647934 
222.00016912190216 19.311036587401645 147.62796551835373 2.2558403418358637 4.581838513434434 
223.0001691219021 18.816078611437035 148.94229649326093 2.428100343019338 5.8961694883416556 
224.00016912190205 18.816078611437035 149.99005384185745 2.428100343019338 4.133552535939543 
225.000169121902 21.243610944073396 150.82097808620688 3.279791185772865 4.964476780288976 
226.00016912190193 21.243610944073396 151.9974515803039 3.279791185772865 6.140950274386 
227.00003464498778 19.35557526977854 152.86613495612005 2.603782000290721 2.7564587751711827 
228.00016912190182 19.35557526977854 153.89081967288837 2.603782000290721 2.9830629687617716 
229.00016912190176 20.11567457722208 154.88594660218354 2.7477146039775846 2.2921107600353707 
230.0001691219017 20.60227837263986 154.88594660218354 2.555828348797945 2.2921107600353707 
231.00010488942172 21.364407314567416 156.2715087796774 2.804434372813887 3.677672937529195 
232.00005300154766 20.131016830354184 158.02273181515983 2.9533289424091436 2.600768510241835 
233.00016912190154 20.131016830354184 158.90183206730893 2.9533289424091436 3.479868762390936 
234.00016912190148 19.56535503153779 159.52566585639198 2.878219912089776 2.8304118106897533 
235.00016912190142 19.791648178170846 160.18563356827661 2.6351952032730708 3.490379522574358 
236.00016912190137 19.791648178170846 161.90310729184887 2.6351952032730708 2.753378600081703 
237.0001691219013 18.24849084081555 161.90310729184887 1.864192154382863 2.753378600081703 
238.00011071538938 19.827799545884858 164.03093646233498 2.4717121941370976 4.8812077705678405 
239.0001691219012 19.827799545884858 164.03093646233498 2.4717121941370976 4.8812077705678405 
240.00016912190114 21.363965294396394 165.3976582843461 3.262192884391453 3.3478325616866584 
241.00016912190108 19.465294595673242 166.34277182963797 2.5249041603469777 4.292946106978491 
242.00016912190102 19.465294595673242 167.26222897664047 2.5249041603469777 5.212403253980995 
243.00016912190097 18.794458991701276 169.00149191274608 2.4417410039207823 6.951666190086627 
244.0001691219009 18.48069387896092 169.97819374959812 2.597409799384053 3.422353126916164 
245.00016912190085 18.48069387896092 170.98096370100126 2.597409799384053 4.425123078319274 
246.0001691219008 19.15400320547073 171.7790600939358 3.047074421027361 5.223219471253856 
247.00016912190074 20.167704061844603 172.4474531213121 2.1869618925503858 5.89161249863011 
248.00016912190068 19.501330192132116 173.77243725646383 2.4111861640192274 7.2165966337818475 
249.00016912190063 20.947301417335325 174.4676780738646 2.3906679689116004 7.911837451182635 
250.00011336464925 20.947301417335325 175.71445374041588 2.3906679689116004 3.549298098267343 
251.00006066663357 19.84897753426688 176.34178491082923 2.7220947625850727 2.9496350458087477 
252.00016912190046 20.429380378448116 177.4269183820541 3.012521857827977 2.588797291830417 
253.00005490261768 20.429380378448116 178.71012512132302 3.012521857827977 2.5896388073787477 
254.00016912190034 19.085977336468233 179.6232016375605 2.929825993915614 3.5027153236162576 
255.00016912190029 20.065344351325052 180.4712411252583 2.824059537547555 2.991041193565735 
256.0001691219002 20.29120576838511 181.7932049705912 2.7385028806537832 4.313005038898638 
257.0000829156672 21.095772954609487 183.03212093306604 1.7819540629428445 2.781143013464373 
258.0001691219001 19.924165742597552 183.03212093306604 1.87317959071936 2.781143013464373 
259.00016912190006 18.47110927917123 184.74738634169034 3.020676138217965 4.4964084220886775 
260.0001691219 18.47110927917123 185.47103373883704 3.020676138217965 5.22005581923537 
261.00016912189994 17.12388348642017 186.1265921221799 2.089976046462084 2.9076188092116695 
262.0001691218999 17.523918273587043 187.43684499166562 2.0310782843481547 4.217871678697406 
263.00016912189983 18.51316640898196 188.63835806476783 2.3647680364002213 2.5129826656015553 
264.0001691218998 19.71419026646609 189.24721592783072 3.5657918938843522 3.1218405286644497 
265.0001691218997 19.71419026646609 190.84791719658 3.5657918938843522 3.345805173394808 
266.00016912189966 20.45288335887892 191.85219939000467 2.186631132049456 4.35008736681948 
267.0001691218996 21.44103371045327 192.92149797161102 2.36339200891922 3.2291139555467794 
268.00016912189955 19.287865383361776 193.98074401749398 2.9076262606463956 4.288360001429737 
269.0001691218995 19.287865383361776 194.99225253689167 2.9076262606463956 2.570255125437143 
270.000140087778 20.792234794365044 194.99225253689167 2.3384148966186444 2.570255125437143 
271.0000724363338 20.65218078156039 21.35902032594106 2.3858905044822905 2.4415979589383596 
272.0001691218993 18.39324729602353 21.76640240288762 4.035704916090083 4.131345259605496 
273.00016912189926 19.40556881644997 21.76640240288762 2.831629037845744 4.131345259605496 
274.0001691218992 19.40556881644997 23.015783694121893 2.831629037845744 2.7696354860898964 
275.00016912189915 20.66616493433449 21.249722435409268 2.4024778550631254 2.5048844065700564 
276.0001691218991 20.66616493433449 20.015305921003602 2.4024778550631254 3.4474849893963437 
277.00016912189903 18.94691840817444 20.88198155446881 2.4609844207245146 3.3018391024351104 
278.000169121899 18.94691840817444 22.035468097129836 2.4609844207245146 4.4553256450961385 
279.0001691218989 18.51093247945937 19.75088951244345 2.306915045193648 2.527916461322775 
280.00016912189886 19.67341616512607 20.302817364944644 2.31591218819932 2.1343807128752132 
281.0001691218988 20.82441740463213 22.141059161178703 2.3862389055593667 2.3174156683486444 
282.00016912189875 20.82441740463213 22.141059161178703 2.3862389055593667 2.3174156683486444 
283.0001691218987 19.757398245212073 19.741775074610416 2.3373587764396575 3.595610631551267 
284.00016912189864 20.7054884646887 21.394758720213304 2.3889062594686266 4.086110591487454 
285.0000456174664 20.7054884646887 22.280917863786442 2.3889062594686266 4.972269735060593 
286.0001691218985 20.23553918276184 19.59167262199344 2.850321146151316 2.669823503991438 
287.00016912189847 18.419986093958812 20.539430625804812 2.5146112326593766 3.617581507802811 
288.0001691218984 19.900060966064245 21.38306895478445 3.1085269611916715 4.461219836782448 
289.00016912189835 20.979590582714707 22.536618236128845 2.9466645667607168 2.557885536130584 
290.0001453636268 20.979590582714707 20.580631203682344 2.9466645667607168 3.439813960459219 
291.00016912189824 19.837309670610466 20.14269230088405 2.2293847205362454 2.6285218393020955 
292.0001281405536 20.27239838245316 20.95418351015229 2.4959017904836287 2.3604834319198744 
293.0001691218981 19.65078388190068 20.584994490874976 1.466235857838285 2.566992337683814 
294.00016912189807 20.887564151355093 21.63947070971585 2.703016127292699 3.6214685565246896 
295.000169121898 20.887564151355093 22.651562868936992 2.703016127292699 4.63356071574583 
296.0000864781044 19.767227556575108 23.649344733738587 2.6297180550964754 2.878739777355804 
297.0001691218979 21.24633600844561 20.583888725384952 3.054350288126102 2.59690872589357 
298.00016912189784 20.40005422531567 20.936472212044634 2.218356657099662 2.687628493367754 
299.0001175702014 21.513046579304785 21.793438409263217 2.3763997930965957 3.5445946905863366 
300.0001691218977 21.513046579304785 22.97212051165343 2.3763997930965957 4.723276792976549 
#####################################################################
# End of data export. Simulation finished at: 2019-09-18T01:33+0000 #
#####################################################################
