#####################################################################
# Alchemist log file - simulation started at: 2019-09-25T18:17+0000 #
#####################################################################
# seed = 149.0, stage_width = 1500
#
# The columns have the following meaning: 
# time rep-bcast[Sum] rep-ccast[Sum] share-bcast[Sum] share-ccast[Sum] rep-bcast-single[Sum] rep-ccast-single[Sum] share-bcast-single[Sum] share-ccast-single[Sum] 
0.0 NaN NaN NaN NaN NaN NaN NaN NaN 
1.0001095931931883 NaN NaN NaN NaN NaN NaN NaN NaN 
2.000109593193188 NaN NaN NaN NaN NaN NaN NaN 1.9455106856218278 
3.000109593193188 NaN NaN NaN NaN NaN NaN NaN 2.6442933506567203 
4.000045333741336 NaN NaN 2.437777982127328 NaN NaN NaN 2.437777982127328 3.6551021213701484 
5.000109593193188 NaN NaN 2.146710765076281 NaN NaN NaN 2.146710765076281 3.2760806416213013 
6.000109593193188 NaN NaN 2.146710765076281 NaN NaN NaN 2.146710765076281 3.5372449406781197 
7.000109593193188 NaN NaN 2.537488148872538 2.2509121413912463 NaN NaN 2.537488148872538 2.2509121413912463 
8.000109593193187 NaN NaN 2.537488148872538 2.306541042390644 NaN NaN 2.537488148872538 2.306541042390644 
9.000109593193187 NaN NaN 2.0212343924517695 2.5628561832321823 NaN NaN 2.0212343924517695 2.5628561832321823 
10.000109593193187 NaN NaN 2.019315573519412 3.461880850978301 NaN NaN 2.019315573519412 3.461880850978301 
11.000109593193187 NaN NaN 1.8301891378544788 4.432575164562002 NaN NaN 1.8301891378544788 4.432575164562002 
12.000109593193187 NaN NaN 1.8301891378544788 2.7141871140133755 NaN NaN 1.8301891378544788 2.7141871140133755 
13.000109593193187 NaN NaN 2.4327189635514337 3.352150282469621 NaN NaN 2.4327189635514337 3.352150282469621 
14.000109593193187 NaN NaN 1.991220961604684 2.730194163648866 NaN NaN 1.991220961604684 2.730194163648866 
15.000109593193187 NaN NaN 2.379717398734307 3.4328284446552964 NaN NaN 2.379717398734307 3.4328284446552964 
16.000109593193187 NaN NaN 3.099126450849349 2.276679549683678 NaN NaN 3.099126450849349 2.276679549683678 
17.000109593193187 NaN NaN 2.283400972251801 2.8511376257359746 NaN NaN 2.283400972251801 2.8511376257359746 
18.000109593193187 NaN NaN 2.283400972251801 2.3859699886141534 NaN NaN 2.283400972251801 2.3859699886141534 
19.000109593193187 17.35138824699772 NaN 2.387734304158121 2.8930391606505754 17.35138824699772 18.4611766256126 2.387734304158121 2.8930391606505754 
20.000109593193187 18.41214550120211 NaN 2.8740334823102174 3.683529114569451 18.41214550120211 19.251666579531477 2.8740334823102174 3.683529114569451 
21.000109593193187 17.405830834426176 NaN 2.1359477738410746 4.9567455286382245 17.405830834426176 20.52488299360025 2.1359477738410746 2.5330703847271927 
22.00006796230366 17.405830834426176 NaN 2.1359477738410746 2.636282663105465 17.405830834426176 21.688852526182917 2.1359477738410746 2.636282663105465 
23.000109593193187 17.67303757530722 NaN 2.96962006150666 1.7489302823221493 17.67303757530722 22.346054681775826 2.96962006150666 1.7489302823221493 
24.000109593193187 18.990751218789796 NaN 3.0141172909204634 3.3588106790836143 18.990751218789796 20.18763218189752 3.0141172909204634 3.3588106790836143 
25.000082855677626 19.422887547977894 NaN 2.2462270997981726 2.6833067870280765 19.422887547977894 20.113589312333215 2.2462270997981726 2.6833067870280765 
26.000109593193187 20.355574664686735 NaN 2.5448441189288715 2.376908423324103 20.355574664686735 21.124904592111818 2.5448441189288715 2.376908423324103 
27.000109593193187 20.7055334664849 NaN 1.820155076449705 3.0071629616836013 20.7055334664849 21.755159130471316 1.820155076449705 3.0071629616836013 
28.000109593193187 20.7055334664849 NaN 1.820155076449705 2.9753805701659743 20.7055334664849 22.776658236006973 1.820155076449705 2.9753805701659743 
29.000109593193187 18.935703677610572 NaN 2.044011552627243 3.0378885244110982 18.935703677610572 20.52240799221115 2.044011552627243 3.0378885244110982 
30.000109593193187 19.68024370690131 NaN 2.3244141470012316 3.986761881896836 19.68024370690131 18.55757817181826 2.3244141470012316 3.986761881896836 
31.000109593193187 19.68024370690131 NaN 2.3244141470012316 4.917378092657906 19.68024370690131 18.355156906168325 2.3244141470012316 4.917378092657906 
32.00010959319319 18.436233563910523 NaN 3.1849757214873655 2.6786401777877415 18.436233563910523 19.18162489184688 3.1849757214873655 2.6786401777877415 
33.00010959319319 18.436233563910523 NaN 3.1849757214873655 2.3985840437220247 18.436233563910523 20.20347045769081 3.1849757214873655 2.3985840437220247 
34.00010959319319 17.56095152848848 NaN 2.7226828422626745 3.7011783286644757 17.56095152848848 18.744526414558695 2.7226828422626745 3.7011783286644757 
35.00002378803171 18.837497105896233 NaN 2.150914868147943 4.83646107082518 18.837497105896233 19.160400104604356 2.150914868147943 2.980704425385081 
36.00010959319319 17.253604895950346 NaN 2.121526694157268 2.7242980883496273 17.253604895950346 20.32119045659102 2.121526694157268 2.7242980883496273 
37.00010959319319 17.253604895950346 NaN 2.121526694157268 2.4050687934187067 17.253604895950346 20.176262178761366 2.121526694157268 3.681614370826459 
38.00010959319319 18.935560749031055 NaN 2.668199805077272 3.073036355399516 18.935560749031055 20.844229740742175 2.668199805077272 3.073036355399516 
39.00010959319319 18.935560749031055 NaN 2.668199805077272 3.0578737682966093 18.935560749031055 22.102273264591044 2.668199805077272 3.0578737682966093 
40.00006782609276 19.943235280899895 20.737493139102355 1.680290094420684 2.39332562753615 19.943235280899895 20.737493139102355 1.680290094420684 2.39332562753615 
41.00010959319319 18.882543171765377 21.363042210771923 3.3492646026235278 3.0188746992057176 18.882543171765377 21.363042210771923 3.3492646026235278 3.0188746992057176 
42.00010959319319 18.882543171765377 22.54762893542481 3.3492646026235278 4.203461423858606 18.882543171765377 22.54762893542481 3.3492646026235278 4.203461423858606 
43.00010959319319 20.15189141342222 23.7128245903709 2.3431616081112523 3.5704925930169793 20.15189141342222 23.7128245903709 2.3431616081112523 3.5704925930169793 
44.00010959319319 17.68506124675847 20.114764006021264 3.1853578807539122 4.458862430110607 17.68506124675847 20.114764006021264 3.1853578807539122 4.458862430110607 
45.00010959319319 18.542665193194043 20.28881496541563 2.049047167634626 5.686194886558255 18.542665193194043 20.28881496541563 2.049047167634626 5.686194886558255 
46.00010959319319 18.542665193194043 21.185830544353838 2.049047167634626 2.1771423713245497 18.542665193194043 21.185830544353838 2.049047167634626 2.1771423713245497 
47.00010959319319 19.175029202999443 21.38708237558613 2.164772962583271 3.311081319265682 19.175029202999443 21.38708237558613 2.164772962583271 3.311081319265682 
48.00010959319319 19.23985472377091 21.994200823199943 2.024599820537013 3.9181997668794963 19.23985472377091 21.994200823199943 2.024599820537013 3.9181997668794963 
49.00010959319319 19.23985472377091 23.090016588167938 2.024599820537013 1.8722939317113614 19.23985472377091 23.090016588167938 2.024599820537013 1.8722939317113614 
50.00010959319319 18.907539195963583 21.29361100222231 2.43783491303536 3.141094246314452 18.907539195963583 21.29361100222231 2.43783491303536 3.141094246314452 
51.00010959319319 18.79004095899163 20.734950127213658 2.539686214128146 2.8243144794900132 18.79004095899163 20.734950127213658 2.539686214128146 2.8243144794900132 
52.00010959319319 18.614036997829608 20.576613453092417 2.045788123506007 2.3252004305986134 18.614036997829608 20.576613453092417 2.045788123506007 2.3252004305986134 
53.00007587314795 18.614036997829608 19.32464183905121 2.045788123506007 3.139785485350302 18.614036997829608 19.32464183905121 2.045788123506007 3.139785485350302 
54.00010959319319 19.23580443214999 20.766732500997648 2.2892553842134333 4.5818761472967395 19.23580443214999 20.766732500997648 2.2892553842134333 4.5818761472967395 
55.00003237620061 19.23580443214999 21.6679190177369 2.2892553842134333 4.7740929153293905 19.23580443214999 21.6679190177369 2.2892553842134333 4.7740929153293905 
56.00010959319319 18.539533923068007 22.61893183748912 2.2144363685853534 2.771364262269259 18.539533923068007 22.61893183748912 2.2144363685853534 2.771364262269259 
57.00002593006436 18.539533923068007 21.029682531539386 2.2144363685853534 2.780122051385959 18.539533923068007 21.029682531539386 2.2144363685853534 2.780122051385959 
58.00010959319319 20.196918123710155 21.909186786326096 2.2106134767997148 2.2377901807911584 20.196918123710155 21.909186786326096 2.2106134767997148 2.2377901807911584 
59.00010959319319 16.943975766553145 22.51172701559056 2.7602128943628657 2.8403304100556213 16.943975766553145 22.51172701559056 2.7602128943628657 2.8403304100556213 
60.00010959319319 18.072295366610454 24.232900221354804 2.048525857223673 4.561503615819866 18.072295366610454 24.232900221354804 2.048525857223673 4.561503615819866 
61.00010959319319 18.072295366610454 25.183565806643117 2.048525857223673 2.3541727631506575 18.072295366610454 25.183565806643117 2.048525857223673 2.3541727631506575 
62.00010959319319 18.575314269996923 25.835218102378875 2.8340609852552063 3.0058250588864155 18.575314269996923 25.835218102378875 2.8340609852552063 3.0058250588864155 
63.00010959319319 17.92085668205121 20.298688869161175 1.6734331071504869 2.7594193143395174 17.92085668205121 20.298688869161175 1.6734331071504869 2.7594193143395174 
64.00010959319319 17.846194035186933 17.373298623603276 2.492739131460553 2.329981196658423 17.846194035186933 17.373298623603276 2.492739131460553 2.329981196658423 
65.00010959319319 19.13870032898435 18.6641065565803 1.9110622860188826 2.5843003141624123 19.13870032898435 18.6641065565803 1.9110622860188826 2.5843003141624123 
66.00010959319319 19.13870032898435 19.485021410887676 1.9110622860188826 3.4052151684697876 19.13870032898435 19.485021410887676 1.9110622860188826 3.4052151684697876 
67.00010959319319 18.617007529494863 20.407828998264414 2.74562653191051 4.328022755846526 18.617007529494863 20.407828998264414 2.74562653191051 4.328022755846526 
68.00010959319319 16.6554970454632 21.262273892183707 3.2063923153132237 5.182467649765819 16.6554970454632 21.262273892183707 3.2063923153132237 5.182467649765819 
69.00010959319319 16.6554970454632 20.90524123874357 3.2063923153132237 2.571776134230774 16.6554970454632 20.90524123874357 3.2063923153132237 2.571776134230774 
70.00010959319319 17.846994024036626 20.571223569082214 2.654166852202536 3.7849325050088964 17.846994024036626 20.571223569082214 2.654166852202536 3.7849325050088964 
71.00010959319319 18.90086688336617 20.67695710750381 2.0314021415668577 2.8480620757573547 18.90086688336617 20.67695710750381 2.0314021415668577 2.8480620757573547 
72.00010959319319 16.990527863501605 21.75268287093803 2.479649426219396 3.9237878391915757 16.990527863501605 21.75268287093803 2.479649426219396 3.9237878391915757 
73.00008190064382 17.902922886922234 22.332036196834963 2.9383773231118226 4.503141165088508 17.902922886922234 22.332036196834963 2.9383773231118226 4.503141165088508 
74.00010959319319 17.028405179536456 19.550493532513535 2.5513168811807816 3.3817147289695555 17.028405179536456 19.550493532513535 2.5513168811807816 3.3817147289695555 
75.00010959319319 18.153096535530402 20.612326644189487 2.0209291478435745 3.389065834478046 18.153096535530402 20.612326644189487 2.0209291478435745 3.389065834478046 
76.00010959319319 19.13551212883565 21.279838606915355 3.0033447411488225 3.1441827737832853 19.13551212883565 21.279838606915355 3.0033447411488225 3.1441827737832853 
77.00010959319319 19.13551212883565 22.99311932941533 3.0033447411488225 2.5456400508422377 19.13551212883565 22.99311932941533 3.0033447411488225 2.5456400508422377 
78.00010959319319 19.67433075755053 23.662012748845576 2.72163041953371 3.2145334702724853 19.67433075755053 23.662012748845576 2.72163041953371 3.2145334702724853 
79.00010959319319 17.894060864942446 24.342240248512987 2.805753119875078 3.8947609699398953 17.894060864942446 24.342240248512987 2.805753119875078 3.8947609699398953 
80.00010959319319 19.027357639043828 18.734615070085432 2.9682436361181885 2.496885527054573 19.027357639043828 18.734615070085432 2.9682436361181885 2.496885527054573 
81.00010959319319 19.027357639043828 NaN 2.9682436361181885 NaN 19.027357639043828 NaN 2.9682436361181885 NaN 
82.00010959319319 NaN NaN NaN NaN NaN NaN NaN NaN 
83.00010959319319 NaN NaN NaN NaN NaN NaN NaN 2.577905982739381 
84.00004356433807 NaN NaN 2.094752324812333 NaN NaN NaN 2.094752324812333 2.577905982739381 
85.00010959319319 NaN NaN 2.9330642818976287 NaN NaN NaN 2.9330642818976287 2.7635572303231015 
86.00010959319319 NaN NaN 3.208596075413894 NaN NaN NaN 3.208596075413894 2.455365297769177 
87.00010959319319 NaN NaN 2.2842129086478877 NaN NaN NaN 2.2842129086478877 2.455365297769177 
88.00010959319319 NaN NaN 1.8132686125535713 NaN NaN NaN 1.8132686125535713 2.185247717631526 
89.00010959319319 NaN NaN 2.8830026506157367 NaN NaN NaN 2.8830026506157367 2.185247717631526 
90.00010959319319 NaN NaN 2.4781698073425247 NaN NaN NaN 2.4781698073425247 3.2909832688489757 
91.0000592340729 NaN NaN 2.8912549701186663 NaN NaN NaN 2.8912549701186663 2.994848568738931 
92.00010959319319 NaN NaN 2.7044990974705883 NaN NaN NaN 2.7044990974705883 2.994848568738931 
93.00010959319319 NaN NaN 1.6495274519193401 NaN NaN NaN 1.6495274519193401 3.2930411229083347 
94.00010959319319 NaN NaN 1.871371533100202 NaN NaN NaN 1.871371533100202 3.2492398079758686 
95.00010959319319 NaN NaN 2.4283098458694923 NaN NaN NaN 2.4283098458694923 3.2492398079758686 
96.00010959319319 NaN NaN 2.399322721725568 3.128791128547064 NaN NaN 2.399322721725568 3.128791128547064 
97.00010959319319 NaN NaN 3.2656736343009953 2.5405961001344366 NaN NaN 3.2656736343009953 1.9836577873651464 
98.00010959319319 NaN NaN 2.761260268977182 2.36716602894559 NaN NaN 2.761260268977182 2.36716602894559 
99.000084434553 NaN NaN 3.1965585973843815 2.607280909209976 NaN NaN 3.1965585973843815 2.607280909209976 
100.00010959319319 NaN NaN 2.1353075789092912 2.607280909209976 NaN NaN 2.1353075789092912 2.607280909209976 
101.00010959319319 NaN NaN 2.241532644065799 3.06574451338804 NaN 19.511440115175716 2.241532644065799 2.572979291959925 
102.00010959319319 19.12614164196789 NaN 3.2874991190898157 2.674683316171979 19.12614164196789 18.777304518426092 3.2874991190898157 2.674683316171979 
103.00010959319319 19.796416411371737 NaN 3.957773888493662 2.674683316171979 19.796416411371737 18.777304518426092 3.957773888493662 2.674683316171979 
104.00010959319319 21.16472905818756 NaN 3.497619926969932 3.5506302608677203 21.16472905818756 18.170495601949995 3.497619926969932 2.5966168312225903 
105.00009145711431 20.266638291601694 NaN 2.972484884534012 2.9998624748952096 20.266638291601694 19.61970772064663 2.972484884534012 2.9998624748952096 
106.00010959319319 19.685869523410958 NaN 3.8476434404107067 2.9998624748952096 19.685869523410958 19.61970772064663 3.8476434404107067 2.9998624748952096 
107.00010959319319 20.709364645077898 NaN 1.7627477940286838 2.364229045757398 20.709364645077898 18.779196956848764 1.7627477940286838 2.364229045757398 
108.0000199842179 20.45128551787066 NaN 3.0168255148555545 2.7278610892993527 20.45128551787066 19.725303444280044 3.0168255148555545 2.7278610892993527 
109.00010959319319 19.14389992997957 NaN 3.5174751573793372 2.7041293342314674 19.14389992997957 18.977045672970974 3.5174751573793372 2.7041293342314674 
110.00010959319319 20.254583769221682 NaN 2.0362037908370496 2.7041293342314674 20.254583769221682 18.977045672970974 2.0362037908370496 2.7041293342314674 
111.00010959319319 21.707708828481216 NaN 2.0605285785825913 2.705381275670348 21.707708828481216 20.26541182342234 2.0605285785825913 2.204731633146565 
112.00010959319319 21.101413809244704 NaN 2.6992639309183346 2.705381275670348 21.101413809244704 20.26541182342234 2.6992639309183346 2.204731633146565 
113.00010959319319 22.406609706120392 NaN 2.303008514566514 2.6775649986750096 22.406609706120392 17.16980371431292 2.303008514566514 2.6775649986750096 
114.00001390727964 22.835998272113684 NaN 2.7323970805598066 2.9513188404569064 22.835998272113684 18.89668261535435 2.7323970805598066 2.9513188404569064 
115.00010959319319 19.79650208249626 NaN 2.6976435406172214 2.9513188404569064 19.79650208249626 18.89668261535435 2.6976435406172214 2.9513188404569064 
116.00010959319319 20.637967881554616 NaN 3.5391093396755764 2.5155939913018273 20.637967881554616 20.04312528381348 3.5391093396755764 2.0862054253085347 
117.00010959319319 20.046001121745633 NaN 2.654792781117237 2.60160516636536 20.046001121745633 19.440869256806778 2.654792781117237 2.60160516636536 
118.00010959319319 20.021262680699976 NaN 2.3453034258320855 2.60160516636536 20.021262680699976 19.440869256806778 2.3453034258320855 2.60160516636536 
119.00010959319319 20.967001555949977 NaN 1.9156218397030642 3.3073140644658565 20.967001555949977 19.907257549577736 1.9156218397030642 3.3073140644658565 
120.00010959319319 20.949511036123 NaN 2.745919684364708 3.5975480443213144 20.949511036123 21.03895732849155 2.745919684364708 2.7549857018382227 
121.00010959319319 20.216365769912997 NaN 2.4467891838879865 3.224192227479662 20.216365769912997 20.156133899625218 2.4467891838879865 2.2784533522296613 
122.00010959319319 20.97141852140902 NaN 2.0701421564701974 3.224192227479662 20.97141852140902 20.156133899625218 2.0701421564701974 2.2784533522296613 
123.0000679997321 21.048885886360452 NaN 3.4981137390181374 2.764154857350519 21.048885886360452 19.012929354674895 3.4981137390181374 2.764154857350519 
124.00010959319319 20.346422659414173 NaN 2.7869055910115463 3.374082074635851 20.346422659414173 20.28778770172353 2.7869055910115463 2.9436918622696027 
125.00010959319319 21.33338542792376 NaN 2.45786900973863 3.374082074635851 21.33338542792376 20.28778770172353 2.45786900973863 2.9436918622696027 
126.00000883285662 21.0302927975207 NaN 2.3291301509835733 2.74904688452051 21.0302927975207 16.693799971610062 2.3291301509835733 2.74904688452051 
127.00010959319319 20.515227808458818 NaN 3.217019149003548 3.021064882150128 20.515227808458818 18.425259680524547 3.217019149003548 3.021064882150128 
128.0001095931932 20.439848674600015 NaN 2.8449881664312358 3.021064882150128 20.439848674600015 18.425259680524547 2.8449881664312358 3.021064882150128 
129.0001095931932 21.114975022432773 NaN 3.5201145142639945 2.280081107330517 21.114975022432773 19.79289874747188 3.5201145142639945 2.280081107330517 
130.0001095931932 19.121007243549954 NaN 2.9249386112081908 2.4339959365979666 19.121007243549954 18.1612153653806 2.9249386112081908 1.8494308932129115 
131.0001095931932 20.04480166492924 NaN 2.4566345506039227 2.4339959365979666 20.04480166492924 18.1612153653806 2.4566345506039227 1.8494308932129115 
132.0001095931932 19.30291274776991 NaN 3.2982628382151518 3.694814323282344 19.30291274776991 18.701402898574344 3.2982628382151518 2.519797705443608 
133.0001095931932 20.698601604226695 NaN 3.1230908259258285 3.694814323282344 20.698601604226695 18.701402898574344 3.1230908259258285 2.519797705443608 
134.0001095931932 20.07291679473937 NaN 2.378901487410502 2.489596199964467 20.07291679473937 19.8020007843339 2.378901487410502 2.489596199964467 
135.0001095931932 20.655789223901564 NaN 2.961773916572696 2.4473334994617346 20.655789223901564 18.816726244008976 2.961773916572696 2.4473334994617346 
136.0000925357598 18.93055724273748 NaN 2.5901823450911365 2.5756504205672854 18.93055724273748 19.369965190657183 2.5901823450911365 2.5756504205672854 
137.0001095931932 19.76456806442735 NaN 2.019238243219604 2.5756504205672854 19.76456806442735 19.369965190657183 2.019238243219604 2.5756504205672854 
138.0001095931932 19.54375726396158 NaN 3.1928792853601067 2.6851927609468476 19.54375726396158 18.7407984817728 3.1928792853601067 2.6851927609468476 
139.0001095931932 19.346367631316042 NaN 2.7313881424970816 2.6540673517213236 19.346367631316042 18.838704910094094 2.7313881424970816 2.6540673517213236 
140.0001095931932 20.40462053208367 NaN 2.473417030190717 2.6540673517213236 20.40462053208367 18.838704910094094 2.473417030190717 2.6540673517213236 
141.0001095931932 21.19347956423789 NaN 2.135006591299174 2.9466309385285285 21.19347956423789 17.810077916064344 2.135006591299174 2.9466309385285285 
142.0001095931932 20.947721515908157 NaN 3.55717211338208 2.3767971397899714 20.947721515908157 18.87631234351302 3.55717211338208 2.3767971397899714 
143.0001095931932 19.312398554359376 NaN 2.7657144553994897 2.3767971397899714 19.312398554359376 18.87631234351302 2.7657144553994897 2.3767971397899714 
144.0001095931932 20.15980320449806 NaN 2.044158389210679 2.703940853132309 20.15980320449806 17.806273997077696 2.044158389210679 2.703940853132309 
145.0001095931932 19.86030420793942 NaN 1.707318125229051 2.0317905148032764 19.86030420793942 19.265654606930227 1.707318125229051 2.0317905148032764 
146.0001095931932 19.013379081712984 NaN 2.5918527079170985 2.234194349477349 19.013379081712984 17.09950406215617 2.5918527079170985 2.234194349477349 
147.0001095931932 19.984975713467648 NaN 3.563449339671763 2.172889072263189 19.984975713467648 18.12550699328625 3.563449339671763 2.172889072263189 
148.0001095931932 18.00577404972327 NaN 3.0878264168045177 2.172889072263189 18.00577404972327 18.12550699328625 3.0878264168045177 2.172889072263189 
149.0001095931932 18.89873552591007 NaN 1.9475330780039712 2.3405953214156057 18.89873552591007 19.56531959777908 1.9475330780039712 2.3405953214156057 
150.0001095931932 20.112888756723407 NaN 3.161686308817309 2.8709202082486343 20.112888756723407 19.81137102160355 3.161686308817309 2.1690649638636046 
151.0001095931932 20.899396465348502 NaN 3.948194017442404 2.8709202082486343 20.899396465348502 19.81137102160355 3.948194017442404 2.1690649638636046 
152.0001095931932 19.614775634231904 18.412604966543086 3.0691440119024094 1.8147862183822099 19.614775634231904 18.412604966543086 3.0691440119024094 1.8147862183822099 
153.0001095931932 21.291591504480436 18.669941279315026 2.962135920962993 3.1733166227082563 21.291591504480436 18.669941279315026 2.962135920962993 3.1733166227082563 
154.0001095931932 20.789016377843524 19.93258858366454 2.62869046719689 3.257477035795972 20.789016377843524 19.93258858366454 2.62869046719689 3.257477035795972 
155.0001095931932 20.459224776251347 19.93258858366454 2.3453233848400714 3.257477035795972 20.459224776251347 19.93258858366454 2.3453233848400714 3.257477035795972 
156.0001095931932 20.949055897774173 19.31394079397066 2.8351545063628976 2.1425180863342064 20.949055897774173 19.31394079397066 2.8351545063628976 2.32802077840617 
157.0001095931932 20.833619548090184 19.31394079397066 2.8528721414606935 2.1425180863342064 20.833619548090184 19.31394079397066 2.8528721414606935 2.32802077840617 
158.0001095931932 20.2607980472834 21.412550075990225 2.473655133988302 3.750919088894676 20.2607980472834 21.412550075990225 2.473655133988302 2.8356312507464168 
159.0001095931932 20.0249315761273 19.783301031359912 3.365058133877966 2.9614345652141196 20.0249315761273 19.783301031359912 3.365058133877966 3.451265686736946 
160.0000560075236 21.341361499993923 19.783301031359912 2.582878775725021 2.9614345652141196 21.341361499993923 19.783301031359912 2.582878775725021 3.451265686736946 
161.0001095931932 20.645808706643237 19.71395659990904 2.321605410170946 2.715434614970576 20.645808706643237 19.71395659990904 2.321605410170946 2.715434614970576 
162.0001095931932 21.60347444071911 16.960412816258184 3.2792711442468203 2.0709036593625 21.60347444071911 16.960412816258184 3.2792711442468203 2.0709036593625 
163.0001095931932 22.252032586759725 16.960412816258184 3.927829290287434 2.0709036593625 22.252032586759725 16.960412816258184 3.927829290287434 2.0709036593625 
164.00009568289107 20.551850013113977 18.69559285101718 2.2716908442791066 3.8060836941214973 20.551850013113977 18.69559285101718 2.2716908442791066 3.8060836941214973 
165.0001095931932 21.548731605252215 19.902061982142413 1.5333924016583467 2.710288945166525 21.548731605252215 19.902061982142413 1.5333924016583467 2.710288945166525 
166.0001095931932 19.887475941570074 18.622152898241808 2.338769231686001 3.307427144920638 19.887475941570074 18.622152898241808 2.338769231686001 3.307427144920638 
167.0001095931932 20.164694461471584 18.622152898241808 2.435521551592359 3.307427144920638 20.164694461471584 18.622152898241808 2.435521551592359 3.307427144920638 
168.0001095931932 21.041086647307907 19.366126791997374 3.3119137374286822 3.059478640036815 21.041086647307907 19.366126791997374 3.3119137374286822 2.3646022134022076 
169.0001095931932 20.484613723582868 18.777441599253166 2.9495570724017455 3.077654897630481 20.484613723582868 18.777441599253166 2.9495570724017455 3.077654897630481 
170.0001095931932 19.860092728013655 18.777441599253166 2.6630308998798853 3.077654897630481 19.860092728013655 18.777441599253166 2.6630308998798853 3.077654897630481 
171.0001095931932 20.632659907424028 18.917776990902297 3.4355980792902585 2.3856469599896286 20.632659907424028 20.265047298480226 3.4355980792902585 2.3856469599896286 
172.0001095931932 20.67996124630426 20.30847338251766 3.3253266827966 2.893003670837203 20.67996124630426 21.65574369009559 3.3253266827966 2.893003670837203 
173.0001095931932 21.70722012938694 20.30847338251766 2.86497986665222 2.893003670837203 21.70722012938694 21.65574369009559 2.86497986665222 2.893003670837203 
174.0001095931932 19.823764079872035 18.02838656272135 2.2120051341975113 3.233004402755853 19.823764079872035 18.02838656272135 2.2120051341975113 2.4604372233454797 
175.0001095931932 21.0513377852524 19.561383830883614 3.4395788395778766 3.537665583095702 21.0513377852524 19.561383830883614 3.4395788395778766 2.5852763737454723 
176.0001095931932 20.490617974710858 19.334456125235704 2.50217485123855 3.6970384209105305 20.490617974710858 20.183314756525846 2.50217485123855 2.66977953782785 
177.0001095931932 21.95110921983712 17.455373966288704 2.4296688282025514 2.4940870214081485 21.95110921983712 17.455373966288704 2.4296688282025514 3.1425589178107884 
178.0001095931932 20.606926351225695 17.455373966288704 2.0723331944456334 2.4940870214081485 20.606926351225695 17.455373966288704 2.0723331944456334 3.1425589178107884 
179.0001095931932 21.56948198337929 18.804699098402637 3.0348888265992287 2.702410635346297 21.56948198337929 18.804699098402637 3.0348888265992287 2.702410635346297 
180.0001095931932 21.322124592957863 17.880364770720462 2.889743362502543 3.050636470139324 21.322124592957863 17.880364770720462 2.889743362502543 3.050636470139324 
181.0001095931932 21.751620556691876 17.880364770720462 1.969914194122623 3.050636470139324 21.751620556691876 17.880364770720462 1.969914194122623 3.050636470139324 
182.0001095931932 20.072214379525718 17.42690881186246 3.3384189404855817 2.489741561759729 20.072214379525718 17.42690881186246 3.3384189404855817 2.489741561759729 
183.00009723756727 20.776417920040586 18.359370699326888 4.04262248100045 1.9273519104432353 20.776417920040586 18.359370699326888 4.04262248100045 1.9273519104432353 
184.0001095931932 19.364509517248138 20.04798698281715 2.607559026990799 2.6708464226047113 19.364509517248138 20.04798698281715 2.607559026990799 2.6708464226047113 
185.00010613306998 20.278227025269473 20.04798698281715 2.588814647547707 2.6708464226047113 20.278227025269473 20.04798698281715 2.588814647547707 2.6708464226047113 
186.0001095931932 19.76937561996766 20.297437363688147 3.3256595880406223 3.4937954205797723 19.76937561996766 20.297437363688147 3.3256595880406223 3.4937954205797723 
187.0001095931932 21.279704252168358 18.357390817309806 1.9010399637418232 2.622656193826515 21.279704252168358 18.357390817309806 1.9010399637418232 2.622656193826515 
188.0001095931932 20.68705540776628 19.28960648460648 2.754220257480341 2.4697879370405644 20.68705540776628 19.28960648460648 2.754220257480341 2.4697879370405644 
189.0001095931932 20.15785790093429 19.28960648460648 3.7434522649042776 2.4697879370405644 20.15785790093429 19.28960648460648 3.7434522649042776 2.4697879370405644 
190.00000597633988 20.814000572425414 19.68452336965734 3.0367898595420115 4.024007787710161 20.814000572425414 19.68452336965734 3.0367898595420115 2.5136791555094646 
191.0001095931932 22.030969011937856 19.856451410582963 2.7560641073261536 2.6049940821069413 22.030969011937856 19.856451410582963 2.7560641073261536 2.6049940821069413 
192.00007959050512 20.301753276396965 17.593151720252735 2.3509306119580913 2.1950576326906344 20.301753276396965 17.593151720252735 2.3509306119580913 2.1950576326906344 
193.0001095931932 21.413924386516925 17.593151720252735 2.518606501742056 2.1950576326906344 21.413924386516925 17.593151720252735 2.518606501742056 2.1950576326906344 
194.0001095931932 21.413924386516925 19.135483970271224 2.518606501742056 2.520421443196682 21.413924386516925 19.135483970271224 2.518606501742056 2.520421443196682 
195.0001095931932 20.419564057516283 18.122422471375245 3.321108908942307 2.2339232748405777 20.419564057516283 18.122422471375245 3.321108908942307 2.2339232748405777 
196.0001095931932 19.03021372175013 19.354526525699725 2.7116894094663166 2.9717844055637386 19.03021372175013 19.354526525699725 2.7116894094663166 2.9717844055637386 
197.0001095931932 19.795196906089757 19.354526525699725 3.4766725938059437 2.9717844055637386 19.795196906089757 19.354526525699725 3.4766725938059437 2.9717844055637386 
198.0001095931932 20.855311743917156 20.398725577703033 1.8241670038447921 2.4088303483893014 20.855311743917156 19.644299164294893 1.8241670038447921 2.4088303483893014 
199.0001095931932 21.87729368306239 17.47289539130182 2.846148942990027 2.7070427671170307 21.87729368306239 17.47289539130182 2.846148942990027 2.7070427671170307 
200.0001095931932 22.817914902187653 18.35659047510481 2.3117835825907207 3.249137641614567 22.817914902187653 18.35659047510481 2.3117835825907207 3.249137641614567 
201.0001095931932 NaN NaN NaN NaN NaN NaN NaN NaN 
202.0001095931932 NaN NaN NaN NaN NaN NaN NaN NaN 
203.0001095931932 NaN NaN 2.0034313698279504 NaN NaN NaN 2.0034313698279504 NaN 
204.0001095931932 NaN NaN 3.466835211312258 NaN NaN NaN 3.466835211312258 NaN 
205.0001095931932 NaN NaN 2.441187775369258 NaN NaN NaN 2.441187775369258 NaN 
206.0001095931932 NaN NaN 2.441187775369258 NaN NaN NaN 2.441187775369258 NaN 
207.0001095931932 NaN NaN 2.043268590754593 NaN NaN NaN 2.043268590754593 NaN 
208.0001095931932 NaN NaN 2.5248823980457473 NaN NaN NaN 2.5248823980457473 NaN 
209.00005173114073 NaN NaN 2.5248823980457473 NaN NaN NaN 2.5248823980457473 NaN 
210.0001095931932 NaN NaN 2.1615966603273193 NaN NaN NaN 2.1615966603273193 NaN 
211.0001048030041 NaN NaN 2.724410901188662 NaN NaN NaN 2.724410901188662 2.6995775283841112 
212.0001095931932 NaN NaN 2.196365294379376 NaN NaN NaN 2.196365294379376 2.253613851293153 
213.0001095931932 NaN NaN 2.9681194409042746 NaN NaN NaN 2.9681194409042746 2.679489753016611 
214.0001095931932 NaN NaN 2.9681194409042746 2.64204475699583 NaN NaN 2.9681194409042746 2.64204475699583 
215.0001095931932 NaN NaN 3.0418619633542505 3.8369527710577245 NaN NaN 3.0418619633542505 3.8369527710577245 
216.0001095931932 NaN NaN 1.8011989406728333 3.1375425197746267 NaN NaN 1.8011989406728333 3.1375425197746267 
217.0001095931932 NaN NaN 1.8011989406728333 3.9251288892873504 NaN NaN 1.8011989406728333 3.9251288892873504 
218.0001095931932 NaN NaN 2.3389070977338804 3.4906981889266717 NaN NaN 2.3389070977338804 3.4906981889266717 
219.0001095931932 NaN NaN 2.3389070977338804 2.4744679148501803 NaN NaN 2.3389070977338804 2.4744679148501803 
220.00000666312593 NaN NaN 2.2638993641815546 3.585980058833968 NaN NaN 2.2638993641815546 3.585980058833968 
221.0001095931932 20.53405216456858 NaN 2.20553958135676 4.341630327069566 20.53405216456858 NaN 2.20553958135676 2.588672683222086 
222.00002450490956 19.86951341160787 NaN 1.9822657557911612 4.0699243131217315 19.86951341160787 NaN 1.9822657557911612 4.0699243131217315 
223.0001095931932 19.772247473453433 NaN 2.614090090187375 4.6339914164622655 19.772247473453433 NaN 2.614090090187375 4.6339914164622655 
224.0001095931932 19.772247473453433 NaN 2.614090090187375 3.7210013642304887 19.772247473453433 NaN 2.614090090187375 3.7210013642304887 
225.0001095931932 18.63648052048697 NaN 2.180885949553243 1.661284484966501 18.63648052048697 NaN 2.180885949553243 1.661284484966501 
226.0001095931932 18.63648052048697 NaN 2.180885949553243 2.172127450146405 18.63648052048697 NaN 2.180885949553243 2.172127450146405 
227.0001095931932 19.980927711715026 NaN 2.8961154490451975 3.5312739293625555 19.980927711715026 NaN 2.8961154490451975 3.5312739293625555 
228.0001095931932 21.558962334645486 NaN 2.6437554095194287 4.821053535432924 21.558962334645486 NaN 2.6437554095194287 4.821053535432924 
229.0001095931932 19.15718298446805 NaN 2.484645056390832 5.387584578807974 19.15718298446805 NaN 2.484645056390832 5.387584578807974 
230.0001095931932 19.15718298446805 NaN 2.484645056390832 6.7450317835126725 19.15718298446805 NaN 2.484645056390832 6.7450317835126725 
231.0001095931932 20.534166011306326 NaN 2.005317433783688 2.532658616358077 20.534166011306326 NaN 2.005317433783688 2.532658616358077 
232.0001095931932 20.89310717002934 NaN 3.0445276960483056 3.383625307118365 20.89310717002934 NaN 3.0445276960483056 3.383625307118365 
233.0001095931932 18.70458913848853 NaN 2.146912014559234 3.8450526664955476 18.70458913848853 NaN 2.146912014559234 3.8450526664955476 
234.0001095931932 18.97171922844271 NaN 2.75798342781502 4.920208073859413 18.97171922844271 NaN 2.75798342781502 4.920208073859413 
235.00009486098554 18.304341931422158 NaN 2.1953546106501847 2.611229379295537 18.304341931422158 NaN 2.1953546106501847 2.611229379295537 
236.0001095931932 18.304341931422158 NaN 2.1953546106501847 1.9573408197067863 18.304341931422158 NaN 2.1953546106501847 1.9573408197067863 
237.00008116262487 18.374331088453005 NaN 2.050349017653957 2.874177358498855 18.374331088453005 NaN 2.050349017653957 2.874177358498855 
238.0001095931932 18.374331088453005 NaN 2.050349017653957 2.874177358498855 18.374331088453005 NaN 2.050349017653957 2.874177358498855 
239.0001095931932 20.058951567834526 NaN 2.3965425983867306 3.620411670860051 20.058951567834526 NaN 2.3965425983867306 3.620411670860051 
240.0000779899641 21.211619570073793 NaN 2.8986981145689583 4.785221901662624 21.211619570073793 NaN 2.8986981145689583 4.785221901662624 
241.00007431639645 21.211619570073793 NaN 2.8986981145689583 5.489183696047775 21.211619570073793 NaN 2.8986981145689583 5.489183696047775 
242.0001095931932 22.497900326272713 NaN 2.7292524035992756 3.6186186255702353 22.497900326272713 NaN 2.7292524035992756 3.6186186255702353 
243.0001095931932 22.497900326272713 NaN 2.7292524035992756 4.17131311479713 22.497900326272713 NaN 2.7292524035992756 4.17131311479713 
244.0001095931932 18.75763917537475 NaN 2.8734137013943553 5.139146902005052 18.75763917537475 NaN 2.8734137013943553 5.139146902005052 
245.0001095931932 18.439893270708808 NaN 2.488479072581498 3.493148719739253 18.439893270708808 NaN 2.488479072581498 3.493148719739253 
246.0001095931932 19.487570984680275 NaN 2.5683229993450425 4.753629930236002 19.487570984680275 NaN 2.5683229993450425 4.753629930236002 
247.0001095931932 19.487570984680275 NaN 2.5683229993450425 5.6826062637611585 19.487570984680275 NaN 2.5683229993450425 5.6826062637611585 
248.0001095931932 19.073556616798243 NaN 2.2772785673492137 2.6708417921610703 19.073556616798243 NaN 2.2772785673492137 2.6708417921610703 
249.0001095931932 20.090730769564487 NaN 2.441466012858541 4.057795096128444 20.090730769564487 NaN 2.441466012858541 4.057795096128444 
250.0001095931932 19.35974289860286 NaN 2.0662753823943376 4.775657744030752 19.35974289860286 NaN 2.0662753823943376 4.775657744030752 
251.000071309416 19.35974289860286 NaN 2.0662753823943376 3.0061204920277476 19.35974289860286 NaN 2.0662753823943376 3.0061204920277476 
252.0001095931932 17.95057787352428 NaN 2.6205701335364893 3.391380680968325 17.95057787352428 NaN 2.6205701335364893 3.391380680968325 
253.0001095931932 19.035387830778035 NaN 2.504899402680138 3.8684967105697297 19.035387830778035 NaN 2.504899402680138 3.8684967105697297 
254.0001095931932 17.68759907114037 NaN 1.732735456105587 2.1136010619127603 17.68759907114037 NaN 1.732735456105587 2.1136010619127603 
255.00003457785724 17.68759907114037 NaN 1.732735456105587 2.8198768822636 17.68759907114037 NaN 1.732735456105587 2.8198768822636 
256.0001095931932 19.361958535287812 NaN 2.9299788906516255 2.5236876731203495 19.361958535287812 NaN 2.9299788906516255 2.5236876731203495 
257.0001095931932 17.440733465552142 NaN 2.214921643972275 3.07890593070141 17.440733465552142 NaN 2.214921643972275 3.07890593070141 
258.0000110091514 18.7077336892564 NaN 1.9805220949401416 4.410880615184112 18.7077336892564 NaN 1.9805220949401416 4.410880615184112 
259.0001095931932 18.7077336892564 NaN 1.9805220949401416 5.293249577410563 18.7077336892564 NaN 1.9805220949401416 5.293249577410563 
260.0001095931932 19.092758335073256 NaN 2.9569308778723666 2.732057002463023 19.092758335073256 NaN 2.9569308778723666 2.732057002463023 
261.0001095931932 18.87774354379701 NaN 2.3004194420181534 3.7779045547008536 18.87774354379701 NaN 2.3004194420181534 3.7779045547008536 
262.0001095931932 18.87774354379701 NaN 2.3004194420181534 4.531610581674045 18.87774354379701 NaN 2.3004194420181534 4.531610581674045 
263.0001095931932 19.40523344925049 NaN 2.0744180871716935 2.9891904102532862 19.40523344925049 NaN 2.0744180871716935 5.78781767447083 
264.0001095931932 19.40523344925049 NaN 2.0744180871716935 4.451703774442251 19.40523344925049 NaN 2.0744180871716935 7.250331038659795 
265.0001095931932 19.530871187284703 NaN 1.9881388720010023 4.953669392091911 19.530871187284703 NaN 1.9881388720010023 7.752296656309454 
266.0001095931932 20.66932557761976 NaN 2.6299216094815847 6.017105640823786 20.66932557761976 NaN 2.6299216094815847 8.81573290504133 
267.0001095931932 19.00993671351577 NaN 2.561973637285803 7.106735689924847 19.00993671351577 19.28386278833878 2.561973637285803 9.90536295414239 
268.0001095931932 19.562861102438433 NaN 2.4538314235865073 3.771593185528218 19.562861102438433 19.501565492261847 2.4538314235865073 3.771593185528218 
269.0001095931932 19.562861102438433 NaN 2.4538314235865073 2.389117322583104 19.562861102438433 20.562747679958846 2.4538314235865073 2.389117322583104 
270.0001095931932 18.524841777889492 NaN 2.075981739500037 2.389117322583104 18.524841777889492 20.562747679958846 2.075981739500037 2.389117322583104 
271.0001095931932 18.895237743313402 NaN 2.7850529320198802 3.9461050486030445 18.895237743313402 22.119735405978787 2.7850529320198802 3.9461050486030445 
272.0001095931932 18.895237743313402 NaN 2.7850529320198802 5.4747566666027865 18.895237743313402 22.41841799772422 2.7850529320198802 5.4747566666027865 
273.0001095931932 20.408682280785655 NaN 2.145669051771506 2.123552792045814 20.408682280785655 20.63676221791775 2.145669051771506 2.123552792045814 
274.0001095931932 18.84389663496495 NaN 1.7887954916598119 2.685483150358607 18.84389663496495 21.198692576230542 1.7887954916598119 2.685483150358607 
275.0001095931932 18.84389663496495 NaN 1.7887954916598119 2.3530102472429917 18.84389663496495 22.37966421058718 1.7887954916598119 2.3530102472429917 
276.0001095931932 20.360129496733975 NaN 1.9813138027670334 3.5460709412452616 20.360129496733975 23.57272490458945 1.9813138027670334 3.5460709412452616 
277.0001095931932 21.199525387855886 NaN 2.8207096938889435 3.1093517786733287 21.199525387855886 24.773125295901878 2.8207096938889435 3.1093517786733287 
278.0001095931932 19.030145559512448 NaN 2.754497021809698 3.1093517786733287 19.030145559512448 24.773125295901878 2.754497021809698 3.1093517786733287 
279.0001095931932 19.030145559512448 NaN 2.754497021809698 3.2901873097683847 19.030145559512448 21.882277005745607 2.754497021809698 3.2901873097683847 
280.0001095931932 18.77926665911292 NaN 2.720428080851093 3.5789651333228676 18.77926665911292 17.158128078549453 2.720428080851093 3.5789651333228676 
281.0001095931932 17.42316900007637 NaN 2.3229243085941107 3.0771989775846578 17.42316900007637 18.31106192827889 2.3229243085941107 3.0771989775846578 
282.0001095931932 17.42316900007637 NaN 2.3229243085941107 4.2008318963501665 17.42316900007637 19.434694847044398 2.3229243085941107 4.2008318963501665 
283.0001095931932 19.14790485111405 NaN 2.084543865343221 4.7749964562988225 19.14790485111405 20.008859406993054 2.084543865343221 4.7749964562988225 
284.0001095931932 20.398609834887964 NaN 2.0321410199192087 3.3144858996286644 20.398609834887964 21.26895782442506 2.0321410199192087 3.3144858996286644 
285.0001095931932 19.169018823495264 NaN 1.8651729458105706 3.9046713109670463 19.169018823495264 20.342819252332504 1.8651729458105706 3.9046713109670463 
286.0001095931932 19.26122192646409 NaN 2.5490239004321325 2.16043397887546 19.26122192646409 19.92912220428184 2.5490239004321325 2.16043397887546 
287.0001095931932 19.117972054041047 NaN 2.749359286389222 3.4038457415639414 19.117972054041047 20.373776467098878 2.749359286389222 3.4038457415639414 
288.0001095931932 20.023181929371162 NaN 1.8331802476609482 4.121166558056302 20.023181929371162 21.09109728359124 1.8331802476609482 4.121166558056302 
289.0001095931932 19.738220199013256 NaN 2.5682902893975665 3.214132616464724 19.738220199013256 22.26634707229897 2.5682902893975665 3.214132616464724 
290.0001095931932 20.80940798312355 NaN 2.824748838607775 4.0419554185256175 20.80940798312355 23.094169874359864 2.824748838607775 4.0419554185256175 
291.0001095931932 20.80940798312355 NaN 2.824748838607775 4.9491058434172714 20.80940798312355 19.888332232345533 2.824748838607775 4.9491058434172714 
292.0001095931932 22.16784404150991 NaN 3.465864080501774 2.8168322059076445 22.16784404150991 20.83118166059802 3.465864080501774 2.8168322059076445 
293.0001095931932 19.30093720456682 NaN 3.27113099121965 2.7127008200681644 19.30093720456682 21.798238058868833 3.27113099121965 2.7127008200681644 
294.0001095931932 19.136401706743527 NaN 2.918751879226363 3.4987253502423528 19.136401706743527 22.58426258904302 2.918751879226363 3.4987253502423528 
295.0001095931932 19.403370964342287 NaN 2.6622224428774075 2.82874269418852 19.403370964342287 19.586435737675515 2.6622224428774075 2.82874269418852 
296.0000200039628 20.58844619554867 NaN 2.6880564499393813 3.471870318804008 20.58844619554867 20.229563362291003 2.6880564499393813 3.471870318804008 
297.0001095931932 20.58844619554867 NaN 2.6880564499393813 4.304810000299142 20.58844619554867 21.062503043786137 2.6880564499393813 2.922215885339881 
298.0001095931932 19.167100597195315 NaN 1.82931779700192 3.1092073072785524 19.167100597195315 22.52965416192893 1.82931779700192 3.1092073072785524 
299.0001095931932 20.772134351721604 NaN 2.6014118700330755 3.887357977326076 20.772134351721604 23.307804831976455 2.6014118700330755 3.887357977326076 
300.0001095931932 20.772134351721604 NaN 2.6014118700330755 4.970602904687723 20.772134351721604 24.391049759338102 2.6014118700330755 4.970602904687723 
#####################################################################
# End of data export. Simulation finished at: 2019-09-25T18:47+0000 #
#####################################################################
