#####################################################################
# Alchemist log file - simulation started at: 2019-09-17T20:29+0000 #
#####################################################################
# seed = 31.0, stage_width = 2000
#
# The columns have the following meaning: 
# time rep-bcast[Sum] rep-ccast[Sum] share-bcast[Sum] share-ccast[Sum] 
0.0 NaN NaN NaN NaN 
1.0000266236870503 NaN NaN NaN NaN 
2.0000266236870505 NaN NaN NaN NaN 
3.0000266236870505 NaN NaN NaN NaN 
4.0000266236870505 NaN NaN 2.775080379693818 NaN 
5.0000266236870505 NaN NaN 2.5337970155492804 NaN 
6.0000266236870505 NaN NaN 3.51999684884856 2.4035233503299596 
7.0000266236870505 NaN NaN 2.389988734816238 3.443065588352967 
8.00002662368705 NaN NaN 2.2070333488359335 3.443065588352967 
9.00002662368705 NaN NaN 3.045984646848974 2.9981443029441817 
10.00002662368705 NaN NaN 2.9364163299795116 4.222423399631502 
11.00002662368705 NaN NaN 3.650847394631599 3.1489473883294963 
12.00002662368705 NaN NaN 3.1631056675140066 2.737626639420659 
13.00002662368705 NaN NaN 3.0639990063722706 4.23085519593562 
14.00002662368705 NaN NaN 3.628846945122252 4.23085519593562 
15.00002662368705 NaN NaN 3.547012409362422 4.030032745415209 
16.00002662368705 NaN NaN 4.612336631622853 4.1213396952446555 
17.000014236268143 NaN NaN 2.762909842124456 4.068200727726731 
18.00002662368705 NaN NaN 2.762909842124456 4.068200727726731 
19.00002662368705 NaN NaN 2.9638305144967436 4.4639011564115805 
20.00002662368705 NaN NaN 3.0474257615142086 3.095641609994516 
21.00002662368705 NaN NaN 3.0474257615142086 3.240162478218455 
22.00002662368705 NaN NaN 2.665639691893265 4.316940528179494 
23.00002662368705 NaN NaN 3.940903942198375 3.0877848761671167 
24.00002662368705 NaN NaN 3.940903942198375 4.26973318205615 
25.00002662368705 24.041221225842005 NaN 3.062344747444463 3.1346371822689783 
26.00002662368705 25.277059223880666 NaN 4.298182745483125 3.1346371822689783 
27.00002662368705 26.30278785876258 NaN 3.909666296644449 4.43279006313654 
28.00002662368705 26.84188900368165 NaN 3.266819135674485 4.190765602757544 
29.000003708194335 28.200059140678356 NaN 3.729589008605334 4.296829732478756 
30.00002662368705 26.69424338198942 NaN 3.6763366421996793 4.714876682548905 
31.00002662368705 25.388041515641817 NaN 3.7647824427988965 3.9230688887689666 
32.00002662368705 26.336119319441465 NaN 2.758625141074333 3.1803904470168334 
33.00002662368705 27.42665523947884 NaN 3.849161061111708 4.436964968764304 
34.00002662368705 27.42665523947884 NaN 3.849161061111708 4.436964968764304 
35.00002662368705 28.594892226269444 NaN 3.547639208761673 3.885137709525111 
36.00002662368705 25.72225297481414 NaN 3.4675145774567575 3.885137709525111 
37.00002662368705 25.57040049995762 NaN 2.73548483102811 4.2501706875109875 
38.00002662368705 26.350942138421253 NaN 2.861374199523958 2.4226134222110005 
39.00002662368705 26.91416900849312 NaN 3.4246010695958233 2.4226134222110005 
40.00002662368705 27.938318746944354 NaN 3.135640026261534 3.943148040563159 
41.00002662368705 26.54001037857038 NaN 3.1684588993010223 2.8392701042230257 
42.00002662368705 27.43715458350298 NaN 4.065603104233624 2.2282165995979497 
43.00002662368705 28.03725417766259 NaN 4.665702698393233 3.324162902483195 
44.00002662368705 26.829298520599156 NaN 2.934782186098275 3.12182813050093 
45.00002662368705 26.154887538001322 NaN 3.823027490368645 3.12182813050093 
46.00002662368705 27.13055824495574 NaN 3.8223750934250376 3.408694056899506 
47.00002662368705 23.382681122981847 NaN 3.55110601937902 4.083813499078147 
48.00002662368705 25.143057644517906 NaN 2.7913044581399618 2.833590598233158 
49.00002662368705 24.802734972019998 26.940359769226948 3.6329300915310867 3.32506726277024 
50.00002132770359 25.757145122484623 26.940359769226948 3.312121205657462 3.32506726277024 
51.00002662368705 26.825394684427835 26.296537217486723 3.5914192048955087 2.801579236692689 
52.00002662368705 22.90602222017565 25.014822146272152 4.435027830956919 2.93980516500757 
53.00002662368705 23.801314938370552 25.014822146272152 3.8631731776603218 2.93980516500757 
54.00002662368705 25.212201683047795 26.614069335863228 3.2124941980398276 3.5846422041340205 
55.00002662368705 25.77513973651832 26.11811196929369 3.2136276398744954 3.0740979314756345 
56.00002662368705 25.77513973651832 26.11811196929369 3.2136276398744954 3.0740979314756345 
57.00002662368705 25.650225858571076 25.200890904397376 4.558472601067891 2.9462381368043182 
58.00002662368705 25.586566003770233 24.866583472935375 4.050158396839613 3.9215898010694374 
59.00002662368705 26.571403761997512 24.866583472935375 3.633682239720656 3.9215898010694374 
60.00002662368705 26.354030012053933 26.112991605004368 3.2235179714336226 4.187012929597756 
61.00002662368705 26.387630069271218 26.28682132391541 2.7129183120561464 3.0933016887432103 
62.00002662368705 27.0703196988227 27.076843209462552 3.3956079416076292 2.898485816063072 
63.00002662368705 26.475098963766108 28.099039936204818 3.5217421262353525 3.920682542805338 
64.00002662368705 25.81628720311673 25.455061534237885 3.026547510271044 3.777164567455955 
65.00002662368705 26.963841598762606 26.79018253127701 3.3840800203697796 3.2358893019460524 
66.00001975942158 25.01973114081178 27.933646313962143 3.299622507251428 4.379353084631184 
67.00002662368705 26.057672996767998 26.864751659117587 3.441881566753139 3.560198731521915 
68.00002662368705 26.03129875131787 26.864751659117587 4.391830425201036 3.560198731521915 
69.00002662368705 27.144327955164748 25.04414273108815 3.0262748493236558 5.044487385644437 
70.00002662368705 27.96473758897441 26.301018031156566 3.8466844831333162 6.301362685712853 
71.00002662368705 28.10549468358306 27.507121370142563 3.683127827302428 3.4342817010249433 
72.00002662368705 28.708520944473875 25.732623192320602 4.286154088193243 4.348376763266998 
73.00002662368705 26.014464623114357 25.732623192320602 3.9032062318245693 4.348376763266998 
74.00002662368705 27.284570199568485 24.68002611308861 2.7103331692242847 3.96434300130565 
75.00002662368705 27.727677176907626 26.011632121519916 3.153440146563426 3.456219351352246 
76.00002662368705 28.082167368607294 26.011632121519916 3.3827868387262043 3.456219351352246 
77.00002662368705 25.658168758957245 26.40649660710357 4.487501324865391 3.704153189646675 
78.00002662368705 26.761424960425757 25.84919205262348 2.709746442207404 3.3454942693779373 
79.00002662368705 28.256080751157384 26.885601197461384 2.8551275968907532 3.2384616598110085 
80.00002662368705 26.484503314490865 26.395828011839093 3.662648911521316 4.325913308950959 
81.00002662368705 NaN NaN NaN NaN 
82.00002662368705 NaN NaN NaN NaN 
83.00001045400569 NaN NaN NaN NaN 
84.00002662368705 NaN NaN 2.5758870783306094 NaN 
85.00002662368705 NaN NaN 2.9279091562476225 NaN 
86.00002662368705 NaN NaN 2.8901481982821053 NaN 
87.00002662368705 NaN NaN 2.8156099795433676 NaN 
88.00002662368705 NaN NaN 2.8159319253120287 NaN 
89.00002662368705 NaN NaN 3.174150004665208 NaN 
90.00002662368705 NaN NaN 2.717924402583307 NaN 
91.00002662368705 NaN NaN 3.8632682731508936 NaN 
92.00002662368705 NaN NaN 3.4387932193412496 NaN 
93.00002662368705 NaN NaN 3.6276285133560577 NaN 
94.00002662368705 NaN NaN 3.6276285133560577 NaN 
95.00002662368705 NaN NaN 2.521162340191765 NaN 
96.00002662368705 NaN NaN 3.5621168845525375 NaN 
97.00002662368705 NaN NaN 3.361412588935451 NaN 
98.00002662368705 NaN NaN 2.315961516398019 NaN 
99.00002662368705 NaN NaN 3.328037914989494 4.183605903582659 
100.00002662368705 NaN NaN 3.328037914989494 3.5532792317752353 
101.00002662368705 NaN NaN 3.1477554164638235 3.035174699422882 
102.00002662368705 NaN NaN 3.2108706962225284 3.793476252453786 
103.00002662368705 NaN NaN 3.2108706962225284 3.793476252453786 
104.00002662368705 NaN NaN 3.235443003156476 4.746190753394799 
105.00002662368705 NaN NaN 3.9026850184981186 4.339171443816383 
106.00002662368705 NaN NaN 3.694452034399845 3.9903416604346944 
107.00002662368705 NaN NaN 3.094485532168207 3.7447857676894785 
108.00002662368705 25.327842909485668 NaN 3.8366888549464875 3.7447857676894785 
109.00002662368705 24.22542908546633 NaN 2.7813410575943465 3.5127334838039843 
110.00002662368705 25.3987639547544 NaN 3.954675926882416 3.5127334838039843 
111.00002662368705 25.354188084141825 NaN 3.799152998088232 4.703606259887522 
112.00002662368705 26.437250153612013 NaN 2.720834492097765 2.4843441883602253 
113.00002662368705 26.437250153612013 NaN 2.720834492097765 2.4515780793788764 
114.00002662368705 26.74805504504691 NaN 4.079704755080925 3.9518541800741502 
115.00002662368705 26.032943286802123 NaN 3.006311178375512 3.9518541800741502 
116.00002662368705 25.562363530213503 NaN 3.544532227098273 3.5461264611900702 
117.00002662368705 23.82732696192454 NaN 2.9116706084048474 2.972122103738201 
118.00002662368705 25.02625635487344 NaN 4.110600001353745 2.848834847193018 
119.00002662368705 25.02625635487344 NaN 4.110600001353745 2.9829364427775573 
120.00002662368705 25.886002856114857 NaN 3.1540182426165444 2.9829364427775573 
121.00002662368705 27.132276300602598 NaN 4.400291687104286 3.0438150176275798 
122.00002662368705 25.30518388308046 NaN 2.7417916122270043 3.700722979934085 
123.00001452765791 25.67298257566499 NaN 3.8175106543312864 4.4359646691389685 
124.00002662368705 25.67298257566499 NaN 3.8175106543312864 3.157475912083754 
125.00002662368705 25.075740067451477 NaN 2.528210864149756 2.9350800995392348 
126.00002662368705 25.075740067451477 NaN 2.528210864149756 3.1075522792783232 
127.00002662368705 26.492658226191992 NaN 3.9451290228902707 4.139702801126205 
128.00002662368706 27.130467620467442 NaN 3.0548426994728572 2.6983938611990936 
129.00002662368706 28.12729364351405 NaN 4.051668722519466 3.9258208585542747 
130.00002662368706 26.147297579313445 NaN 3.061141749501658 4.834870269776772 
131.00002662368706 27.237216745609132 NaN 2.939400712026611 4.295228107987029 
132.00002662368706 27.237216745609132 NaN 2.939400712026611 3.2945555503328876 
133.00002662368706 26.216210342148116 NaN 3.3090838419948057 4.135168108143262 
134.00002662368706 24.57893796629712 NaN 3.8099369753754786 3.543905840210897 
135.00002662368706 24.57893796629712 NaN 3.8099369753754786 3.2228402597090167 
136.00002662368706 26.312929768222958 NaN 2.5626734701110365 3.2019637118326614 
137.00002662368706 27.014199939730887 NaN 3.2639436416189653 4.370693069839319 
138.00002662368706 26.102867217212392 NaN 3.103715156065988 4.370693069839319 
139.00002662368706 27.48478354940393 NaN 3.332294741377723 3.5985659075290926 
140.00002662368706 27.62684015151268 NaN 3.446190745786538 3.841922488718552 
141.00002662368706 27.62684015151268 NaN 3.446190745786538 3.665219634637964 
142.00002662368706 23.060828702897467 NaN 2.741072503730834 3.665219634637964 
143.00002662368706 24.294995906400615 NaN 3.975239707233982 3.0179852969580736 
144.00002662368706 24.294995906400615 NaN 3.975239707233982 3.7842975177976257 
145.00002662368706 23.41560177269416 NaN 3.4427748008271237 4.314249038020279 
146.00002662368706 24.416786045100665 NaN 3.2217292584139727 4.223750812457467 
147.00002662368706 25.133903736861953 NaN 3.03436514953475 4.113215211332687 
148.00002662368706 25.133903736861953 NaN 3.03436514953475 4.113215211332687 
149.00002662368706 27.303469182849994 NaN 3.0978283586998714 3.8080138780431128 
150.00002662368706 25.20397948182567 NaN 3.8910799573345116 3.125818081229596 
151.00002662368706 25.20397948182567 NaN 3.8910799573345116 3.125818081229596 
152.00002662368706 26.63938674492759 NaN 4.2028556180580665 5.012575269768121 
153.00002662368706 23.777316146152714 NaN 2.706867739970079 4.0373587397629365 
154.00002662368706 23.777316146152714 NaN 2.706867739970079 4.0373587397629365 
155.00002662368706 25.480806703420768 NaN 2.5236011086996086 3.12946961852316 
156.00002662368706 26.943948328491217 NaN 2.7923938177872003 4.573905453311852 
157.00002662368706 27.66155400156063 NaN 3.5099994908566146 4.573905453311852 
158.00002662368706 27.66155400156063 NaN 3.5099994908566146 4.438727167436809 
159.00002662368706 24.691065686724443 NaN 3.8075986566774986 2.9638563718268074 
160.00002662368706 25.745682960537692 NaN 3.4177800957020565 3.2501454747076366 
161.00002662368706 26.10285026226515 NaN 3.244517755623292 4.116159304558494 
162.00002662368706 26.246194466535286 NaN 2.8494373200447285 4.615835728526889 
163.00002662368706 26.246194466535286 NaN 2.8494373200447285 3.053283577630765 
164.00002662368706 25.67772637867182 NaN 2.605529259811391 2.7094147098840438 
165.00002662368706 25.107008350099363 NaN 2.715355439527343 2.6050581767018173 
166.00002662368706 25.107008350099363 NaN 2.715355439527343 3.661703266037023 
167.00002662368706 26.30937331848193 NaN 3.1355683881353684 2.6248852009128143 
168.00002662368706 27.3431549009764 NaN 2.977025552662127 3.852064198929696 
169.00002662368706 28.683044922998562 NaN 3.260270485349082 3.8598404069457217 
170.00002662368706 26.173562363193327 NaN 3.5760233477998895 3.3756737060427042 
171.00002662368706 26.173562363193327 NaN 3.5760233477998895 3.6766809195997894 
172.00002662368706 26.96454897700147 NaN 2.441746066847031 4.6192612639709125 
173.00002662368706 26.79475400783349 NaN 3.129903546799767 4.451011281314862 
174.00002662368706 24.669334816455404 NaN 2.858891812460797 3.8665483686058337 
175.00002662368706 25.62168605734348 NaN 2.8686627089777517 3.6769109006210385 
176.00002662368706 25.62168605734348 NaN 2.8686627089777517 3.6769109006210385 
177.00002662368706 24.96809810965081 NaN 2.815266493428169 3.586589186002584 
178.00002662368706 26.559990659684246 NaN 3.949869203458178 3.8707701301915165 
179.00002662368706 25.936681031326742 NaN 4.006558968767308 4.026982770012353 
180.00002662368706 25.936681031326742 NaN 4.006558968767308 3.6092063305823956 
181.00002662368706 27.322945985468806 NaN 2.7288318841940225 4.049777919507989 
182.00002662368706 27.322945985468806 NaN 2.7288318841940225 3.2746186706594074 
183.00002662368706 27.767063452002816 NaN 3.3851552105159044 4.341707879479827 
184.00002662368706 25.30349005953539 NaN 3.109690192035117 5.401134994415173 
185.00002662368706 26.531777614237257 NaN 3.521244445552128 4.064190877020479 
186.00002662368706 24.753964072688944 NaN 3.789400812621011 5.152936726701569 
187.00002662368706 25.866028161448185 NaN 3.842037786444905 4.480615256437545 
188.00002662368706 25.866028161448185 NaN 3.842037786444905 4.317285756563933 
189.00002662368706 24.430865160546034 NaN 3.165728134736213 3.914186118807919 
190.00002662368706 24.199545772891895 NaN 3.9910538364172794 3.975876428147842 
191.00002662368706 25.514383842354903 NaN 3.148222700005448 3.975876428147842 
192.00002662368706 26.57947316481355 NaN 3.3881241055182443 4.18033163439614 
193.00002662368706 25.062809727330887 NaN 2.7905626852351872 2.9231138645089914 
194.00002662368706 25.062809727330887 NaN 2.7905626852351872 4.103425515024497 
195.00002662368706 26.52536608398438 NaN 2.936599746881143 3.595444869719188 
196.00002662368706 26.644791243455273 NaN 3.0662059254499923 2.932188452384395 
197.00002662368706 25.71743835004054 NaN 4.191840095566363 4.013363308099258 
198.00002662368706 24.55186170527074 NaN 3.5161737740108947 3.7459798965990103 
199.00002662368706 24.55186170527074 NaN 3.5161737740108947 4.241241703424748 
200.00002662368706 25.875722998756146 NaN 3.6388276974262794 2.9432060551095844 
201.00002662368706 NaN 131.31897045263625 NaN NaN 
202.00002662368706 NaN 131.31897045263625 NaN NaN 
203.00002662368706 NaN 132.7758398596379 NaN NaN 
204.00002662368706 NaN 134.02786593792771 NaN NaN 
205.00002662368706 NaN 135.09020055371295 3.4566510411196987 NaN 
206.00002662368706 NaN 135.94987052472257 3.085109046451521 NaN 
207.00002662368706 NaN 137.374673953028 4.376127829472523 NaN 
208.00002662368706 NaN 137.374673953028 3.2457379748298933 NaN 
209.00002662368706 NaN 138.85498918454022 3.3472693301080767 NaN 
210.00002662368706 NaN 140.32848374887217 4.370840835948599 NaN 
211.00002662368706 NaN 140.32848374887217 4.068191591328031 NaN 
212.00002662368706 NaN 141.71035453481232 4.068191591328031 NaN 
213.00002662368706 NaN 142.983779974809 2.414389605348731 NaN 
214.00002662368706 NaN 143.92196129378235 3.3676669716589345 NaN 
215.00002662368706 NaN 145.11367835788994 2.9176376081584294 NaN 
216.00002662368706 NaN 146.35789108581773 4.070802181315827 NaN 
217.00002662368706 NaN 146.35789108581773 2.8372115597811955 NaN 
218.00002662368706 NaN 147.72542086303682 2.729401019396761 NaN 
219.00002662368706 NaN 149.16839524400734 2.733696567364717 3.387238527879191 
220.00002662368706 NaN 150.25690357276372 3.970121521944776 3.4977307192001774 
221.00002662368706 NaN 151.18475402908916 3.261596045997095 3.341674651802464 
222.00002662368706 NaN 151.18475402908916 4.512694002464144 3.341674651802464 
223.00002662368706 NaN 152.90802714975916 2.632127680081709 3.81643949657672 
224.00002662368706 NaN 153.86603691378548 2.990342766400204 3.538024306022976 
225.00002662368706 NaN 154.85410267003692 4.053718335785703 4.52609006227442 
226.00002662368706 NaN 156.40499446439566 3.628124006421359 6.076981856633154 
227.00002662368706 NaN 156.9304289533268 2.2315834765894067 4.041397700481383 
228.00002662368706 NaN 158.41890206849706 3.2570762574959815 4.243805273007695 
229.00002662368706 26.38326855185619 158.41890206849706 2.754113947098432 4.243805273007695 
230.00002662368706 27.3815680481907 159.7725855236788 3.2269789545017886 4.534113158803933 
231.00002662368706 27.306615604824486 160.7511312400895 2.9155794742551393 4.2149800839089835 
232.00002662368706 28.000930177458315 162.15590059038044 3.609894046888968 4.044721662847536 
233.00002662368706 28.99866574757266 162.15590059038044 4.607629617003312 4.044721662847536 
234.00002662368706 26.328081957246667 163.84154599526337 2.9516246701851685 3.684138087434775 
235.00002662368706 27.220955914202364 165.371905259334 3.844498627140865 3.34310914394797 
236.00002662368706 28.403050105517565 165.371905259334 3.6218234681651325 3.34310914394797 
237.00002662368706 25.30517686300729 166.75598737634795 3.173985402556241 3.053231466073271 
238.00002662368706 26.06833090371893 167.69722111657407 3.9371394432678812 3.1015912493436986 
239.00002662368706 27.23161241850829 168.79054784029805 3.5700616939866165 3.0128237817524735 
240.00002662368706 28.24642861017375 170.0484484777716 3.2007957686381303 4.270724419226013 
241.00002662368706 26.398767120771453 171.37682570510722 3.8152243620873207 3.5981402665759674 
242.00002662368706 27.139954782394966 172.3586946532947 3.463085299986858 3.416727699974075 
243.00002662368706 27.681045726557045 173.3845805356226 4.004176244148937 3.4277973906365276 
244.00002662368706 26.73250793173591 174.54869224738192 4.40948031700114 3.036246768720531 
245.00002662368706 27.65228235320089 174.54869224738192 4.000877511130483 3.036246768720531 
246.00002662368706 25.88327506677325 175.80509162705096 3.7814839862422787 3.5514584867660517 
247.00002662368706 26.938973793996695 177.46499548299155 3.8112968311378097 3.7290251446242735 
248.00002662368706 25.387329654945603 177.46499548299155 2.4902651776538107 3.7290251446242735 
249.00002662368706 26.231006656978423 178.62149091326435 3.3339421796866304 4.163562118491626 
250.00002662368706 26.313217042721163 179.93779663240804 2.7142584735150876 4.560093416170332 
251.00002662368706 26.393873861185 181.34415204026268 3.7829810482303685 5.203973400725715 
252.00002662368706 27.632719248045163 182.40262917729459 3.865331004817733 4.107272372589819 
253.00002662368706 26.625259690929113 182.40262917729459 3.6178920118478857 4.107272372589819 
254.00002662368706 26.625259690929113 183.63930678978642 3.6178920118478857 3.460052833279775 
255.00002662368706 24.80456654558614 184.86416667359313 3.2330000290022554 3.6161901423712095 
256.00002662368706 25.975651797891118 186.32552211846667 3.3456081442753316 3.8387002003845794 
257.00002662368706 26.274329330976315 187.51425539590986 4.622831393771236 3.958566751653933 
258.00002662368706 27.30080981528934 188.36361142963943 4.41263426559243 3.7864593603744936 
259.00002662368706 27.9698943665621 189.3792655344867 3.8568589330584757 3.631028212916789 
260.00002662368706 24.3863030747589 190.53388831366874 2.2439529381830425 3.508427742602919 
261.00002662368706 25.835107814236352 191.50580736268017 2.8434016439309175 3.4538663073013254 
262.00002662368706 26.851466046685204 191.50580736268017 2.8441057715324973 3.4538663073013254 
263.00002662368706 25.413022733486883 192.79055057808233 2.5763555363922137 4.069524971430724 
264.00002662368706 26.76410976485559 193.9311877716786 3.92744256776092 4.1729794375856955 
265.00002662368706 27.51253773254686 195.05701362881308 3.703951486440758 2.833642322793878 
266.00002662368706 28.140203346394372 196.50529711090013 3.0468738848861108 3.395053260839177 
267.00002662368706 26.95666489451449 196.50529711090013 4.214562794203744 3.395053260839177 
268.00002662368706 23.465404633841473 188.9789385470217 2.957083252410314 4.017958908268042 
269.00002662368706 24.878505879877167 189.95500372337017 4.370184498446008 3.61793050307773 
270.00002662368706 26.000050826168916 189.95500372337017 2.7296058597527235 3.61793050307773 
271.00002662368706 25.60174649153521 191.4856630368522 2.927548328888463 2.971917398304811 
272.00002662368706 26.624210563222448 192.7657145812521 3.9500124005757016 2.8388676966690127 
273.00002662368706 27.549762430103385 193.90757600522898 3.8994990911081686 3.486094281234557 
274.00002662368706 25.8848638411217 193.90757600522898 3.5203404748578464 3.486094281234557 
275.00002662368706 26.584852840036575 195.49604668175743 2.940277929372826 3.589559805847273 
276.00002662368706 24.759050255209303 196.88237636115912 2.6952750475670086 3.9534254135617175 
277.00002662368706 25.51701782317886 196.88237636115912 3.453242615536567 3.9534254135617175 
278.00002662368706 24.503597671413843 198.09339914850455 3.1465065367668217 3.087395636794497 
279.00002662368706 25.585538837153194 199.54531094675093 2.84211802310449 3.839318436126007 
280.00002662368706 25.3803955454284 200.80041577769367 3.8618346151864102 3.43959715692813 
281.00002662368706 25.92613963663294 202.06453635845662 3.1965559190455224 3.4219831399323652 
282.00002662368706 26.84100557811533 202.06453635845662 4.111421860527912 3.4219831399323652 
283.00002662368706 27.885771532080952 203.73852250596917 3.7042760162471495 2.994311529623644 
284.00002662368706 28.769109318496675 203.73852250596917 3.332508971720131 2.994311529623644 
285.00002662368706 26.666897325500486 205.99817745912463 3.4656211540072945 3.793356450092176 
286.00002662368706 25.040776395117007 205.99817745912463 4.009777107653122 3.793356450092176 
287.00002662368706 26.325994298158037 207.3273619051064 3.6210088631816006 3.194437155692583 
288.00002662368706 25.451373441860937 208.62499839592715 3.5484865961097967 4.492073646513347 
289.00002662368706 26.410298145963793 209.21072942444096 3.7023200222454875 3.68057191197704 
290.00002662368706 27.119834894890175 210.6358936228824 3.082672325190117 4.5615801567726635 
291.00002662368706 26.79155513272923 210.6358936228824 2.5973932658046692 4.5615801567726635 
292.00002662368706 26.99348056915619 212.28488581475546 3.339413530852312 3.54331303748819 
293.00002662368706 26.60911775011982 24.049835206543094 2.978169995461542 3.5666478608296757 
294.00002662368706 27.525647406148835 24.049835206543094 3.894699651490555 3.5666478608296757 
295.00002662368706 26.43616876350103 25.227646288627227 3.130221495767273 3.9321015114784927 
296.00002662368706 26.382137050660788 26.474047875526082 4.052254959275501 3.8507518048159 
297.00002662368706 26.144264156476424 24.849370416133183 3.6532451022024475 3.247728089357622 
298.00002662368706 27.016389079109445 24.849370416133183 3.347558942751334 3.247728089357622 
299.00002662368706 26.58259951260328 24.338374268333837 4.1938209206450665 3.0072370060129288 
300.00002662368706 26.27533300604739 24.144638275044485 2.996719045562031 3.5517093560806074 
#####################################################################
# End of data export. Simulation finished at: 2019-09-17T20:48+0000 #
#####################################################################
