#####################################################################
# Alchemist log file - simulation started at: 2019-09-17T17:19+0000 #
#####################################################################
# seed = 14.0, stage_width = 750
#
# The columns have the following meaning: 
# time rep-bcast[Sum] rep-ccast[Sum] share-bcast[Sum] share-ccast[Sum] 
0.0 NaN NaN NaN NaN 
1.0000863702098446 NaN NaN NaN NaN 
2.0000863702098446 NaN NaN NaN NaN 
3.0000685188805063 NaN NaN 0.8890696890042271 NaN 
4.000086370209845 NaN NaN 0.8890696890042271 2.2800726482410147 
5.000086370209845 NaN NaN 1.3548412337032851 3.314892429885111 
6.000086370209845 NaN NaN 1.7909983352319796 3.314892429885111 
7.000086370209845 NaN NaN 1.7909983352319796 2.7333481369970416 
8.000086370209845 NaN NaN 1.2398770861598276 3.863126849819837 
9.000086370209845 NaN NaN 2.0547277272562114 4.400438971272392 
10.000086370209845 NaN NaN 2.0547277272562114 2.674920174243317 
11.000086370209845 NaN NaN 1.0662495969379542 1.7848932832185582 
12.000001995051235 NaN NaN 1.3212007220200999 2.677648989722483 
13.000086370209845 9.989520291668205 NaN 2.061709910493109 3.696834572453044 
14.000086370209845 9.989520291668205 NaN 2.061709910493109 4.7593809785094905 
15.000086370209845 10.421914303673583 NaN 1.7435904906765245 1.882894708618048 
16.000086370209843 10.725653283733882 NaN 1.0494859225042479 1.1960111907978046 
17.000086370209843 10.194418584809021 NaN 1.503254603625436 2.3856418462796896 
18.000086370209843 10.194418584809021 NaN 1.503254603625436 1.7385151565790231 
19.000086370209843 9.426778797782424 NaN 1.8466456762449752 2.827132041450362 
20.000086370209843 9.982888880315791 NaN 1.4909948459662985 4.1287790722602935 
21.000086370209843 9.982888880315791 10.438539033222009 1.4909948459662985 4.971738593197809 
22.000086370209843 10.470139708906778 11.241740452514987 2.2400258015350047 5.774940012490788 
23.000086370209843 10.470139708906778 11.28112910145112 2.2400258015350047 1.3760865936169147 
24.000086370209843 9.684144197466365 11.043936121522197 1.8896013386511044 1.742750616604603 
25.000086370209843 10.959329844361468 11.389821649095424 2.0021591674649066 2.08863614417783 
26.000086370209843 10.959329844361468 11.523961787382486 2.0021591674649066 2.5208616745361994 
27.000086370209843 11.690638804647032 11.229443486902035 1.1436546148507176 2.2897164888650394 
28.000086370209843 11.690638804647032 12.255433830899694 1.1436546148507176 1.6142809487569103 
29.000086370209843 11.359013433108657 11.749879138272686 1.1766530307819174 2.469433288848748 
30.000086370209843 9.894657273147338 12.749960994055751 0.9128501744161 1.7045715090906448 
31.000086370209843 9.894657273147338 11.867393049662986 0.9128501744161 2.3550252927993043 
32.00008637020984 10.059709498398384 12.744987943432168 1.073527700405915 1.6152803588448066 
33.00008637020984 10.340117414786313 12.451643547798103 1.6389685411059638 2.7463340898071316 
34.00008637020984 10.340117414786313 12.08864649314199 1.6389685411059638 3.626691384689533 
35.00008637020984 9.344477621656385 11.738926618166264 1.1918481588512861 2.1257827239497544 
36.00008637020984 9.344477621656385 11.738926618166264 1.1918481588512861 2.1257827239497544 
37.00008637020984 11.105940490950015 12.387532669867799 1.1999707889339248 2.485283778956344 
38.00008637020984 10.506731729821272 13.272260475524075 2.3327072474151507 1.6085487153189888 
39.00008637020984 9.837751232383308 12.4567090959745 0.7363499298137697 1.361686761393976 
40.00008637020984 10.127221925291888 13.494475346762076 2.025902478505415 2.399453012181553 
41.00008637020984 10.127221925291888 9.22311910039571 2.025902478505415 3.3215933945615745 
42.00008637020984 10.826588610166027 9.736051300972388 1.4520821917444238 1.3328108597950745 
43.00008637020984 11.28878357812901 10.630010282318505 1.3567994705198885 2.2267698411411914 
44.00008637020984 11.211047688863218 11.091180162440416 1.5161583308703044 2.7811549871495345 
45.00008637020984 11.211047688863218 12.08695764653315 1.5161583308703044 3.7769324712422687 
46.00008637020984 10.251295992315036 12.666013471962096 1.2858985538243743 4.355988296671214 
47.000016414805536 11.552960064849998 13.618536048202316 1.5917851422666018 5.308510872911434 
48.00008637020984 12.1164929818436 14.574262863500259 1.5762622338312582 6.264237688209377 
49.000078713229975 10.915088937881933 11.645636791196061 1.275128302584342 1.8618510567676125 
50.00008637020984 10.915088937881933 11.645636791196061 1.275128302584342 1.8618510567676125 
51.00008637020984 11.323800754890094 12.42483387058899 1.6032528181415344 2.2460948625208275 
52.00008637020984 10.192942403490363 12.42483387058899 1.1421683322036031 2.2460948625208275 
53.00008637020984 11.513222279896368 11.555208661072406 1.7107518177940975 4.015842670278687 
54.00008637020984 11.513222279896368 12.071313371622672 1.7107518177940975 1.895380576920033 
55.00008637020984 10.739021695712132 13.793146141875823 0.8598884642925597 3.617213347173184 
56.00008637020984 11.550516337614425 14.264115068715618 1.4880541731965877 1.3329132328003865 
57.00007168391169 11.193592867187654 15.013804479942849 1.2854660951432493 2.0826026440276166 
58.00008637020984 11.193592867187654 10.846026194503438 1.2854660951432493 1.8830724832483483 
59.00008637020984 10.827378623706949 11.433893472698308 2.0778118319734773 3.0344726784368206 
60.00008637020984 10.503207471202671 11.905052450473363 2.0825652504604477 3.5056316562118752 
61.00008637020984 12.007573611415182 13.108184044263162 1.9643722177094318 1.9488182628493078 
62.00008637020984 12.007573611415182 14.840720292784987 1.9643722177094318 2.475661764814703 
63.00006368450688 9.06631732007176 11.484820449718448 1.3060158836845943 3.3634441859483317 
64.00004323238298 10.381158638025305 11.750086639050544 1.6795011863605183 3.628710375280427 
65.00008637020984 9.974908741810957 12.8392834963077 1.8420354499335971 1.877585599315907 
66.00008637020984 9.974908741810957 12.639672048513361 1.8420354499335971 2.9982540279275725 
67.00008637020984 10.792822019957413 10.485767658848424 0.9210523690510257 3.6798082919179507 
68.00008637020984 11.743783076617923 11.568893889727 1.940148572948388 4.762934522796527 
69.00008637020984 11.743783076617923 12.580809120608073 1.940148572948388 5.7748497536776 
70.00008637020984 10.491906817529376 12.410323598557127 1.416729353133178 1.2023172058552234 
71.00008637020984 10.491906817529376 12.158384188189139 1.416729353133178 2.492412943544693 
72.00004565382925 12.21913242156915 13.187361436721623 2.0965306401289894 1.9497679501327383 
73.00008637020984 9.873555324629557 11.396603702323631 1.255330820412695 2.869069102503687 
74.00008637020984 8.59426367708727 13.011656771781773 1.5318694957003771 1.2790234014163957 
75.00006787723302 8.59426367708727 13.76690938150142 1.5318694957003771 2.0342760111360434 
76.00008637020984 10.422307065051399 10.614916379911463 1.4382530392568071 1.6528228668889682 
77.00008637020984 10.422307065051399 11.419622761369268 1.4382530392568071 2.4575292483467734 
78.00008637020984 10.136106804785342 12.693552028907845 0.8489943742202541 1.903415127921221 
79.00008637020984 10.714573630920029 12.419426596533583 1.1654471636974364 1.4396916659303116 
80.00008637020984 9.340632398396309 13.250074830721005 1.1142692132951595 2.270339900117733 
81.00008637020984 9.340632398396309 NaN 1.1142692132951595 NaN 
82.00008637020984 NaN NaN NaN NaN 
83.00008637020984 NaN NaN 1.1808039919683324 NaN 
84.00008637020984 NaN NaN 1.9254243187557591 NaN 
85.00008637020984 NaN NaN 3.0647817487852933 NaN 
86.00008637020984 NaN NaN 2.129666597440277 NaN 
87.00008637020984 NaN NaN 1.5162602191422963 NaN 
88.00008637020984 NaN NaN 1.0921637511484477 NaN 
89.00008637020984 NaN NaN 2.0296597865657873 NaN 
90.00008637020984 NaN NaN 1.6627440294749647 NaN 
91.00008637020984 NaN NaN 2.101742110751019 NaN 
92.00008637020984 NaN NaN 1.781097838041532 2.5786026938513515 
93.00008637020984 11.091087098606067 NaN 1.6901222220471652 1.1603411548283589 
94.00008637020984 12.17559159412454 NaN 1.5096576342243253 2.2870830838813703 
95.00008637020984 12.17559159412454 NaN 1.5096576342243253 1.848996338381184 
96.00008637020984 11.966338121064098 NaN 1.870255894700577 1.848996338381184 
97.00000521508284 11.701128437787517 NaN 1.9119606747230762 2.305431384811044 
98.00008637020984 12.803317987032685 NaN 1.4732106820199107 1.258391856334967 
99.00008637020984 13.983623238205354 NaN 1.0241029440828697 1.258391856334967 
100.00008637020984 13.983623238205354 NaN 1.0241029440828697 1.7489158659679873 
101.00008637020984 11.365946122484246 NaN 1.3872915625910878 1.7099414334382885 
102.00008637020984 12.212801242753017 NaN 2.2341466828598584 1.7099414334382885 
103.00008637020984 10.25474199426634 NaN 2.076195608600102 1.8919564322197147 
104.00008637020984 11.474130354933934 NaN 1.91873869737789 1.5916703902183968 
105.00008637020984 12.20544971057285 NaN 2.6500580530168065 2.2570778420811166 
106.00008637020984 10.870521484680665 NaN 2.281638321666179 2.2570778420811166 
107.00008637020984 11.617469754474854 NaN 1.3797993952144338 2.354487535756192 
108.00008637020984 13.055629409323117 NaN 1.5011609957200278 1.5845099937849199 
109.00008637020984 13.559119445145782 NaN 1.104087966680197 1.3801212625655097 
110.00008637020984 11.40051640425375 NaN 2.115837456846208 1.6104117406425615 
111.00008637020984 12.639674643453517 NaN 1.9565277037183932 1.6104117406425615 
112.00002265535856 11.825452602572767 NaN 1.4189875067206543 2.1688164581040326 
113.00008637020984 12.126316551704065 NaN 2.8611822744949222 1.4744775534371257 
114.00008637020984 11.71633625506793 NaN 2.257893042121111 1.4744775534371257 
115.00008637020984 12.531101384968622 NaN 1.7493473194915055 1.2499372842495688 
116.00001714126257 12.166608016870697 NaN 1.4748404353523483 1.5919879440140363 
117.00008637020984 13.033119183210644 NaN 2.3413516016922955 1.6529322201553782 
118.00008637020984 11.502427491074073 NaN 1.5916201190841548 0.961619916135632 
119.00008637020984 11.642899391660052 NaN 1.5143086077648746 1.6823822827961266 
120.00008637020984 11.642899391660052 NaN 1.5143086077648746 1.6823822827961266 
121.00008637020984 11.931083297573252 NaN 1.6171861182354945 2.293246171456687 
122.00008637020984 12.887380303512757 NaN 1.3907376981720745 3.604618554047704 
123.00005226879365 12.264098765309356 NaN 2.0834878749638506 3.604618554047704 
124.00008637020984 10.57917065866036 NaN 1.980652445881617 0.849686223812995 
125.00008637020984 10.564645892030583 NaN 1.5619804616527233 2.3274461726303883 
126.00008637020984 10.248467886081755 NaN 1.0769581419046403 2.3274461726303883 
127.00008637020984 11.006329971120707 NaN 1.8348202269435916 1.7500183912977008 
128.00008637020983 11.144409194794449 NaN 1.0143699525263372 2.0641507561374794 
129.00008637020983 12.054756771669403 NaN 1.924717529401292 2.0641507561374794 
130.00008637020983 10.144082456721236 NaN 1.409294085081953 2.1377807921925864 
131.00008637020983 11.28544665340658 NaN 2.550658281767298 2.1377807921925864 
132.00008637020983 11.093766403166143 NaN 1.6964427067199495 2.3160946413719046 
133.00008637020983 11.062556321519494 NaN 1.0964970320202951 1.4913758908964212 
134.00008637020983 10.477188966995897 NaN 2.132931393682526 1.4913758908964212 
135.00008637020983 11.167100045454958 NaN 1.5151318501692401 1.8444218217335617 
136.00008637020983 12.79068179651702 NaN 1.5055053694497929 1.784166621254002 
137.00008637020983 13.87627991787204 NaN 2.5911034908048123 1.784166621254002 
138.00008637020983 11.130126106490891 NaN 3.156948532374088 1.7540215046256264 
139.00008637020983 12.65356199320631 NaN 1.420857545014087 1.5572162917035541 
140.00008637020983 12.300487427635645 NaN 1.4858600649195637 1.6001638082095724 
141.00008637020983 12.963530682328255 NaN 2.148903319612174 1.6001638082095724 
142.00008637020983 10.577778146811227 NaN 2.20054914027358 2.0686525304089685 
143.00008637020983 11.162205244778505 NaN 1.4722494415261735 2.1621478017892173 
144.00008351378494 11.882572184308088 NaN 2.192616381055757 3.5763240481852563 
145.00008637020983 12.103726977689917 NaN 1.2600148502952209 1.4693443717551702 
146.00008637020983 11.37907570369535 NaN 2.168571808082163 1.4693443717551702 
147.00008637020983 12.278083246417651 NaN 1.8670855441082495 3.206002395101791 
148.00008637020983 11.588117666019741 NaN 2.843210203352072 2.588839320486983 
149.00008637020983 11.333984472069716 NaN 1.534153279749745 2.588839320486983 
150.00008637020983 9.716764177064277 NaN 2.093716263452677 4.3742611731663885 
151.00008637020983 10.763953845541437 NaN 1.3554840792504308 1.6673232996637637 
152.00008637020983 11.466334226056773 NaN 2.057864459765767 1.6673232996637637 
153.00008637020983 11.715580449634786 NaN 2.2037827533243615 1.558256858738872 
154.00008154136927 11.767064255431222 NaN 1.804871047584271 2.3789192144563174 
155.00008637020983 11.186315087646364 NaN 2.6382981261954512 2.3789192144563174 
156.00008637020983 12.108824541253824 NaN 2.0377648435701303 2.358550210183978 
157.00008637020983 12.020551511885628 NaN 1.608381604877792 3.636319262127273 
158.00008637020983 12.020551511885628 NaN 1.608381604877792 2.6814499802633804 
159.00008637020983 9.70138732315192 NaN 1.4678982787037853 4.280924736701479 
160.00008637020983 10.486460595964559 NaN 2.252971551516424 4.280924736701479 
161.00008637020983 11.187496326753404 NaN 1.354532525867171 2.0135377938347006 
162.00008637020983 11.421855289013422 NaN 1.1229848987609046 2.0135377938347006 
163.00008637020983 12.28658762889225 NaN 1.987717238639732 2.245439049694113 
164.00008637020983 11.742918623026696 NaN 2.941734444029379 2.245439049694113 
165.00008637020983 11.174602930701298 NaN 2.178451228475865 1.2797826769053415 
166.00008637020983 12.113544033122707 NaN 1.567902674813098 1.533824189230586 
167.00008637020983 10.100446108847507 NaN 2.3741778185015505 1.533824189230586 
168.00008637020983 11.29268500562273 NaN 2.044620598250532 2.6131818113696283 
169.00008637020983 12.21351409030558 NaN 1.245102416198307 2.6131818113696283 
170.00008637020983 12.020563666547872 NaN 2.0294842947029963 2.6402692998208863 
171.00008637020983 11.584967587776845 NaN 1.4210592378089473 1.500153081663285 
172.00002253207361 12.386770969434906 NaN 2.2228626194670085 1.500153081663285 
173.00008637020983 13.637521656276533 NaN 1.7162796645034746 1.9220287583296454 
174.00008637020983 11.195281815641351 NaN 1.2882570450961452 1.1807909011965307 
175.00008637020983 10.538261924738833 NaN 2.180726810277804 1.1807909011965307 
176.00008637020983 11.640013117990577 NaN 1.9711617921629738 2.4485070027539564 
177.00008637020983 11.21677299031768 NaN 1.8020016799588916 2.1372749564676212 
178.00008637020983 12.111309412648495 NaN 2.6965381022897077 2.1372749564676212 
179.00008637020983 12.111309412648495 NaN 2.6965381022897077 1.28905707259662 
180.00008637020983 12.121926372544749 NaN 1.3364435763655251 2.3664312660894495 
181.00008637020983 11.72567735828099 NaN 1.6351241031700567 1.367996364344208 
182.00008637020983 11.72567735828099 NaN 1.6351241031700567 0.9288353076356088 
183.00008637020983 10.445175924668092 NaN 1.133751254890086 0.9288353076356088 
184.00008637020983 11.291029031998988 NaN 1.9796043622209822 2.6181814745812915 
185.00008637020983 11.022473428614745 NaN 1.3330188032576302 2.6181814745812915 
186.00008637020983 12.005643303957214 NaN 2.316188678600099 2.9094241807377443 
187.00007732412203 11.838963937977553 NaN 1.7874173222196816 1.5034023735367157 
188.00008637020983 11.112238496353854 NaN 1.5930482495812441 3.098436170787892 
189.00008637020983 10.578036034988571 NaN 2.4109350869500474 3.098436170787892 
190.00008637020983 10.64390184819689 NaN 1.9591412964000199 2.086727743786497 
191.00008637020983 10.230872193643393 NaN 1.6948296402973426 1.2918726339742932 
192.0000595223861 11.264215220543548 NaN 1.6928969274431722 2.7287996146917237 
193.00008637020983 12.31896855421374 NaN 1.3107232803959334 2.011032859760803 
194.00008637020983 13.516588811766468 NaN 1.274683758362272 2.011032859760803 
195.00008637020983 11.361384527414344 NaN 2.151568869391838 2.363961198023901 
196.00008637020983 12.344538481603905 NaN 1.7484514584181454 2.588692696660189 
197.00005934819603 11.640897165820206 NaN 1.3951334022861488 1.9887552139019533 
198.00008637020983 11.529195095401178 NaN 2.4900444167032845 1.9887552139019533 
199.00008637020983 10.89740881954836 NaN 1.9787240522775846 1.3314203159234808 
200.00008637020983 11.613320882105882 NaN 1.4426502824495344 2.4516707432016744 
201.00008637020983 NaN 121.38941607644017 NaN NaN 
202.00008637020983 NaN 122.30841870365239 NaN NaN 
203.00008637020983 NaN 124.03205567575503 1.3853095220545981 NaN 
204.00008637020983 NaN 124.87164407198117 1.3853095220545981 NaN 
205.00008637020983 NaN 125.73220920697543 1.1584202603855829 NaN 
206.00008637020983 NaN 127.01682767840077 1.9594388914488832 NaN 
207.00008637020983 NaN 127.01682767840077 1.1051268288429412 NaN 
208.00008637020983 NaN 128.90933979357843 1.1051268288429412 2.0782568301483764 
209.00008637020983 NaN 129.98186146369557 1.485307738166938 1.8599069564518516 
210.00008637020983 NaN 130.9424871590513 1.9600763676841382 2.820532651807582 
211.00008637020983 NaN 131.95706610122252 1.9600763676841382 1.0876499399599595 
212.00008637020983 11.165839935240001 132.97125983727702 1.612768852628875 2.101843676014454 
213.00008637020983 10.764585640994966 133.70238923412418 2.1413560701955703 2.83297307286162 
214.00007144138686 10.764585640994966 134.57394386230828 2.1413560701955703 3.70452770104572 
215.00008637020983 9.304911314473316 135.5743900443062 1.1380586842751939 1.4759678728881056 
216.00008637020983 10.210109253818104 136.28289146317377 1.0428104416220663 2.1844692917556756 
217.00008637020983 11.48608811317132 137.2641719607579 1.6102878821077127 1.552169414174415 
218.00008637020983 10.94312854363028 138.9748741647632 0.9350773698488126 3.26287161817973 
219.00008637020983 10.94312854363028 139.98518401906966 0.9350773698488126 2.092004673788182 
220.00008637020983 10.011384494957696 141.12421324831516 0.9686876349393287 3.2310339030336763 
221.00008637020983 10.011384494957696 142.0154431790862 0.9686876349393287 4.122263833804709 
222.00008637020983 9.468651088640797 142.89352738885157 2.454726906848151 1.9396557348425745 
223.00008637020983 10.937861856256944 143.35255273762547 1.015594304682395 2.3986810836164807 
224.00008637020983 10.937861856256944 145.1855224116106 1.015594304682395 4.231650757601614 
225.00008637020983 12.07631642674005 145.48965670493527 1.1545410374314145 4.535785050926279 
226.00008637020983 12.07631642674005 147.11548067202222 1.1545410374314145 NaN 
227.00000738197457 9.979330944788245 147.70673198108392 1.753846200610866 NaN 
228.00008637020983 10.653370251523654 148.47397155626555 1.19688297776554 NaN 
229.00008637020983 10.653370251523654 149.44107882362735 1.19688297776554 2.1975759180812133 
230.00008637020983 10.680494360895324 150.57265867080014 1.2245995563376368 1.6690437119506782 
231.00008637020983 11.994620239890423 151.6033898817952 1.407145588159949 2.6997749229457497 
232.00008637020983 11.994620239890423 152.61209200005715 1.407145588159949 1.9464136200921587 
233.00008637020983 10.509117461413979 153.61772012349917 1.7992549684703363 2.9520417435341813 
234.00008637020983 9.664905804895142 154.61678098748214 1.232708093006579 1.2141361372165989 
235.00008637020983 9.664905804895142 155.37698574326018 1.232708093006579 1.9743408929946327 
236.00008637020983 11.37806752740974 156.3770804627369 1.186604195760168 2.9744356124713534 
237.00008637020983 10.393369845997455 157.5316139173373 1.7230213643444756 4.1289690670717505 
238.00008637020983 10.393369845997455 158.50327854941784 1.7230213643444756 5.100633699152297 
239.00008637020983 11.984773336654143 12.45856461194083 1.1882267683202201 1.6019656904055921 
240.00008637020983 11.984773336654143 13.15902760034848 1.1882267683202201 2.302428678813243 
241.00008637020983 10.939215950267709 14.217104544550267 1.1093441151732293 1.7691021323583414 
242.00008637020983 10.405086472382266 12.113120514002503 1.5565710223430074 1.2669242728996437 
243.0000081695643 10.405086472382266 11.780955005505149 1.5565710223430074 2.248884643397389 
244.00008637020983 11.686855383585481 11.631409929398387 1.5201484896751367 3.522180158596086 
245.00008637020983 11.093069269605877 11.631409929398387 1.9490909926227857 3.522180158596086 
246.00008637020983 11.805673085429419 12.281030253927383 2.148604049025664 2.832511086790504 
247.00008637020983 11.805673085429419 12.940439309033735 2.148604049025664 3.4919201418968555 
248.00008637020983 11.12528267914584 13.80398237677312 2.426220791428733 1.4717517645892713 
249.00008637020983 10.035408254149985 14.598814292794373 1.946608246097469 2.2665836806105233 
250.00008637020983 10.686604274245525 12.36538724836285 1.639892270840022 1.8085924789610885 
251.00008637020983 10.686604274245525 13.91385185719858 1.639892270840022 2.276477912643003 
252.00008637020983 10.96133434419562 14.900071342335394 1.9564527188477996 1.9110383892766265 
253.00008637020983 11.023344124671638 12.224940173738503 1.7881893343591742 2.647680014666207 
254.00008637020983 11.023344124671638 11.704835080832112 1.7881893343591742 2.300071758979499 
255.00008637020983 10.358753609089689 13.161140497492028 1.6559935939472723 2.3761759512923106 
256.00008637020983 10.358753609089689 13.161140497492028 1.6559935939472723 2.3761759512923106 
257.00008637020983 9.451952868185629 12.98628161829049 1.064501423793672 1.892420613179496 
258.00008637020983 9.834796319005875 12.9822200752632 1.2039779103516253 1.4492499386261102 
259.00008637020983 11.290228935340338 13.718276847698661 1.2525691962679844 2.185306711061571 
260.00008637020983 11.290228935340338 11.402149692084492 1.2525691962679844 1.1949859351022383 
261.00008637020983 9.485524042627247 10.520025750844354 1.8687396004939956 1.6645210023652908 
262.00008637020983 10.010477705251077 11.688157686495629 1.4014903436833492 1.480425761355093 
263.00008637020983 10.010477705251077 12.78349073852928 1.4014903436833492 2.5757588133887452 
264.00008637020983 10.66718217473283 11.133331327682953 1.626704502903408 1.9248234716542356 
265.00008637020983 10.581023174981482 11.953921067359175 1.2270401949461416 2.745413211330458 
266.00008637020983 10.581023174981482 12.872101909816053 1.2270401949461416 2.270247958916002 
267.00008637020983 11.7147222741973 10.519675721645399 1.2187963156735577 1.5999815741022871 
268.00008637020983 11.857376191945377 11.758543478847969 2.468360265423314 2.838849331304857 
269.00008637020983 11.857376191945377 12.796325556098225 2.468360265423314 3.876631408555113 
270.00008637020983 9.45368028400651 12.796325556098225 1.5919418751548733 3.876631408555113 
271.00008637020983 9.45368028400651 12.156139569297352 1.5919418751548733 2.9581739040380626 
272.00008637020983 10.664736158563755 12.828851215363102 2.234750739724916 2.1801849962543542 
273.00008637020983 11.940760910516929 11.073533879672766 1.4491423435848674 1.8102880647923598 
274.00008637020983 11.073701775563961 11.731568510480827 1.5001300139216482 1.1922979436472474 
275.00008637020983 9.853957240352429 12.485357017493357 1.525836572010121 1.9460864506597773 
276.00008637020983 9.853957240352429 13.416148884416543 1.525836572010121 1.4804724648510046 
277.00008637020983 11.643888239310002 15.034668330186776 0.9731525662239164 3.098991910621237 
278.00008637020983 12.159787159177597 10.964298403118221 1.5361196598811375 1.4573873219386542 
279.00008637020983 12.159787159177597 12.126554061949776 1.5361196598811375 2.619642980770209 
280.00008637020983 11.497834468984763 13.090022116770001 1.6418586943108835 2.1490312732659618 
281.00008637020983 12.52315043316679 13.93557433206621 1.5049189996613563 1.3294172346371056 
282.00008637020983 10.167336479786456 15.168170964194644 1.5761302714953445 1.5366979025835121 
283.00006746007307 9.997865137461986 11.539644535561933 1.0208376834792148 2.2890269193703148 
284.00008637020983 9.997865137461986 12.362888624415291 1.0208376834792148 3.112271008223672 
285.00008637020983 11.568020046868753 13.155409961908276 1.8386635760991794 3.9047923457166576 
286.00008637020983 10.629883882727086 12.023768919470513 1.6273769903549464 2.8880463219012995 
287.00008637020983 10.629883882727086 13.17071178420025 1.6273769903549464 1.0603554366221601 
288.00008637020983 10.471375120608172 14.205673510728047 1.5465981117588967 2.095317163149957 
289.00008637020983 9.916379200573033 15.218965030625554 1.8189354282179124 3.108608683047464 
290.00008637020983 9.916379200573033 12.189537456557105 1.8189354282179124 3.966885902378408 
291.00008637020983 11.454379311228365 12.956524179450412 2.3219738123454476 4.733872625271715 
292.00008637020983 11.568090320492729 12.52678932642192 1.1422310056829588 1.5520130506728833 
293.00008637020983 11.568090320492729 12.30187589165655 1.1422310056829588 2.3524155800895414 
294.00008637020983 11.25675258007135 13.47194567218537 1.2919771204149697 3.5224853606183615 
295.00008637020983 9.666029699712112 13.072731212319923 1.3011650681272613 1.6955936476939542 
296.00008637020983 10.90837478533939 13.998134367120429 1.1204181104171198 2.62099680249446 
297.00008637020983 10.90837478533939 14.7992627166268 1.1204181104171198 3.422125152000831 
298.00008637020983 10.43725809102233 15.441622810297417 1.6153355785667713 4.064485245671449 
299.00008637020983 11.924620822500401 16.944902900598436 1.6592098668678545 2.7517535778613933 
300.00008637020983 11.924620822500401 12.663405830680915 1.6592098668678545 2.625802986687745 
#####################################################################
# End of data export. Simulation finished at: 2019-09-17T17:37+0000 #
#####################################################################
