#####################################################################
# Alchemist log file - simulation started at: 2019-02-19T16:25+0000 #
#####################################################################
# seed = 89.0
#
# The columns have the following meaning: 
# time derr-single-broadcast-rep[Mean] terr-single-broadcast-rep[Mean] derr-single-broadcast-share[Mean] terr-single-broadcast-share[Mean] derr-single-collection-rep[Mean] terr-single-collection-rep[Mean] derr-single-collection-share[Mean] terr-single-collection-share[Mean] derr-single-distance-rep[Mean] terr-single-distance-rep[Mean] derr-single-distance-share[Mean] terr-single-distance-share[Mean] derr-stack-broadcast-rep[Mean] terr-stack-broadcast-rep[Mean] derr-stack-broadcast-share[Mean] terr-stack-broadcast-share[Mean] derr-stack-collection-rep[Mean] terr-stack-collection-rep[Mean] derr-stack-collection-share[Mean] terr-stack-collection-share[Mean] derr-stack-distance-rep[Mean] terr-stack-distance-rep[Mean] derr-stack-distance-share[Mean] terr-stack-distance-share[Mean] 
0.0 NaN NaN NaN NaN NaN NaN NaN NaN NaN NaN NaN NaN NaN NaN NaN NaN NaN NaN NaN NaN NaN NaN NaN NaN 
2.000332895407975 0.0 0.7261879406025065 0.0 1.0179649317107977 3.8119053780268923 0.0015322477914052378 3.4620405551027793 0.0016722501983544198 0.0 0.0 16.085439905554246 0.70209258626477 NaN NaN NaN NaN 0.0 0.0 0.0 0.0 0.0 0.0 16.085439905554246 0.70209258626477 
4.000332895407976 0.0 1.8022262696734785 0.0 2.027070003098367 3.659052157664763 0.0036522028063158993 2.522001917405212 0.003842660747609423 4.656108524832283 2.0954870865489212 24.159470461919952 1.6858526792916184 NaN NaN NaN NaN 0.0 0.0 0.0 0.0 4.656108524832283 2.0954870865489212 24.159470461919952 1.6858526792916184 
6.000182209085149 0.0 2.769655231287346 0.0 2.9203146234223465 3.5602778773654893 0.0059601388463552925 1.6627144129249216 0.00613001687390263 5.335364508847788 3.023179347562967 48.46689663617121 3.238178692779985 NaN NaN NaN NaN 0.0 0.0 0.0 0.0 5.335364508847788 3.023179347562967 48.46689663617121 3.238178692779985 
8.000332895407979 0.0 3.7079191020313043 0.0 3.768608104991459 3.433716603901206 0.008042887791651411 1.1976912008009637 0.008105686785685134 8.828377034671325 4.105793414076464 60.014003179371954 4.457673796945451 NaN NaN NaN NaN 0.0 0.0 0.0 0.0 8.828377034671325 4.105793414076464 60.014003179371954 4.457673796945451 
10.000332895407972 0.0 4.624711739452634 0.0 4.576068858268398 3.2860147336139867 0.01041275539662361 0.9096438657275371 0.009162153669810366 15.086988372849502 5.3754936599011724 49.98996146918856 4.9999649521290985 NaN NaN NaN NaN 0.0 0.0 0.0 0.0 15.086988372849502 5.3754936599011724 49.98996146918856 4.9999649521290985 
12.000308740995756 0.0 9.797109427124084 0.0 9.089782849161528 2.54170872255442 0.021549648693384115 0.004434937917634216 0.01319028244081749 10.038436079573131 6.996524366362962 31.039789779069004 6.176335632422349 NaN NaN NaN NaN 0.0 0.0 0.0 0.0 10.038436079573131 6.996524366362962 31.039789779069004 6.176335632422349 
14.000332895407958 0.0 10.63838392837543 0.0 9.754024755919316 2.466073822312733 0.022774259557043743 0.004745302427769345 0.012221009976897396 13.029272868996081 8.074319082536533 29.776062588863244 6.290574722355105 NaN NaN NaN NaN 0.0 0.0 0.0 0.0 13.029272868996081 8.074319082536533 29.776062588863244 6.290574722355105 
16.00033289540795 0.0 11.431577295942667 0.0 10.438693030010628 2.333638883998917 0.02617273376738473 0.004873870064721632 0.012763091132718401 20.242720626131746 9.337706657153756 29.90565560095087 6.425101055803368 NaN NaN NaN NaN 0.0 0.0 0.0 0.0 20.242720626131746 9.337706657153756 29.90565560095087 6.425101055803368 
18.000332895407944 0.0 12.216638481656185 0.0 11.075664341847194 2.2629778732290844 0.028091350561030022 0.004947286799217603 0.013195609387946566 25.051805650138544 10.86235587856039 29.800241689953666 6.542008288979414 NaN NaN NaN NaN 0.0 0.0 0.0 0.0 25.051805650138544 10.86235587856039 29.800241689953666 6.542008288979414 
20.000332895407936 0.0 12.974198485793401 0.0 11.667878786387998 2.094548888821016 0.030114222194799697 0.004992382794737371 0.014443692689358748 26.514546153200193 12.077657054617623 29.890250256465244 6.614758622097151 NaN NaN NaN NaN 0.0 0.0 0.0 0.0 26.514546153200193 12.077657054617623 29.890250256465244 6.614758622097151 
22.00033289540793 0.0 17.516239905253475 0.0 15.101760935320497 1.5078460178767095 0.04035718992702464 0.005149469475111795 0.021987774950264816 23.54637791330654 14.690972467700558 32.719621313084524 6.817095813364469 NaN NaN NaN NaN 0.0 0.0 0.0 0.0 23.54637791330654 14.690972467700558 32.719621313084524 6.817095813364469 
24.000332895407922 0.0 18.259854585025415 0.0 15.542791784296156 1.5078460178767095 0.04322960247513646 0.005149469475111795 0.024860187498377106 26.950801206127725 15.9291945524958 34.89732465171965 6.834025164821119 NaN NaN NaN NaN 0.0 0.0 0.0 0.0 26.950801206127725 15.9291945524958 34.89732465171965 6.834025164821119 
26.00024298536653 0.0 18.9603174544325 0.0 15.907482243005637 1.2562289538514326 0.04589409507378274 0.005149469475111795 0.0271923109773785 29.52906181055581 17.152157610638987 34.56761325177007 6.781346419731706 NaN NaN NaN NaN 0.0 0.0 0.0 0.0 29.52906181055581 17.152157610638987 34.56761325177007 6.781346419731706 
28.000332895407908 0.0 19.65873782770557 0.0 16.170225693013922 1.1365072253599198 0.04719595461846488 0.005149469475111793 0.028436461538938886 28.580091375376885 18.055104581941205 33.63406460222363 6.7578864636546845 NaN NaN NaN NaN 0.0 0.0 0.0 0.0 28.580091375376885 18.055104581941205 33.63406460222363 6.7578864636546845 
30.0003328954079 0.0 20.331167814494794 0.0 16.440375055875947 0.9479969847352838 0.04976414078984733 0.005581091333449435 0.02561718148423709 32.756403061166914 19.379776231154263 32.87252765809519 6.719811173401801 NaN NaN NaN NaN 0.0 0.0 0.0 0.0 32.756403061166914 19.379776231154263 32.87252765809519 6.719811173401801 
32.00020178293179 0.0 24.236370268825958 0.0 17.622552797129373 0.23417250008347337 0.062115514287800176 0.006904018132973721 0.02201631649014645 24.549284699082317 22.57259859572519 34.2615696958195 6.643392480972474 NaN NaN NaN NaN 0.0 0.0 0.0 0.0 24.549284699082317 22.57259859572519 34.2615696958195 6.643392480972474 
34.00033289540792 0.0 24.834505907819832 0.0 17.597301041696163 0.13161651962364057 0.06357458678244583 0.006904018132973721 0.023912506376146937 25.325885323316804 23.514142519879424 31.666457556027424 6.461720742513645 NaN NaN NaN NaN 0.0 0.0 0.0 0.0 25.325885323316804 23.514142519879424 31.666457556027424 6.461720742513645 
36.00033289540795 0.0 25.411128488264094 0.0 17.732304632590278 0.0934818580611496 0.06519639537516271 0.006904018132973723 0.025705109162552916 21.267034162652497 24.040919918655025 29.86836252952646 6.483295682484438 NaN NaN NaN NaN 0.0 0.0 0.0 0.0 21.267034162652497 24.040919918655025 29.86836252952646 6.483295682484438 
38.00033289540798 0.0 25.956932497273428 0.0 17.78407937358064 0.07936077933948185 0.06630241560193753 0.006904018132973721 0.026874373644171935 18.96630657370097 24.551852099877447 29.384092257396958 6.552103331630172 NaN NaN NaN NaN 0.0 0.0 0.0 0.0 18.96630657370097 24.551852099877447 29.384092257396958 6.552103331630172 
40.00033289540801 0.0 26.456313344395742 0.0 17.865128224267682 0.06053952033319241 0.06871608941070328 0.006904018132973723 0.0293723424649955 17.432541759804998 25.06854207260645 30.296551641720114 6.61791284428191 NaN NaN NaN NaN 0.0 0.0 0.0 0.0 17.432541759804998 25.06854207260645 30.296551641720114 6.61791284428191 
42.000332895408036 0.0 29.32440473094944 0.0 18.011339540708416 0.0049968789001572774 0.06726676545917434 0.006904018132973719 0.04156591744099711 10.718365623119665 27.892424270153978 34.6564873572165 6.880391461847909 NaN NaN NaN NaN 0.0 0.0 0.0 0.0 10.718365623119665 27.892424270153978 34.6564873572165 6.880391461847909 
44.000321875173206 0.0 29.714204481284497 0.0 17.939317428548016 0.0049968789001572774 0.06823509399660058 0.006904018132973719 0.04253424597842442 10.393079093268788 28.40225893041273 36.10483925434972 6.9048716011222595 NaN NaN NaN NaN 0.0 0.0 0.0 0.0 10.393079093268788 28.40225893041273 36.10483925434972 6.9048716011222595 
46.00033289540809 0.0 30.094348814732847 0.0 17.797586813241594 0.0050617452068479046 0.06876751182836027 0.006904018132973719 0.045029386162769004 10.070266933871103 28.769267275595393 36.09968683605917 6.861909029599374 NaN NaN NaN NaN 0.0 0.0 0.0 0.0 10.070266933871103 28.769267275595393 36.09968683605917 6.861909029599374 
48.00033289540812 0.0 30.46122344020523 0.0 17.709018167292633 0.005090088000413883 0.07069097544290881 0.006904018132973721 0.047810444995926 9.911410960460156 29.082167129877593 35.96939520950795 6.7947832675066 NaN NaN NaN NaN 0.0 0.0 0.0 0.0 9.911410960460156 29.082167129877593 35.96939520950795 6.7947832675066 
50.00033289540815 0.0 30.789783934648536 0.0 17.599351535668955 0.005100385204416197 0.07209759840065393 0.006904018132973721 0.049528640378487816 9.69799574100542 29.368864137896086 35.50246731122585 6.745636292177514 NaN NaN NaN NaN 0.0 0.0 0.0 0.0 9.69799574100542 29.368864137896086 35.50246731122585 6.745636292177514 
52.00033289540818 0.0 32.6813803910214 0.0 17.183793866052874 0.005149469475111795 0.08142760099038998 0.006904018132973719 0.06034383304871059 8.95691811542374 31.0691305098881 34.173258797140996 6.743141786720105 NaN NaN NaN NaN 0.0 0.0 0.0 0.0 8.95691811542374 31.0691305098881 34.173258797140996 6.743141786720105 
54.00033289540821 0.0 32.88448414898026 0.0 17.063217474478268 0.006446596237257768 0.06870152275827325 0.006904018132973718 0.06320485154456654 8.833631647849277 31.254035178921434 34.41580557958874 6.665603229119906 NaN NaN NaN NaN 0.0 0.0 0.0 0.0 8.833631647849277 31.254035178921434 34.41580557958874 6.665603229119906 
56.000332895408235 0.0 33.07210228824593 0.0 17.00465612369571 0.006634190039860219 0.06883670418177885 0.006904018132973718 0.06559427891539608 8.743460566195237 31.436071766986508 34.732811954782186 6.591846243284827 NaN NaN NaN NaN 0.0 0.0 0.0 0.0 8.743460566195237 31.436071766986508 34.732811954782186 6.591846243284827 
58.000309325563016 0.0 33.311085541429556 0.0 17.027772250162474 0.006681814401148961 0.06952341989892241 0.006904018132973719 0.06685327912136217 8.858181516586672 31.64740197711539 35.66799042498275 6.595099062663509 NaN NaN NaN NaN 0.0 0.0 0.0 0.0 8.858181516586672 31.64740197711539 35.66799042498275 6.595099062663509 
60.00033289540829 0.0 33.55393514086089 0.0 17.057542401379877 0.006741943949663134 0.07145854759120844 0.006904018132973719 0.06951096155251635 8.914314463231186 31.77877106643776 36.68661078356551 6.653797708548944 NaN NaN NaN NaN 0.0 0.0 0.0 0.0 8.914314463231186 31.77877106643776 36.68661078356551 6.653797708548944 
62.00033289540832 0.0 35.38590876053106 0.0 15.288997976768904 0.006904018132973719 0.08097045349748799 0.00680596551827622 0.05126424954784657 970.0387370410228 30.8511400389936 654.5098878525347 4.234952308034763 NaN NaN 100.2325038943518 21.00392900570697 0.0 0.0 0.20046500778870285 0.03979982407278292 970.0387370410228 30.8511400389936 654.5098878525347 4.234952308034763 
64.00033289540835 0.0 35.9800469746737 0.0 15.69314979755328 0.006904018132973718 0.08314460768124533 0.00685289743691202 0.06765698577600192 906.2153651429635 28.933827366929197 533.1203853513316 3.668584617568106 NaN NaN 100.2325038943518 22.028286890172563 0.0 0.0 0.20046500778870285 0.03979982407278292 906.2153651429635 28.933827366929197 533.1203853513316 3.668584617568106 
66.00033289540838 0.0 36.403737687763645 0.0 16.44720609087454 0.006904018132973719 0.08484229216647508 0.006866952197085877 0.07361272674929419 851.7185227004753 27.26392130852218 466.27962999922903 3.857546440857259 NaN NaN 100.2325038943518 22.764047723666163 0.0 0.0 0.20046500778870285 0.03979982407278292 851.7185227004753 27.26392130852218 466.27962999922903 3.857546440857259 
68.0003328954084 0.0 37.264203738493705 0.0 17.213277247358583 0.006904018132973719 0.08689603940733674 0.006876117496130775 0.07844321016927325 803.3053627223995 25.85937091010186 404.114039986482 4.179329151731892 NaN NaN 100.2325038943518 23.40578146973404 0.0 0.0 0.20046500778870285 0.03979982407278292 803.3053627223995 25.85937091010186 404.114039986482 4.179329151731892 
70.00033289540843 0.0 38.02941205332329 0.0 17.865071356594445 0.006904018132973719 0.0892309641247417 0.006882166507718997 0.08261075477642096 760.1080499051916 24.69936106588174 347.62952265445705 4.492291452288114 NaN NaN 100.2325038943518 24.033034523858344 0.0 0.0 0.20046500778870285 0.03979982407278292 760.1080499051916 24.69936106588174 347.62952265445705 4.492291452288114 
72.00033289540846 0.0 42.14119532130377 0.0 20.84268447595824 0.006904018132973719 0.10126988640848161 0.006904018132973719 0.10126988640848161 519.8114439362892 18.428358363021093 53.39903595447324 6.006798501924463 NaN NaN 100.2325038943518 30.667259288916693 0.0 0.0 0.0 0.0 519.8114439362892 18.428358363021093 53.39903595447324 6.006798501924463 
74.00033289540849 0.0 42.517711723954605 0.0 20.801004507965 0.006904018132973718 0.10356686153090187 0.006904018132973718 0.10356686153090187 494.9648050001389 17.866277861523866 40.216549435980134 6.0524602823991005 NaN NaN 100.2325038943518 31.55010901513077 0.0 0.0 0.0 0.0 494.9648050001389 17.866277861523866 40.216549435980134 6.0524602823991005 
76.00033289540852 0.0 42.84674448705945 0.0 20.719542673720916 0.006904018132973719 0.10527537292466704 0.006904018132973719 0.10527537292466704 474.0220407001592 17.26760727260955 35.27231649983916 6.0606456408642 NaN NaN 100.2325038943518 32.5749169152199 0.0 0.0 0.0 0.0 474.0220407001592 17.26760727260955 35.27231649983916 6.0606456408642 
78.00033289540855 0.0 43.30627877047284 0.0 20.510228243733977 0.006904018132973718 0.10719018717381298 0.006904018132973718 0.10719018717381298 458.3984545850744 16.96907426481001 32.8990778316498 6.045650215074041 NaN NaN 100.2325038943518 33.41849834822387 0.0 0.0 0.0 0.0 458.3984545850744 16.96907426481001 32.8990778316498 6.045650215074041 
80.00031355170532 0.0 43.677744223809434 0.0 20.380283789053266 0.006904018132973718 0.10977769757714813 0.006904018132973718 0.10977769757714813 446.09835465998157 16.96235442018365 31.000117257495678 6.02377523054089 NaN NaN 100.2325038943518 34.26916160934145 0.0 0.0 0.0 0.0 446.09835465998157 16.96235442018365 31.000117257495678 6.02377523054089 
82.0003328954086 0.0 46.43839430399735 0.0 19.509792431094517 0.006904018132973719 0.12126260942244105 0.006904018132973719 0.12126260942244105 381.05834825744705 17.818697831260014 20.51061550809545 6.046413928410094 NaN NaN 100.2325038943518 40.66091358639118 0.0 0.0 0.0 0.0 381.05834825744705 17.818697831260014 20.51061550809545 6.046413928410094 
84.00033289540863 0.0 46.549684756368066 0.0 19.424958532788306 0.006904018132973719 0.12328725527583123 0.006904018132973719 0.12328725527583123 372.96224013997227 18.164750043877874 21.095356913192575 6.0941608850831015 NaN NaN 100.2325038943518 41.441030595687124 0.0 0.0 0.0 0.0 372.96224013997227 18.164750043877874 21.095356913192575 6.0941608850831015 
86.00033289540866 0.0 46.41245651073875 0.0 19.192948836478283 0.006904018132973719 0.12569952739704882 0.006904018132973719 0.12569952739704882 364.67113638982556 18.49989571025319 21.807902259952805 6.114605688099645 NaN NaN 100.2325038943518 41.81470585283437 0.0 0.0 0.0 0.0 364.67113638982556 18.49989571025319 21.807902259952805 6.114605688099645 
88.00033289540869 0.0 46.29561889696259 0.0 18.890457354090422 0.006904018132973719 0.12711263679793458 0.006904018132973719 0.12711263679793458 356.0839599652443 18.841263923385856 22.16990716205439 6.117826847343966 NaN NaN 100.2325038943518 42.07536858955535 0.0 0.0 0.0 0.0 356.0839599652443 18.841263923385856 22.16990716205439 6.117826847343966 
90.00033289540872 0.0 46.16578941477835 0.0 18.652515400894575 0.006904018132973719 0.1287673552026383 0.006904018132973719 0.1287673552026383 347.1591538534076 19.21908991820664 22.571974320582513 6.118241572648005 NaN NaN 100.2325038943518 42.209524913945806 0.0 0.0 0.0 0.0 347.1591538534076 19.21908991820664 22.571974320582513 6.118241572648005 
92.00024488771031 0.0 44.766406299241766 0.0 16.88163765161823 0.006904018132973719 0.14086610026235138 0.006904018132973719 0.14086610026235138 289.6986978183618 21.921716862964995 26.205446805298056 6.095201942841373 NaN NaN 100.2325038943518 50.322293591327 0.0 0.0 0.0 0.0 289.6986978183618 21.921716862964995 26.205446805298056 6.095201942841373 
94.00033289540877 0.0 44.156024575887734 0.0 16.597569339545952 0.006904018132973718 0.14236016971873838 0.006904018132973718 0.14236016971873838 277.99287588181 22.534697765294233 26.338659505568863 6.074914934073192 NaN NaN 100.2325038943518 50.42503945375861 0.0 0.0 0.0 0.0 277.99287588181 22.534697765294233 26.338659505568863 6.074914934073192 
96.00002777785589 0.0 43.79659406306105 0.0 16.34120019417867 0.006904018132973716 0.14462041294191888 0.006904018132973716 0.14462041294191888 264.7695574745154 23.065661252938064 25.800799510915216 5.978685365142142 NaN NaN 100.2325038943518 50.42503945375861 0.0 0.0 0.0 0.0 264.7695574745154 23.065661252938064 25.800799510915216 5.978685365142142 
98.00003412797649 0.0 43.538527337312445 0.0 16.183633254842306 0.006904018132973718 0.14632087475299135 0.00698531068321755 0.11828974729744346 251.84930008827212 23.555689900338674 25.451264410087813 5.941318764578542 NaN NaN 100.2325038943518 50.42503945375861 0.0 0.0 0.0 0.0 251.84930008827212 23.555689900338674 25.451264410087813 5.941318764578542 
100.00033289540886 0.0 43.30330542269016 0.0 16.085002692984403 0.006904018132973719 0.1488535510421419 0.007060806145666442 0.09479023584153178 239.38156652548255 24.004168653936375 24.805595814690175 5.897563296320682 NaN NaN 100.2325038943518 50.42503945375861 0.0 0.0 0.0 0.0 239.38156652548255 24.004168653936375 24.805595814690175 5.897563296320682 
102.00033289540889 0.0 41.98682860238626 0.0 15.48607548895479 0.006904018132973719 0.1613139788793534 0.007307910153251156 0.022044775677834905 165.75465082664454 26.350358916038175 20.86500383243039 5.857112188874122 NaN NaN NaN NaN 0.0 0.0 0.0 0.0 165.75465082664454 26.350358916038175 20.86500383243039 5.857112188874122 
104.00033289540892 0.0 41.820582617562 0.0 15.360111827367128 0.006904018132973719 0.16304571572395515 0.007307910153251157 0.023776512522437405 155.24579811642047 26.704801019622543 21.311136593089916 5.996392089005882 NaN NaN NaN NaN 0.0 0.0 0.0 0.0 155.24579811642047 26.704801019622543 21.311136593089916 5.996392089005882 
106.00033289540895 0.0 41.518660417046725 0.0 15.258887070830765 0.006904018132973719 0.16559092447089027 0.007307910153251157 0.02632172126937323 145.21213950184801 26.965884181611056 21.78374694810905 6.006455175533887 NaN NaN NaN NaN 0.0 0.0 0.0 0.0 145.21213950184801 26.965884181611056 21.78374694810905 6.006455175533887 
108.00033289540897 0.0 41.221802509034084 0.0 15.180090791585586 0.006904018132973719 0.16723485312775643 0.007307910153251157 0.027965649926238036 135.62514204552542 27.229715806923537 22.11030904429601 5.9899066527229445 NaN NaN NaN NaN 0.0 0.0 0.0 0.0 135.62514204552542 27.229715806923537 22.11030904429601 5.9899066527229445 
110.000332895409 0.0 41.02114731234114 0.0 15.075051067013165 0.006904018132973718 0.16958100179214522 0.007307910153251157 0.03031179859062743 126.58218354038793 27.45692368264663 22.634900860265027 5.981087421100714 NaN NaN NaN NaN 0.0 0.0 0.0 0.0 126.58218354038793 27.45692368264663 22.634900860265027 5.981087421100714 
112.00033289540903 0.0 39.19944030263182 0.0 14.458433788158262 0.006904018132973719 0.18102084179083988 0.007307910153251159 0.041751638589323 75.46832329839938 28.695509913888436 24.07391786371002 5.9406265740582755 NaN NaN NaN NaN 0.0 0.0 0.0 0.0 75.46832329839938 28.695509913888436 24.07391786371002 5.9406265740582755 
114.00033289540906 0.0 38.7825194949495 0.0 14.528604423336613 0.006904018132973718 0.18319670613336497 0.007307910153251156 0.04392750293184913 68.47640024469025 28.998356848483695 23.697724524282368 5.948897988168319 NaN NaN NaN NaN 0.0 0.0 0.0 0.0 68.47640024469025 28.998356848483695 23.697724524282368 5.948897988168319 
116.00026181514808 0.0 38.49313783784553 0.0 14.497676313947867 0.006904018132973721 0.18536989234038134 0.007307910153251159 0.04610068913886556 62.232802537386995 29.157079021265172 23.37469089906269 5.9686012461444715 NaN NaN NaN NaN 0.0 0.0 0.0 0.0 62.232802537386995 29.157079021265172 23.37469089906269 5.9686012461444715 
118.00009591136129 0.0 38.29927293060022 0.0 14.457440272969626 0.006904018132973721 0.18667136480933266 0.007307910153251159 0.04740216160781433 56.13602893935747 29.25548877841908 23.14702840516118 6.0105344972518076 NaN NaN NaN NaN 0.0 0.0 0.0 0.0 56.13602893935747 29.25548877841908 23.14702840516118 6.0105344972518076 
120.00033289540914 0.0 37.848899775438774 0.0 14.439449637192356 0.006904018132973719 0.18949020200018132 0.007307910153251156 0.05022099879866533 50.77732432589895 29.278176843377743 23.388171228987765 6.043781350962804 NaN NaN NaN NaN 0.0 0.0 0.0 0.0 50.77732432589895 29.278176843377743 23.388171228987765 6.043781350962804 
122.00033289540917 0.0 36.171710446780196 0.0 14.596356708615234 0.006904018132973718 0.2011689772268354 0.007307910153251157 0.061899774025319244 20.43739144931471 29.437666324739112 23.576368704803844 6.190045268832362 NaN NaN NaN NaN 0.0 0.0 0.0 0.0 20.43739144931471 29.437666324739112 23.576368704803844 6.190045268832362 
124.0003328954092 0.0 35.27843825073295 0.0 14.677442614501828 0.006904018132973719 0.20327176464948066 0.007307910153251157 0.06400256144796654 17.074571842301935 29.523426538349337 24.580490714949857 6.185922488150592 NaN NaN NaN NaN 0.0 0.0 0.0 0.0 17.074571842301935 29.523426538349337 24.580490714949857 6.185922488150592 
126.00026742341579 0.0 34.66812938541131 0.0 14.758322456894062 0.007000131671140183 0.17253369013282974 0.007307910153251157 0.06640615649960122 15.047705233299608 29.552525019852926 25.603110676670678 6.175318616128514 NaN NaN NaN NaN 0.0 0.0 0.0 0.0 15.047705233299608 29.552525019852926 25.603110676670678 6.175318616128514 
128.00033289540926 0.0 34.041550266927416 0.0 14.803718010804658 0.007081183360963531 0.14667015415416726 0.007307910153251157 0.06849069498920347 13.465941837003928 29.533530691265092 26.19687942778878 6.162913123061126 NaN NaN NaN NaN 0.0 0.0 0.0 0.0 13.465941837003928 29.533530691265092 26.19687942778878 6.162913123061126 
130.00033289540914 0.0 33.51727797114899 0.0 14.908703907498385 0.007110390395099967 0.1377965449924286 0.007307910153251156 0.0696881943610537 12.308340197066501 29.50796675503896 26.61651439076857 6.138866478256333 NaN NaN NaN NaN 0.0 0.0 0.0 0.0 12.308340197066501 29.50796675503896 26.61651439076857 6.138866478256333 
132.00033289540903 0.0 30.804773079381754 0.0 15.4426508077888 0.007307910153251157 0.08176430545358457 0.007307910153251157 0.08176430545358457 8.069706052675143 29.347049221383866 30.051413825191023 6.011032134945454 NaN NaN NaN NaN 0.0 0.0 0.0 0.0 8.069706052675143 29.347049221383866 30.051413825191023 6.011032134945454 
134.00033289540892 0.0 30.61686409672813 0.0 15.387672115384305 0.007307910153251159 0.08328316961056456 0.007307910153251159 0.08328316961056456 8.240158269637583 29.43447085998922 29.37112073422378 6.074635239484122 NaN NaN NaN NaN 0.0 0.0 0.0 0.0 8.240158269637583 29.43447085998922 29.37112073422378 6.074635239484122 
136.0003328954088 0.0 30.435312568038725 0.0 15.358689888124145 0.007307910153251159 0.08580320510124383 0.007307910153251159 0.08580320510124383 8.16323650486426 29.39296874043734 28.34515800913118 6.091428992251064 NaN NaN NaN NaN 0.0 0.0 0.0 0.0 8.16323650486426 29.39296874043734 28.34515800913118 6.091428992251064 
138.0003328954087 0.0 30.296572284202583 0.0 15.275920490162767 0.007307910153251159 0.08787813346324568 0.007307910153251159 0.08787813346324568 8.131420262801797 29.36316346116412 27.53163776708928 6.053450706813409 NaN NaN NaN NaN 0.0 0.0 0.0 0.0 8.131420262801797 29.36316346116412 27.53163776708928 6.053450706813409 
140.00033289540858 0.0 30.312593303434173 0.0 15.199901872928999 0.007307910153251157 0.08950365118058091 0.007307910153251157 0.08950365118058091 8.023251982100792 29.302149419335013 26.801976578242954 6.027947496086662 NaN NaN NaN NaN 0.0 0.0 0.0 0.0 8.023251982100792 29.302149419335013 26.801976578242954 6.027947496086662 
142.00033289540846 0.0 30.286728467365357 0.0 14.956613293757119 0.007307910153251159 0.10164658520487382 0.007307910153251159 0.10164658520487382 7.345285767384717 28.93874653713647 23.049299169183783 5.815492775162127 NaN NaN NaN NaN 0.0 0.0 0.0 0.0 7.345285767384717 28.93874653713647 23.049299169183783 5.815492775162127 
144.00033289540835 0.0 30.389183848626523 0.0 15.088174321467529 0.007307910153251156 0.10392195588850452 0.007307910153251156 0.10392195588850452 7.298040518382023 28.896551243350437 22.574785087947006 5.869077950060549 NaN NaN NaN NaN 0.0 0.0 0.0 0.0 7.298040518382023 28.896551243350437 22.574785087947006 5.869077950060549 
146.00033289540823 0.0 30.49866687388215 0.0 15.111085687015716 0.007307910153251156 0.10609165351376754 0.007307910153251156 0.10609165351376754 7.387375817310978 28.89305134653294 22.583766381971664 5.929258397001976 NaN NaN NaN NaN 0.0 0.0 0.0 0.0 7.387375817310978 28.89305134653294 22.583766381971664 5.929258397001976 
148.00033289540812 0.0 30.629704010740763 0.0 15.072235122651 0.007307910153251157 0.10754734233926352 0.007307910153251157 0.10754734233926352 7.4455042825985505 28.853730329528037 22.59725444389815 5.964417009158853 NaN NaN NaN NaN 0.0 0.0 0.0 0.0 7.4455042825985505 28.853730329528037 22.59725444389815 5.964417009158853 
150.00003300796462 0.0 30.70242127340449 0.0 15.056334327746601 0.007307910153251157 0.11022006976121404 0.007307910153251157 0.11022006976121404 7.531361888650643 28.819284213601573 22.6740033036739 5.989685087118749 NaN NaN NaN NaN 0.0 0.0 0.0 0.0 7.531361888650643 28.819284213601573 22.6740033036739 5.989685087118749 
152.0003328954079 0.0 30.814403870673903 0.0 15.203183990728093 0.007307910153251157 0.12282832027465322 0.007307910153251157 0.12282832027465322 7.9029472049125955 28.582653448147365 24.471560467967148 6.102886885876565 NaN NaN NaN NaN 0.0 0.0 0.0 0.0 7.9029472049125955 28.582653448147365 24.471560467967148 6.102886885876565 
154.00033289540778 0.0 30.906475434853768 0.0 15.14609621188256 0.007307910153251157 0.1246549754312308 0.007307910153251157 0.1246549754312308 7.733163029072782 28.277967570750167 23.77466716097167 6.0717341166783685 NaN NaN NaN NaN 0.0 0.0 0.0 0.0 7.733163029072782 28.277967570750167 23.77466716097167 6.0717341166783685 
156.0000488538664 0.0 30.876452989463274 0.0 15.180735102143354 0.007307910153251156 0.1267367981524106 0.007307910153251156 0.1267367981524106 7.6116474969545 28.184613026226327 23.611177811502717 6.0549184265375455 NaN NaN NaN NaN 0.0 0.0 0.0 0.0 7.6116474969545 28.184613026226327 23.611177811502717 6.0549184265375455 
158.00033289540755 0.0 30.91550165947079 0.0 15.13171905136539 0.007307910153251156 0.12783539141936753 0.007307910153251156 0.12783539141936753 7.481002822841863 28.14321594715006 23.463949172824478 6.039034986224987 NaN NaN NaN NaN 0.0 0.0 0.0 0.0 7.481002822841863 28.14321594715006 23.463949172824478 6.039034986224987 
160.00033289540744 0.0 30.93014854405327 0.0 15.026308435510268 0.007307910153251157 0.13005824000670924 0.007307910153251157 0.13005824000670924 7.367600614106135 28.143429013089108 23.143743165703807 6.004374646830358 NaN NaN NaN NaN 0.0 0.0 0.0 0.0 7.367600614106135 28.143429013089108 23.143743165703807 6.004374646830358 
162.00033289540733 0.0 30.772386159567006 0.0 14.68265680357535 0.007307910153251159 0.14124006492062013 0.007307910153251159 0.14124006492062013 7.16397795668684 28.209558663625828 21.06658191178701 5.736530676510957 NaN NaN NaN NaN 0.0 0.0 0.0 0.0 7.16397795668684 28.209558663625828 21.06658191178701 5.736530676510957 
164.0003328954072 0.0 30.830644445573572 0.0 14.769997527383213 0.007307910153251157 0.14388333076351587 0.007307910153251157 0.14388333076351587 7.298750334036288 28.17123875495817 21.479131313741103 5.835614985498973 NaN NaN NaN NaN 0.0 0.0 0.0 0.0 7.298750334036288 28.17123875495817 21.479131313741103 5.835614985498973 
166.0003328954071 0.0 30.773863133359452 0.0 14.790833642028971 0.007307910153251159 0.145863130928288 0.007307910153251159 0.145863130928288 7.297840585302051 28.120427094718888 21.414497352986928 5.869341768161078 NaN NaN NaN NaN 0.0 0.0 0.0 0.0 7.297840585302051 28.120427094718888 21.414497352986928 5.869341768161078 
168.00033289540698 0.0 30.737949941284374 0.0 14.860854436395094 0.007307910153251159 0.14735759151651495 0.007307910153251159 0.14735759151651495 7.267704871877542 28.03763085716877 21.274479059668113 5.918341766659851 NaN NaN NaN NaN 0.0 0.0 0.0 0.0 7.267704871877542 28.03763085716877 21.274479059668113 5.918341766659851 
170.00033289540687 0.0 30.673403319553575 0.0 14.911610550782402 0.007307910153251159 0.14998180335843556 0.007307910153251159 0.14998180335843556 7.265425748908121 27.99348485299061 21.52621648464926 5.94595119491928 NaN NaN NaN NaN 0.0 0.0 0.0 0.0 7.265425748908121 27.99348485299061 21.52621648464926 5.94595119491928 
172.00033289540676 0.0 30.20126879714206 0.0 15.36685248045442 0.007307910153251157 0.1623588096300527 0.007307910153251157 0.1623588096300527 7.16835108044075 27.93882543542723 22.58128558310945 6.078715924122822 NaN NaN NaN NaN 0.0 0.0 0.0 0.0 7.16835108044075 27.93882543542723 22.58128558310945 6.078715924122822 
174.00033289540664 0.0 30.185509237747493 0.0 15.352316172197996 0.007307910153251159 0.163873778939506 0.007307910153251159 0.163873778939506 7.016791280421614 28.153187405018034 23.332421051225975 6.180751358021875 NaN NaN NaN NaN 0.0 0.0 0.0 0.0 7.016791280421614 28.153187405018034 23.332421051225975 6.180751358021875 
176.00033289540653 0.0 30.195170963194343 0.0 15.306710238150723 0.007307910153251157 0.16643281222466594 0.007307910153251157 0.16643281222466594 7.0035213199654756 28.31915421549443 24.504669595825366 6.203923891836152 NaN NaN NaN NaN 0.0 0.0 0.0 0.0 7.0035213199654756 28.31915421549443 24.504669595825366 6.203923891836152 
178.00033289540642 0.0 30.23460257309883 0.0 15.352974674304045 0.007307910153251156 0.16788687552948367 0.007307910153251156 0.16788687552948367 6.988834334559289 28.419599070468703 25.011426438728233 6.197201740292348 NaN NaN NaN NaN 0.0 0.0 0.0 0.0 6.988834334559289 28.419599070468703 25.011426438728233 6.197201740292348 
180.0003328954063 0.0 30.26529143900511 0.0 15.338694601837043 0.007307910153251156 0.1695760340306299 0.007307910153251156 0.1695760340306299 7.072515182532235 28.471557554132758 25.717802228181775 6.1768888553785635 NaN NaN NaN NaN 0.0 0.0 0.0 0.0 7.072515182532235 28.471557554132758 25.717802228181775 6.1768888553785635 
182.0003328954062 0.0 32.792835351827854 0.0 15.974892905558088 0.0073079101532511565 0.18134094168650733 0.005929332579425169 0.03668190676305436 1070.8006730790605 28.691025855549185 915.811927515058 5.480302673694605 28.69836287691851 60.85019599031291 98.20225037200271 16.05511403545365 0.05739672575383747 0.12170039198062672 0.19640450074400514 0.030358883104751065 1070.8006730790605 28.691025855549185 915.811927515058 5.480302673694605 
184.00033289540607 0.0 33.41926326834439 0.0 15.8329447033831 0.007307910153251155 0.18417351817607042 0.006908794174527497 0.14229286278106232 1031.828145384961 27.525882366492063 732.7790902589297 4.744949658056896 29.606778989450763 68.05421036349831 99.19527208253827 18.38948639646825 0.06725957593431464 0.1402880423934778 0.22735878677489088 0.06553564035141009 1031.828145384961 27.525882366492063 732.7790902589297 4.744949658056896 
186.00033289540596 0.0 34.03261123560279 0.0 16.170026113051872 0.007307910153251155 0.18653608914567013 0.007064089012229085 0.160951071933823 985.4369327277285 26.185115421109426 615.1790770576013 4.72101393884592 31.427619991107765 72.1099048302045 101.80782048910498 22.358949967756157 0.07138609807730807 0.13652036105968218 0.24871088882033465 0.09020905536415207 985.4369327277285 26.185115421109426 615.1790770576013 4.72101393884592 
188.00006880061449 0.0 34.911934483712315 0.0 16.798098531716953 0.0073079101532511565 0.18770074218373622 0.007103339211118547 0.16623438757000594 946.3221448878385 25.120820762430462 519.359377630938 4.971811581236856 32.70129653944785 71.95124225581722 104.27239108274836 26.015625503547305 0.07242906136721487 0.13613561538165078 0.25410755405659424 0.0970126921511206 946.3221448878385 25.120820762430462 519.359377630938 4.971811581236856 
190.00033289540573 0.0 35.770720845173756 0.0 17.405112297764987 0.0073079101532511565 0.19041832546529497 0.00715838101017939 0.17472770207174512 902.5355784676922 23.983426287778567 440.2760698734509 5.264194031032754 33.45779886231933 74.50534891583922 106.36785833050118 29.443079735604535 0.07389164187521104 0.13668042769110753 0.26167546891909976 0.10763800123269018 902.5355784676922 23.983426287778567 440.2760698734509 5.264194031032754 
192.00004639699898 0.0 40.052127914252104 0.0 21.022505172039196 0.0073079101532511565 0.2024965745735775 0.0073079101532511565 0.2024965745735775 658.3274912340519 18.337267628581518 49.37350129856299 6.877022846583929 36.014360196860814 75.33308459114811 118.93104853616161 47.12627025532951 0.077864956951497 0.1428560248676974 0.28223482278361384 0.14119875059892134 658.3274912340519 18.337267628581518 49.37350129856299 6.877022846583929 
194.0003328954055 0.0 40.54383330698499 0.0 21.100703351775724 0.0073079101532511565 0.20382304588974123 0.0073079101532511565 0.20382304588974123 635.3359445283029 18.080450083030687 37.11223148191178 6.712796586787702 35.70990729391322 77.71608050734957 117.45824766791165 46.7659383183804 0.077864956951497 0.14418249618386117 0.28223482278361384 0.14252522191508432 635.3359445283029 18.080450083030687 37.11223148191178 6.712796586787702 
196.0003328954054 0.0 41.21006386614869 0.0 20.902072410156908 0.0073079101532511565 0.2061469392766131 0.0073079101532511565 0.2061469392766131 612.1338710198291 17.675594650951247 33.94730047858903 6.707399258722858 35.54245267855139 78.99917518108168 117.51892028821153 47.94698229097449 0.077864956951497 0.14650638957073314 0.28223482278361384 0.14484911530195696 612.1338710198291 17.675594650951247 33.94730047858903 6.707399258722858 
198.00033289540528 0.0 41.99838847973676 0.0 20.705022752011466 0.0073079101532511565 0.20753142439014605 0.0073079101532511565 0.20753142439014605 590.8247779537741 17.4322274993369 32.96933988768221 6.741173056416312 35.737179655621716 80.7848184092894 117.1478415842095 48.84712083478138 0.077864956951497 0.14789087468426113 0.28223482278361384 0.1462336004154875 590.8247779537741 17.4322274993369 32.96933988768221 6.741173056416312 
200.00033289540517 0.0 42.691544875760975 0.0 20.687347107088936 0.007307910153251155 0.21026352605070833 0.007307910153251155 0.21026352605070833 574.4273828506605 17.39839728165134 32.568385850734394 6.7482081584827895 35.76902597734782 82.60902575958634 117.03595963909392 49.98374125723108 0.077864956951497 0.15062297634482685 0.28223482278361384 0.14896570207605195 574.4273828506605 17.39839728165134 32.568385850734394 6.7482081584827895 
202.00002296537164 0.0 46.88446148222114 0.0 21.30373302435468 0.0073079101532511565 0.22216971554869602 0.0073079101532511565 0.22216971554869602 484.40901804967564 18.287687998320777 30.071729076708284 6.876591860238454 37.348891679931775 83.96795326179235 124.03871664188314 62.47405768590528 0.077864956951497 0.16252916584281046 0.28223482278361384 0.1608718915740375 484.40901804967564 18.287687998320777 30.071729076708284 6.876591860238454 
204.00033289540494 0.0 47.61867624080039 0.0 21.43823083603152 0.007307910153251155 0.22448045811508818 0.007307910153251155 0.22448045811508818 473.3114273510339 18.85465366964106 31.61525440206041 6.9270216812156775 37.25864668051766 85.97965675873944 123.36733419760738 62.86386967958721 0.077864956951497 0.16483990840920854 0.28223482278361384 0.16318263414043235 473.3114273510339 18.85465366964106 31.61525440206041 6.9270216812156775 
206.00033289540482 0.0 48.52609953221084 0.0 21.233271781084866 0.007307910153251155 0.22573726835401547 0.007307910153251155 0.22573726835401547 461.99574760975685 19.45350536762803 32.578873203569934 6.924300996188059 37.0917184294747 88.03291094802202 124.20614781179165 64.83813100948446 0.077864956951497 0.16609671864813014 0.28223482278361395 0.16443944437935726 461.99574760975685 19.45350536762803 32.578873203569934 6.924300996188059 
208.0003328954047 0.0 49.05900358453475 0.0 20.675633774186064 0.0073079101532511565 0.22807945198157123 0.0073079101532511565 0.22807945198157123 450.07733196942144 20.043341791249897 32.50811869498291 6.903180275377124 36.65548309249599 90.77688990830853 125.44937288105803 67.17703934790258 0.077864956951497 0.16609671864813014 0.28223482278361395 0.16678162800691157 450.07733196942144 20.043341791249897 32.50811869498291 6.903180275377124 
210.00031694975198 0.0 49.47621149169355 0.0 20.232732899161935 0.0073079101532511565 0.22929335882681043 0.0073079101532511565 0.22929335882681043 437.3848689714253 20.639073046947406 32.057331884870344 6.87136866151298 36.41721612064916 92.68181913517027 126.96856305690028 69.78896319072662 0.077864956951497 0.16609671864813014 0.28223482278361384 0.16799553485214996 437.3848689714253 20.639073046947406 32.057331884870344 6.87136866151298 
212.00033289540448 0.0 52.23744509701999 0.0 17.510076044304093 0.0073079101532511565 0.24121140634854896 0.0073079101532511565 0.24121140634854896 357.84317177693316 24.173507945729202 31.30587077003183 6.823791732660142 36.84970429871637 96.56230758522528 136.19142816404613 85.14839520359351 0.0 0.0 0.28223482278361384 0.1799135823738904 357.84317177693316 24.173507945729202 31.30587077003183 6.823791732660142 
214.00033289540437 0.0 52.37561475303465 0.0 17.470285699942163 0.007307910153251158 0.24314817592941163 0.007307910153251158 0.24314817592941163 342.8435275395693 24.852855723747897 31.240602352384908 6.770107335700245 37.08359349772704 96.83258763069327 137.66526780837373 87.6921059280732 0.0 0.0 0.28223482278361384 0.18185035195475666 342.8435275395693 24.852855723747897 31.240602352384908 6.770107335700245 
216.00033289540426 0.0 52.39560629002031 0.0 17.518423355534594 0.007307910153251158 0.24542002961934534 0.007307910153251158 0.24542002961934534 327.40096219537463 25.465218773791204 30.48006108966296 6.729169683853023 37.23514888655208 97.2478619553293 138.73153044184264 89.80328124077367 0.0 0.0 0.2822348227836137 0.18412220564468532 327.40096219537463 25.465218773791204 30.48006108966296 6.729169683853023 
218.00005205152658 0.0 52.16204877146489 0.0 17.53416943056202 0.007307910153251158 0.2475770838197378 0.007307910153251158 0.2475770838197378 311.43592937019656 26.025003472554264 30.666679226790702 6.741879403273151 37.46955242002264 97.73059700284945 139.31427662738938 91.4272617810058 0.0 0.0 0.2822348227836137 0.1862792598450774 311.43592937019656 26.025003472554264 30.666679226790702 6.741879403273151 
220.00013466706577 0.0 52.08558085067989 0.0 17.49846908636537 0.007307910153251158 0.2495289088581306 0.007307910153251158 0.2495289088581306 296.4421692325759 26.515003786301026 31.45151672975113 6.731205929277472 37.55236646168199 98.54367852492558 139.67795628438986 92.79186754170576 0.0 0.0 0.2822348227836137 0.18823108488347054 296.4421692325759 26.515003786301026 31.45151672975113 6.731205929277472 
222.00005082545252 0.0 49.75347552040545 0.0 17.49772430453836 0.007307910153251158 0.2626219940492943 0.007307910153251158 0.2626219940492943 206.80528005007972 29.330435330261768 32.67192529918335 6.8072686213326135 38.28008949418105 103.32838367408927 141.11741139180776 100.28505910420296 0.0 0.0 0.28223482278361384 0.2013241700746365 206.80528005007972 29.330435330261768 32.67192529918335 6.8072686213326135 
224.0003328954038 0.0 49.56305535350417 0.0 17.621973201155228 0.0073079101532511565 0.2638306699959779 0.0073079101532511565 0.2638306699959779 193.15267924638508 29.571056254699283 32.523321828850186 6.816646152960338 38.17833739648749 104.68385941569525 141.11741139180776 101.27754507239315 0.0 0.0 0.28223482278361384 0.2025328460213184 193.15267924638508 29.571056254699283 32.523321828850186 6.816646152960338 
226.0003328954037 0.0 49.09019156175288 0.0 17.685752287355573 0.007307910153251158 0.2668902936684594 0.007307910153251158 0.2668902936684594 180.37700726947892 29.85064786077225 32.33159468685841 6.7493042972576704 38.009415672538324 106.35715360506329 141.11741139180776 102.28454688591202 0.0 0.0 0.28223482278361384 0.20559246969380524 180.37700726947892 29.85064786077225 32.33159468685841 6.7493042972576704 
228.00033289540357 0.0 48.478025889410425 0.0 17.72733295951627 0.0073079101532511565 0.26883542490715256 0.0073079101532511565 0.26883542490715256 168.20284641118602 30.21254671797119 32.04549456205882 6.700569235533346 38.156496710803026 106.84012752165259 141.11741139180776 103.28471439794883 0.0 0.0 0.28223482278361384 0.20753760093249324 168.20284641118602 30.21254671797119 32.04549456205882 6.700569235533346 
230.00033289540346 0.0 48.125348550365466 0.0 17.76476410041247 0.007307910153251158 0.2708003007015444 0.007307910153251158 0.2708003007015444 156.61281289748604 30.518130647538104 31.774101974865037 6.721645706544369 38.13932847466317 108.00338086655437 141.11741139180776 104.27994863748187 0.0 0.0 0.28223482278361384 0.20950247672689032 156.61281289748604 30.518130647538104 31.774101974865037 6.721645706544369 
232.00033289540335 0.0 45.187331905816045 0.0 17.848048440316088 0.007307910153251158 0.2828653872251059 0.007307910153251158 0.2828653872251059 91.80958624244131 32.20756567785274 31.501219627394534 6.9307759262515045 38.574243736381966 112.31470645366895 141.11741139180776 110.29271150046257 0.0 0.0 0.28223482278361384 0.2215675632504471 91.80958624244131 32.20756567785274 31.501219627394534 6.9307759262515045 
234.00033289540323 0.0 44.45062552372278 0.0 17.848323293967265 0.0073079101532511565 0.28358961432760466 0.0073079101532511565 0.28358961432760466 83.2305892097046 32.52643183245298 33.0561774181635 6.907915103384504 38.536576322571676 113.48827163102399 141.11741139180776 111.28782330849123 0.0 0.0 0.28223482278361384 0.22229179035294677 83.2305892097046 32.52643183245298 33.0561774181635 6.907915103384504 
236.00033289540312 0.0 43.711752024269735 0.0 17.845294769895258 0.0073079101532511565 0.28593154054764414 0.0073079101532511565 0.28593154054764414 75.49564217053592 32.59656417284516 33.34516114595872 6.867242531700626 38.525216559394075 114.62690420152221 141.11741139180776 112.29886324843986 0.0 0.0 0.28223482278361384 0.22463371657298498 75.49564217053592 32.59656417284516 33.34516114595872 6.867242531700626 
238.000332895403 0.0 42.96240911857943 0.0 17.818052370604793 0.0073079101532511565 0.2881153690312128 0.0073079101532511565 0.2881153690312128 68.05037200995322 32.74096979145133 33.77810465505575 6.858037214344608 38.58215182933702 115.28940652727997 141.11741139180776 113.29814467330614 0.0 0.0 0.28223482278361384 0.22681754505655813 68.05037200995322 32.74096979145133 33.77810465505575 6.858037214344608 
240.0003328954029 0.0 42.27122086737907 0.0 17.795009831030658 0.0073079101532511565 0.29030456762407636 0.0073079101532511565 0.29030456762407636 61.38837459325241 32.91083143643884 34.42044890392313 6.803996053655972 38.65527523880017 116.09531408300964 141.11741139180776 114.2852013944282 0.0 0.0 0.28223482278361384 0.22900674364941628 61.38837459325241 32.91083143643884 34.42044890392313 6.803996053655972 
242.00007294652536 0.0 37.986203214259 0.0 17.613795002727198 0.0073079101532511565 0.3021868594693819 0.0073079101532511565 0.3021868594693819 24.76157464610916 33.41723391761018 31.011876280990094 6.168218512128454 38.80413562029884 121.58364640966519 141.11741139180776 120.28979456118897 0.0 0.0 0.28223482278361384 0.24088903549472301 24.76157464610916 33.41723391761018 31.011876280990094 6.168218512128454 
244.00033289540266 0.0 37.086033081146006 0.0 17.563807101457265 0.007307910153251155 0.3044930106659989 0.007307910153251155 0.3044930106659989 20.994041600035022 33.3591699937344 29.855813865607757 6.3460422470986995 38.775320289723304 122.71191171629638 141.11741139180776 121.28809781880636 0.0 0.0 0.28223482278361384 0.24319518669134405 20.994041600035022 33.3591699937344 29.855813865607757 6.3460422470986995 
246.00033289540255 0.0 36.36640255847462 0.0 17.56450707027004 0.0073079101532511565 0.30567660150693643 0.0073079101532511565 0.30567660150693643 18.348726483522434 33.38964296372941 30.204695190875874 6.508754577870514 38.78497759436876 123.67509496325114 141.11741139180776 122.28165035872878 0.0 0.0 0.2822348227836137 0.24437877753228343 18.348726483522434 33.38964296372941 30.204695190875874 6.508754577870514 
248.00032682643536 0.0 36.01897373659878 0.0 17.495844059160074 0.0073079101532511565 0.3082932535219267 0.0073079101532511565 0.3082932535219267 16.652747883923603 33.39100698959671 31.101981736771826 6.591665097472748 38.79270278387127 124.65625721817426 141.11741139180776 123.3012152971457 0.0 0.0 0.2822348227836137 0.24699542954726617 16.652747883923603 33.39100698959671 31.101981736771826 6.591665097472748 
250.00033289540232 0.0 35.768703172267095 0.0 17.44582871278497 0.0073079101532511565 0.3103198647547249 0.0073079101532511565 0.3103198647547249 15.586086802443889 33.295131672106464 31.1577528020259 6.662561470129826 38.8295112127588 125.4889719232087 141.11741139180776 124.29328453160275 0.0 0.0 0.2822348227836137 0.24902204078006562 15.586086802443889 33.295131672106464 31.1577528020259 6.662561470129826 
252.00006469487187 0.0 34.64470730373528 0.0 16.96478293345682 0.0073079101532511565 0.32196016478524997 0.007315780449569434 0.013015798501511631 11.024824888803607 32.545587780368265 30.77935393053947 6.827004678785504 38.86248359267196 131.3227253168693 141.11741139180776 130.29644852437642 0.0 0.0 0.28223482278361384 0.2606623408105916 11.024824888803607 32.545587780368265 30.77935393053947 6.827004678785504 
254.0003328954021 0.0 34.790912804806005 0.0 16.89852298598592 0.007307910153251155 0.3243366682422863 0.007315780449569434 0.015392301958547093 10.884787925459165 32.45101002807565 30.454140257393515 6.735832795327526 38.86633029336233 132.3319271623491 141.11741139180776 131.30221223509452 0.0 0.0 0.28223482278361384 0.2630388442676296 10.884787925459165 32.45101002807565 30.454140257393515 6.735832795327526 
256.000332895402 0.0 34.80452729240335 0.0 16.80179655318001 0.007307910153251155 0.32642833714722436 0.007315780449569434 0.017483970863485212 10.737774685795276 32.394241913421354 29.48783925487912 6.742752770744078 38.86672306162719 133.16711467645055 141.11741139180776 132.28896145799408 0.0 0.0 0.28223482278361384 0.2651305131725676 10.737774685795276 32.394241913421354 29.48783925487912 6.742752770744078 
258.00033289540187 0.0 34.85156342008231 0.0 16.719204058642475 0.007307910153251155 0.3286025921158487 0.007315780449569435 0.019658225832111933 10.73979011066279 32.399058842581134 29.522028198463374 6.748433635373658 38.88619744564153 133.86492118819663 141.11741139180776 133.29336628430656 0.0 0.0 0.28223482278361384 0.26730476814119575 10.73979011066279 32.399058842581134 29.522028198463374 6.748433635373658 
260.00033289540175 0.0 34.927048770047 0.0 16.71359865027394 0.007307910153251155 0.3302115448863032 0.007315780449569435 0.02126717860256602 10.715251595953779 32.422041182526904 29.500225066264047 6.701105528611324 38.89709995799773 134.50673761383092 141.11741139180776 134.30252080560547 0.0 0.0 0.28223482278361384 0.2689137209116503 10.715251595953779 32.422041182526904 29.500225066264047 6.701105528611324 
262.00033289540164 0.0 35.098388529247806 0.0 16.839171346578006 0.0073079101532511565 0.3424244022266294 0.007315780449569435 0.03348003594289125 10.6389458400214 32.81215919609639 29.86408937924139 6.513013074122598 38.93247847574844 141.07282031765283 141.11741139180776 140.29264600757617 0.0 0.0 0.28223482278361384 0.28112657825197257 10.6389458400214 32.81215919609639 29.86408937924139 6.513013074122598 
264.0003328954015 0.0 35.333124858384544 0.0 16.94183699098125 0.0073079101532511565 0.34385820075826856 0.007315780449569435 0.034913834474525944 10.781654484045163 33.10430767339563 31.223391712260042 6.45539775351472 38.93247847574844 141.88367494344902 141.11741139180776 141.30148607951344 0.0 0.0 0.28223482278361395 0.2825603767836083 10.781654484045163 33.10430767339563 31.223391712260042 6.45539775351472 
266.0003328954014 0.0 35.45201608503244 0.0 16.93889042376795 0.0073079101532511565 0.3458406873735558 0.007315780449569435 0.036896321089812424 10.80227152714378 33.20322691850738 30.90787426737095 6.507041894369565 38.93247847574844 142.5133340138482 141.11741139180776 142.28965768537134 0.0 0.0 0.28223482278361384 0.28454286339889356 10.80227152714378 33.20322691850738 30.90787426737095 6.507041894369565 
268.0003328954013 0.0 35.501730848272885 0.0 16.95375397432625 0.0073079101532511565 0.34730668853813 0.007315780449569436 0.03836232225439428 10.773843136921894 33.29135715206532 30.424691905681748 6.5474389555566574 38.93247847574844 143.00808365454202 141.11741139180776 143.2997864264325 0.0 0.0 0.28223482278361395 0.2860088645634765 10.773843136921894 33.29135715206532 30.424691905681748 6.5474389555566574 
270.0003328954012 0.0 35.56412990598394 0.0 16.98487140191943 0.007307910153251161 0.34957924291494047 0.007315780449569436 0.04063487663119942 10.836488555799175 33.35124957266263 31.150880633621505 6.591806114247352 38.93247847574844 143.2836272270125 141.11741139180776 144.2859797140175 0.0 0.0 0.28223482278361384 0.28828141894027953 10.836488555799175 33.35124957266263 31.150880633621505 6.591806114247352 
272.00032265396743 0.0 35.54660834369561 0.0 17.202899767373808 0.0073079101532511565 0.36154504097116263 0.007315780449569434 0.052600674687420995 10.708245407495323 33.573109420364325 36.64984106322616 6.7012930384078695 38.93247847574844 150.88323051237467 141.11741139180776 150.27695872641 0.0 0.0 0.28223482278361384 0.3002472169965068 10.708245407495323 33.573109420364325 36.64984106322616 6.7012930384078695 
274.0002637170343 0.0 35.54173055926057 0.0 17.105006126737923 0.0073079101532511565 0.3632906065799945 0.007315780449569434 0.05434624029625477 10.604663902469214 33.52212712048874 35.34890551977244 6.666886602907504 38.93247847574844 151.02450755480592 141.11741139180776 151.28856230895434 0.0 0.0 0.2822348227836137 0.3019927826053344 10.604663902469214 33.52212712048874 35.34890551977244 6.666886602907504 
276.00033289540085 0.0 35.41198048392291 0.0 16.993466362374075 0.007307910153251158 0.3657182071951411 0.007315780449569434 0.056773840911396735 10.488820983703416 33.424659318137856 34.45725110345097 6.629130428819957 38.93247847574844 151.04231866948902 141.11741139180776 152.27036062026343 0.0 0.0 0.2822348227836137 0.30442038322048043 10.488820983703416 33.424659318137856 34.45725110345097 6.629130428819957 
278.00033289540073 0.0 35.32237135235238 0.0 16.926860188371073 0.007308584140869372 0.3413187092211162 0.007315780449569434 0.05883137443482288 10.3981893505978 33.22583547443793 33.73620832857243 6.659993553731139 38.93247847574844 151.04231866948902 141.11741139180776 153.2796297116507 0.0 0.0 0.2822348227836137 0.3064779167439041 10.3981893505978 33.22583547443793 33.73620832857243 6.659993553731139 
280.0003328954006 0.0 35.24262593457529 0.0 16.88940654434173 0.0073093234378706785 0.31326814512120177 0.007315780449569434 0.05980152751015084 10.382698413634074 33.00633778044688 33.73550453734396 6.644548452379198 38.93247847574844 151.04231866948902 141.11741139180776 154.2888963763087 0.0 0.0 0.2822348227836137 0.30744806981923345 10.382698413634074 33.00633778044688 33.73550453734396 6.644548452379198 
282.00022169264724 0.0 34.8544048134397 0.0 16.886988443756106 0.007315780449569435 0.07182782990129866 0.007315780449569435 0.07182782990129866 9.959919953821798 31.83549178420247 30.106167696058126 6.231035261789167 NaN NaN 141.11741139180776 160.30307252863514 0.0 0.0 0.28223482278361384 0.3194743722103813 9.959919953821798 31.83549178420247 30.106167696058126 6.231035261789167 
284.0003328954004 0.0 34.79980585083143 0.0 16.82246298924504 0.007315780449569435 0.07478427585763818 0.007315780449569435 0.07478427585763818 9.762032181925399 31.67612548540791 29.66599681035685 6.365942493110925 NaN NaN 141.11741139180776 161.2960712144609 0.0 0.0 0.28223482278361395 0.32243081816672065 9.762032181925399 31.67612548540791 29.66599681035685 6.365942493110925 
286.0003328954003 0.0 34.786291496184376 0.0 16.882255750276606 0.007315780449569435 0.07691658944657341 0.007315780449569435 0.07691658944657341 9.734828229591313 31.618535825651335 28.960990112982813 6.501846438057964 NaN NaN 141.11741139180776 162.3241143131396 0.0 0.0 0.28223482278361384 0.32456313175565354 9.734828229591313 31.618535825651335 28.960990112982813 6.501846438057964 
288.00033289540016 0.0 34.709021259397026 0.0 16.920989602634535 0.007315780449569435 0.07868624869582963 0.007315780449569435 0.07868624869582963 9.709235695581656 31.738882565711407 30.540745810199816 6.608736152350096 NaN NaN 141.11741139180776 163.29589260750387 0.0 0.0 0.28223482278361384 0.32633279100491 9.709235695581656 31.738882565711407 30.540745810199816 6.608736152350096 
290.00033289540005 0.0 34.642246425560394 0.0 16.964059495231094 0.007315780449569434 0.07991093846493412 0.007315780449569434 0.07991093846493412 9.757185404963558 31.8791792672482 31.923393702381702 6.6777391005295055 NaN NaN 141.11741139180776 164.31831685052967 0.0 0.0 0.28223482278361384 0.32755748077401675 9.757185404963558 31.8791792672482 31.923393702381702 6.6777391005295055 
292.00033289539994 0.0 34.52734984649981 0.0 16.944328481851947 0.007315780449569435 0.09248922700933178 0.007315780449569435 0.09248922700933178 9.510495255218522 32.592400349875945 35.77863819263013 6.848582941177959 NaN NaN 141.11741139180776 170.3220023667843 0.0 0.0 0.2822348227836137 0.34013576931841577 9.510495255218522 32.592400349875945 35.77863819263013 6.848582941177959 
294.0003328953998 0.0 34.3679136781957 0.0 17.064608220110387 0.007315780449569435 0.09377181826696422 0.007315780449569435 0.09377181826696422 9.651571975850956 32.64706613891965 35.33127962964974 6.791141500540264 NaN NaN 141.11741139180776 171.3076911421845 0.0 0.0 0.28223482278361384 0.3414183605760445 9.651571975850956 32.64706613891965 35.33127962964974 6.791141500540264 
296.0003328953997 0.0 34.37589514070341 0.0 17.071889921954494 0.007315780449569435 0.09668756992118782 0.007315780449569435 0.09668756992118782 9.664870095707377 32.72331236092044 35.647562723222215 6.712147031595033 NaN NaN 141.11741139180776 172.31482747447214 0.0 0.0 0.28223482278361384 0.34433411223027094 9.664870095707377 32.72331236092044 35.647562723222215 6.712147031595033 
298.0003328953996 0.0 34.31167816720369 0.0 17.10385509398832 0.007315780449569434 0.09896267811400267 0.007315780449569434 0.09896267811400267 9.73384750490089 32.83152240821377 35.36458339901864 6.632416214470383 NaN NaN 141.11741139180776 173.3065162285626 0.0 0.0 0.2822348227836137 0.3466092204230822 9.73384750490089 32.83152240821377 35.36458339901864 6.632416214470383 
300.0003328953995 0.0 34.24150712717491 0.0 17.086340303491117 0.007315780449569434 0.10084684649724687 0.007315780449569434 0.10084684649724687 9.752666371307912 32.94711115919866 34.894555178561845 6.626788990934923 NaN NaN 141.11741139180776 174.3186716086883 0.0 0.0 0.28223482278361384 0.3484933888063263 9.752666371307912 32.94711115919866 34.894555178561845 6.626788990934923 
302.00008255554235 0.0 34.24761544875065 0.0 14.075143237871488 0.007315780449569435 0.11267284574526222 0.007104307970932171 0.07671404700800229 976.8188738611628 31.20654150665832 619.4701449997741 3.6347299264030326 41.98548889553126 76.91557440093821 128.1838368843198 130.87305256646397 0.0839709777910632 0.15307893055906568 0.19957562045899174 0.044398012179880736 976.8188738611628 31.20654150665832 619.4701449997741 3.6347299264030326 
304.00033289539925 0.0 34.369570725595885 0.0 14.477525495141787 0.007315780449569434 0.114596148943588 0.007196543687405962 0.09432111949130152 891.2334111387304 28.263630428843783 524.9375468145116 3.3261591847114467 41.98548889553126 78.51975201008504 124.04968831800223 116.07814167765115 0.08397097779106318 0.15500223375738906 0.19957562045899174 0.04632131537820431 891.2334111387304 28.263630428843783 524.9375468145116 3.3261591847114467 
306.00033289539914 0.0 34.502790602072004 0.0 14.855115120177016 0.007315780449569435 0.11677171100026348 0.007236005023657914 0.1032066906107459 816.0779040965588 25.787610295891735 469.1789123012115 3.537165676100206 41.98548889553126 79.82595992348746 122.57213722763744 111.40494286280725 0.08397097779106318 0.15717779581406446 0.19957562045899174 0.04849687743488045 816.0779040965588 25.787610295891735 469.1789123012115 3.537165676100206 
308.000332895399 0.0 34.71319416069719 0.0 15.409036234377266 0.007315780449569435 0.1183452031660414 0.007251413539895136 0.10740024822326807 748.7083909257975 23.55543786982164 410.76757326156036 3.908082303354198 41.98548889553126 81.43428224551096 121.80461655683955 109.48634693852757 0.0839709777910632 0.1587512879798451 0.19957562045899174 0.050070369600659005 748.7083909257975 23.55543786982164 410.76757326156036 3.908082303354198 
310.0003328953989 0.0 34.98730444035639 0.0 16.04974740353285 0.007315780449569435 0.12008608557823339 0.007262204584557963 0.11097604081242118 701.4480622977218 22.05651524576948 352.6292307563312 4.284494630164666 41.98548889553126 82.88568682622765 121.26969891470074 108.44533101156951 0.0839709777910632 0.16049217039203703 0.19957562045899174 0.05181125201285227 701.4480622977218 22.05651524576948 352.6292307563312 4.284494630164666 
312.0003328953988 0.0 36.453027495150145 0.0 19.251389229001646 0.007315780449569435 0.1327619892733281 0.007315780449569435 0.1327619892733281 482.4323075565808 15.715125569880769 54.04342525094722 6.151168555189556 41.98548889553126 86.66318893012401 117.11624209704388 98.5513121470582 0.08397097779106318 0.17316807408712828 0.19957562045899174 0.06448715570794585 482.4323075565808 15.715125569880769 54.04342525094722 6.151168555189556 
314.0003328953987 0.0 36.927071203401304 0.0 19.426226569733576 0.007315780449569436 0.13471188886114896 0.007315780449569436 0.13471188886114896 468.5907155430214 15.391313710456416 39.15049127151745 6.1847783628113335 41.98548889553126 87.80127296263575 115.50720500965697 93.4172251425559 0.0839709777910632 0.1751179736749508 0.19957562045899174 0.0664370552957663 468.5907155430214 15.391313710456416 39.15049127151745 6.1847783628113335 
316.00033289539857 0.0 37.16072871353861 0.0 19.6173714763477 0.007315780449569438 0.13669153497317782 0.007315780449569438 0.13669153497317782 458.2826024609822 15.303917880877844 33.63338494330689 6.161674417456516 41.98548889553126 89.06937913420107 113.9871307677804 88.60260443379939 0.0839709777910632 0.17709761978698188 0.19957562045899174 0.06841670140779689 458.2826024609822 15.303917880877844 33.63338494330689 6.161674417456516 
318.00033289539846 0.0 37.354653019603404 0.0 19.76064589111806 0.007315780449569438 0.1385146114311081 0.007315780449569438 0.1385146114311081 449.9747323784752 15.453490619681174 30.867035752750212 6.121964003898218 41.98548889553126 90.33351072235598 112.50293181392303 83.94763545345965 0.08397097779106322 0.17892069624490678 0.19957562045899174 0.0702397778657247 449.9747323784752 15.453490619681174 30.867035752750212 6.121964003898218 
320.00033289539834 0.0 37.5826719998597 0.0 19.773621231606903 0.007315780449569436 0.14073077633458325 0.007315780449569436 0.14073077633458325 443.042025446457 15.699884933870585 29.75363022430927 6.077410581298351 41.98548889553126 91.56816138623965 111.17178322881738 79.83887329785644 0.0839709777910632 0.18113686114838193 0.19957562045899174 0.07245594276919953 443.042025446457 15.699884933870585 29.75363022430927 6.077410581298351 
322.000072882553 0.0 38.47826111270676 0.0 19.50932371589981 0.007315780449569435 0.15311140187764158 0.007315780449569435 0.15311140187764158 400.2503257942223 17.59474941608307 27.12785968686104 6.129726248087136 41.98548889553126 96.67944266527908 103.32443256005519 55.84216864606956 0.08397097779106318 0.19351748669143984 0.19957562045899174 0.08483656831225814 400.2503257942223 17.59474941608307 27.12785968686104 6.129726248087136 
324.0003328953981 0.0 38.7991557186894 0.0 19.12616126499605 0.007315780449569435 0.1549927381098785 0.007315780449569435 0.1549927381098785 392.5884310023894 18.12003751821046 27.662289171913528 6.165656554641991 41.98548889553126 97.74469726025794 102.61691862141367 54.14029863980521 0.08397097779106315 0.19539882292368277 0.19957562045899174 0.08671790454449732 392.5884310023894 18.12003751821046 27.662289171913528 6.165656554641991 
326.000332895398 0.0 39.27588435452339 0.0 18.802149247080752 0.007315780449569436 0.15722908288091644 0.007315780449569436 0.15722908288091644 384.1613730865099 18.53676228834966 28.580083009618974 6.1635685718533395 41.98548889553126 98.83795483422998 102.17803814349361 53.46049929255331 0.08397097779106315 0.19763516769471934 0.19957562045899174 0.08895424931553432 384.1613730865099 18.53676228834966 28.580083009618974 6.1635685718533395 
328.0003328953979 0.0 39.88115101491081 0.0 18.318412153910696 0.007315780449569436 0.15947458671089193 0.007315780449569436 0.15947458671089193 374.48377229308977 18.93278499671152 29.211849016920315 6.164273200569178 41.98548889553126 99.90456456035298 102.11798579465544 52.8492310048193 0.08397097779106315 0.199880671524691 0.21266145453146562 0.07800916754085375 374.48377229308977 18.93278499671152 29.211849016920315 6.164273200569178 
330.0003328953978 0.0 40.27587044678155 0.0 17.950576755030728 0.007315780449569438 0.1614240603259354 0.007315780449569438 0.1614240603259354 364.3367904545658 19.33312548084373 28.893361341647346 6.131447709522545 41.98548889553126 101.03558433850492 102.49503282760223 51.74098560752645 0.08397097779106315 0.2018301451397368 0.22164628808608347 0.07090188439974186 364.3367904545658 19.33312548084373 28.893361341647346 6.131447709522545 
332.00033289539766 0.0 42.11254518109564 0.0 15.80948538802389 0.007315780449569435 0.17327092123596735 0.007315780449569435 0.17327092123596735 298.526191106412 22.02983445650476 25.244384645196636 5.929778168488308 41.98548889553126 106.64965221514676 105.160449722324 46.91834249164309 0.08397097779106315 0.21201291006345824 0.2592981517126784 0.044795480153668535 298.526191106412 22.02983445650476 25.244384645196636 5.929778168488308 
334.00033289539755 0.0 42.159318868004256 0.0 15.59850573185154 0.007315780449569434 0.1756115154680456 0.007315780449569434 0.1756115154680456 286.02125882487724 22.482368955336145 24.440393874094347 5.988868068647906 41.98548889553126 107.56038375053414 106.18938143461939 46.86557565750075 0.08397097779106315 0.21201291006345824 0.2592981517126784 0.04713607438574815 286.02125882487724 22.482368955336145 24.440393874094347 5.988868068647906 
336.00033289539743 0.0 41.952858399807745 0.0 15.478205594321082 0.007315780449569435 0.17677422166241696 0.007315780449569435 0.17677422166241696 273.2010537323752 22.935837628779836 24.243660626047518 6.015238009968446 41.98548889553126 108.48343506485948 107.68768529979798 46.371274908923766 0.08397097779106315 0.21201291006345824 0.2592981517126784 0.048298780580117134 273.2010537323752 22.935837628779836 24.243660626047518 6.015238009968446 
338.0003328953973 0.0 41.82413846259566 0.0 15.47597337568419 0.007315780449569435 0.17937842966173476 0.007315780449569435 0.17937842966173476 260.1360670784108 23.344036500146025 24.005035247578448 6.019427498942071 41.98548889553126 109.31069238375285 109.00792943172684 46.04537018230985 0.08397097779106315 0.21201291006345824 0.2592981517126784 0.050902988579437425 260.1360670784108 23.344036500146025 24.005035247578448 6.019427498942071 
340.0003328953972 0.0 41.597439985580536 0.0 15.50601027030752 0.007315780449569434 0.18153789345519394 0.007315780449569434 0.18153789345519394 247.15988707642987 23.75687149939812 23.476526410804468 6.0029554378064045 41.98548889553126 110.16255891279039 110.14092402352978 45.90377871428138 0.08397097779106315 0.21201291006345824 0.2592981517126784 0.053062452372892976 247.15988707642987 23.75687149939812 23.476526410804468 6.0029554378064045 
342.0003328953971 0.0 41.08112662959559 0.0 15.537176804747988 0.007315780449569436 0.1930883031132902 0.007315780449569436 0.1930883031132902 169.7871994904493 26.096205595327632 21.561664722923936 5.992097728437051 41.98548889553126 116.7006037308581 116.15850344109019 45.84961356943255 0.0 0.0 0.2592981517126784 0.06461286203099041 169.7871994904493 26.096205595327632 21.561664722923936 5.992097728437051 
344.000332895397 0.0 40.81535846600059 0.0 15.596357790620075 0.007315780449569435 0.19545183047044037 0.007315780449569435 0.19545183047044037 158.57644601348724 26.35202854350907 21.226137180958947 5.986891892338983 41.98548889553126 117.66415143015502 117.02906470826952 45.961917933974135 0.0 0.0 0.2592981517126784 0.06697638938814066 158.57644601348724 26.35202854350907 21.226137180958947 5.986891892338983 
346.0002189711782 0.0 40.54334996939106 0.0 15.653943751246928 0.007315780449569435 0.196673025946526 0.007315780449569435 0.196673025946526 148.19654384691546 26.677439346230415 21.749406759248238 6.050853302453325 41.98548889553126 118.64128159902621 118.09261344545742 45.8957667183459 0.0 0.0 0.2592981517126784 0.06819758486422614 148.19654384691546 26.677439346230415 21.749406759248238 6.050853302453325 
348.00033289539675 0.0 40.21543138417507 0.0 15.67355249403389 0.007315780449569435 0.19942012590022498 0.007315780449569435 0.19942012590022498 138.5501277543131 27.01067563786215 22.56156658330312 6.077794844511194 41.98548889553126 119.53425685943697 118.99011844266029 45.9891815360764 0.0 0.0 0.2592981517126784 0.07094468481792504 138.5501277543131 27.01067563786215 22.56156658330312 6.077794844511194 
350.00033289539664 0.0 39.88053745651558 0.0 15.675454593394404 0.007315780449569434 0.20104812554338578 0.007315780449569434 0.20104812554338578 129.38039193472943 27.309395539499963 23.018950272740277 6.1008800597136 41.98548889553126 120.42612993198512 119.7231098169106 46.24089693288187 0.0 0.0 0.2592981517126784 0.07257268446108593 129.38039193472943 27.309395539499963 23.018950272740277 6.1008800597136 
352.000162950309 0.0 38.03419109758184 0.0 15.955234387154885 0.007315780449569436 0.2128857912060755 0.007315780449569436 0.2128857912060755 76.149435654427 28.791919607621658 26.29129355771679 6.149882113374276 41.98548889553126 126.67751740099509 124.41986858604463 47.50425396437238 0.0 0.0 0.2592981517126784 0.08441035012377703 76.149435654427 28.791919607621658 26.29129355771679 6.149882113374276 
354.0003328953964 0.0 37.73261925103263 0.0 15.967747356246802 0.007315780449569434 0.2146716849136635 0.007315780449569434 0.2146716849136635 69.36820984929369 28.96584455950325 27.140852428498356 6.168375222052091 41.98548889553126 127.71679953206234 125.39539939151798 47.52010656775938 0.0 0.0 0.2592981517126784 0.08619624383136615 69.36820984929369 28.96584455950325 27.140852428498356 6.168375222052091 
356.0003328953963 0.0 37.34881850161974 0.0 16.029991060497142 0.007315780449569434 0.21691858140061393 0.007315780449569434 0.21691858140061393 63.26901886823113 29.156101067175786 28.754547199946977 6.196846586878907 41.98548889553126 128.72249225319885 126.19557896238494 47.713965964602245 0.0 0.0 0.2592981517126784 0.08844314031831696 63.26901886823113 29.156101067175786 28.754547199946977 6.196846586878907 
358.0003328953962 0.0 37.01739528967832 0.0 16.101890132394054 0.007315780449569435 0.2184985985214841 0.007315780449569435 0.2184985985214841 57.9911256032904 29.23323473226706 29.479471506584684 6.171312980746189 41.98548889553126 129.774855516677 126.73224754379012 48.15451789637938 0.0 0.0 0.2592981517126784 0.09002315743918829 57.9911256032904 29.23323473226706 29.479471506584684 6.171312980746189 
360.00033289539607 0.0 36.50969935731003 0.0 16.136937623327093 0.007315780449569435 0.22108181189903348 0.007315780449569435 0.22108181189903348 52.55498421288017 29.35327929331429 29.393773099898546 6.135929680369824 41.98548889553126 130.8216807838205 127.26344530455707 48.63869256922687 0.0 0.0 0.2592981517126784 0.09260637081673337 52.55498421288017 29.35327929331429 29.393773099898546 6.135929680369824 
362.00033289539596 0.0 33.19745054369776 0.0 16.200255896779122 0.007315780449569435 0.23352540631156188 0.007315780449569435 0.23352540631156188 23.768868380109154 29.5063955742717 25.322258047558243 5.5090656336969115 41.98548889553126 136.68813025994567 129.64907585634 52.24000334628307 0.0 0.0 0.2592981517126784 0.10504996522925993 23.768868380109154 29.5063955742717 25.322258047558243 5.5090656336969115 
364.00033289539584 0.0 32.66009828319491 0.0 16.168577983716485 0.007315780449569434 0.23470717814097491 0.007315780449569434 0.23470717814097491 20.42031639866967 29.603820544223563 24.57236852369035 5.43889552557982 41.98548889553126 137.63632311643244 129.64907585634 53.235299984053135 0.0 0.0 0.2592981517126785 0.10623173705867368 20.42031639866967 29.603820544223563 24.57236852369035 5.43889552557982 
366.00033289539573 0.0 32.31098327239359 0.0 16.075271501677694 0.007315780449569435 0.23716571860811617 0.007315780449569435 0.23716571860811617 17.612012243359022 29.520218252775827 23.678101328191445 5.445626739115524 41.98548889553126 138.63196397133873 129.64907585634 54.23834203429816 0.0 0.0 0.2592981517126784 0.10869027752581567 17.612012243359022 29.520218252775827 23.678101328191445 5.445626739115524 
368.0003328953956 0.0 32.11480814893785 0.0 15.975420063684647 0.007315780449569434 0.2392624210781871 0.007315780449569434 0.2392624210781871 15.670177922520686 29.544396950965265 23.220933187092594 5.538559965859999 41.98548889553126 139.6067193642974 129.64907585634 55.243975684440045 0.0 0.0 0.2592981517126784 0.11078697999588662 15.670177922520686 29.544396950965265 23.220933187092594 5.538559965859999 
370.0003328953955 0.0 31.964742336146834 0.0 15.89384703277052 0.007315780449569434 0.24127597072551774 0.007315780449569434 0.24127597072551774 14.37263193373339 29.589132188320683 24.185929557052024 5.640029314302296 41.98548889553126 140.68455523466392 129.64907585634 56.24943229336492 0.0 0.0 0.2592981517126784 0.11280052964321723 14.37263193373339 29.589132188320683 24.185929557052024 5.640029314302296 
372.0003328953954 0.0 31.384741195877375 0.0 15.140860129123961 0.007315780449569435 0.25338328070170757 0.007315780449569435 0.25338328070170757 9.394044127315526 29.647779596139905 32.09826906959152 6.121052935865198 41.98548889553126 146.66145220706306 129.64907585634 62.24742433478201 0.0 0.0 0.2592981517126784 0.12490783961941056 9.394044127315526 29.647779596139905 32.09826906959152 6.121052935865198 
374.0003328953953 0.0 31.326850580746136 0.0 15.147258834012773 0.007315780449569435 0.2551786278326112 0.007315780449569435 0.2551786278326112 9.367408815111112 29.628843045283315 32.07777312963188 6.170844902273435 41.98548889553126 147.6083704032593 129.64907585634 63.25305984281069 0.0 0.0 0.2592981517126784 0.12670318675031667 9.367408815111112 29.628843045283315 32.07777312963188 6.170844902273435 
376.00033289539516 0.0 31.296456786642477 0.0 15.224587724757559 0.007315780449569435 0.2567126826981586 0.007315780449569435 0.2567126826981586 9.245208449891017 29.51386829885389 31.505048016809074 6.157164991197398 41.98548889553126 148.4720282734695 129.64907585634 64.24615522016441 0.0 0.0 0.2592981517126784 0.12823724161585823 9.245208449891017 29.51386829885389 31.505048016809074 6.157164991197398 
378.00033289539505 0.0 31.30740042655889 0.0 15.32806478966749 0.007315780449569435 0.25881291450352745 0.007315780449569435 0.25881291450352745 9.127720480799002 29.441987626723304 31.105545402816833 6.111161947457821 41.98548889553126 149.2697085202829 129.64907585634 65.24111085387591 0.0 0.0 0.2592981517126784 0.13033747342122687 9.127720480799002 29.441987626723304 31.105545402816833 6.111161947457821 
380.00033289539493 0.0 31.31966184001264 0.0 15.403686065538322 0.007315780449569436 0.26110699988636193 0.007315780449569436 0.26110699988636193 9.167166894010366 29.35646348642149 30.38674946611401 6.074599513051408 41.98548889553126 150.03332478247717 129.64907585634 66.2255229428201 0.0 0.0 0.2592981517126785 0.13263155880406455 9.167166894010366 29.35646348642149 30.38674946611401 6.074599513051408 
382.0003328953948 0.0 31.20714193356759 0.0 15.772256526130253 0.007315780449569435 0.2727479950169081 0.007315780449569435 0.2727479950169081 8.946900459431959 28.749453873275954 24.490632068002924 6.037744906776875 41.98548889553126 156.6394570812918 129.64907585634 72.20778260056025 0.0 0.0 0.2592981517126784 0.14427255393460756 8.946900459431959 28.749453873275954 24.490632068002924 6.037744906776875 
384.0000439955024 0.0 31.148614570792 0.0 15.913605747071813 0.007315780449569436 0.2749691798384595 0.007315780449569436 0.2749691798384595 8.79910935557059 28.86655156852823 23.218385759011774 6.104392363018099 41.98548889553126 157.51501400410882 129.64907585634 73.21678365149202 0.0 0.0 0.2592981517126785 0.14649373875615793 8.79910935557059 28.86655156852823 23.218385759011774 6.104392363018099 
386.0000798125265 0.0 31.034919515203093 0.0 15.870253240885562 0.007315780449569435 0.27743814875793027 0.007315780449569435 0.27743814875793027 8.684075145245627 28.911159779602244 22.395144764041973 6.0857952592468925 41.98548889553126 158.19134258253158 129.64907585634 74.21930042213667 0.0 0.0 0.2592981517126784 0.1489627076756325 8.684075145245627 28.911159779602244 22.395144764041973 6.0857952592468925 
388.0003328953945 0.0 31.02798335606833 0.0 15.781487466745771 0.007315780449569435 0.279055666200004 0.007315780449569435 0.279055666200004 8.594121050823942 28.897902982211722 21.854565554933057 6.061441953804519 41.98548889553126 158.70267622149674 129.64907585634 75.21419050111028 0.0 0.0 0.2592981517126785 0.15058022511770688 8.594121050823942 28.897902982211722 21.854565554933057 6.061441953804519 
390.00033289539437 0.0 30.972975168760126 0.0 15.668277454646793 0.007315780449569436 0.28052991127115695 0.007315780449569436 0.28052991127115695 8.525432699644947 28.963866190279017 21.99781259681564 6.0758304377210095 41.98548889553126 159.21796481709617 129.64907585634 76.21264583195222 0.0 0.0 0.2592981517126785 0.15205447018885884 8.525432699644947 28.963866190279017 21.99781259681564 6.0758304377210095 
392.00033289539425 0.0 30.69880739439433 0.0 15.263311236811198 0.007315780449569435 0.292407522410989 0.007315780449569435 0.292407522410989 8.379081678348735 29.492021399775446 22.777344197749695 6.054864311168262 41.98548889553126 166.6317055983413 129.64907585634 82.2291326919949 0.0 0.0 0.2592981517126784 0.1639320813286915 8.379081678348735 29.492021399775446 22.777344197749695 6.054864311168262 
394.00033289539414 0.0 30.54919239965495 0.0 15.189200171345835 0.007315780449569435 0.2939057701473475 0.007315780449569435 0.2939057701473475 8.535728463472394 29.511656228831118 21.122168711274906 5.997376931039781 41.98548889553126 167.4608734277753 129.64907585634 83.233993607179 0.0 0.0 0.2592981517126784 0.16543032906505004 8.535728463472394 29.511656228831118 21.122168711274906 5.997376931039781 
396.000332895394 0.0 30.4935353227022 0.0 15.310811970068894 0.007315780449569434 0.2962035457294278 0.007315780449569434 0.2962035457294278 8.566906761339729 29.444171735717408 20.849501206584982 5.949667895961862 41.98548889553126 167.96367083465503 129.7032513735671 83.95439706287517 0.0 0.0 0.26195060719609287 0.15454412827040923 8.566906761339729 29.444171735717408 20.849501206584982 5.949667895961862 
398.0003328953939 0.0 30.466516256414984 0.0 15.387107342875835 0.007315780449569432 0.29828746322468846 0.007315780449569432 0.29828746322468846 8.600106286661497 29.38622036351427 21.465259429427437 5.925849621184312 41.98548889553126 168.2998165878454 129.92941060489306 83.86472874232538 0.0 0.0 0.2679799580442291 0.12839088077693525 8.600106286661497 29.38622036351427 21.465259429427437 5.925849621184312 
400.0003328953938 0.0 30.48412528759117 0.0 15.358008200167312 0.007315780449569434 0.3002479639109129 0.007315780449569434 0.3002479639109129 8.600528818549355 29.423744925746732 21.977293859307512 5.906777790711227 41.98548889553126 168.40303207379324 130.3271433711641 83.1185747276005 0.0 0.0 0.2719905835576909 0.11379840751408757 8.600528818549355 29.423744925746732 21.977293859307512 5.906777790711227 
402.0003328953937 0.0 30.567882915754065 0.0 14.9143331778312 0.007315780449569435 0.3127724701754402 0.007315780449569435 0.3127724701754402 8.45407376229231 29.600343722620877 24.095957795757442 5.84460020611127 NaN NaN 133.38174265003312 75.86176327178418 0.0 0.0 0.2899615456394036 0.052151723728564345 8.45407376229231 29.600343722620877 24.095957795757442 5.84460020611127 
404.00033289539357 0.0 30.55086034197682 0.0 14.860372129669416 0.007315780449569436 0.31516903207112634 0.007315780449569436 0.31516903207112634 8.53473785058365 29.550675810763032 23.27156200961405 5.878890098165944 NaN NaN 133.8849362316121 74.77929986915696 0.0 0.0 0.2899615456394037 0.054548285624246566 8.53473785058365 29.550675810763032 23.27156200961405 5.878890098165944 
406.00033289539346 0.0 30.565124866643213 0.0 14.868811488321658 0.007315780449569436 0.31682699242886525 0.007315780449569436 0.31682699242886525 8.38584099722545 29.525477815950435 23.078251577231562 5.945542722549856 NaN NaN 134.41899940889817 73.52592376037167 0.0 0.0 0.2899615456394036 0.05620624598198944 8.38584099722545 29.525477815950435 23.078251577231562 5.945542722549856 
408.00033289539334 0.0 30.55437752568166 0.0 14.848125345928219 0.007315780449569435 0.31920828285763075 0.007315780449569435 0.31920828285763075 8.394973692278212 29.534593777069578 23.34028963873909 5.973759803146968 NaN NaN 134.87132742064432 72.63343911437855 0.0 0.0 0.2899615456394037 0.05858753641075304 8.394973692278212 29.534593777069578 23.34028963873909 5.973759803146968 
410.0003328953932 0.0 30.519390466242815 0.0 14.835693470835887 0.007315780449569435 0.32094622508569914 0.007315780449569435 0.32094622508569914 8.417668267763778 29.49131888539694 23.823019955159545 5.9975496457549635 NaN NaN 135.3442145279636 71.61362968394914 0.0 0.0 0.2899615456394037 0.060325478638818125 8.417668267763778 29.49131888539694 23.823019955159545 5.9975496457549635 
412.0003328953931 0.0 30.65848660349031 0.0 14.55343513233584 0.007315780449569434 0.33220468070480225 0.007315780449569434 0.33220468070480225 8.38835049687961 29.46191703997175 24.999317551782774 6.1457539475947 NaN NaN 138.1663836758545 65.53018446969783 0.0 0.0 0.2899615456394036 0.07158393425792343 8.38835049687961 29.46191703997175 24.999317551782774 6.1457539475947 
414.000332895393 0.0 30.63304497055356 0.0 14.671275274153116 0.007315780449569432 0.33511471987944913 0.007315780449569432 0.33511471987944913 8.424158753789996 29.404947946118007 24.161420914073076 6.159259581423037 NaN NaN 138.54806340438375 64.89874507798902 0.0 0.0 0.2899615456394036 0.07449397343257201 8.424158753789996 29.404947946118007 24.161420914073076 6.159259581423037 
416.0003328953929 0.0 30.600829425988792 0.0 14.727720361932786 0.007315780449569436 0.3367937403387441 0.007315780449569436 0.3367937403387441 8.415198432118492 29.364444726868875 23.18605423103028 6.135899884263364 NaN NaN 139.00066695879468 63.941886313863634 0.0 0.0 0.2899615456394036 0.07617299389186774 8.415198432118492 29.364444726868875 23.18605423103028 6.135899884263364 
418.0003328953928 0.0 30.58094040571464 0.0 14.74155750733157 0.007315780449569435 0.33855455509846916 0.007315780449569435 0.33855455509846916 8.405978840431555 29.401918538890417 22.89285109627854 6.136920514487693 NaN NaN 139.48090548936767 62.87333815616246 0.0 0.0 0.2899615456394036 0.07793380865159248 8.405978840431555 29.401918538890417 22.89285109627854 6.136920514487693 
420.00033289539266 0.0 30.5111538564996 0.0 14.730158139702404 0.007315780449569434 0.3409961012137741 0.007315780449569434 0.3409961012137741 8.412448794476797 29.450249181325898 22.485044238016258 6.131184310483689 NaN NaN 139.90732770751302 62.02599398927694 0.0 0.0 0.2899615456394036 0.08037535476689775 8.412448794476797 29.450249181325898 22.485044238016258 6.131184310483689 
422.00033289539255 0.0 31.550968510587854 0.0 14.06543245471446 0.007315780449569436 0.35306083003498384 0.006205006966756306 0.06857636243335025 993.503080206818 28.860629442992536 827.8219507156881 4.927863721035266 56.60647422446755 111.56006654790589 141.26029515597162 49.87701465532477 0.11321294844893597 0.22210245236149004 0.27100206258161935 0.08348821274010974 993.503080206818 28.860629442992536 827.8219507156881 4.927863721035266 
424.00033289539243 0.0 32.13313437248375 0.0 14.785630100827868 0.007315780449569435 0.35510458275013573 0.006536316981520691 0.14060128090349303 938.92029077117 27.229306239958806 683.4710257246326 4.19046027103684 56.60647422446755 112.93216156279378 138.77809568998302 46.966845773628 0.11321294844893594 0.2241462050766398 0.27936084466741645 0.08947863095508257 938.92029077117 27.229306239958806 683.4710257246326 4.19046027103684 
426.0003328953923 0.0 32.749316501219 0.0 15.558618788971136 0.007315780449569435 0.3568997160742502 0.006680404219826904 0.10613805089123209 891.038964988942 25.814777033470293 597.5572210726453 4.242050248930082 56.60647422446755 114.39235296425548 137.91646132087226 46.600985493654385 0.11321294844893594 0.22594133840075406 0.2821596937634376 0.09259526315942805 891.038964988942 25.814777033470293 597.5572210726453 4.242050248930082 
428.0003328953922 0.0 33.517524093042645 0.0 16.27495246460018 0.007315780449569435 0.35888338102066425 0.006779581668534701 0.08316453009169332 856.3153721502106 24.856194518999946 519.2522213620305 4.545405652615268 56.60647422446755 115.72823950095864 137.7180370906391 47.08620974399372 0.11321294844893597 0.22792500334716767 0.28408618438068345 0.09548853598612404 856.3153721502106 24.856194518999946 519.2522213620305 4.545405652615268 
430.0003328953921 0.0 34.480636662763665 0.0 16.88663339338861 0.007315780449569435 0.3609678104296698 0.00684073465839821 0.06986031473491018 827.6112585704195 24.122341762350043 446.55044688575276 4.87908257402678 56.60647422446755 116.98729772599067 137.71850898522675 47.821087275599254 0.11321294844893594 0.23000943275617733 0.2852740618944039 0.09813383121904141 827.6112585704195 24.122341762350043 446.55044688575276 4.87908257402678 
432.000332895392 0.0 40.44484070436857 0.0 20.175699401594915 0.007315780449569434 0.3728123654164559 0.00708205048653006 0.02097973487921318 651.8305601589457 19.752377670654173 67.23004251535697 6.72655809971778 56.60647422446755 121.02102091931657 138.4604344492537 53.07896516350509 0.11321294844893597 0.24185398774296016 0.2899615456394035 0.11219161896957688 651.8305601589457 19.752377670654173 67.23004251535697 6.72655809971778 
434.00033289539186 0.0 41.25998561657373 0.0 20.730145529570553 0.007315780449569435 0.37486843382644797 0.00708205048653006 0.02303580328921012 620.971127197863 19.14442212485087 50.603736318444035 6.81882944718998 56.60647422446755 122.28997145597836 138.32184786295005 54.02389158459443 0.11321294844893597 0.24391005615295555 0.2899615456394035 0.11424768737957233 620.971127197863 19.14442212485087 50.603736318444035 6.81882944718998 
436.00033289539175 0.0 42.04065634206062 0.0 21.231811894854722 0.007315780449569435 0.37747218429743906 0.007082050486530062 0.025639553760195125 592.5827872052115 18.61795272151946 45.32714751713844 6.87793810100864 56.60647422446755 123.54940904520411 138.10203225796667 54.91772029430921 0.11321294844893597 0.24651380662394304 0.2899615456394035 0.11685143785055885 592.5827872052115 18.61795272151946 45.32714751713844 6.87793810100864 
438.00033289539164 0.0 42.81617542483768 0.0 21.67376387707384 0.007315780449569435 0.37931052244123825 0.007082050486530062 0.027477891903999345 571.5847601821712 18.32884236130887 43.42924163739905 6.904504045297753 56.60647422446755 124.84000746133998 137.912989054373 55.82054697360737 0.11321294844893597 0.24835214476774276 0.28996154563940363 0.11868977599436277 571.5847601821712 18.32884236130887 43.42924163739905 6.904504045297753 
440.00031744030696 0.0 43.61440239004689 0.0 22.051790824808236 0.007315780449569435 0.3807097914155581 0.007082050486530062 0.02887716087831285 554.0456459008955 18.233125444492448 42.498634063414826 6.909902143755526 56.60647422446755 126.28987347105539 137.80862978631188 56.77069318615892 0.11321294844893597 0.24975141374205703 0.2899615456394035 0.12008904496867459 554.0456459008955 18.233125444492448 42.498634063414826 6.909902143755526 
442.0003328953914 0.0 47.771961959201604 0.0 23.082757339014577 0.007315780449569435 0.39222146622883586 0.00708205048653006 0.040388835691596396 468.3124587411961 19.025264712576792 39.04338758274601 6.704147812376841 56.60647422446755 131.025152322519 137.57777303193677 62.65718703730217 0.11321294844893601 0.26126308855534447 0.2899615456394035 0.1316007197819607 468.3124587411961 19.025264712576792 39.04338758274601 6.704147812376841 
444.0003328953913 0.0 48.523420735359565 0.0 22.662288806941884 0.007315780449569434 0.3948226205746626 0.00708205048653006 0.04298999003742467 458.6352544912429 19.561406324797673 37.32603961981919 6.539651883090903 56.60647422446755 132.08465994610492 138.06141861010383 63.88119664875379 0.11321294844893601 0.2638642429011736 0.2899615456394034 0.1342018741277875 458.6352544912429 19.561406324797673 37.32603961981919 6.539651883090903 
446.0003328953912 0.0 48.73181917057398 0.0 22.276312674341984 0.007315780449569435 0.3965591640893941 0.00708205048653006 0.04472653355215032 448.5037441117528 20.092820976787372 35.34620359538268 6.4942225046341635 56.60647422446755 133.33815371465326 138.2961407104076 64.99308498540326 0.11321294844893601 0.2648072360488034 0.2899615456394035 0.13593841764251416 448.5037441117528 20.092820976787372 35.34620359538268 6.4942225046341635 
448.00033289539107 0.0 49.11174929592557 0.0 21.748420005923727 0.007315780449569436 0.39859219897149 0.007082050486530058 0.0467595684342521 437.6254199980799 20.64717332902731 33.71770839048197 6.500956721067783 56.60647422446755 134.4589056603589 138.9433273404263 66.3072774957237 0.11321294844893601 0.2648072360488034 0.28996154563940363 0.13797145252461526 437.6254199980799 20.64717332902731 33.71770839048197 6.500956721067783 
450.00033289539095 0.0 49.30499286105214 0.0 21.16513037204663 0.007315780449569436 0.40074948572293223 0.00708205048653006 0.04891685518569371 425.9076293001029 21.17444479706804 32.44983840359547 6.473769606411341 56.60647422446755 135.65764468315862 139.75823518921158 67.68920570020184 0.11321294844893601 0.2648072360488034 0.2899615456394035 0.1401287392760576 425.9076293001029 21.17444479706804 32.44983840359547 6.473769606411341 
452.00033289539084 0.0 50.331666525435274 0.0 17.354949683297885 0.007315780449569435 0.4124357346898282 0.00708205048653006 0.060603104152588086 351.35193131575164 24.280438013756417 26.010232144852875 6.394291404234728 56.60647422446755 140.9695687176517 143.89126070781276 75.65287798026112 0.0 0.0 0.2899615456394035 0.15181498824295053 351.35193131575164 24.280438013756417 26.010232144852875 6.394291404234728 
454.0003328953907 0.0 50.71533136452352 0.0 17.168678838353326 0.007315780449569435 0.41551862179021526 0.007082050486530062 0.06368599125297571 337.3963948190533 24.777609249529842 26.833714380952813 6.533390194766579 56.60647422446755 141.91751193395802 144.2010879338023 76.80310540830243 0.0 0.0 0.2899615456394034 0.15489787534334068 337.3963948190533 24.777609249529842 26.833714380952813 6.533390194766579 
456.0003328953906 0.0 51.410173157263195 0.0 17.062221440230353 0.007315780449569436 0.4165852817565545 0.007082050486530062 0.06475265121931688 323.1589914866031 25.36232464020069 28.28196040500823 6.649168344602919 56.60647422446755 142.7993789538272 144.4585843430549 77.92235995883502 0.0 0.0 0.2899615456394034 0.15596453530968069 323.1589914866031 25.36232464020069 28.28196040500823 6.649168344602919 
458.0003328953905 0.0 51.70176490549317 0.0 16.985476622701054 0.007315780449569436 0.41855669662883 0.007082050486530063 0.06672406609158653 308.0429508250047 25.917834596974767 28.797441483428834 6.688398288882473 56.60647422446755 143.73633144034588 144.58287416174136 78.98157680430775 0.0 0.0 0.2899615456394035 0.1579359501819497 308.0429508250047 25.917834596974767 28.797441483428834 6.688398288882473 
460.0003328953904 0.0 51.618485337982015 0.0 16.886305874004194 0.007315780449569435 0.42122699651193246 0.007082050486530062 0.06939436597469154 292.94424562113744 26.408290618377265 29.210325903907158 6.707632155864438 56.60647422446755 144.67042641767986 144.66425150324824 80.02979471208894 0.0 0.0 0.2899615456394034 0.16060625006505302 292.94424562113744 26.408290618377265 29.210325903907158 6.707632155864438 
462.0003328953903 0.0 50.82422620853776 0.0 16.691762232943294 0.007315780449569436 0.43305521194490726 0.00708205048653006 0.08122258140766841 204.42181411356432 29.008043020599757 31.795355545724203 6.736816251075031 56.60647422446755 150.96100701523216 144.98077281970154 86.16915973776196 0.0 0.0 0.2899615456394035 0.17243446549803318 204.42181411356432 29.008043020599757 31.795355545724203 6.736816251075031 
464.00033289539016 0.0 49.991007113710076 0.0 16.709017720457464 0.007315780449569436 0.4353612553434624 0.007082050486530062 0.08352862480621599 192.05634044644296 29.323109433949433 32.51957992086288 6.638378989621774 56.60647422446755 151.97554078629133 144.98077281970154 87.17134629819529 0.0 0.0 0.28996154563940363 0.1747405088965799 192.05634044644296 29.323109433949433 32.51957992086288 6.638378989621774 
466.00033289539004 0.0 49.90152945355567 0.0 16.744006905551256 0.007315780449569436 0.43764738564946915 0.007082050486530062 0.08581475511223154 179.60993940386487 29.626972445807887 32.74723456506604 6.5970408259337505 56.60647422446755 152.87624379608596 144.98077281970154 88.17058555157453 0.0 0.0 0.2899615456394035 0.17702663920259495 179.60993940386487 29.626972445807887 32.74723456506604 6.5970408259337505 
468.00033289538993 0.0 49.42970642487437 0.0 16.80821495453858 0.007315780449569435 0.4387517360471067 0.007082050486530062 0.08691910550986928 167.54315516190448 29.946872097694452 32.750360056524265 6.63547930230389 56.60647422446755 153.70414811104374 144.98077281970154 89.15815158362263 0.0 0.0 0.28996154563940363 0.1781309896002324 167.54315516190448 29.946872097694452 32.750360056524265 6.63547930230389 
470.0003328953898 0.0 48.890532340773355 0.0 16.75783260489562 0.007315780449569435 0.4403017684033664 0.007082050486530062 0.08846913786612874 155.89572929514048 30.231604827539986 33.03926561133279 6.635276444126954 56.60647422446755 154.81317219780638 144.98077281970154 90.181507272218 0.0 0.0 0.2899615456394035 0.1796810219564901 155.89572929514048 30.231604827539986 33.03926561133279 6.635276444126954 
472.0003328953897 0.0 46.07464051862521 0.0 16.406523375179365 0.007315780449569435 0.4526480252154849 0.00708205048653006 0.1008153946782468 90.56617800207476 32.014769316275775 32.13471437894253 6.383088940303768 56.60647422446755 161.00214719973775 144.98077281970154 96.16237655496903 0.0 0.0 0.2899615456394035 0.19202727876861125 90.56617800207476 32.014769316275775 32.13471437894253 6.383088940303768 
474.0003328953896 0.0 45.235388325788456 0.0 16.382808979057284 0.007315780449569434 0.45343535182995215 0.00708205048653006 0.10160272129271558 82.04512573594516 32.15621338457164 31.321206217937625 6.461788635891029 56.60647422446755 162.01929641010065 144.98077281970154 97.16876916521115 0.0 0.0 0.2899615456394035 0.19281460538307893 82.04512573594516 32.15621338457164 31.321206217937625 6.461788635891029 
476.0003328953895 0.0 44.25457667927711 0.0 16.46699813582037 0.007315780449569435 0.4556634018233172 0.007082050486530062 0.10383077128607197 73.91491382716693 32.24228438409922 30.64128475095408 6.552253192745809 56.60647422446755 163.05250719523195 144.98077281970154 98.16757592168611 0.0 0.0 0.2899615456394035 0.19504265537643373 73.91491382716693 32.24228438409922 30.64128475095408 6.552253192745809 
478.00033289538936 0.0 43.325614158420045 0.0 16.54970935315252 0.007315780449569434 0.45842850828923387 0.007082050486530062 0.10659587775198866 66.81507248543114 32.26299606998197 30.4672803363783 6.569776106475873 56.60647422446755 164.13535238183795 144.98077281970154 99.17077987230543 0.0 0.0 0.2899615456394035 0.19780776184235047 66.81507248543114 32.26299606998197 30.4672803363783 6.569776106475873 
480.00033289538925 0.0 42.45915372192914 0.0 16.58228781119104 0.007315780449569434 0.45991084705580515 0.007082050486530063 0.10807821651856164 60.23613687228513 32.26316166727676 30.464456866773965 6.556818849822372 56.60647422446755 165.26340045127967 144.98077281970154 100.16889673375967 0.0 0.0 0.2899615456394035 0.1992901006089263 60.23613687228513 32.26316166727676 30.464456866773965 6.556818849822372 
482.00033289538914 0.0 37.47473369506526 0.0 16.84471545731901 0.007315780449569432 0.4730506558126259 0.007082050486530058 0.1212180252753784 25.325692352925167 32.44526807654306 29.052659096875306 6.610869466423002 56.60647422446755 170.91495179826293 144.98077281970154 106.13588772716905 0.0 0.0 0.2899615456394035 0.2124299093657438 25.325692352925167 32.44526807654306 29.052659096875306 6.610869466423002 
484.00016453523085 0.0 37.522104522974864 0.0 16.649835286288127 0.007315780449569434 0.4740697315012556 0.00708205048653006 0.12223710096401678 22.083198225984788 32.51380237377868 29.203866395781663 6.668862925124077 56.60647422446755 171.91702820955408 144.98077281970154 107.15347851730327 0.0 0.0 0.2899615456394035 0.21344898505437787 22.083198225984788 32.51380237377868 29.203866395781663 6.668862925124077 
486.0003328953889 0.0 37.13418524232009 0.0 16.59640273766913 0.007315780449569434 0.476659479135161 0.007082050486530058 0.12482684859791703 19.30777072883173 32.496647858576104 29.146586606204277 6.633732471878435 56.60647422446755 172.82241300724542 144.98077281970154 108.16058185444055 0.0 0.0 0.2899615456394035 0.2160387326882826 19.30777072883173 32.496647858576104 29.146586606204277 6.633732471878435 
488.0003328953888 0.0 36.65283714748605 0.0 16.58654562023743 0.007315780449569434 0.4793362527653302 0.007082050486530058 0.1275036222280923 17.07570154371089 32.41836567147267 29.132695875042174 6.612866841342041 56.60647422446755 173.66550728916334 144.98077281970154 109.15473315150258 0.0 0.0 0.2899615456394035 0.21871550631845282 17.07570154371089 32.41836567147267 29.132695875042174 6.612866841342041 
490.0003328953887 0.0 36.24784314472694 0.0 16.670071244392236 0.007315780449569434 0.4811820624787117 0.00708205048653006 0.12934943194147425 15.584336231065201 32.290273272746845 29.836981806838875 6.620858614244545 56.60647422446755 174.53954986467275 144.98077281970154 110.15078608615345 0.0 0.0 0.2899615456394035 0.22056131603183837 15.584336231065201 32.290273272746845 29.836981806838875 6.620858614244545 
492.00033289538857 0.0 34.63857804802514 0.0 17.319021231717706 0.007315780449569436 0.4932988227578401 0.00708205048653006 0.14146619222060242 9.090302589253747 31.957904921400555 34.13167758424827 6.851126560538238 56.60647422446755 180.99334418071817 144.98077281970154 116.15555400264442 0.0 0.0 0.2899615456394035 0.23267807631096712 9.090302589253747 31.957904921400555 34.13167758424827 6.851126560538238 
494.00033289538845 0.0 34.797400417384836 0.0 17.48453997813416 0.007315780449569435 0.49577286963163897 0.00708205048653006 0.1439402390944015 9.14855121931205 31.955206980983164 34.813290155953325 6.8125040463683915 56.60647422446755 181.94345961525727 144.98077281970154 117.1539915258693 0.0 0.0 0.28996154563940363 0.23515212318476764 9.14855121931205 31.955206980983164 34.813290155953325 6.8125040463683915 
496.0002256601821 0.0 34.81020730936566 0.0 17.519670219491164 0.007315780449569436 0.49680056247032295 0.00708205048653006 0.14496793193308452 9.346747580886898 31.946373262300394 34.427103511275405 6.697418383191139 56.60647422446755 182.65853814156975 144.98077281970154 118.14976494971178 0.0 0.0 0.2899615456394035 0.23617981602344515 9.346747580886898 31.946373262300394 34.427103511275405 6.697418383191139 
498.0003328953882 0.0 34.829051137982766 0.0 17.466463395560588 0.007315780449569436 0.4996305564725751 0.00708205048653006 0.1477979259353306 9.337150486940123 31.90715759051055 33.47354252124879 6.638402827924982 56.60647422446755 183.39502400746176 144.98077281970154 119.15806759289843 0.0 0.0 0.2899615456394035 0.23900981002569538 9.337150486940123 31.90715759051055 33.47354252124879 6.638402827924982 
500.0003328953881 0.0 34.823928526455916 0.0 17.38694242407724 0.007315780449569436 0.5017541635844338 0.00708205048653006 0.1499215330471886 9.347819558218387 31.880064209903416 32.57888074752616 6.6088762682108415 56.60647422446755 183.91795057993568 144.98077281970154 120.15001431169426 0.0 0.0 0.2899615456394035 0.2411334171375552 9.347819558218387 31.880064209903416 32.57888074752616 6.6088762682108415 
#####################################################################
# End of data export. Simulation finished at: 2019-02-19T16:41+0000 #
#####################################################################
