#####################################################################
# Alchemist log file - simulation started at: 2019-09-25T07:09+0000 #
#####################################################################
# seed = 115.0, stage_width = 1000
#
# The columns have the following meaning: 
# time rep-bcast[Sum] rep-ccast[Sum] share-bcast[Sum] share-ccast[Sum] rep-bcast-single[Sum] rep-ccast-single[Sum] share-bcast-single[Sum] share-ccast-single[Sum] 
0.0 NaN NaN NaN NaN NaN NaN NaN NaN 
1.000111111306615 NaN NaN NaN NaN NaN NaN NaN NaN 
2.000018778833167 NaN NaN NaN NaN NaN NaN NaN NaN 
3.000284168966005 NaN NaN 1.3925706605421322 NaN NaN NaN 1.3925706605421322 NaN 
4.000284168966005 NaN NaN 1.183621516901419 NaN NaN NaN 1.183621516901419 1.7141405659089148 
5.000284168966006 NaN NaN 0.9624164965306052 NaN NaN NaN 0.9624164965306052 1.7767137284806527 
6.000284168966007 NaN NaN 1.7667660001453047 NaN NaN NaN 1.7667660001453047 1.7767137284806527 
7.000284168966008 NaN NaN 3.063875053374316 3.3487431676965516 NaN NaN 3.063875053374316 3.3487431676965516 
8.000284168966008 NaN NaN 2.547035397034608 3.3487431676965516 NaN NaN 2.547035397034608 3.3487431676965516 
9.000284168966004 NaN NaN 2.033148683429504 2.8891918426079686 NaN NaN 2.033148683429504 4.9178316444671575 
10.000284168966001 NaN NaN 3.2520552511356016 1.5878867864473243 NaN NaN 3.2520552511356016 1.5878867864473243 
11.000284168965997 NaN NaN 1.75173428475253 2.8481576972982534 NaN NaN 1.75173428475253 2.8481576972982534 
12.000284168965994 NaN NaN 1.3291992242114503 3.045974102508257 NaN NaN 1.3291992242114503 3.045974102508257 
13.00028416896599 NaN NaN 2.135483815495247 1.2182868564909644 NaN 12.116395076079844 2.135483815495247 1.2182868564909644 
14.000284168965987 11.803737587144202 NaN 2.19225011660847 1.2182868564909644 11.803737587144202 12.116395076079844 2.19225011660847 1.2182868564909644 
15.000284168965983 12.595082281802458 NaN 1.6920678613851106 1.7823330458036022 12.595082281802458 13.486725856676278 1.6920678613851106 1.7823330458036022 
16.00028416896598 13.84872191230958 NaN 1.5753767112957977 1.4400350000345785 13.84872191230958 14.457153242841276 1.5753767112957977 1.4400350000345785 
17.000284168965976 13.384538756197479 NaN 2.556688873798999 1.890552351212401 13.384538756197479 13.30201311611344 2.556688873798999 1.890552351212401 
18.000284168965972 14.207910736307387 NaN 2.409633467743909 1.6982190620762267 14.207910736307387 13.139029159239898 2.409633467743909 1.6982190620762267 
19.00028416896597 14.015189903533656 NaN 2.4898905159008677 1.8418170576719923 14.015189903533656 14.263939317338865 2.4898905159008677 1.8418170576719923 
20.000284168965965 14.015189903533656 NaN 2.4898905159008677 3.198520416260749 14.015189903533656 14.816293172312921 2.4898905159008677 3.198520416260749 
21.000201194810185 15.172398671438678 NaN 1.4608827843359755 3.198520416260749 15.172398671438678 14.816293172312921 1.4608827843359755 3.198520416260749 
22.00028416896596 13.80325401438737 NaN 1.8761526846824168 2.29840102002402 13.80325401438737 13.766555526523067 1.8761526846824168 2.29840102002402 
23.000284168965955 13.80325401438737 NaN 1.8761526846824168 2.492596214128614 13.80325401438737 14.059816762921889 1.8761526846824168 2.492596214128614 
24.00028416896595 14.107413764530417 NaN 1.928745024454674 1.933288905703069 14.107413764530417 15.272482713431542 1.928745024454674 3.705262164638267 
25.000284168965948 14.205640807409358 NaN 1.9358390161749277 1.933288905703069 14.205640807409358 15.272482713431542 1.9358390161749277 3.705262164638267 
26.000284168965944 14.066426875753956 NaN 1.839918264830672 3.4927240712984506 14.066426875753956 12.906419091844217 1.839918264830672 5.264697330233648 
27.00028416896594 14.652058071934105 NaN 2.425549461010821 3.4927240712984506 14.652058071934105 12.906419091844217 2.425549461010821 5.264697330233648 
28.000232014531182 14.224223858762642 NaN 1.729807032125592 5.267263353740731 14.224223858762642 14.680958374286497 1.729807032125592 2.6108013823723866 
29.000284168965933 14.486014669266487 13.575706127902103 1.5873893407835915 2.492874063414874 14.486014669266487 13.575706127902103 1.5873893407835915 1.907242867234725 
30.00028416896593 13.449474123411324 13.679891486720802 1.7643203467216217 3.2650678565605453 13.449474123411324 13.679891486720802 1.7643203467216217 3.2650678565605453 
31.000284168965926 14.109527543880322 14.856456828361434 2.4243737671906196 1.9458188703907453 14.109527543880322 14.856456828361434 2.4243737671906196 1.9458188703907453 
32.000284168965926 14.047474981556803 14.078891220569727 2.065802556912228 1.797188519066232 14.047474981556803 14.078891220569727 2.065802556912228 1.797188519066232 
33.00001731361255 14.243454882004926 14.078891220569727 2.210127273818685 1.797188519066232 14.243454882004926 14.078891220569727 2.210127273818685 1.797188519066232 
34.000284168965955 15.193440719158318 14.663769807519426 2.1329945761506757 2.5828068913641964 15.193440719158318 14.663769807519426 2.1329945761506757 2.5828068913641964 
35.00028416896597 13.372620748869377 13.625272676483313 1.468577849549746 1.9205069499352447 13.372620748869377 13.625272676483313 1.468577849549746 1.9205069499352447 
36.0000955440025 14.652944666375692 14.764240583024389 1.091057870890495 2.109489019322929 14.652944666375692 14.764240583024389 1.091057870890495 2.109489019322929 
37.000284168966 14.652944666375692 14.764240583024389 1.091057870890495 2.109489019322929 14.652944666375692 14.764240583024389 1.091057870890495 2.109489019322929 
38.00028416896601 13.970662311748292 16.131096679057144 1.8338775222412877 2.121107913786112 13.970662311748292 16.131096679057144 1.8338775222412877 2.121107913786112 
39.000284168966026 15.018748974795017 16.131096679057144 1.515108089255257 2.121107913786112 15.018748974795017 16.131096679057144 1.515108089255257 2.121107913786112 
40.000114807324614 14.450075719983744 12.168886176393983 2.5058700000393657 2.1603296136738734 14.450075719983744 12.168886176393983 2.5058700000393657 1.4874660623666642 
41.000284168966054 14.450075719983744 13.385474232603173 2.5058700000393657 1.6559674555291295 14.450075719983744 13.385474232603173 2.5058700000393657 1.6559674555291295 
42.000001300360815 13.991126256126972 12.81121602949095 1.866972330049677 2.7138308435171865 13.991126256126972 12.81121602949095 1.866972330049677 2.7138308435171865 
43.00028416896608 15.31490318443878 13.017727855453455 1.9741612021522954 1.789739826255989 15.31490318443878 13.017727855453455 1.9741612021522954 1.789739826255989 
44.0002841689661 14.126297423624493 11.73187975875878 2.084334922883656 2.6635303802641914 14.126297423624493 11.73187975875878 2.084334922883656 2.6635303802641914 
45.00009578556726 14.992978562199369 11.73187975875878 1.5687553493501127 2.6635303802641914 14.992978562199369 11.73187975875878 1.5687553493501127 2.6635303802641914 
46.000284168966125 14.32786437062433 13.048139621105207 2.2335344802289043 2.6560133142988107 14.32786437062433 13.048139621105207 2.2335344802289043 2.6560133142988107 
47.00028416896614 12.220410968041193 13.159450905279428 1.913336904231869 2.5878447026966 12.220410968041193 13.159450905279428 1.913336904231869 2.5878447026966 
48.000284168966154 12.955153892597451 12.070027785888357 2.648079828788127 2.275083127454998 12.955153892597451 12.070027785888357 2.648079828788127 3.475306659974045 
49.00028416896617 13.26866713692074 13.144765550178661 1.8617245759942094 2.015412453027963 13.26866713692074 13.144765550178661 1.8617245759942094 2.015412453027963 
50.00028416896618 14.48377235863417 13.144765550178661 3.0768297977076386 2.015412453027963 14.48377235863417 13.144765550178661 3.0768297977076386 2.015412453027963 
51.000022576189814 14.69054951540975 13.274404092942468 1.5936940008816691 3.35397500237643 14.69054951540975 13.274404092942468 1.5936940008816691 3.35397500237643 
52.00015129563593 14.252350565812364 13.192715116053854 2.522351147317039 2.729874849248773 14.252350565812364 13.192715116053854 2.522351147317039 1.7706796860852876 
53.000284168966225 15.096690834374385 13.192715116053854 2.0281288665305937 2.729874849248773 15.096690834374385 13.192715116053854 2.0281288665305937 1.7706796860852876 
54.00028416896624 14.240097141326615 14.543669545362825 1.4867614245927 1.8064270688057178 14.240097141326615 14.543669545362825 1.4867614245927 1.8064270688057178 
55.00028416896625 13.468110764954936 14.440775552002385 1.638272063109298 2.6942949862293872 13.468110764954936 14.440775552002385 1.638272063109298 2.6942949862293872 
56.00028416896627 13.468110764954936 14.525457309587864 1.638272063109298 3.2502262938383524 13.468110764954936 14.525457309587864 1.638272063109298 3.2502262938383524 
57.00028416896628 13.21786736391887 14.525457309587864 1.8824214567579816 3.2502262938383524 13.21786736391887 14.525457309587864 1.8824214567579816 3.2502262938383524 
58.000090682090885 12.671338160640431 14.414770259552988 2.125671093663186 1.8989771064093546 12.671338160640431 14.414770259552988 2.125671093663186 1.8989771064093546 
59.00028416896631 13.922105571143923 14.414770259552988 1.9649668401676053 1.8989771064093546 13.922105571143923 14.414770259552988 1.9649668401676053 1.8989771064093546 
60.000284168966324 14.691285727974446 12.088659289877242 1.7644916740008512 2.6526534599280893 14.691285727974446 12.088659289877242 1.7644916740008512 2.6526534599280893 
61.00028416896634 15.511945658688099 12.088659289877242 2.585151604714504 2.6526534599280893 15.511945658688099 12.088659289877242 2.585151604714504 2.6526534599280893 
62.00028416896635 12.731201515136725 13.72492361877486 1.923211753731188 2.450897876419063 12.731201515136725 13.72492361877486 1.923211753731188 2.450897876419063 
63.00028416896637 13.888506001679879 15.140901662197358 3.080516240274342 2.2770358322973863 13.888506001679879 15.140901662197358 3.080516240274342 2.2770358322973863 
64.00018598235133 13.431640436214806 15.140901662197358 2.325948895260119 2.2770358322973863 13.431640436214806 15.140901662197358 2.325948895260119 2.2770358322973863 
65.00028416896639 14.22786501915359 14.094048815197944 1.7061954347764043 2.5699914007897178 14.22786501915359 14.094048815197944 1.7061954347764043 2.5699914007897178 
66.0002841689664 15.390846359889416 13.83368222851771 2.86917677551223 2.4675273741548693 15.390846359889416 15.14888927510625 2.86917677551223 2.4675273741548693 
67.00028416896642 13.319015799992293 13.414356458315218 2.3466011001886073 2.312514101219648 13.319015799992293 13.414356458315218 2.3466011001886073 2.312514101219648 
68.00028416896643 14.121299194155945 13.414356458315218 2.0940440344439537 2.312514101219648 14.121299194155945 13.414356458315218 2.0940440344439537 2.312514101219648 
69.00028416896645 12.944476663346926 14.594269925313775 1.6824527033426335 3.492427568218204 12.944476663346926 14.594269925313775 1.6824527033426335 3.492427568218204 
70.00010054588354 13.586184235995795 14.649903510656735 1.1442468089929463 2.1668763796100876 13.586184235995795 14.649903510656735 1.1442468089929463 2.1668763796100876 
71.00028416896647 13.179710400438893 14.649903510656735 2.1492446374351175 2.1668763796100876 13.179710400438893 14.649903510656735 2.1492446374351175 2.1668763796100876 
72.00028416896649 13.942432257194447 16.13376049877973 2.32352316401942 1.8977088322985765 13.942432257194447 16.13376049877973 2.32352316401942 1.8977088322985765 
73.0002841689665 13.942432257194447 13.749974580482956 2.32352316401942 3.5402288486538396 13.942432257194447 13.749974580482956 2.32352316401942 1.3764548374027612 
74.00028416896652 14.068336456476182 12.773808520443467 2.7755154398699347 1.9901288649074473 14.068336456476182 12.773808520443467 2.7755154398699347 1.9901288649074473 
75.00028416896653 13.404969505148472 12.773808520443467 2.105892801084579 1.9901288649074473 13.404969505148472 12.773808520443467 2.105892801084579 1.9901288649074473 
76.00028416896654 13.404969505148472 13.292900727796265 2.105892801084579 3.0836252890247806 13.404969505148472 13.292900727796265 2.105892801084579 1.7290239603954376 
77.00028416896656 13.87845776715615 13.583087397865896 1.7145876579488117 2.595267181664056 13.87845776715615 14.74039188440905 1.7145876579488117 2.595267181664056 
78.00022621141436 13.439169942131045 13.583087397865896 1.2687694585117129 2.595267181664056 13.439169942131045 14.74039188440905 1.2687694585117129 2.595267181664056 
79.00028416896659 14.207962731999643 15.28877119161966 2.0375622483803113 4.30095097541782 14.207962731999643 15.28877119161966 2.0375622483803113 4.30095097541782 
80.0002841689666 13.982221113875497 16.60868781581142 2.8666610901644702 1.7568309594338132 13.982221113875497 16.60868781581142 2.8666610901644702 1.7568309594338132 
81.00020318742042 NaN NaN NaN NaN NaN NaN NaN NaN 
82.0002232353851 NaN NaN NaN NaN NaN NaN NaN NaN 
83.00028416896664 NaN NaN 1.4643743843271153 NaN NaN NaN 1.4643743843271153 1.943897785373153 
84.00028416896666 NaN NaN 1.3258709494873528 NaN NaN NaN 1.3258709494873528 2.8287504124602663 
85.00028416896667 NaN NaN 1.9406939354998656 NaN NaN NaN 1.9406939354998656 3.8253261354074084 
86.00028416896669 NaN NaN 2.0345258882699113 NaN NaN NaN 2.0345258882699113 2.673819139615432 
87.0002841689667 NaN NaN 1.8585248608886786 NaN NaN NaN 1.8585248608886786 4.307608168777506 
88.00014752292086 NaN NaN 1.9404534030734197 NaN NaN NaN 1.9404534030734197 1.931595400467316 
89.00028416896673 NaN NaN 1.9404534030734197 NaN NaN NaN 1.9404534030734197 3.0813966659027017 
90.00028416896674 NaN NaN 2.4129348430824393 1.7055695493698977 NaN NaN 2.4129348430824393 1.7055695493698977 
91.00028416896676 NaN NaN 2.4129348430824393 1.28964509652954 NaN NaN 2.4129348430824393 1.28964509652954 
92.00028416896677 NaN NaN 0.9941250966116115 1.7611916609545233 NaN NaN 0.9941250966116115 1.7611916609545233 
93.00028416896679 NaN NaN 1.5404225450491964 2.5989884587651346 NaN NaN 1.5404225450491964 2.5989884587651346 
94.0002841689668 NaN NaN 1.5404225450491964 2.4142702060431276 NaN NaN 1.5404225450491964 2.4142702060431276 
95.00028416896681 13.17728181117117 NaN 1.5698733232029696 3.026364241512667 13.17728181117117 NaN 1.5698733232029696 3.026364241512667 
96.00028416896683 14.305572761050243 NaN 2.6981642730820425 2.707003511737412 14.305572761050243 12.952275550016793 2.6981642730820425 2.707003511737412 
97.00028416896684 13.931912825668277 NaN 2.014197791672359 2.3089982639046553 13.931912825668277 14.02190569074871 2.014197791672359 2.3089982639046553 
98.00028416896686 13.931912825668277 NaN 2.014197791672359 2.0919934721158455 13.931912825668277 14.164811790308491 2.014197791672359 2.0919934721158455 
99.00028416896687 12.259773746762491 NaN 1.8638115038534409 2.345504584702894 12.259773746762491 13.358038895014147 1.8638115038534409 2.345504584702894 
100.00028416896689 13.523338155074242 NaN 1.1564323369558736 2.345504584702894 13.523338155074242 13.358038895014147 1.1564323369558736 2.345504584702894 
101.0002841689669 13.825521900182679 NaN 1.5755757726198425 2.4814105059566316 13.825521900182679 13.834783700054672 1.5755757726198425 2.4814105059566316 
102.00028416896691 14.32271762784083 NaN 1.7350519105923468 1.8633706376803474 14.32271762784083 14.480308240090139 1.7350519105923468 1.8633706376803474 
103.00000670916965 14.32271762784083 NaN 1.7350519105923468 2.812716704468741 14.32271762784083 13.074280822071373 1.7350519105923468 2.812716704468741 
104.00028416896694 12.159621925610864 NaN 1.8518191782467994 2.1124754360245106 12.159621925610864 14.678586380347582 1.8518191782467994 2.1124754360245106 
105.00012289773954 12.839009848368178 NaN 2.182248846816009 2.689883204968339 12.839009848368178 15.25599414929141 2.182248846816009 2.689883204968339 
106.00006086537822 12.839009848368178 NaN 2.182248846816009 2.2994536260102194 12.839009848368178 13.992437366398846 2.182248846816009 2.2994536260102194 
107.00013251428375 14.38120504246534 NaN 1.5427307136931319 1.9635647613936982 14.38120504246534 14.936324237139928 1.5427307136931319 1.9635647613936982 
108.00011241278962 13.572692860247358 NaN 1.9945256998916392 3.033331560628511 13.572692860247358 13.464671287983109 1.9945256998916392 3.033331560628511 
109.00028416896701 13.572692860247358 NaN 1.9945256998916392 2.534701239146713 13.572692860247358 14.508236160598472 1.9945256998916392 2.534701239146713 
110.00021200088837 14.428696336689853 NaN 2.518736341062592 1.6189736077583206 14.428696336689853 13.9362259757781 2.518736341062592 1.6189736077583206 
111.00019337284627 14.224389590379033 NaN 2.025151693685217 2.625208585764611 14.224389590379033 14.94246095378439 2.025151693685217 2.625208585764611 
112.00028416896706 14.224389590379033 NaN 2.025151693685217 2.1351344407349586 14.224389590379033 12.87596550278775 2.025151693685217 2.1351344407349586 
113.00028416896707 12.85022766803337 NaN 1.8073214896854637 1.6342063604244288 12.85022766803337 13.994784446950021 1.8073214896854637 1.6342063604244288 
114.00028416896708 12.85022766803337 NaN 1.8073214896854637 1.8734506788295988 12.85022766803337 13.411601136196737 1.8073214896854637 1.8734506788295988 
115.0002841689671 12.197193386781223 NaN 1.4054501896582678 1.6395540601067182 12.197193386781223 14.075428178221898 1.4054501896582678 1.6395540601067182 
116.00000601042133 13.185712154574873 NaN 1.6029792568005945 2.9565290695686457 13.185712154574873 14.071704827009668 1.6029792568005945 2.9565290695686457 
117.0001837165961 13.185712154574873 NaN 1.6029792568005945 1.9874659405468407 13.185712154574873 14.692829205076364 1.6029792568005945 1.9874659405468407 
118.00028416896714 13.165033425165305 NaN 1.2058040341801473 3.0598878162955145 13.165033425165305 14.354608091618331 1.2058040341801473 3.0598878162955145 
119.00028416896716 12.772601214025855 NaN 1.7898686241664166 1.2709528879886136 12.772601214025855 13.858043024614119 1.7898686241664166 1.2709528879886136 
120.00021385016571 13.065356915598187 NaN 1.1708786523777661 2.4343405562406275 13.065356915598187 15.021430692866133 1.1708786523777661 2.4343405562406275 
121.00028416896718 13.065356915598187 NaN 1.1708786523777661 3.281212458760109 13.065356915598187 15.868302595385614 1.1708786523777661 3.281212458760109 
122.0002841689672 12.890696878276543 NaN 1.5112023903939331 1.5512913655697105 12.890696878276543 15.038017848464435 1.5112023903939331 3.99312290593609 
123.00028416896721 13.910698460015226 NaN 1.4073818506975044 2.458477185688892 13.910698460015226 15.945203668583616 1.4073818506975044 4.900308726055272 
124.00028416896723 14.718654287396276 NaN 1.8644326230180752 2.5045511592815473 14.718654287396276 17.494989048444452 1.8644326230180752 2.5045511592815473 
125.00028416896724 14.718654287396276 NaN 1.8644326230180752 2.2873371387701553 14.718654287396276 15.792630929572965 1.8644326230180752 2.2873371387701553 
126.00028416896726 11.534377142493653 NaN 1.325792254282078 3.082324376634574 11.534377142493653 16.587618167437384 1.325792254282078 3.082324376634574 
127.00028416896727 12.739185902359196 NaN 1.86473792128821 1.3497439488951102 12.739185902359196 14.757571770218362 1.86473792128821 1.3497439488951102 
128.00028416896728 12.739185902359196 NaN 1.86473792128821 1.2341274299705276 12.739185902359196 13.35885284332278 1.86473792128821 1.2341274299705276 
129.00028416896723 12.284919847015445 NaN 1.9207151309969959 2.1871589209784474 12.284919847015445 14.3118843343307 1.9207151309969959 2.1871589209784474 
130.00028087873898 13.245154476902783 13.84432382356242 1.2526431960601485 2.7081171780038176 13.245154476902783 13.84432382356242 1.2526431960601485 2.7081171780038176 
131.0002841689671 12.272706617130765 14.461482681506496 1.8039207674489717 3.325276035947894 12.272706617130765 14.461482681506496 1.8039207674489717 3.325276035947894 
132.00009177770218 13.519372673621362 13.32002020387263 1.9124697089701215 2.4858587292029597 13.519372673621362 13.32002020387263 1.9124697089701215 2.4858587292029597 
133.00027512403622 13.519372673621362 14.291467272714542 1.9124697089701215 1.952996735648128 13.519372673621362 14.291467272714542 1.9124697089701215 1.952996735648128 
134.00028416896694 13.04004536840911 15.199807251488394 1.7960486552436237 1.6146706579313843 13.04004536840911 15.199807251488394 1.7960486552436237 2.861336714421981 
135.00003537414415 13.817939311246292 16.058727382867445 1.6024955292388938 2.4735907893104354 13.817939311246292 16.058727382867445 1.6024955292388938 2.4735907893104354 
136.00028416896683 13.534280347069497 17.039286514643024 2.0295928535834094 1.92321765552677 13.534280347069497 17.039286514643024 2.0295928535834094 1.92321765552677 
137.00028416896677 13.534280347069497 13.742183993721369 2.0295928535834094 2.043536980348563 13.534280347069497 13.742183993721369 2.0295928535834094 2.043536980348563 
138.00005280223397 13.631909091832455 14.78528525270778 1.8375277150525733 3.086638239334974 13.631909091832455 14.78528525270778 1.8375277150525733 3.086638239334974 
139.00028416896666 12.140551314520422 15.720996247417702 2.1562632460037605 2.6869119309265272 12.140551314520422 15.720996247417702 2.1562632460037605 2.6869119309265272 
140.0002841689666 12.140551314520422 16.71199439434639 2.1562632460037605 2.030495953231423 12.140551314520422 16.71199439434639 2.1562632460037605 2.030495953231423 
141.00001258440756 13.071825421363314 13.920306709466075 1.7460335170458166 2.173934529799311 13.071825421363314 13.920306709466075 1.7460335170458166 2.173934529799311 
142.0002841689665 13.071825421363314 13.366684865582869 1.7460335170458166 3.146848682059442 13.071825421363314 13.366684865582869 1.7460335170458166 3.146848682059442 
143.00028416896643 13.488951094241003 14.30401754155838 1.7558033057533748 4.084181358034954 13.488951094241003 14.30401754155838 1.7558033057533748 2.3613388735703325 
144.00028416896637 13.939680915634739 15.334604939446876 1.75457723191235 2.555188084256372 13.939680915634739 15.334604939446876 1.75457723191235 2.555188084256372 
145.00028416896632 13.939680915634739 14.004645022563608 1.75457723191235 2.319614695771577 13.939680915634739 14.004645022563608 1.75457723191235 3.689771859657185 
146.00028416896626 13.353775111610048 14.823331396278945 2.495850929141966 2.166612991067808 13.353775111610048 14.823331396278945 2.495850929141966 2.166612991067808 
147.0002841689662 11.966725390817942 12.960076948742483 1.6823372140553658 3.080956865581186 11.966725390817942 12.960076948742483 1.6823372140553658 3.080956865581186 
148.00028416896615 12.507373027541007 14.360153705071298 2.384857608838672 2.8024272487048734 12.507373027541007 14.360153705071298 2.384857608838672 2.8024272487048734 
149.0002841689661 12.507373027541007 15.076353443597469 2.384857608838672 2.1669695290283357 12.507373027541007 15.076353443597469 2.384857608838672 2.1669695290283357 
150.000272589151 13.176754690663614 15.44343206750733 1.6380319087780606 1.7907353272767352 13.176754690663614 15.44343206750733 1.6380319087780606 1.7907353272767352 
151.00021621859858 13.176754690663614 13.527047354442544 1.6380319087780606 2.8572020419541104 13.176754690663614 13.527047354442544 1.6380319087780606 2.8572020419541104 
152.00028416896592 13.877860194151765 11.744505608560189 1.521066365979408 2.4468566483649568 13.877860194151765 11.744505608560189 1.521066365979408 2.4468566483649568 
153.00028416896586 15.44868994541693 12.61621241282333 2.025429402567198 3.318563452628098 15.44868994541693 12.61621241282333 2.025429402567198 3.318563452628098 
154.0002841689658 15.44868994541693 13.765670190369406 2.025429402567198 2.7238144676996114 15.44868994541693 13.765670190369406 2.025429402567198 2.7238144676996114 
155.0002150616496 13.702551646841698 12.390810386344896 1.5374312793530578 1.9850202634980008 13.702551646841698 12.390810386344896 1.5374312793530578 1.9850202634980008 
156.0002841689657 12.813476409921918 13.531560334198389 2.5586028706689206 3.125770211351494 12.813476409921918 13.531560334198389 2.5586028706689206 3.125770211351494 
157.00028416896563 13.260125403710276 14.052816247795846 2.0543459377361444 2.1060679067075228 13.260125403710276 14.052816247795846 2.0543459377361444 2.1060679067075228 
158.00028416896558 13.260125403710276 14.50734836719434 2.0543459377361444 2.5111165132092594 13.260125403710276 14.50734836719434 2.0543459377361444 2.5111165132092594 
159.00011061653285 13.167563158514582 12.42898095485964 2.2530479802056504 1.985776540605542 13.167563158514582 12.42898095485964 2.2530479802056504 1.985776540605542 
160.00028416896546 13.167563158514582 13.509740976775134 2.2530479802056504 3.066536562521037 13.167563158514582 13.509740976775134 2.2530479802056504 3.066536562521037 
161.0002263388672 12.79078416652149 14.202102275556626 2.3242709895975793 3.758897861302529 12.79078416652149 14.202102275556626 2.3242709895975793 3.758897861302529 
162.00028416896535 13.621029443950079 15.3458969615167 1.5620582576771085 1.5445414361326186 13.621029443950079 15.3458969615167 1.5620582576771085 1.5445414361326186 
163.0002841689653 12.675023022668341 14.577316385093468 1.7848628428870938 2.2971676282080296 12.675023022668341 14.577316385093468 1.7848628428870938 2.2971676282080296 
164.00028416896524 14.111371274127038 15.581956460046115 1.324790216310305 2.0313639940925157 14.111371274127038 15.581956460046115 1.324790216310305 2.0313639940925157 
165.000180481151 14.111371274127038 16.883013690733264 1.324790216310305 2.417255340788188 14.111371274127038 16.883013690733264 1.324790216310305 2.417255340788188 
166.00028416896512 13.52110957428701 17.82171925810914 1.9536046933874331 1.9196126567053682 13.52110957428701 17.82171925810914 1.9536046933874331 1.9196126567053682 
167.00028416896507 13.059948880049546 15.391882192205742 2.2125513502720366 2.801577284058112 13.059948880049546 15.391882192205742 2.2125513502720366 2.801577284058112 
168.00014011861333 13.059948880049546 13.166568901324155 2.2125513502720366 2.0545974106533436 13.059948880049546 13.166568901324155 2.2125513502720366 2.0545974106533436 
169.00028416896495 14.730642076904076 14.308141013374751 2.062574352397945 1.636165635132187 14.730642076904076 14.308141013374751 2.062574352397945 1.636165635132187 
170.0001837910157 14.730642076904076 14.57091379171456 2.062574352397945 2.9201100047878583 14.730642076904076 14.57091379171456 2.062574352397945 2.9201100047878583 
171.00028416896484 13.652982010171968 15.166476765450682 1.4509089035047396 1.8449797816694513 13.652982010171968 15.166476765450682 1.4509089035047396 1.8449797816694513 
172.00028416896478 13.62172987980992 16.107236452371865 1.561932601304619 2.7857394685906343 13.62172987980992 16.107236452371865 1.561932601304619 2.7857394685906343 
173.00028416896473 14.93664205277878 17.001830204458486 1.3405221136161742 2.263951878894858 14.93664205277878 17.001830204458486 1.3405221136161742 2.263951878894858 
174.00028416896467 14.93664205277878 15.193703363706277 1.3405221136161742 2.3988012662844085 14.93664205277878 15.193703363706277 1.3405221136161742 2.3988012662844085 
175.0002841689646 14.562843664093663 15.193703363706277 1.2864009645490455 2.3988012662844085 14.562843664093663 15.193703363706277 1.2864009645490455 2.3988012662844085 
176.00000372090466 15.855778322814444 14.176893358180934 1.8679036177087482 1.1761079517643793 15.855778322814444 14.176893358180934 1.8679036177087482 2.834966004067894 
177.00012194265372 12.541294334571802 15.22821575097899 1.70816912486859 2.2274303445624355 12.541294334571802 15.22821575097899 1.70816912486859 3.8862883968659503 
178.00028416896444 12.541294334571802 14.182120704876553 1.70816912486859 2.2399147751893906 12.541294334571802 14.182120704876553 1.70816912486859 2.2399147751893906 
179.0000939808386 12.588803031959202 14.699158806002998 1.631714073135754 1.620609625456325 12.588803031959202 14.699158806002998 1.631714073135754 1.620609625456325 
180.00028416896433 12.318877707746367 15.541420057916326 1.8248089655529327 2.462870877369653 12.318877707746367 15.541420057916326 1.8248089655529327 2.462870877369653 
181.00019040746866 12.318877707746367 13.607425217050775 1.8248089655529327 2.292467967987733 12.318877707746367 13.607425217050775 1.8248089655529327 2.292467967987733 
182.0002746782197 12.789205287217442 12.350937896151692 1.0435275636861547 2.706673843943179 12.789205287217442 12.350937896151692 1.0435275636861547 2.706673843943179 
183.00028416896416 14.308325588780406 13.62407503836485 1.922860130906372 2.481297004391422 14.308325588780406 13.62407503836485 1.922860130906372 2.481297004391422 
184.0002841689641 14.308325588780406 13.617333853343894 1.922860130906372 2.2790374696311915 14.308325588780406 13.617333853343894 1.922860130906372 2.2790374696311915 
185.00028416896404 13.104720387106482 14.271778998584495 2.2663848173322663 1.4143623133088283 13.104720387106482 14.271778998584495 2.2663848173322663 2.9334826148717923 
186.000284168964 13.586234172174386 12.94318836757077 1.5784070524847493 2.7956519227195145 13.586234172174386 12.94318836757077 1.5784070524847493 2.7956519227195145 
187.00020076396257 13.586234172174386 13.946441838830822 1.5784070524847493 2.1822435653405137 13.586234172174386 13.946441838830822 1.5784070524847493 2.1822435653405137 
188.00028416896387 11.983514920505229 13.515337331535193 1.420293389949677 3.4099971103483995 11.983514920505229 13.515337331535193 1.420293389949677 3.4099971103483995 
189.00028416896382 11.63095309554194 14.098169551696344 2.0032889154439317 2.616721793355026 11.63095309554194 14.098169551696344 2.0032889154439317 2.616721793355026 
190.00028416896376 12.482391460293115 14.000644056109195 1.0441415150260696 3.8121309564886587 12.482391460293115 14.000644056109195 1.0441415150260696 3.8121309564886587 
191.0002841689637 12.309303542772568 12.224306331302046 2.2610215261128417 4.602002990658917 12.309303542772568 13.654172839419942 2.2610215261128417 4.602002990658917 
192.00004222304838 12.309303542772568 12.975645172717236 2.2610215261128417 1.692478523693012 12.309303542772568 14.405511680835133 2.2610215261128417 1.692478523693012 
193.0002841689636 13.762275310902709 14.012150900995636 0.9773732555239008 2.7289842519714114 13.762275310902709 15.442017409113532 0.9773732555239008 2.7289842519714114 
194.00028416896353 12.798655075972107 13.728571974330322 1.4931780189196502 3.9439193070710132 12.798655075972107 13.728571974330322 1.4931780189196502 3.9439193070710132 
195.00028416896347 12.798655075972107 14.432522013313587 1.4931780189196502 1.9780175668373658 12.798655075972107 14.432522013313587 1.4931780189196502 1.9780175668373658 
196.00028416896342 14.071629398239281 13.95462195498331 1.5512172860872226 1.5597067083546108 14.071629398239281 13.95462195498331 1.5512172860872226 1.5597067083546108 
197.00028416896336 14.16637186443836 13.709393531561261 2.2151468555161955 2.833598586495526 14.16637186443836 13.709393531561261 2.2151468555161955 2.833598586495526 
198.0002841689633 14.16637186443836 14.911142076994395 2.2151468555161955 2.7623728096614855 14.16637186443836 14.911142076994395 2.2151468555161955 2.7623728096614855 
199.00028416896325 13.071443656507 15.536841437384737 2.1577020476652535 2.0201925616395897 13.071443656507 15.536841437384737 2.1577020476652535 3.388072170051828 
200.0002841689632 13.071443656507 16.292973335320227 2.1577020476652535 2.776324459575079 13.071443656507 16.292973335320227 2.1577020476652535 4.144204067987317 
201.00028416896313 NaN NaN NaN NaN NaN NaN NaN NaN 
202.00028416896308 NaN NaN 1.2514187252839406 NaN NaN NaN 1.2514187252839406 NaN 
203.00028416896302 NaN NaN 2.7258254654172163 NaN NaN NaN 2.7258254654172163 NaN 
204.0002736264534 NaN NaN 2.00915465991622 NaN NaN NaN 2.00915465991622 NaN 
205.0002841689629 NaN NaN 1.4800009960680711 NaN NaN NaN 1.4800009960680711 NaN 
206.00028416896285 NaN NaN 2.2583531333850146 NaN NaN NaN 2.2583531333850146 NaN 
207.0002841689628 NaN NaN 2.1396729347336247 NaN NaN NaN 2.1396729347336247 NaN 
208.00028416896274 NaN NaN 2.052249582869024 NaN NaN NaN 2.052249582869024 1.7867796664172033 
209.0000748497653 NaN NaN 1.5204740011339197 2.4232563820594066 NaN NaN 1.5204740011339197 1.1683884921124843 
210.00028416896262 NaN NaN 2.372171420318921 2.4232563820594066 NaN NaN 2.372171420318921 1.1683884921124843 
211.00028416896257 NaN NaN 2.0140943681458623 2.3039731313927234 NaN NaN 2.0140943681458623 2.3039731313927234 
212.0002841689625 NaN NaN 2.0140943681458623 1.9561506414217718 NaN NaN 2.0140943681458623 1.3261597617676273 
213.0002282568763 NaN NaN 2.2355854718637715 3.3239642244154766 NaN NaN 2.2355854718637715 2.693973344761332 
214.0002841689624 NaN NaN 2.4613089818157903 1.5722396760669142 NaN NaN 2.4613089818157903 1.5722396760669142 
215.00007573703127 13.278223019186271 NaN 1.9402944851406687 2.50107473925641 13.278223019186271 NaN 1.9402944851406687 2.50107473925641 
216.00005189578724 13.695489363587456 NaN 1.390228425689486 2.50107473925641 13.695489363587456 NaN 1.390228425689486 2.50107473925641 
217.00028416896222 15.313767334752782 NaN 2.079671333665317 3.25706944271937 15.313767334752782 NaN 2.079671333665317 1.691902923602811 
218.00028416896217 13.641404879425437 NaN 1.4702007705303686 2.7920730492812424 13.641404879425437 NaN 1.4702007705303686 2.7920730492812424 
219.0002841689621 13.641404879425437 NaN 1.4702007705303686 2.607275353630399 13.641404879425437 NaN 1.4702007705303686 4.029517419144383 
220.00028416896205 13.806893280257896 NaN 1.8778102874959188 2.607275353630399 13.806893280257896 NaN 1.8778102874959188 4.029517419144383 
221.000284168962 15.01235677566524 NaN 1.8458294130401214 3.3949531533362745 15.01235677566524 NaN 1.8458294130401214 2.2683937747696064 
222.00006591086563 14.629353492271775 NaN 1.5624258934939235 3.967309057120076 14.629353492271775 NaN 1.5624258934939235 1.2540659190687506 
223.00028416896188 14.629353492271775 NaN 1.5624258934939235 3.967309057120076 14.629353492271775 NaN 1.5624258934939235 1.2540659190687506 
224.00028416896183 15.046123592931195 NaN 2.000338973178714 2.685828207910106 15.046123592931195 NaN 2.000338973178714 2.685828207910106 
225.00028416896177 10.954803962543224 NaN 1.4206668411603118 1.694782652897345 10.954803962543224 NaN 1.4206668411603118 1.694782652897345 
226.0002841689617 11.939948544268361 NaN 1.0635381155119035 2.9505096682116516 11.939948544268361 NaN 1.0635381155119035 2.9505096682116516 
227.0000185180919 13.104471139263325 NaN 2.228060710506867 2.9505096682116516 13.104471139263325 NaN 2.228060710506867 2.9505096682116516 
228.00003691699308 13.920076354170874 NaN 1.7879389101001095 4.390674971241225 13.920076354170874 NaN 1.7879389101001095 4.390674971241225 
229.00028416896154 14.704011321544556 NaN 2.5718738774737915 1.7081934023138103 14.704011321544556 NaN 2.5718738774737915 1.7081934023138103 
230.00028416896149 15.555270478188788 NaN 1.9829677310884506 1.437412629514796 15.555270478188788 NaN 1.9829677310884506 1.437412629514796 
231.00028416896143 14.039046606790208 NaN 1.8912470701041855 1.437412629514796 14.039046606790208 NaN 1.8912470701041855 1.437412629514796 
232.00028416896137 14.379655344967006 NaN 2.0032665244771977 2.1446689116848177 14.379655344967006 NaN 2.0032665244771977 2.1446689116848177 
233.00028416896131 14.067869655977518 NaN 1.3704097665365964 2.1446689116848177 14.067869655977518 NaN 1.3704097665365964 2.1446689116848177 
234.00028416896126 15.005819958941572 NaN 2.308360069500651 2.2985924433323532 15.005819958941572 NaN 2.308360069500651 2.2985924433323532 
235.0002841689612 14.15762491792637 NaN 2.861145078243851 2.2985924433323532 14.15762491792637 NaN 2.861145078243851 2.2985924433323532 
236.00028416896114 11.918521383197259 NaN 1.9099376987421692 2.690290525232598 11.918521383197259 NaN 1.9099376987421692 3.981037558928506 
237.0002841689611 13.21206930107229 NaN 1.521040501021048 1.8753452109888258 13.21206930107229 NaN 1.521040501021048 1.8753452109888258 
238.00028416896103 14.055763954098552 NaN 2.3647351540473096 2.2135366860529473 14.055763954098552 NaN 2.3647351540473096 2.2135366860529473 
239.00028416896097 13.638134615485455 NaN 2.0781153651356306 2.1913073333342936 13.638134615485455 NaN 2.0781153651356306 2.1913073333342936 
240.00028416896092 14.905927605598237 NaN 2.116142843721576 1.5290809080297265 14.905927605598237 NaN 2.116142843721576 1.5290809080297265 
241.00028416896086 12.037003628385804 NaN 1.9121544141734432 1.5290809080297265 12.037003628385804 NaN 1.9121544141734432 1.5290809080297265 
242.00005577966354 12.820630930051237 NaN 2.6957817158388764 3.2574787385461264 12.820630930051237 NaN 2.6957817158388764 3.2574787385461264 
243.00028416896075 12.99496721890469 NaN 1.364367387176003 3.2574787385461264 12.99496721890469 NaN 1.364367387176003 3.2574787385461264 
244.0002841689607 12.99496721890469 NaN 1.364367387176003 3.452629993349973 12.99496721890469 NaN 1.364367387176003 3.452629993349973 
245.00028416896063 14.198448170342488 NaN 2.5678483386138 4.863525007107256 14.198448170342488 NaN 2.5678483386138 4.863525007107256 
246.00028416896058 14.051677078269137 NaN 2.5166484404380753 2.9983350385338383 14.051677078269137 NaN 2.5166484404380753 1.7948540870960414 
247.00008795383323 14.71608397858975 NaN 1.7701603270014061 2.9983350385338383 14.71608397858975 NaN 1.7701603270014061 1.7948540870960414 
248.00028416896046 14.166057822494139 NaN 1.5740524198342598 1.8992133003496292 14.166057822494139 NaN 1.5740524198342598 1.234806400029015 
249.0002841689604 13.367118916860306 NaN 2.45755862979658 1.8992133003496292 13.367118916860306 NaN 2.45755862979658 1.234806400029015 
250.00028416896035 13.723556790393673 NaN 2.5091567010075835 2.905726794976175 13.723556790393673 14.760665695322075 2.5091567010075835 2.905726794976175 
251.0002841689603 13.216152826633248 NaN 1.5605978538268346 1.7322282805974965 13.216152826633248 15.7634286507745 1.5605978538268346 1.7322282805974965 
252.00028416896023 14.153195306461981 NaN 1.4948773782031424 1.7322172626477084 14.153195306461981 15.145997309692461 1.4948773782031424 1.7322172626477084 
253.00028416896018 13.65903734052415 NaN 2.2720379774216894 1.7322172626477084 13.65903734052415 15.145997309692461 2.2720379774216894 1.7322172626477084 
254.00028416896012 14.932219875079 NaN 1.9775298987208316 1.5617980364395407 14.932219875079 12.531520363571701 1.9775298987208316 1.5617980364395407 
255.00028416896006 13.103493140812446 NaN 1.4943283900658457 3.0788097086877144 13.103493140812446 14.048532035819875 1.4943283900658457 3.0788097086877144 
256.00028416896004 14.105719438084122 NaN 0.979543015089348 3.0788097086877144 14.105719438084122 14.048532035819875 0.979543015089348 3.0788097086877144 
257.00028416896 15.325643956382095 NaN 2.1994675333873204 2.649662227850939 15.325643956382095 13.383004688755392 2.1994675333873204 1.6438789351189484 
258.0000353354101 14.670341583910243 NaN 1.3859137528954761 2.9410542168674283 14.670341583910243 13.476699019066075 1.3859137528954761 2.9410542168674283 
259.00028416895987 14.239911409444716 NaN 2.366378592187232 2.9410542168674283 14.239911409444716 13.476699019066075 2.366378592187232 2.9410542168674283 
260.0002841689598 15.365655292500122 NaN 2.1949471934941585 3.0060604283603425 15.365655292500122 13.559528294103217 2.1949471934941585 1.4058351506310487 
261.00028416895975 14.885794570153735 NaN 1.7093760164056562 3.137022882724466 14.885794570153735 14.62630912587602 1.7093760164056562 3.137022882724466 
262.0002841689597 14.290532946431341 NaN 2.6302179526777536 3.137022882724466 14.290532946431341 14.62630912587602 2.6302179526777536 3.137022882724466 
263.00028416895964 12.355856612893405 NaN 1.6380372374459853 2.5694440360194903 12.355856612893405 12.420975900481608 1.6380372374459853 2.5694440360194903 
264.0002841689596 13.788028231693914 NaN 1.5315789806043085 2.5694440360194903 13.788028231693914 12.420975900481608 1.5315789806043085 2.5694440360194903 
265.00010638042727 13.224882157701785 NaN 2.5361235198678855 2.4045105951267374 13.224882157701785 14.185886840550495 2.5361235198678855 2.4045105951267374 
266.00028416895947 14.178418510666376 NaN 1.724748932763589 2.3586121643460274 14.178418510666376 13.100801715402412 1.724748932763589 2.3586121643460274 
267.0002841689594 13.286123403682325 NaN 0.9699591255009068 2.3586121643460274 13.286123403682325 13.100801715402412 0.9699591255009068 2.3586121643460274 
268.00028416895935 14.324765790413835 NaN 2.008601512232417 3.149411570603661 14.324765790413835 14.665401824875886 2.008601512232417 3.149411570603661 
269.0001418880601 15.717675869850154 NaN 1.8369114821952621 2.06513566370694 15.717675869850154 12.427363267038288 1.8369114821952621 2.06513566370694 
270.0001985377675 15.261451965655311 NaN 1.4272045705142204 2.06513566370694 15.261451965655311 12.427363267038288 1.4272045705142204 2.06513566370694 
271.0002841689592 14.49941634524049 NaN 2.28636460303602 2.5345546858169428 14.49941634524049 13.935424675879801 2.28636460303602 2.5345546858169428 
272.00006243138745 15.167471714631574 NaN 2.954419972427104 2.2045231816642854 15.167471714631574 14.205719845878946 2.954419972427104 2.2045231816642854 
273.00028416895907 14.650039727135436 NaN 2.226101857837932 2.620761029664436 14.650039727135436 13.894638750195895 2.226101857837932 2.620761029664436 
274.0000191661936 15.424016499839809 NaN 1.9372000552586428 2.469884876926983 15.424016499839809 12.215389735354279 1.9372000552586428 2.469884876926983 
275.00028416895896 15.559336877921965 NaN 2.0900684390653623 2.469884876926983 15.559336877921965 12.215389735354279 2.0900684390653623 2.469884876926983 
276.0002841689589 14.703519693027431 NaN 1.5890997370888158 2.050542413342896 14.703519693027431 12.610760321865257 1.5890997370888158 2.050542413342896 
277.00028416895884 15.623720981839654 NaN 1.3749234225284113 1.6491846239928805 15.623720981839654 12.407124913574933 1.3749234225284113 1.6491846239928805 
278.0002841689588 13.01566007894644 NaN 2.0704033353462705 2.5183658783135456 13.01566007894644 13.276306167895598 2.0704033353462705 2.5183658783135456 
279.00028416895873 14.199414755333578 NaN 1.1564405469025587 3.2182132958708394 14.199414755333578 14.851524132651775 1.1564405469025587 2.2980120070586167 
280.0002841689587 14.135221144341244 NaN 2.443726437575833 3.2182132958708394 14.135221144341244 14.851524132651775 2.443726437575833 2.2980120070586167 
281.0002841689586 14.705847952085378 NaN 1.4391352805637894 4.509230758014837 14.705847952085378 12.850914999297913 1.4391352805637894 4.509230758014837 
282.0000271015347 12.847730197564317 NaN 2.616112315250575 2.2718180092466014 12.847730197564317 13.78002273040795 2.616112315250575 2.2718180092466014 
283.0002841689585 14.407039843131429 NaN 1.0350954787514297 2.2718180092466014 14.407039843131429 13.78002273040795 1.0350954787514297 2.2718180092466014 
284.00028416895844 15.042610366420831 NaN 1.6706660020408322 1.8248217914693896 15.042610366420831 12.386187385997687 1.6706660020408322 1.8248217914693896 
285.00022516610943 13.419903310850884 NaN 2.6188989305960604 1.6953145812901198 13.419903310850884 13.815989821385529 2.6188989305960604 1.6953145812901198 
286.0002314572022 14.138290550254567 NaN 2.036678545346035 1.6953145812901198 14.138290550254567 13.815989821385529 2.036678545346035 1.6953145812901198 
287.0002841689583 12.908644730547735 NaN 2.230595155480273 3.495788610540842 12.908644730547735 14.948408481245167 2.230595155480273 1.9119851586962113 
288.0002841689582 12.908644730547735 NaN 2.230595155480273 3.495788610540842 12.908644730547735 14.948408481245167 2.230595155480273 1.9119851586962113 
289.00028416895816 14.138405356997055 NaN 1.6598817526788707 3.7144179158594284 14.138405356997055 13.567227171591469 1.6598817526788707 1.9951217669006382 
290.00004796097363 12.697257114552826 NaN 1.648395821274903 1.5136571276473205 12.697257114552826 14.938333294754443 1.648395821274903 1.5136571276473205 
291.00028416895805 13.607265908090483 NaN 2.5584046148125594 2.7681435500707607 13.607265908090483 15.317449169979 2.5584046148125594 1.8023967174042923 
292.000284168958 12.833936610009289 NaN 1.9891871583245688 2.7681435500707607 12.833936610009289 15.317449169979 1.9891871583245688 1.8023967174042923 
293.00028416895793 12.642399251577274 NaN 2.030726939714498 1.2614766275356715 12.642399251577274 14.896056665110734 2.030726939714498 1.2614766275356715 
294.0002841689579 13.488080906667449 NaN 1.6821198980428562 2.6954235097190917 13.488080906667449 13.858962980233741 1.6821198980428562 1.8935348430441081 
295.0002284962989 13.690477390915191 NaN 2.608171571001435 1.582704918882996 13.690477390915191 14.273532452141865 2.608171571001435 1.582704918882996 
296.0002356759671 14.535334509581844 NaN 2.0190818074846675 2.1294484458235274 14.535334509581844 13.722059854802467 2.0190818074846675 2.1294484458235274 
297.0002841689577 15.331795886846237 NaN 1.8303469050968033 2.1294484458235274 15.331795886846237 13.722059854802467 1.8303469050968033 2.1294484458235274 
298.00028416895765 14.262941986834505 NaN 1.5987831788181097 2.4254255744438638 14.262941986834505 12.567896303652958 1.5987831788181097 2.4254255744438638 
299.0002841689576 14.97061892722894 NaN 2.306460119212545 2.5121192008894013 14.97061892722894 11.953802141103779 2.306460119212545 1.3512577451373886 
300.00028416895753 15.115452973460606 NaN 2.659067799253137 2.5121192008894013 15.115452973460606 11.953802141103779 2.659067799253137 1.3512577451373886 
#####################################################################
# End of data export. Simulation finished at: 2019-09-25T07:41+0000 #
#####################################################################
