#####################################################################
# Alchemist log file - simulation started at: 2019-09-19T00:34+0000 #
#####################################################################
# seed = 182.0, stage_width = 1000
#
# The columns have the following meaning: 
# time rep-bcast[Sum] rep-ccast[Sum] share-bcast[Sum] share-ccast[Sum] 
0.0 NaN NaN NaN NaN 
1.000107573296458 NaN NaN NaN NaN 
2.0001075732964577 NaN NaN NaN NaN 
3.0001075732964586 NaN NaN 1.906724669785937 NaN 
4.000107573296459 NaN NaN 1.735460284481815 2.0588969206929892 
5.00010757329646 NaN NaN 1.5073221187219445 2.4333893333431655 
6.000107573296461 NaN NaN 1.5073221187219445 2.4333893333431655 
7.000107573296462 NaN NaN 2.6282438379815867 1.050543901734824 
8.000107573296463 NaN NaN 2.231933458409051 2.4926958842165234 
9.000107573296459 NaN NaN 2.1605919228603865 2.4926958842165234 
10.000107573296455 NaN NaN 1.538058923760273 2.019255009384646 
11.000107573296452 NaN NaN 3.161121587944674 2.147778816097084 
12.000016107348431 NaN NaN 1.4352767861761233 3.351888630593944 
13.000107573296445 12.205199754466424 NaN 2.382559949799413 2.2180024657817707 
14.000088214459918 12.80317394894457 NaN 1.7764243297806992 3.2689253532664573 
15.000107573296438 13.953748581258266 NaN 1.6182034793405808 1.651245763848614 
16.000107573296436 13.754279111425216 NaN 1.768936936185824 1.651245763848614 
17.000107573296432 14.623288618739963 NaN 1.569994720109758 2.8420592683331805 
18.000026139418065 12.854742059941767 NaN 1.5496228457931203 1.7157775212931767 
19.000107573296425 13.782394855816296 NaN 2.4772756416676494 2.9474679923869544 
20.000095789915846 13.782394855816296 NaN 2.4772756416676494 2.1748585904140647 
21.000107573296418 14.109801827418476 NaN 1.521197975152866 2.2968838659510666 
22.000107573296415 12.404257746247978 NaN 1.6258455636858429 2.2968838659510666 
23.00010757329641 13.538384047740749 NaN 1.7102937937670823 2.287688853485786 
24.000107573296408 13.40106676123127 NaN 2.8043138410018145 2.1606754407063136 
25.000107573296404 14.344934718193429 NaN 2.2558147762466376 1.729490266501024 
26.0001075732964 12.871640810082011 15.023542416247789 1.348009126835123 1.917378486485422 
27.00000747154389 13.997443544031325 15.949420602532765 2.473811860784437 1.8993887158082394 
28.000107573296393 13.511836832216755 15.949420602532765 1.757219769235423 1.8993887158082394 
29.00010757329639 14.3004082608308 14.708283022782254 2.545791197849468 2.304271059727128 
30.000107573296386 13.840168366288733 11.675404978199616 1.9739446118396593 1.9719562196513607 
31.000107573296383 13.59066635000515 13.251508479026732 1.591587755616036 1.9104359957292552 
32.00010757329638 13.094972218368657 13.251508479026732 2.3275840950733198 1.9104359957292552 
33.0001075732964 13.660098446708567 14.35167601279662 2.8927103234132296 2.0611304923010074 
34.00010757329641 13.338916128505709 14.88194975532576 2.262266239893041 2.542609817384637 
35.000107573296425 11.875007085713879 13.386519264293796 2.2402347564601897 2.196866608784589 
36.00010757329644 13.231028726787724 13.30036436860167 2.1383298591303657 3.6670795225815027 
37.00001140431611 13.213546472419871 13.30036436860167 2.409944156828658 3.6670795225815027 
38.00010757329647 13.46755398100646 14.733668947519526 1.8966798789058146 5.100384101499358 
39.00010757329648 13.46755398100646 13.881683717201792 1.8966798789058146 2.1975730476235213 
40.000069487724225 13.529331916668419 11.778793378902606 1.8070615028690469 2.138938862964743 
41.00010757329651 14.564916369877729 11.778793378902606 1.6567431821992002 2.138938862964743 
42.000107573296525 13.141937596626768 12.810094735152283 2.6041363282913608 1.8265540163333327 
43.00010757329654 12.705892780777976 13.306219916912333 2.1104841929126863 3.1717314942285597 
44.00010757329655 12.185945511623661 14.785879100807463 2.13533906833581 2.668413078822219 
45.00010757329657 13.970584408743317 15.89554103250633 2.574800487560239 1.7991595251534136 
46.00008114816738 13.543727589066236 15.89554103250633 1.768452017757916 1.7991595251534136 
47.000107573296596 12.67981449353882 14.736025622899316 2.3624654606341693 1.516921808402202 
48.000066701504295 12.83171493606958 15.917430688009649 2.3600833306632083 1.4310027165434747 
49.000107573296624 14.272429850683473 13.051687692479248 2.298397064908656 2.5102030580707932 
50.00010757329664 15.463747591320868 13.051687692479248 2.3083097404357176 2.5102030580707932 
51.00010757329665 15.463747591320868 14.444417816328183 2.3083097404357176 3.902933181919728 
52.00010757329667 16.638690558360494 15.834162433708045 2.4040523659480257 5.2926777992995895 
53.0000829544745 13.757137676322088 15.535910575909675 2.219189626654611 2.4821071414174654 
54.000107573296695 13.306955018582634 13.773763077837266 1.7956737406088408 2.8812359682698983 
55.00010757329671 14.055858246642579 13.773763077837266 1.6158351695717172 2.8812359682698983 
56.000107573296724 15.15317645727 15.137890248758495 2.713153380199138 3.037495754635607 
57.00010757329674 14.199281388609585 15.341320653628827 2.561665351791568 2.473187346204064 
58.00010757329675 13.024671322120192 15.394914410863194 1.46142567901245 3.4495403571333014 
59.000107573296766 13.024671322120192 14.43519812796341 1.46142567901245 4.4970783075959275 
60.00010757329678 14.404122333281052 12.679040056084766 1.8645236792440727 2.0144520646277826 
61.000107573296795 12.67023708264891 12.679040056084766 1.7669067236280824 2.0144520646277826 
62.00010757329681 13.736818393431797 14.339817184823588 1.3815012521626002 2.295778182205744 
63.00010757329682 14.072634352618728 14.339817184823588 2.7965175528768498 2.295778182205744 
64.00010757329683 14.848197177650427 13.07766139870158 1.9113032491697268 3.6656550513350226 
65.00010757329684 13.427481740806975 14.247957737670149 1.903185684425793 4.835951390303592 
66.00010757329686 13.537604115229051 12.082750929033693 1.771753518976368 1.8127022332209037 
67.00010757329687 13.537604115229051 13.180741131236687 1.771753518976368 1.5489331310385523 
68.00010757329689 14.86952466198914 13.618675973309522 3.103674065736456 2.7357712011713318 
69.0001075732969 12.992885439649072 13.618675973309522 1.8834113317139014 2.7357712011713318 
70.00010757329692 12.213130081682024 15.133931701141975 2.043994465505804 4.251026929003785 
71.00010757329693 13.237692181365034 16.215374039197712 1.5533008373563604 5.332469267059523 
72.00010757329694 14.380062827225757 16.31888802375157 1.614229145161346 6.5333014622408 
73.00010757329696 14.345750789327397 13.652450980129146 1.4266228625443347 3.303844577691194 
74.00010757329697 15.087427123966123 13.652450980129146 2.1682991971830603 3.303844577691194 
75.00010757329699 14.18921675027542 15.037169654605137 2.722075605740727 2.5216305066234526 
76.000107573297 13.686699719860847 12.592835480867478 2.3300269219374456 2.4955890266653 
77.00010757329702 14.66475641481717 13.66646912039242 1.923364942417777 2.27376992299385 
78.00010757329703 12.609986294443146 13.66646912039242 2.6054158718282707 2.27376992299385 
79.00010757329704 12.609986294443146 13.178726470336656 2.6054158718282707 2.76508930403088 
80.00010757329706 14.053569780769337 13.81713568165695 2.9753657186295186 2.5173800600372687 
81.00010757329707 NaN 13.81713568165695 NaN 2.5173800600372687 
82.00010757329709 NaN NaN NaN NaN 
83.0001075732971 NaN NaN 1.9187276165710188 NaN 
84.00010757329711 NaN NaN 2.0026460608351755 NaN 
85.00010757329713 NaN NaN 1.8963161723079196 NaN 
86.00010757329714 NaN NaN 1.8963161723079196 NaN 
87.00010757329716 NaN NaN 1.9179060608685177 NaN 
88.00010757329717 NaN NaN 1.9179060608685177 NaN 
89.00010343997026 NaN NaN 2.1409997913346928 NaN 
90.0001075732972 NaN NaN 1.2833877174131914 1.752659060873583 
91.00010757329721 NaN NaN 1.2833877174131914 2.853502748351346 
92.00010757329723 NaN NaN 2.698966672102003 2.853502748351346 
93.00010757329724 NaN NaN 1.5509772968089948 2.6605952115017715 
94.00010757329726 12.562091020773948 NaN 1.6073308461877645 1.5442726039154735 
95.00010757329727 13.675327082524547 NaN 1.7068275207518155 1.5442726039154735 
96.0000357992385 12.483991231774183 NaN 2.0229788844840755 2.766448260210737 
97.0001075732973 12.483991231774183 NaN 2.0229788844840755 1.9072932809508814 
98.00010757329731 13.666528817117637 NaN 1.9833408135322657 1.9072932809508814 
99.00010757329733 12.413517014287876 NaN 2.1502081596144365 2.048289323282262 
100.00004340316622 13.716741856354858 NaN 1.5557212081780136 1.959043990965469 
101.00004942171228 13.925042991116186 NaN 1.7234683186854625 2.6321018971675727 
102.00010757329737 13.925042991116186 NaN 1.7234683186854625 2.4159276961113676 
103.00010757329738 14.004485854906022 NaN 2.317320684762308 3.1204124607748156 
104.0001075732974 13.590389688946388 NaN 2.4384296296992147 3.820589738921555 
105.00010757329741 15.017705107368911 NaN 1.3740323643007741 1.0970470207341378 
106.00010757329743 16.210239137163214 NaN 1.522802427482688 1.992235768096407 
107.00010757329744 13.039822203396014 NaN 1.6532903345554502 2.0058883248513126 
108.00010757329746 13.039822203396014 NaN 1.6532903345554502 2.384972148587721 
109.00010757329747 14.358505193938655 NaN 1.5310053499206617 2.2257368360697 
110.00010757329748 12.77881268505979 NaN 2.51227180185532 2.900489437707108 
111.0001075732975 12.77881268505979 NaN 2.51227180185532 3.7564421142681397 
112.00010757329751 12.41618381106376 NaN 3.340861886826076 1.8299277854165439 
113.00010757329753 12.844176193300598 NaN 1.3507577751637712 2.3855750202670265 
114.00010757329754 12.844176193300598 NaN 1.3507577751637712 3.4457105678540927 
115.00010757329756 10.871137848302439 NaN 2.214286513291597 2.685213141533822 
116.00010757329757 11.6293515671032 NaN 1.9123646845052917 2.891921503228204 
117.00010757329758 13.150577109853856 NaN 2.3321988513291814 1.874516608655199 
118.0001075732976 11.15037565666836 NaN 2.1864129672681116 1.874516608655199 
119.00010757329761 11.15037565666836 NaN 2.1864129672681116 1.584911595615111 
120.00010757329763 12.453675889478674 NaN 2.3297284028723624 1.6937334582840435 
121.00010757329764 13.288308117197943 NaN 1.3788749664076647 1.6937334582840435 
122.00010757329765 14.745176386344596 NaN 2.280151095128602 1.9501018914608892 
123.00010757329767 14.745176386344596 NaN 2.280151095128602 2.436534113883752 
124.00010757329768 11.530258951592998 NaN 1.847764581661707 3.335668517654156 
125.0001075732977 12.637770278602659 NaN 1.8857129058050077 3.335668517654156 
126.00010757329771 13.534702337306712 NaN 1.8085725245769595 2.1425880933098966 
127.00010757329773 12.57169866181701 NaN 1.7546607646378902 3.0655066789391157 
128.00010757329773 13.444116080321194 NaN 1.565524608153396 2.4006801924134322 
129.00010757329767 12.99976773039144 NaN 1.7313250036050363 1.8295393732973082 
130.0001075732976 12.912709525762978 NaN 1.1969614078823838 1.9296986193356673 
131.00010757329756 14.088626479409754 NaN 2.3728783615291604 1.9159023308652365 
132.0001075732975 14.088626479409754 NaN 2.3728783615291604 1.833205490501257 
133.00010757329744 13.65616186459033 NaN 2.065046088460093 2.6780661243679447 
134.00010757329738 13.65616186459033 NaN 2.065046088460093 2.8172924590233777 
135.00010757329733 13.263824541089278 NaN 1.9528791852916072 2.8172924590233777 
136.00010757329727 12.49101520917408 NaN 2.880218127254949 4.9917815960689325 
137.0001075732972 13.471234055624208 NaN 2.545293685402868 2.117694585281157 
138.00010757329716 14.902561596242961 NaN 1.221190743751066 2.2180955668020204 
139.0001075732971 14.902561596242961 NaN 1.221190743751066 2.402381941825894 
140.00010757329704 13.964338220326809 NaN 1.5454318454437725 3.406026880495915 
141.000107573297 12.432000162772383 NaN 1.6667712860830761 1.551832508365294 
142.00010757329693 13.127284417153447 NaN 1.9857930307021263 2.6030266708546606 
143.00010757329687 13.127284417153447 NaN 1.9857930307021263 2.449112187279127 
144.00010757329682 14.754123216735849 NaN 1.6323234741301178 2.2339502226514867 
145.00010757329676 13.542046281351702 NaN 2.4601836849159895 1.5151713332355712 
146.0001075732967 14.082215531241417 NaN 1.7511477898201235 1.7433614654834173 
147.00010757329665 14.082215531241417 NaN 1.7511477898201235 1.7433614654834173 
148.0001075732966 14.960171056303096 NaN 1.509853695548287 2.971529333429743 
149.00010757329653 14.960171056303096 NaN 1.509853695548287 2.3270181122247777 
150.00010757329648 15.345365384803813 NaN 1.0961356635065158 1.6684619069531266 
151.00010757329642 14.13076548308291 NaN 1.5727062903994522 3.033621521899846 
152.00010757329636 14.13076548308291 NaN 1.5727062903994522 2.533222342783745 
153.0001075732963 13.478683832305535 NaN 1.7477101696335637 1.787312728694161 
154.00010757329625 13.871068702779638 NaN 1.9438015410908633 1.2921787740731077 
155.00005656070027 13.973611964675001 NaN 2.180538030191201 2.3009981572477614 
156.00010757329613 13.92564003706056 NaN 2.138730725506349 3.733368241212446 
157.00010757329608 12.882543638254674 NaN 2.326249840725012 3.733368241212446 
158.00010757329602 12.882543638254674 NaN 2.326249840725012 1.5745584353151685 
159.00010757329596 14.373426158567128 NaN 2.384762277072781 3.1655049341869983 
160.0001075732959 15.669985473161347 NaN 2.4092218979848212 1.494378412072649 
161.00010757329585 13.769298958002878 NaN 2.1098670051010515 1.494378412072649 
162.0001075732958 14.776370103685906 NaN 2.1008436541926585 2.2780749232913706 
163.00010757329574 14.776370103685906 NaN 2.1008436541926585 2.2780749232913706 
164.00010757329568 11.674510657875516 NaN 1.4339741697579598 3.9605812027582488 
165.00010757329562 13.103130933881403 NaN 2.862594445763847 2.8879339176235987 
166.00010757329557 14.29369708483938 NaN 2.370654317254946 2.5556921402403248 
167.0001075732955 14.29369708483938 NaN 2.370654317254946 2.157045877276488 
168.00010757329545 13.92236470518688 NaN 1.5321124130908856 1.9532188462843294 
169.0001075732954 12.76275986251457 NaN 1.783723024515865 2.9063950532245144 
170.00010757329534 13.75025213325307 NaN 1.784476175288546 3.552821322163936 
171.00010757329528 13.75025213325307 NaN 1.784476175288546 0.9837333463049731 
172.00010757329522 13.955865367022 NaN 1.6625866268600475 0.9837333463049731 
173.00010757329517 15.062085390496748 NaN 1.600199604620883 2.3539672003788326 
174.0001075732951 12.627403867258806 NaN 1.603284948831373 3.550614953612211 
175.00010757329505 13.123397637017604 NaN 2.0992787185901705 2.1191495046761304 
176.000107573295 14.689165102219363 NaN 2.468398430558551 1.6714414988498447 
177.00010757329494 14.689165102219363 NaN 2.468398430558551 2.3951154449449916 
178.00010757329488 13.405502872459152 NaN 1.6684598855712807 3.1879687644202193 
179.00010757329483 13.551406100139133 NaN 1.8207108639337548 2.599699911692653 
180.00010757329477 13.243950232274472 NaN 1.8015462405888343 2.1755346859247595 
181.0001075732947 13.461388242145546 NaN 2.071459651027766 1.83496685096938 
182.00001240737856 14.004073029409426 NaN 1.7155577753037505 1.4316240855377487 
183.0001075732946 14.004073029409426 NaN 1.7155577753037505 2.4835599757417697 
184.00010757329454 13.875826476365319 NaN 1.5691557445274498 2.4835599757417697 
185.00010757329449 12.758852762795357 NaN 1.9390870405412386 2.3188404423288205 
186.00010757329443 12.758852762795357 NaN 1.9390870405412386 3.520934744604773 
187.00010757329437 14.292908305151514 NaN 2.1084382090806457 2.955314634674835 
188.00010757329431 13.34163366167968 NaN 1.398448705650452 1.320145538052401 
189.00010757329426 12.33687712230801 NaN 1.2182174426392578 2.3098626573688534 
190.0001075732942 12.33687712230801 NaN 1.2182174426392578 2.1005448014441015 
191.00010757329414 12.815630843852489 NaN 1.5001073643425116 2.1005448014441015 
192.0001075732941 14.283097910127907 NaN 1.7790516747913614 2.127236224687806 
193.00010757329403 14.283097910127907 NaN 1.7790516747913614 3.910744733300618 
194.00010757329397 14.682482534176813 NaN 1.9887211191304175 3.910744733300618 
195.00010757329392 12.425201223322148 NaN 2.047401539868787 2.358141143164943 
196.00010757329386 13.59729747796058 NaN 1.4366407737074383 3.5325371329799964 
197.0001075732938 15.144170721139716 NaN 1.80911802707152 1.9782204964703567 
198.00007478128123 15.144170721139716 NaN 1.80911802707152 1.9549049977270272 
199.0001075732937 14.255603765273207 NaN 2.2688223095014735 2.755040673558142 
200.00010757329363 14.255603765273207 NaN 2.2688223095014735 1.4698565795989111 
201.00008749490405 NaN 122.08307687733942 NaN NaN 
202.00010757329352 NaN 123.32645273739975 NaN NaN 
203.00010757329346 NaN 124.682990087367 2.268483675136821 NaN 
204.0001075732934 NaN 125.6498004940387 2.678401601090627 NaN 
205.00010757329335 NaN 125.6498004940387 2.678401601090627 NaN 
206.0001075732933 NaN 127.2122190053082 2.6835793106693586 NaN 
207.00010757329323 NaN 128.74031285246343 3.1492988477901065 NaN 
208.00010757329318 NaN 128.74031285246343 2.6402380741689058 NaN 
209.0001006170512 NaN 130.31398553154355 1.7828700435079838 NaN 
210.00010757329306 NaN 131.4252858257051 1.502515450650293 1.5728287462279695 
211.0000473086816 NaN 132.6754206907995 1.2734775918740695 2.8229636113223933 
212.00010757329295 NaN 132.6754206907995 2.0549383046773926 2.8229636113223933 
213.0001075732929 NaN 134.10108480866495 3.124048156024685 2.2845838264711062 
214.00010757329284 13.048645881284187 135.32896271434026 2.4563020678241116 1.848738583957811 
215.00010757329278 13.984590538159466 136.9851948838878 1.9665826068339527 1.8534721252642044 
216.00010757329272 15.091299642488792 136.9851948838878 1.8454138054879365 1.8534721252642044 
217.00010757329267 12.826524539403835 138.2020864256773 1.4911301495547207 3.070363667053698 
218.0000373629503 13.705094846206634 139.3925007333474 2.3697004563575206 4.260777974723794 
219.00006183692096 14.749738372174278 140.90212678251407 2.1974524405356703 2.4258017490715247 
220.0001075732925 13.041152906887362 140.90212678251407 2.388965026003376 2.4258017490715247 
221.00010757329244 13.041152906887362 142.2168874273043 2.388965026003376 3.740562393861751 
222.00010757329238 15.232812883719163 143.5284745737555 1.7562383088782951 5.052149540312968 
223.00010757329233 15.232812883719163 144.6910528988255 1.7562383088782951 1.448896503477954 
224.00010757329227 14.392169199366293 145.88953562730973 2.288980451315865 2.6473792319621907 
225.0001075732922 14.263213835176742 145.88953562730973 2.2475816271507654 2.6473792319621907 
226.00010757329215 13.796691483517122 147.20634923844477 2.0082406648723463 3.233223502262206 
227.0001075732921 13.796691483517122 148.36131208230876 2.0082406648723463 2.543857057237375 
228.00010757329204 15.260119409469155 149.73910607624975 2.154854979689304 1.8413297840677103 
229.00010757329198 15.0818233347606 149.73910607624975 2.049473966792135 1.8413297840677103 
230.00010757329193 13.073191914759036 151.39415850502013 2.9139662581276013 3.496382212838057 
231.00010757329187 14.523692710944601 152.83350703772476 1.331620631601794 4.935730745542713 
232.0001075732918 14.439534717188735 152.83350703772476 2.437876945516024 4.935730745542713 
233.00010757329176 12.494795095149271 154.4544203052418 1.8781754847287857 6.556644013059753 
234.0001075732917 12.494795095149271 154.4544203052418 1.8781754847287857 6.556644013059753 
235.00010757329164 12.555857047575245 156.0249459937724 1.6299113160889362 3.29916685715051 
236.0001075732916 12.340538250922862 157.20965608969698 2.577170844506526 2.4979735672434344 
237.00010757329153 13.839711312760926 158.5743175327553 1.3211081218894094 2.489985911424526 
238.00010757329147 14.093123771148441 159.67054387298748 2.7730033087611616 2.6389527232391288 
239.00010757329142 14.093123771148441 160.69283505387926 2.7730033087611616 2.162070842292877 
240.00010757329136 15.455556148424563 161.4924481739924 1.6745479027468093 1.509788775534247 
241.0001075732913 14.310280933701819 162.74064429853803 1.978757962131283 2.7579849000798617 
242.0000266702249 15.008537853985672 162.74064429853803 1.8774017623020143 2.7579849000798617 
243.0001075732912 14.812963757656973 164.19865456884384 1.811425535368727 2.8535627931095746 
244.00010757329113 14.26770673072977 165.63408049440335 1.4632106669060363 2.962487478392802 
245.00010757329107 14.118917673555217 165.63408049440335 1.3183442168766248 2.962487478392802 
246.00010757329102 15.062557021440796 167.2061616244746 2.261983564762204 2.6540917905678327 
247.00010757329096 15.062557021440796 168.68620686118027 2.261983564762204 3.024341625430395 
248.00009563642791 13.242926851953825 15.21557838570547 2.06171122125167 2.03119684899346 
249.00010757329085 14.629971141887665 15.21557838570547 1.968710274479804 2.03119684899346 
250.00007279555376 14.637105284462166 15.194517314235952 1.9195004660001302 2.0109760898404545 
251.00010757329073 13.185877310135083 16.528867680414265 1.5775722475558496 1.9582821660849277 
252.00010757329068 13.185877310135083 16.528867680414265 1.5775722475558496 1.9582821660849277 
253.00010757329062 13.23415277989372 17.325674989954905 2.113401652141107 2.510504765544084 
254.00001371643597 12.918120434144868 12.16052029451356 1.301498592979641 3.683608856648817 
255.0001075732905 13.87991726940686 13.243386847211639 2.2632954282416335 1.8866358296199337 
256.00010757329045 13.382923703194052 13.243386847211639 2.051208041229927 1.8866358296199337 
257.0001075732904 14.56369231986858 14.700747314425428 2.1491101052063755 3.3439962968337227 
258.00010757329034 14.56369231986858 15.712861271362101 2.1491101052063755 4.356110253770396 
259.00007432899554 16.112300803842146 13.450127085210283 1.22824416502948 5.675950842604152 
260.00004638848543 12.74505847346424 14.90904293105649 2.348554126988006 7.134866688450359 
261.00010757329017 13.985887984412358 14.90904293105649 2.269543049102367 7.134866688450359 
262.0001075732901 14.521437142230894 13.825194787106426 1.346176361074697 8.366466678946551 
263.00010757329005 14.532841632045745 12.591891291898918 1.3670349073721013 1.7665578204654366 
264.00010757329 14.446023254309068 12.521507338639765 2.631804557043097 2.1702845183511386 
265.00010757328994 14.327212745889398 14.05798234851352 2.501759381576335 2.454300991431296 
266.0001075732899 14.914330000523222 13.262210578881309 2.1496007805059207 2.2639393428916605 
267.0001075732898 13.265802355405015 13.262210578881309 1.881769054576921 2.2639393428916605 
268.00010757328977 14.12679195469832 13.870866596596699 1.6683506527388658 2.0021020270113468 
269.0001075732897 13.858058959871641 14.997098801414808 2.4824842106102665 1.859690947884701 
270.00010757328965 13.193223738621555 14.4270821419517 1.7341896600618156 2.351498228483308 
271.0001075732896 14.270598966185105 14.4270821419517 2.811564887625366 2.351498228483308 
272.00010757328954 14.356732299812165 15.943567809030071 2.7835799733709905 2.261325091726576 
273.0001075732895 15.671271176301161 17.120331298690814 2.7453219699680744 2.360713353823769 
274.0001075732894 15.671271176301161 17.120331298690814 2.7453219699680744 2.360713353823769 
275.00010757328937 13.081731855504586 18.566370503819655 1.4728899176085406 2.708505268388876 
276.0001075732893 14.400539934126414 14.801388608694083 2.7916979962303685 2.719501070329045 
277.00010757328926 14.129106509182236 15.330016957549333 1.0942757209535898 2.3628614726232513 
278.0001075732892 15.175049445589707 12.975918929513057 2.1402186573610607 3.7415314888102102 
279.00010757328914 13.38238582328762 12.975918929513057 1.7591283939631808 3.7415314888102102 
280.00009830739896 13.538518325777375 14.305168110289458 1.610998881397336 3.751972590964783 
281.00010757328903 13.538518325777375 14.72244532101712 1.610998881397336 4.756367056326269 
282.000107573289 15.173317148620072 16.014670049846586 1.9165485234636321 3.245409997191132 
283.0000325969007 13.667360749734769 17.064297889636464 2.0732496605471056 4.29503783698101 
284.00010757328886 13.51193843659513 13.468704846192452 1.978399498469912 2.647772381709899 
285.00005906762243 14.461854897651563 13.468704846192452 1.8786881197364664 2.647772381709899 
286.00000909087316 14.399985285633932 13.952470292254759 2.1152303036045055 4.22978511833594 
287.0001075732887 14.399985285633932 14.18561692886999 2.1152303036045055 2.469084001186502 
288.00010757328863 14.466406014399922 15.20912901803814 1.7764017854051986 3.4925960903546525 
289.0001075732886 14.234078271996339 16.270060859059413 1.4424277350262287 1.8557276578884512 
290.0001075732885 14.905978723980695 16.270060859059413 2.1143281870105852 1.8557276578884512 
291.00010757328846 14.444022960565349 13.735401690266087 1.957640678508767 1.9211338176525032 
292.0001075732884 15.247896844211823 15.047702421945132 1.4823969396659322 2.5615340973471916 
293.00010757328835 14.836426345014502 15.09099973239779 2.44959645665557 1.7230179225197162 
294.0001075732883 14.836426345014502 15.09099973239779 2.44959645665557 1.7230179225197162 
295.00010757328823 14.401386419728112 16.566660669886176 1.9466591989678932 2.394804976361627 
296.0001075732882 14.400645477984085 18.03543172769855 1.762482048564948 1.5231455014056223 
297.00008129671056 12.95397050176706 18.03543172769855 2.583508783330501 1.5231455014056223 
298.00010757328806 13.583461673878162 13.629523730856079 1.7442288976292275 2.4987615384273454 
299.000107573288 13.328515552305078 13.99674656620573 1.570306770587706 1.7033903129824353 
300.00010757328795 14.288128805389135 13.99674656620573 2.529920023671764 1.7033903129824353 
#####################################################################
# End of data export. Simulation finished at: 2019-09-19T00:53+0000 #
#####################################################################
