#####################################################################
# Alchemist log file - simulation started at: 2019-02-20T22:40+0000 #
#####################################################################
# seed = 64.0
#
# The columns have the following meaning: 
# time distance-rep[Mean] leader-rep[CountDistinct] distance-share[Mean] leader-share[CountDistinct] 
0.0 NaN NaN NaN NaN 
2.0013148996883547 0.0 133.0 0.0 152.0 
4.000233994370765 0.0 73.0 0.0 107.0 
6.000231769645239 0.0 50.0 0.0 89.0 
8.000072642454095 0.0 42.0 0.0 84.0 
10.000812049279238 0.025180698651499127 34.0 0.0 78.0 
12.000449898723247 0.5097628131447596 31.0 0.0 76.0 
14.001252437111482 0.7668003813421204 29.0 0.0 75.0 
16.001349646837546 1.3680730900310443 28.0 0.0 73.0 
18.00098597925351 1.936195920579916 25.0 0.0 71.0 
20.002354098288205 2.4066492296049753 25.0 0.0 68.0 
22.001958047001143 4.519853199032527 24.0 0.0 66.0 
24.000028510268038 4.524056892480383 22.0 0.0 63.0 
26.000382090607552 4.326293715392504 22.0 0.0 61.0 
28.003347640478143 4.288173370735104 20.0 0.0 61.0 
30.000086236606474 4.471160890131435 20.0 0.0 59.0 
32.002357343157506 6.618854517554639 20.0 0.0 55.0 
34.00024892488334 7.053744067602433 19.0 0.0 55.0 
36.00134964683755 7.588066563155875 18.0 0.0 54.0 
38.00013302936362 8.357854373976899 17.0 0.0 54.0 
40.000088079464646 9.666653337889521 17.0 0.0 51.0 
42.00079481857959 17.12748996604387 16.0 0.0 49.0 
44.00136209466307 17.082650540631917 16.0 0.0 43.0 
46.00014003781271 17.805511343172657 15.0 0.0 41.0 
48.00176598543483 18.515678473942604 15.0 0.0 41.0 
50.000342110383414 19.13497303213577 18.0 0.0 41.0 
52.00107573204627 21.442798036808295 17.0 0.0 40.0 
54.000428447706035 22.269395974869173 17.0 0.0 41.0 
56.00008925909121 21.81387089308073 17.0 0.0 39.0 
58.00150100594477 21.281750888924968 17.0 0.0 40.0 
60.00242250867258 21.24236892872264 17.0 0.0 38.0 
62.00023180674998 21.369429617630814 17.0 0.0 40.0 
64.00121378103168 21.405650643859673 15.0 0.0 39.0 
66.00134964683755 21.983113318087817 15.0 0.0 37.0 
68.0013403238444 22.36793037406752 16.0 0.0 37.0 
70.00116860731504 22.173027371201645 34.0 6.599473801498663E-4 37.0 
72.00074338313294 10.423893519139035 30.0 0.009923056123518244 40.0 
74.00031815895085 9.229070776863246 22.0 0.03214375567493627 40.0 
76.0004196133771 8.884206976540463 19.0 0.05755728825755291 37.0 
78.00247980680665 9.168931079851468 17.0 0.07718269136298783 33.0 
80.00242250867258 9.578153371651721 17.0 0.1014938771541583 34.0 
82.00000861281318 12.974747212893272 17.0 0.10874740081696163 38.0 
84.00206500187119 13.641672875790775 17.0 0.07371808181616119 36.0 
86.00134964683755 14.313987372184043 16.0 0.060376062525258165 34.0 
88.00016234490136 15.033297152466067 19.0 0.054012505688405904 33.0 
90.00127029201592 16.042447740241144 17.0 0.05013379749866394 33.0 
92.00024855946182 21.67658087189697 16.0 0.03459402691478276 33.0 
94.00206500187119 22.08397726307432 18.0 0.04048931530744994 33.0 
96.00134964683755 23.539640570834557 16.0 0.04494680904804312 32.0 
98.00347564621725 24.839883276071813 16.0 0.04848122102770071 32.0 
100.00242250867258 25.576300010409348 16.0 0.05302673927304059 34.0 
102.00004182628078 31.385524220731696 17.0 0.07771716267389463 34.0 
104.00173437811304 31.648579984040833 18.0 0.09895534295648914 33.0 
106.00094618530295 32.07966770189088 17.0 0.13408688984473074 33.0 
108.00072065570325 32.34961229562327 17.0 0.16406200826018388 31.0 
110.00168591678529 32.55389387360015 17.0 0.2079088265948576 31.0 
112.0003117614616 34.52058382129659 17.0 0.486547889349796 31.0 
114.00206500187119 34.82874212014419 17.0 0.5080317725402511 31.0 
116.0001743251094 35.551333905765425 17.0 0.5455888958288181 31.0 
118.0020392401854 36.36793197343252 17.0 0.5374591351759103 30.0 
120.00170453688867 37.28917155809175 16.0 0.5046705534304566 30.0 
122.00029960162617 42.9733652205833 16.0 0.6991779005106312 28.0 
124.00206500187119 43.17093801849673 16.0 0.6781394483260005 28.0 
126.00024561678842 43.42371052777191 17.0 0.7828183372846472 29.0 
128.0007663287486 43.58746376229229 25.0 0.5970802816428212 28.0 
130.00054919729718 42.68181553003376 44.0 0.47715519650801974 27.0 
132.0015551771083 35.17770439924423 32.0 0.00501715714844438 28.0 
134.00134780263707 38.32407582974028 27.0 0.007525735722666678 28.0 
136.00134964683755 40.576513181437136 24.0 0.019738019071031475 28.0 
138.0011907340433 45.07862517226057 23.0 0.040623123389234295 27.0 
140.00167786737282 49.62972008839842 21.0 0.05452836653169997 27.0 
142.0050655834271 68.49053450062095 20.0 0.15814099473229104 26.0 
144.0020650018712 68.83873585442154 19.0 0.1779751430077525 25.0 
146.00031926024718 69.2538547687306 20.0 0.1972413065965002 26.0 
148.00468883001554 69.3677974540556 19.0 0.2261783184363413 34.0 
150.00079640135127 69.41528099251578 26.0 0.2327853605541943 28.0 
152.00326175205362 72.56782436541648 21.0 0.26961566598002906 29.0 
154.00016143853819 67.99237858266706 21.0 0.3565432427961038 28.0 
156.0000882257178 62.19489996691975 19.0 0.47311090488209345 28.0 
158.00104274962732 60.05627793349231 18.0 0.5679175903239503 28.0 
160.00242250867257 59.18376825668311 17.0 0.6094973840834084 27.0 
162.004809989188 51.74597919233902 17.0 0.7061441841086158 29.0 
164.00185648170057 51.27896427264871 17.0 0.697230486061853 27.0 
166.00134964683755 50.41243207775552 17.0 0.6650549692297977 25.0 
168.00121731860375 49.55143910350437 16.0 0.5957320797335333 25.0 
170.00242250867257 48.96665775523235 16.0 0.5473695345432624 24.0 
172.00483110820193 44.08324256175154 16.0 0.2442919790034122 24.0 
174.0020650018712 44.54631186766482 15.0 0.2837991867636694 24.0 
176.00011862279146 44.50023598494848 15.0 0.30714936231641826 24.0 
178.0003720200573 44.05791544126405 15.0 0.32059117990391195 25.0 
180.00242250867257 43.04981210909147 14.0 0.3024314889903557 22.0 
182.00132833613876 31.580909014879417 14.0 0.3464560550011681 21.0 
184.00145121426297 30.324218731950126 13.0 0.25307299045458087 21.0 
186.00079177660714 27.66856406639364 12.0 0.18076006810073428 23.0 
188.00013233895132 26.06166557804322 12.0 0.15035996310996685 22.0 
190.00242250867257 25.10251695426746 12.0 0.14076502995492923 21.0 
192.0000367271792 21.700153710024797 13.0 0.12437731794600616 23.0 
194.0020650018712 21.587109925660336 13.0 0.28000535035527857 23.0 
196.00134964683755 21.47904268157664 12.0 0.4251981077040168 24.0 
198.00066513150443 21.35816717973714 12.0 0.5699138159253854 23.0 
200.00145311877216 21.507091124990207 12.0 0.570216228486614 23.0 
202.00018887429462 24.322976791225578 12.0 0.8195961250775331 25.0 
204.0020650018712 25.705179951234715 11.0 0.9082511070461361 23.0 
206.00128742650074 26.995572158472132 11.0 0.9183151339544444 26.0 
208.0014169337688 27.879159455174076 11.0 0.91911798493718 25.0 
210.00123302473602 28.377493821116765 11.0 1.0003603662913345 23.0 
212.00048964465626 29.92703176426636 18.0 1.2169030111563708 22.0 
214.00151853885419 28.788366819938037 19.0 1.5057397968044675 22.0 
216.00134964683755 27.14184918146568 16.0 1.423516997763237 22.0 
218.00037408924447 26.201714532662706 17.0 1.283842814601137 22.0 
220.00184666305964 25.989764579032773 16.0 1.1453583002483523 22.0 
222.00006177108844 28.236758094662726 15.0 0.4594656784050244 21.0 
224.00164670431647 29.504043116420288 14.0 0.4544251546768734 21.0 
226.00134964683755 29.806600956848506 14.0 0.4517750577860825 21.0 
228.00023308132725 29.62254858133455 14.0 0.4493652154171583 21.0 
230.0019539398543 30.077564821476358 14.0 0.4629303752518133 21.0 
232.00185400812617 32.6737515709198 14.0 0.4697858737954656 22.0 
234.0020650018712 32.815872503979655 14.0 0.7530467187759807 22.0 
236.00113578529493 33.24947948373536 14.0 1.0037992768669766 25.0 
238.00218114325594 33.75314015493537 14.0 1.4024785113943286 24.0 
240.00242250867257 34.13825139908143 14.0 1.5672414428773556 23.0 
242.0013063457491 35.759059609085796 15.0 1.2896932610594745 24.0 
244.0013859374899 35.61609148810432 14.0 0.9927854258167781 24.0 
246.00029323093787 35.33999559153158 14.0 0.851359028101999 24.0 
248.0013409594253 34.172378198966115 15.0 0.756340975389546 24.0 
250.0016116329187 32.64133129223518 15.0 0.6976157607978003 24.0 
252.00161237964795 23.823406714609433 24.0 0.5474039166648164 24.0 
254.0003944806711 22.85159842133859 21.0 0.509795747830606 26.0 
256.0007558901872 21.376558220461778 20.0 0.5441199776201753 25.0 
258.00238508036693 20.940075649049223 18.0 0.5378010476900353 26.0 
260.00084077265916 20.919871493521963 17.0 0.5255993185630151 26.0 
262.00221727510143 19.965513575062687 17.0 0.4507796289793128 26.0 
264.00187626539275 20.139959670167524 17.0 0.4182554327935274 26.0 
266.0013496468375 20.853136292783756 17.0 0.3914137669621893 26.0 
268.0070158557437 21.988504000845982 16.0 0.3991031983429975 26.0 
270.0018984719075 22.830773096436687 16.0 0.3794223733826397 28.0 
272.00168428714284 25.28666021805235 16.0 1.4940387058659113 26.0 
274.001335916714 26.34316500093578 16.0 1.71313959867462 25.0 
276.00063377580915 27.060364217052257 14.0 1.857261967804665 24.0 
278.0002548576662 27.911489700312575 14.0 2.635009628366869 27.0 
280.00242250867257 28.686790525467895 13.0 3.0532580973788606 24.0 
282.0005317776321 30.972058695381296 13.0 3.432065377199305 28.0 
284.0005658780417 30.85380856585348 14.0 3.8704166316622266 27.0 
286.00021852304917 30.364462005550394 13.0 4.239717211603567 27.0 
288.00086926203124 29.74562450707341 21.0 4.201384252188449 26.0 
290.00046103995857 28.48782777464998 18.0 4.117798542355846 26.0 
292.00174730138275 24.41551176293879 18.0 2.8716270002829445 25.0 
294.0020650018712 27.282420777924614 16.0 2.8929770243823794 24.0 
296.0013496468375 28.7785152711723 16.0 2.456517099280678 23.0 
298.0020189181606 30.17473123953056 15.0 2.239338684321159 24.0 
300.001609356151 31.162579542013805 14.0 2.1765341038060577 24.0 
#####################################################################
# End of data export. Simulation finished at: 2019-02-20T22:41+0000 #
#####################################################################
