#####################################################################
# Alchemist log file - simulation started at: 2019-02-22T06:47+0000 #
#####################################################################
# seed = 111.0
#
# The columns have the following meaning: 
# time distance-rep[Mean] leader-rep[CountDistinct] distance-share[Mean] leader-share[CountDistinct] 
0.0 NaN NaN NaN NaN 
1.000025910119982 0.0 236.0 0.0 235.0 
2.000864750025529 0.0 140.0 0.0 159.0 
3.0078209219877663 0.0 99.0 0.0 131.0 
4.000383310306704 0.0 71.0 0.0 111.0 
5.0002003955478465 0.0 69.0 0.0 102.0 
6.001679853481662 0.0 52.0 0.0 96.0 
7.000999490836318 0.0 44.0 0.0 90.0 
8.000617148557467 0.0 40.0 0.0 87.0 
9.00066874296277 0.00238955034657317 39.0 0.0 82.0 
10.003663806987863 0.00238955034657317 35.0 0.0 81.0 
11.000952438933059 0.029226991769396093 29.0 0.0 79.0 
12.001290298109836 0.05647396969688021 28.0 0.0 76.0 
13.005025887259404 0.21358252508750786 25.0 0.0 74.0 
14.002869449194739 0.3526189746902284 24.0 0.0 74.0 
15.00289164518519 0.7352436443498933 24.0 0.0 73.0 
16.001446749527823 1.3373568158443703 23.0 0.0 73.0 
17.0001738643904 1.921664861860084 22.0 0.0 73.0 
18.004807070837355 2.277166397585162 22.0 0.0 73.0 
19.000306037550654 3.8451876643842757 21.0 0.0 72.0 
20.005295403187517 4.932509129523834 21.0 0.0 71.0 
21.00006795378117 6.506009735832846 19.0 0.0 68.0 
22.001682548600577 8.19855015267249 18.0 0.0 68.0 
23.005449068582625 10.165515570686086 18.0 0.0 64.0 
24.002569371855 11.042817488752105 16.0 0.0 63.0 
25.000215226817904 12.90043785653789 16.0 0.0 63.0 
26.00007044976038 13.111308183657824 16.0 0.0 63.0 
27.002148290788533 13.888865258044216 16.0 0.0 62.0 
28.006375577785025 13.598016666732166 16.0 0.0 60.0 
29.002751590306378 13.803330558824275 16.0 0.0 60.0 
30.000025277149145 14.156635856419747 16.0 0.0 60.0 
31.00016800448758 14.471935084204553 16.0 0.0 59.0 
32.00166401161472 14.653669087376887 16.0 0.0 59.0 
33.0057298623557 14.23965066607453 16.0 0.0 59.0 
34.00017272717773 14.0434316341868 16.0 0.0 59.0 
35.00244364409921 14.254738220265235 16.0 0.0 58.0 
36.0008267973537 15.188485399283286 16.0 0.0 58.0 
37.00147019766247 15.618787590585821 16.0 0.0 58.0 
38.001234722970885 15.805395002872409 16.0 0.0 57.0 
39.00042357942172 17.363549715344533 16.0 0.0 56.0 
40.00050419364501 18.729645928339313 16.0 0.0 56.0 
41.00314974167659 18.430801149453803 16.0 0.0 55.0 
42.00193229786316 18.9802069361809 15.0 0.0 55.0 
43.00067551443232 19.485039875053904 15.0 0.0 52.0 
44.008583255259374 20.886528726603526 14.0 0.0 52.0 
45.001649245604234 21.432342442345938 14.0 0.0 51.0 
46.00439864894031 21.74266641806419 15.0 0.0 50.0 
47.00158513708802 21.37769752072345 14.0 0.0 49.0 
48.00928712835026 21.55941209489277 13.0 0.0 49.0 
49.00041716861755 21.420511399869273 13.0 0.0 47.0 
50.001324487147805 22.747677945107327 13.0 0.0 45.0 
51.00149178630108 23.514621428356588 13.0 0.0 45.0 
52.00000714781451 22.74442858609713 13.0 0.0 42.0 
53.00255198589568 22.402390383418965 13.0 0.0 42.0 
54.001596045751064 22.960030192182106 13.0 0.0 40.0 
55.001613045500264 23.73860266597189 13.0 0.0 40.0 
56.002834087210864 23.62573062973812 13.0 0.0 40.0 
57.00277388606773 26.006497740395044 13.0 0.0 40.0 
58.002008642895966 25.484936222363128 13.0 0.0 40.0 
59.00029653573448 25.782462473712336 13.0 0.0 40.0 
60.0020092684292 25.66195105981385 13.0 0.0 39.0 
61.00258624210485 25.979457195462373 13.0 0.0 39.0 
62.00002681400872 25.862353209832115 12.0 0.0 38.0 
63.000463410815385 26.165459258524702 12.0 0.0 38.0 
64.00017043930306 24.73997270247859 12.0 0.0 38.0 
65.00118954736323 23.804030969811855 12.0 0.0 37.0 
66.00136768097462 22.55617303843613 12.0 0.0 37.0 
67.00073320780378 18.072535076723977 12.0 0.0 38.0 
68.00119031491182 16.96579841991986 11.0 0.0 38.0 
69.0000477877544 16.412194589367406 11.0 0.0 37.0 
70.00162454326926 16.22521724087703 11.0 0.0 38.0 
71.00284448259816 16.582246996784512 10.0 0.0 36.0 
72.00222257917372 16.851625627737395 10.0 0.0 34.0 
73.00008671801457 16.92010636319113 10.0 0.0 35.0 
74.00327087529742 16.60000374038018 9.0 0.0038592406698013206 34.0 
75.00166583356402 15.611351385476011 9.0 0.0344151714944954 33.0 
76.00140410365928 15.68998592531036 9.0 0.1896520577284054 33.0 
77.00119382251579 16.43310563264849 10.0 0.19392535160315388 33.0 
78.00279912493184 16.605764005894237 12.0 0.3193282266504883 32.0 
79.00018302767488 16.442008128980834 13.0 0.4038597294624791 31.0 
80.00078046594462 15.760878044992573 12.0 0.3707453511104806 31.0 
81.0009440547189 15.917474878222656 12.0 0.3959291514610781 31.0 
82.00397041392812 15.397882466743818 11.0 0.4507363671844068 32.0 
83.0011082255104 12.105233601117193 12.0 0.477830864887724 32.0 
84.00122359671919 11.64855312529291 12.0 0.6476673092102797 32.0 
85.00094136623109 11.94366649173138 12.0 0.49057135772997884 31.0 
86.00030608347816 11.997418304093895 11.0 0.4821582939601582 31.0 
87.00081244681456 12.201102096774012 11.0 0.4816626868770796 31.0 
88.00113017997278 11.81158699549303 11.0 0.5231630827381323 31.0 
89.00027634111362 11.340267739812166 12.0 0.5793714001332293 31.0 
90.00331995919797 11.032486374360566 15.0 0.5907589204796342 31.0 
91.00010497767553 11.404114701317825 14.0 0.6929867608208343 30.0 
92.00215969367132 12.044337786885617 13.0 0.6832550432967602 30.0 
93.0011375231063 11.688342747698494 13.0 0.696454019997173 30.0 
94.00084665471047 12.037614425589116 13.0 0.7396258224758074 30.0 
95.00176429855762 11.532417028408897 13.0 0.8228743952236839 30.0 
96.0013736522098 12.214377298027198 13.0 0.7498535414072267 30.0 
97.00238357609446 12.035567173147298 13.0 0.7705525817510591 30.0 
98.00215741797561 11.778680398112707 13.0 0.7192699251646492 32.0 
99.00089112017335 11.28154352602175 13.0 0.9722060134604671 31.0 
100.00036037471286 11.112733303573167 13.0 1.1499343142910101 30.0 
101.0030493177949 11.15185824745097 13.0 1.6767345507104385 32.0 
102.00635135032995 11.193283950464034 13.0 1.0841366244411093 32.0 
103.00206043978892 10.888648772797117 13.0 1.0675649578070163 31.0 
104.00293627934681 11.594549795948796 13.0 1.3989230384794993 31.0 
105.00562987417423 10.74597865955242 13.0 1.5526790215714283 30.0 
106.00008292097635 11.516253343357308 13.0 1.383462500666247 31.0 
107.0007814863709 11.382074397553517 13.0 1.274027390275771 30.0 
108.00217918009848 11.389064813474027 13.0 1.513497745855019 29.0 
109.00429181957928 11.369272315176921 13.0 1.7415873677529834 29.0 
110.00282634576469 11.825550208584305 13.0 1.7744800821750906 27.0 
111.00091561487206 11.891203296082681 13.0 2.1994882008905066 27.0 
112.0062148191005 13.666640345658113 13.0 2.4990681865893545 27.0 
113.00063631022742 14.36637416662311 13.0 2.280292840721491 27.0 
114.0007577386271 15.118756694877403 13.0 2.225410606988121 27.0 
115.00096810306319 14.898272586504666 13.0 2.9509546036703895 27.0 
116.00321655009617 15.87369295814496 13.0 3.238934616658849 27.0 
117.00032540352194 15.601763052988739 13.0 4.018370147131877 26.0 
118.00085288872617 15.35434753349849 13.0 3.741321696442222 26.0 
119.00074777630711 16.05706938224604 14.0 3.382820728817925 26.0 
120.00165723206078 14.735578633232436 15.0 3.326347744748649 25.0 
121.00006336138091 15.01423683388434 15.0 2.880140658460596 25.0 
122.00158982483143 14.68108286923844 15.0 3.475618600733883 25.0 
123.00073948916044 13.082180626467114 16.0 3.321685972902246 26.0 
124.00115583599529 14.360797167129855 18.0 3.0934473788935475 26.0 
125.00446248445712 12.718129792242541 16.0 2.7925910761390105 23.0 
126.00060583942455 11.987482548530169 14.0 1.9639990709397301 24.0 
127.00176807026746 12.738910336892433 14.0 2.512593086927199 25.0 
128.00078452585174 14.429073758679946 14.0 2.5128283409363035 25.0 
129.0000458191244 14.751754081881566 14.0 2.471148698229005 26.0 
130.00060476833778 16.29728289081668 13.0 2.4309717317262827 25.0 
131.00085632589355 16.762038627082454 13.0 2.47045479598405 25.0 
132.00299199898717 16.97224855217878 13.0 2.729457471714744 26.0 
133.00335037121118 17.261500475223375 13.0 2.6226529584210247 26.0 
134.00037700027605 17.749524504865736 13.0 2.9683668341980773 27.0 
135.00080236808978 18.667531176372442 13.0 3.0727311494316196 27.0 
136.00540918292052 20.316024979236232 13.0 2.966866236374946 26.0 
137.00232701566253 23.281112722456623 13.0 3.042058565423161 25.0 
138.00420680498672 24.708694754467 13.0 2.55297868274799 25.0 
139.0018312284507 26.950474435031563 13.0 2.358534146894065 25.0 
140.00277022262395 26.882862761148747 14.0 2.3316859935089647 25.0 
141.00190335231454 28.544225684987016 15.0 2.7407823640239353 26.0 
142.00442640212788 31.259733666956365 15.0 2.1252504473001714 25.0 
143.0025170320051 35.047742794848176 14.0 3.6158694132473763 25.0 
144.00065230319507 38.430423633525486 14.0 3.0665689305683266 25.0 
145.00147589073342 40.326846910647674 14.0 3.459108115858829 25.0 
146.00010142055726 41.831509510909 14.0 2.8216423944365214 25.0 
147.00005467726177 40.758616967465784 14.0 1.7181713289283584 41.0 
148.000298902252 41.9873325466703 14.0 1.7660508922434504 30.0 
149.00106825472366 41.5193172278723 14.0 1.5747457549209585 30.0 
150.0022874592973 42.24864435403667 14.0 1.3533500597508585 30.0 
151.00180961897837 39.313468480831396 14.0 1.2508108492643857 29.0 
152.00948514042514 38.10024929727245 19.0 1.2903577248612284 28.0 
153.0012228937106 37.110528595438 19.0 1.0884669265324245 30.0 
154.0030804656343 34.44501578811688 20.0 1.1249582912225877 28.0 
155.00259763878185 33.01725922744426 18.0 1.4524289333187352 28.0 
156.00035483813838 31.597518845432436 18.0 1.3736386441679038 27.0 
157.00124378987593 26.62942072663134 18.0 0.9105767956723149 28.0 
158.0036431188315 25.656091045561492 18.0 0.9518217903297348 25.0 
159.0000037388671 25.888465524277887 18.0 1.0320660967061628 25.0 
160.00395616195655 26.088265695643862 18.0 1.1771654454433704 25.0 
161.00006159975453 25.60708519761788 18.0 1.2650343304610694 26.0 
162.00761946620588 25.852948005683743 18.0 1.3048190261025396 25.0 
163.00048012256187 26.090097158106 18.0 0.8209544939140196 26.0 
164.00310557577518 25.585989995592406 18.0 1.283618022118707 26.0 
165.0005568861187 27.712219539010846 18.0 1.274138681240677 26.0 
166.00099177201503 27.337007039130874 18.0 1.2811474716469378 26.0 
167.0009539225339 28.79838751183752 17.0 1.2727841681311467 26.0 
168.0125717455878 28.740416895908325 18.0 0.9078015962326191 26.0 
169.00593058882984 29.250311440957603 19.0 1.1978825214897184 26.0 
170.0000348791525 30.239355305033442 19.0 1.1943756657457927 26.0 
171.00193301712346 30.384736528160467 19.0 1.0492499198239447 25.0 
172.00242486641 30.14392995604013 18.0 1.6783910219936309 26.0 
173.00362283772805 30.575796925165914 18.0 1.8864349719769604 26.0 
174.00038379095903 30.404990544051387 18.0 2.3855232768585983 26.0 
175.00178545313202 29.550752398711367 17.0 2.19436498821694 26.0 
176.00021417087044 28.17074948949937 17.0 2.1313033766620713 26.0 
177.00437819474928 29.67407778628451 18.0 1.8099497510760514 27.0 
178.00173790116742 34.29403073259741 17.0 1.399863526175059 27.0 
179.00169914896972 41.42294116354375 16.0 1.0775181197089323 28.0 
180.0001817320783 43.58030624280499 21.0 1.0299096951467137 28.0 
181.0023985190556 46.40831261847146 24.0 0.9783642703208764 26.0 
182.00124591515797 49.477131729234245 21.0 0.9533417157758668 26.0 
183.00725108303067 47.93518237104731 21.0 0.7632342980549581 25.0 
184.00914845287173 47.77419627883529 20.0 0.6569405902121673 25.0 
185.00086989537493 45.067748960341554 20.0 0.6378316897354949 25.0 
186.00069119453272 45.232823494169665 21.0 0.5877713662177573 25.0 
187.00029583671625 45.313248937687135 21.0 0.4176090507526742 25.0 
188.00023425313353 45.944620805633676 21.0 0.4162267475842737 25.0 
189.00061642992404 43.8986909697481 20.0 0.26977617068471416 25.0 
190.00015065006514 45.646161238509144 19.0 0.43651618880971615 24.0 
191.0006148979846 40.833439243669005 18.0 0.43651618880971615 24.0 
192.00020948091338 41.27598382165703 19.0 0.33502642748199724 24.0 
193.00138435721064 41.652836912479124 19.0 0.33502642748199724 24.0 
194.00362161995147 43.909478878363515 19.0 0.32997473757907275 23.0 
195.00342435355253 43.448305905290674 19.0 0.34347192000088583 24.0 
196.00020273761962 41.70773967279297 22.0 0.202484225629477 25.0 
197.0000127229155 40.104179801502134 23.0 0.258168219838617 24.0 
198.00641056512382 38.412145553421794 23.0 0.3064488267239427 24.0 
199.0015304040577 35.71411041393546 22.0 0.5936909010868853 24.0 
200.0013451635687 36.38156196886525 22.0 0.7045649932396165 24.0 
201.00045628147504 33.413786164977246 22.0 0.7305558648113729 24.0 
202.00013836167028 32.62668754242198 24.0 0.8082010450146284 24.0 
203.0041201244603 29.66742648214236 24.0 0.8311843221847028 24.0 
204.0008309294108 24.64537601668594 24.0 0.7654726277092058 24.0 
205.00448639084647 23.498308839688985 24.0 1.008648305423706 24.0 
206.00141483156037 28.776699343500415 24.0 0.9577543471022775 24.0 
207.0033942922206 32.03876873675871 22.0 0.9604921846023918 24.0 
208.0007191082724 33.701135788854266 22.0 0.9609331410101043 24.0 
209.00107191797906 35.439832844952264 22.0 1.3963500846470167 25.0 
210.0013409538896 37.17781391194492 22.0 2.321093678726881 25.0 
211.00230966680647 36.41130140456889 22.0 2.6864260469378944 25.0 
212.00024118219824 37.70377288764808 21.0 2.7040194719160824 25.0 
213.00053007367796 35.66720694760522 22.0 2.1417701142209644 25.0 
214.0007747645714 37.35513928916251 22.0 1.949878838322296 25.0 
215.00391232928422 38.43883305158844 21.0 2.069407931032629 24.0 
216.0000086904285 36.77641174874723 21.0 2.3512633573469053 25.0 
217.00302505876053 37.84419466101182 21.0 2.1710216656315526 25.0 
218.0037245457215 35.56285816254003 20.0 2.0266476225903363 25.0 
219.00647043036724 33.83284055617842 20.0 2.0274587053760826 25.0 
220.0000988019039 30.454668498241254 20.0 1.449723622976146 25.0 
221.0000583387707 29.467904116963936 20.0 1.783441401406635 26.0 
222.00093460593015 29.593075637936295 20.0 1.5550542198217034 26.0 
223.00060654637664 29.49517329317901 20.0 1.631594007662891 26.0 
224.0006628106707 29.085949312174044 20.0 1.348254655632315 26.0 
225.0003371814036 28.08905166000492 30.0 1.4949174188327112 26.0 
226.00044501492556 27.09781193601528 25.0 1.6094439833245664 26.0 
227.0062395294184 25.435553883307406 24.0 1.6351310334735938 26.0 
228.0025877411673 23.322941137828213 23.0 1.9550423732188915 26.0 
229.00020792210836 21.642414766183613 23.0 2.3757397891996592 26.0 
230.00130372429064 18.925427635700913 23.0 2.4223808673030978 26.0 
231.0015727405873 18.371093383652195 23.0 2.4253717874773124 26.0 
232.00214298090066 18.25276810813174 23.0 2.3658791152393626 27.0 
233.00079162191582 17.123671865127765 23.0 2.0597628397960324 26.0 
234.0043961322403 17.85527661527984 22.0 2.0627936797373585 25.0 
235.0011065429385 18.554424083670973 22.0 2.0009896722257747 25.0 
236.00164937388848 20.388169540408484 22.0 1.788962667336189 25.0 
237.0013592330579 23.829861776523586 20.0 2.1451874531029134 25.0 
238.00106291793864 24.42439725204575 20.0 2.106892135690652 25.0 
239.00076431063968 24.918389697059673 20.0 1.5352289754456956 32.0 
240.00091222983397 25.02336874543936 20.0 1.7817189256153256 27.0 
241.0003198262408 25.6155574886473 19.0 2.6630788202243574 25.0 
242.0009175418029 25.90257891385478 19.0 2.60648113637878 25.0 
243.00011354135057 27.705057492314022 19.0 2.445017987303186 25.0 
244.00036523073229 29.636247076351342 19.0 2.7558426387948995 24.0 
245.0005360324932 30.615428165882157 19.0 2.811959079116958 23.0 
246.00361217193677 31.34550134145527 19.0 2.5160978055557854 23.0 
247.0000569660213 32.7215771722403 20.0 2.5066233210114217 22.0 
248.00028842861744 33.7135246923905 20.0 1.779278837869875 22.0 
249.0003783501413 34.56265544775004 20.0 1.8767559790011423 22.0 
250.00182312195258 34.515817007222694 19.0 1.6654775039113274 21.0 
251.0022024426044 34.33129941133954 19.0 1.7866516779748467 21.0 
252.00007779725684 35.152263250625694 19.0 1.8962693868454248 21.0 
253.00296442247827 35.41293739324625 18.0 1.8463801548705543 21.0 
254.00191058679766 35.27714392829916 17.0 1.76050672764669 21.0 
255.00113427320872 32.13553190889016 34.0 1.2757329094225827 21.0 
256.0018669936218 29.210859673420092 28.0 1.2612111845099643 21.0 
257.0037443693052 25.873789749390284 22.0 1.5479045588092908 21.0 
258.00001989226575 23.855454723152242 20.0 2.738190363130069 21.0 
259.0061468553874 20.468585792467515 19.0 2.642639572566583 21.0 
260.0040100184421 19.13278366370362 18.0 2.6622054175276357 21.0 
261.0018714931644 20.150852490188978 17.0 1.759015342646122 21.0 
262.00026602433405 20.839873478690354 17.0 1.9940220699717348 22.0 
263.00018511990703 22.332820860518193 17.0 2.1533211996164807 22.0 
264.00034728582267 23.525082479940508 15.0 2.194032685862448 22.0 
265.00010985925803 24.18002543670609 15.0 1.7611837395408139 25.0 
266.0031405664357 25.152532521259076 14.0 1.5514685262180217 25.0 
267.00045085114147 26.593605507416584 12.0 1.9730825183153007 26.0 
268.00033354165674 29.25869652749548 11.0 2.2086306595433234 26.0 
269.0004142273353 30.715231746168932 11.0 1.2187098737837443 24.0 
270.000200623215 31.272125228785633 11.0 1.0376056663597208 26.0 
271.00210570532033 32.42817379444812 11.0 0.9934741682231268 32.0 
272.00051260286546 32.849090189343386 11.0 0.7396239029153996 29.0 
273.0016870082956 34.16664074262462 11.0 0.48642459505272106 27.0 
274.00004511066476 35.07219556197784 11.0 0.49444543161812277 27.0 
275.0002420637244 35.96996867233569 11.0 0.5174037822216127 27.0 
276.0014709832844 36.67497212496378 11.0 0.8833073386935075 28.0 
277.00036393470094 36.42405536593451 11.0 0.8524758280522445 27.0 
278.005553902351 35.56750776971866 11.0 0.854385525540849 27.0 
279.0063730715761 36.45863835774006 11.0 1.0045802855786634 27.0 
280.0006535207744 36.55244435769242 9.0 0.9887190736934438 26.0 
281.0005416717903 36.38712636350721 10.0 1.5158409864180677 26.0 
282.0006096107771 34.610271224429255 10.0 1.2252121647157554 26.0 
283.0039837004019 31.928485265282035 10.0 1.1756027350954041 25.0 
284.00089698639584 28.762861540074393 10.0 1.210942359659135 25.0 
285.0026930915592 29.697067835379087 10.0 1.1019124535007843 23.0 
286.00066484486325 31.549644555288342 11.0 0.6666327800303642 23.0 
287.00040644288106 31.218397094341597 11.0 1.073786745367659 23.0 
288.00179599872007 31.45273428016394 11.0 1.0725061749130562 23.0 
289.0006455976136 32.157342985712326 11.0 1.0476417674254501 23.0 
290.0031757443463 31.80286405462655 11.0 0.8480219404082354 23.0 
291.0000879856196 31.786382261107136 10.0 0.578016309820459 24.0 
292.0002111642984 31.411874404575734 10.0 0.7920230485488872 25.0 
293.00073101208983 32.64005934349392 10.0 0.3728105797744181 25.0 
294.00069743831494 33.37350473368126 11.0 0.3728105797744181 25.0 
295.00067665783945 32.80005085854336 11.0 0.3961399006915977 25.0 
296.0002027966263 32.271680763849126 11.0 0.4826643713092409 25.0 
297.0013503237159 28.418098525539527 11.0 0.2715356113156817 25.0 
298.0011598423207 27.459820441986867 11.0 0.2825949382966372 25.0 
299.00110086909416 25.1098077561591 11.0 0.36649187827055807 25.0 
300.00028672445995 22.655670252135014 11.0 0.36649187827055807 25.0 
301.0007450505445 19.566515318789182 11.0 0.4706075232702043 25.0 
302.00251786350003 20.628235703686588 11.0 0.31506151059232934 25.0 
303.0024819795989 21.733386333761977 11.0 0.32164984701746807 25.0 
304.00129507482376 23.29429066816102 11.0 0.32164984701746807 25.0 
305.00033972361314 23.145392223908814 11.0 0.3472025287578846 25.0 
306.0001744021052 23.454854458379994 11.0 0.26406286226344045 25.0 
307.0032559249929 23.694593482541816 11.0 0.27739438741130845 25.0 
308.0000659082391 22.642668947281507 11.0 0.31207399059457935 25.0 
309.0008987909871 22.934619571795487 11.0 0.31207399059457935 24.0 
310.0128274087192 22.790916314825818 11.0 0.3319581863143796 24.0 
311.0020201992019 22.19523618840027 11.0 0.3475661613191863 24.0 
312.0010210395231 23.127722632322648 11.0 0.3475661613191863 25.0 
313.00596844734395 26.03674413965752 11.0 0.35199179127979696 25.0 
314.00373452962833 27.523375715264745 11.0 0.3631199571995005 25.0 
315.0001601649374 28.321435718252413 10.0 0.38642598952019647 25.0 
316.0006649762098 26.88520656129448 10.0 0.43802152293369045 25.0 
317.00146702152483 25.172298580099234 10.0 0.267804775546633 25.0 
318.00631415614106 24.656642076759873 10.0 0.2760371799739522 25.0 
319.00031693465775 24.68483333755302 10.0 0.27263911107456446 25.0 
320.0037411369913 24.17869094997982 10.0 0.3181145244266495 25.0 
321.00082583056934 24.103179602816947 10.0 0.2791254954433185 25.0 
322.0008178791598 25.08778322434605 10.0 0.3112151198564593 24.0 
323.002553322009 25.327321810495956 10.0 0.33463390995149955 24.0 
324.0001403908078 25.433231092212925 11.0 0.33463390995149955 25.0 
325.0019243607277 26.651337109232458 12.0 0.3418682577867786 25.0 
326.00019423257515 26.36813845820567 12.0 0.3763914581264973 25.0 
327.00106729423914 26.533569518576243 12.0 0.3176509854861489 24.0 
328.00658304020607 27.145071653503663 12.0 0.6367047644438878 24.0 
329.00111409967496 26.947062907047695 12.0 0.7149774389335657 24.0 
330.0003381870084 28.02777151101349 12.0 0.7652604986082399 24.0 
331.00116643537774 28.245081230242135 12.0 0.798322005936523 24.0 
332.0023247000394 27.564977974985414 12.0 0.7867709366837499 25.0 
333.00490295628305 28.95642956213002 12.0 0.9770724280650193 25.0 
334.0008880643185 29.636804193654637 11.0 0.9378065364773727 25.0 
335.0018343615316 29.248326166802343 11.0 0.6049214977314942 24.0 
336.0017485244326 28.748437750782305 11.0 0.46525631022719754 24.0 
337.00110983337845 27.577810130605606 10.0 0.3724175205971015 24.0 
338.0004064327868 27.83111536514654 10.0 0.5590140853334836 24.0 
339.0001434758135 26.354346556652462 10.0 0.6715703012944706 24.0 
340.00329121516944 26.516427977367943 10.0 0.5646910896687514 24.0 
341.003532993263 26.102287103732372 10.0 0.7330038867868736 26.0 
342.0002323946403 28.856226576099246 10.0 0.7160422142317235 32.0 
343.00170125848655 32.584134358196906 10.0 0.5254579649325658 30.0 
344.00198318240274 32.787418700793154 10.0 0.5236664208774263 29.0 
345.00581072826014 32.61543484406146 10.0 1.537533034451421 29.0 
346.0014974445115 31.837897064705263 10.0 1.804338765212247 28.0 
347.00228572125366 32.65913791072951 10.0 1.9561548011163599 29.0 
348.0001793940574 33.314003546863134 10.0 1.3460216276444719 28.0 
349.0023092501293 32.958742726940294 10.0 2.041148583671397 27.0 
350.0015626301177 32.27345364470866 11.0 2.0926419145471575 27.0 
351.00550386289217 30.750129600712352 11.0 1.968625319289777 27.0 
352.0036513678629 27.700574653706024 11.0 3.2749936704893834 27.0 
353.0014115625126 27.953709367925242 11.0 4.719395173800346 27.0 
354.0046592342804 27.449644826120984 11.0 4.768275527482932 27.0 
355.00001654212485 26.939687987126227 11.0 4.641960773712471 27.0 
356.0031512831404 27.59868295697383 11.0 4.739707574965224 27.0 
357.0031327513156 28.610690713817647 11.0 4.14601742522838 27.0 
358.00036966082337 30.31802948107319 10.0 4.166657501589469 27.0 
359.0004346535101 30.893409752430273 9.0 4.20480911004174 27.0 
360.00017186775574 32.27847264723927 9.0 3.9192809063241576 27.0 
361.00550386289217 32.722949651681475 9.0 4.275543671516663 26.0 
362.0005540722526 33.22914508398026 9.0 4.008402274028625 26.0 
363.00144728559206 34.51706519857332 9.0 3.1949088931613883 26.0 
364.0004273161196 36.238696912512175 9.0 3.8856602538537177 25.0 
365.00017275181443 35.477976163606606 8.0 2.7645140376461024 24.0 
366.00168971903275 34.681520184147054 8.0 2.4597648243889085 24.0 
367.0008248186797 34.40081408201673 7.0 3.726822560546212 23.0 
368.00145506425525 34.59992554457621 9.0 3.4754047902735246 23.0 
369.00102599102325 34.16030051544327 9.0 3.539286740346306 23.0 
370.00111127711153 35.76530107578335 9.0 3.7690138698349616 23.0 
371.000540827592 38.49282836190675 9.0 3.7664653893162003 23.0 
372.00233639594325 36.90646217742642 8.0 3.757884506476875 23.0 
373.0002522728902 37.64765728971533 8.0 4.366699989521456 23.0 
374.0000034222755 37.624657210640095 10.0 4.799880490529112 23.0 
375.0004192878237 37.954729867945474 10.0 3.679627884827295 25.0 
376.00016973178214 36.315891107168646 9.0 4.126962331305575 24.0 
377.0037515496795 36.58043823196927 9.0 5.119980252904694 24.0 
378.00040677143096 36.808376346521605 9.0 4.395857503320294 24.0 
379.0003493261792 36.710610328193816 9.0 4.3164283139416435 23.0 
380.00028774436925 37.950442117952825 9.0 3.70097689358538 24.0 
381.0033262219425 36.90430023365394 10.0 1.861707139180161 26.0 
382.00203847400184 35.95980181133651 10.0 1.6905129810684612 25.0 
383.00011832439253 33.82406274131639 10.0 1.2789293450933092 24.0 
384.00129532187435 34.29990104189788 10.0 1.283855602800188 24.0 
385.00156966044966 32.582999694630004 10.0 3.0379861687525014 24.0 
386.0049056526737 32.65760695304743 13.0 3.4717715190801073 24.0 
387.0031987172562 34.70167446242478 14.0 3.042502360988235 24.0 
388.0015787030248 36.11120408341191 13.0 3.4947580802907274 24.0 
389.0003926151176 36.24917247220807 13.0 3.8060456800618683 25.0 
390.0013999437099 35.023736856564874 13.0 3.310621324305755 25.0 
391.00550386289217 36.01976294008488 12.0 3.9150534935213974 28.0 
392.0042119002451 41.841260812214934 12.0 3.903316220042795 29.0 
393.00399824052215 43.50952259869021 11.0 4.31693957547325 30.0 
394.00444877686385 43.660997997173695 11.0 4.918712970556536 29.0 
395.00028765384934 44.52798433148917 11.0 5.162375229506128 30.0 
396.00260927878963 45.34419335528762 11.0 5.870226129342677 29.0 
397.00466863263307 43.7944618684914 12.0 4.98832927062833 29.0 
398.00020924326435 44.74687131180195 12.0 4.899094843052315 27.0 
399.00692011265954 47.85438233200119 12.0 4.758651414308335 28.0 
400.00196037349946 49.808836516240504 12.0 4.309290663977177 30.0 
401.00207907840957 48.865674445228755 14.0 4.9300505725952775 27.0 
402.00063739187027 51.13602541755478 13.0 5.239368172334358 27.0 
403.00023298436713 54.39487497043063 11.0 5.844615061489069 27.0 
404.00798457591617 56.09262094823891 11.0 6.411759143700935 30.0 
405.0019320254735 57.356812078070405 11.0 6.256000967142157 32.0 
406.000067160791 57.0464309899611 12.0 5.299546122060787 30.0 
407.0022775113548 54.6246854844856 11.0 6.02469822744373 30.0 
408.00110287074915 53.56941472556851 12.0 6.595543795655613 29.0 
409.0027217092805 54.9039481919718 11.0 6.472138049073764 28.0 
410.00007622981195 59.273498166769954 11.0 5.786099186475246 33.0 
411.0009194482084 60.13664150090014 11.0 5.423900631786147 28.0 
412.00405129006356 61.097943768651135 11.0 4.187084047540312 27.0 
413.0013780945051 62.11235355368424 10.0 4.107389799023409 27.0 
414.00086637163975 63.604268016208906 9.0 3.2538248644165364 37.0 
415.0016234119379 62.44435703548467 9.0 2.536444800052404 32.0 
416.0014635222823 63.3573996229753 9.0 3.4467438774664574 29.0 
417.00004831900276 62.78496625927591 9.0 3.156621713282697 28.0 
418.0012808798056 63.21021638265443 9.0 3.6084938218623757 26.0 
419.0015494666406 63.891822684349385 9.0 3.2582732411162327 26.0 
420.005847985442 63.012308639090435 9.0 2.8812314953649785 27.0 
421.0008428823115 62.85319981105801 9.0 2.4375199856230414 29.0 
422.00207735134705 63.00440309102076 9.0 2.4266098418748623 26.0 
423.0017064322841 63.250395256279525 9.0 2.625425748110023 26.0 
424.00104127135637 63.51845589225901 8.0 2.2179077181924813 26.0 
425.00178285132984 63.19939474634378 8.0 2.5648756388253755 24.0 
426.0012909636907 62.763949984167326 8.0 1.5554459064935595 34.0 
427.0020179148222 63.74256987044046 8.0 1.8044665548691683 30.0 
428.0035038671662 64.00557451265301 8.0 2.4992531620873715 25.0 
429.00120405180905 64.12444022113138 8.0 2.633192390473843 25.0 
430.00086208647093 64.2185366153849 8.0 2.077135888346941 25.0 
431.00077157051305 66.35522795049779 8.0 1.583925934339682 24.0 
432.0019158363339 66.38516892204215 8.0 1.8387905839125696 24.0 
433.0003441383362 65.37998014555917 8.0 2.9348456293855163 23.0 
434.0009305022662 66.36049193177995 8.0 2.9120378752727123 25.0 
435.0010368609029 65.26969304939593 8.0 2.59386123712927 26.0 
436.00489444418406 64.7384898434562 8.0 3.3373746981393086 25.0 
437.00113154157873 64.39777157311185 8.0 3.4137372958147636 24.0 
438.00060760614593 63.45052872529266 8.0 3.654578583200123 23.0 
439.00025421034104 61.106333446781015 9.0 3.5658789023704114 24.0 
440.0003979891275 60.50103704329423 10.0 3.218133351737387 23.0 
441.00116276521624 56.35448632364406 17.0 3.1567881237314848 23.0 
442.0002124239154 51.80100656697437 13.0 3.184230411674347 23.0 
443.00046943251726 48.30926528373877 12.0 2.644710517570596 23.0 
444.00325954890764 47.72963424646944 12.0 2.670951084227804 23.0 
445.0012889681477 48.97724893831498 12.0 2.599313326768921 23.0 
446.0001550037614 51.23117676725853 12.0 3.4424738450213552 23.0 
447.00174846220744 51.19313611573331 12.0 2.847528913800301 22.0 
448.0023494175793 52.07195042576826 12.0 2.723035149094841 22.0 
449.00267455322467 50.76710716465155 12.0 2.4712534365916876 25.0 
450.0021328558532 51.28151923060016 12.0 1.6824423792725955 24.0 
451.001279030993 52.84739052996595 12.0 1.3932476338584652 24.0 
452.0018874651928 53.921962873803444 12.0 1.060401726417817 24.0 
453.00073129963135 54.08928487871665 11.0 1.9305022433880341 24.0 
454.001794347744 53.77115498172481 11.0 2.237396889097331 25.0 
455.0017272991085 55.32056901734099 12.0 1.3357388137067767 25.0 
456.00174106017437 55.916852859210614 12.0 1.5753062494863657 25.0 
457.0046413328098 59.81673279535408 12.0 1.2262630635693479 24.0 
458.0017047163531 60.39592102893436 12.0 1.813215110777965 24.0 
459.0006912106638 60.74745793142585 11.0 1.4407977703021881 25.0 
460.00162913977783 60.26763582641937 11.0 2.3227240859015694 24.0 
461.00069200135766 59.784429366976575 11.0 2.1656623717320636 25.0 
462.00037847610196 57.672074973816315 10.0 3.1864417785156163 24.0 
463.00017560201286 57.63126594785698 14.0 2.5995851547726043 24.0 
464.00370302481014 58.56775824624758 12.0 2.5003057242848725 27.0 
465.00021789599384 55.498607373203846 23.0 2.5152517833227237 25.0 
466.00550386289217 46.309069149635285 26.0 2.540643174909907 23.0 
467.0005762616953 40.29029841295296 23.0 2.0941876794850818 24.0 
468.0033172321745 34.62250430789798 20.0 2.212902612615907 22.0 
469.000331057684 26.02279156086113 19.0 2.9839048479604813 22.0 
470.00400377135674 27.403980938633985 17.0 2.733909784796103 23.0 
471.00248418197646 31.20902353073191 16.0 2.981402290390074 23.0 
472.0043577033644 32.90121156201591 15.0 2.8463733857946854 26.0 
473.00215727042627 34.3879642115089 15.0 2.7865067685809137 26.0 
474.0000469566036 34.781250733887205 14.0 3.7511229466177975 24.0 
475.0020237044752 32.42052838477034 14.0 3.7179336282905253 24.0 
476.00008904158136 30.81548019331717 14.0 3.5386245030717496 24.0 
477.00046313947456 29.324497269666416 13.0 2.92627398522756 26.0 
478.0010845344509 29.31441652878503 13.0 2.6984803208324304 25.0 
479.0000285056406 29.882644567127436 13.0 2.748768817414098 22.0 
480.0001337473 30.44557001443966 13.0 1.2228936876639878 23.0 
481.0034058700019 30.34331912916227 13.0 1.297564962975672 24.0 
482.0026374181232 31.323729647183495 13.0 1.9967463578364502 24.0 
483.0003559121189 31.010133241407406 12.0 2.4615106600412355 24.0 
484.0009871842687 30.518862328197972 12.0 2.2946863479456674 24.0 
485.0013329107593 29.921588015278147 11.0 2.4948071718237554 23.0 
486.00261678712576 29.307619786902073 11.0 2.4731450422793397 25.0 
487.003058566736 30.002063702969743 11.0 4.878182234613815 24.0 
488.00107458059523 30.91038613273706 11.0 7.696045097936149 22.0 
489.00111640914207 30.056165545652615 11.0 8.701726784806944 21.0 
490.00199305793717 31.944604000036705 11.0 6.8004497364540475 21.0 
491.00209452063467 30.73623323768894 11.0 4.886185799703835 23.0 
492.0007741759595 30.573264021050196 11.0 4.606137439116222 21.0 
493.00139158851886 32.18595536790957 12.0 5.50600647017292 22.0 
494.0020197201351 31.727582796147136 12.0 6.434244749865619 20.0 
495.0005157695788 30.396500754883444 12.0 5.411490197025777 21.0 
496.002519843355 30.48252721191333 12.0 5.323701649485874 24.0 
497.0013322079453 30.457674425568996 11.0 5.649342384049009 21.0 
498.00014457253565 31.1838895495123 11.0 6.218966178839882 22.0 
499.00139702618293 33.905106479333725 11.0 6.670602777628256 20.0 
500.00001189605223 37.33602139063929 10.0 7.094896463938048 19.0 
501.00028298060744 39.16170791125811 10.0 7.16789860071458 19.0 
502.00055817610183 40.39085732801275 10.0 6.1944507849083195 20.0 
503.0007427986632 40.6947684429916 11.0 5.522997571206666 21.0 
504.0006970473753 42.50259900400043 11.0 5.242515656113272 21.0 
505.0004750356798 43.45720264683053 11.0 5.078351560636793 21.0 
506.00012355272196 44.12555960995993 11.0 5.838647090918288 21.0 
507.00129272096905 43.40490438965262 11.0 5.769837677725857 22.0 
508.00118915537564 42.295426772654906 12.0 5.631456166728307 22.0 
509.0011699887134 37.66505686308557 13.0 4.817016886964361 21.0 
510.0019050045636 36.4521422200197 12.0 5.44527353695932 22.0 
511.0009605260576 33.45864365272792 12.0 5.379687108538822 22.0 
512.0028295451633 29.240152641464306 13.0 5.667478737184039 21.0 
513.0010390213487 29.507941747585868 13.0 5.257561785249809 22.0 
514.0000383776081 27.75173524519162 13.0 5.999711722262125 21.0 
515.0006899065497 27.073966762607505 13.0 6.145840376943724 19.0 
516.0008530466229 25.995896641866516 13.0 6.271480575564926 20.0 
517.0007232076163 25.589055522541152 13.0 6.358183963544347 24.0 
518.0042920637276 24.99859582687354 13.0 5.752195007004649 23.0 
519.004129447689 24.137755498570822 13.0 5.489647963841357 22.0 
520.0005501727252 24.430849270802494 13.0 5.234818015307319 23.0 
521.000923586663 22.829052761974168 13.0 5.197918074709685 24.0 
522.0009194271696 21.408101660321414 13.0 5.01641905188468 25.0 
523.0007381978324 21.028166204000648 11.0 5.310371385358035 24.0 
524.0008125422565 19.914311501526743 11.0 5.191616356444954 24.0 
525.0026139444376 17.960398724379143 11.0 5.08410665814063 24.0 
526.0006071467237 16.909138842605476 11.0 5.04462527604712 24.0 
527.0001812856799 16.015018561915387 11.0 5.046010025999018 24.0 
528.0063075250617 16.860084668350463 11.0 4.845590475345847 24.0 
529.0036975171187 17.001065694281873 11.0 5.1763843383442065 23.0 
530.0000341580534 15.832361524189858 10.0 5.450072264682408 21.0 
531.0009153390941 15.504910794996707 10.0 4.780157968194269 21.0 
532.0016930839012 15.941979146598376 10.0 4.972247369649305 23.0 
533.0010594591298 16.77665805615331 10.0 6.74477716388738 22.0 
534.002540506775 16.225597327927797 10.0 5.5043621298425816 22.0 
535.0083705749369 15.883966750099798 10.0 6.14082211761429 23.0 
536.0019431171262 16.28058311121956 10.0 5.751792717947587 25.0 
537.0005300794406 16.35700166895982 10.0 6.413583769703471 27.0 
538.0004433435082 15.945041452729381 10.0 6.044145582927712 23.0 
539.0009714270249 17.087754083620393 10.0 5.806298090386697 23.0 
540.0018655509991 16.861889202325493 10.0 5.16088947755466 25.0 
541.0017063121111 16.752007415425194 10.0 5.191708581869717 24.0 
542.0061869163434 17.35020989654836 9.0 5.104955513758888 24.0 
543.0009736473385 17.534832628471186 9.0 5.023472157540664 24.0 
544.0024225641056 16.513645792984494 9.0 4.865226222415284 23.0 
545.0039477709983 16.72856968383472 9.0 4.481254904696544 23.0 
546.0055038628922 16.50885597247196 9.0 4.388598026697855 23.0 
547.00446348449 16.579743470524544 9.0 4.307661620588958 23.0 
548.0076014729882 15.808921231095571 9.0 4.578826200961957 22.0 
549.0009971535848 16.673231144553725 9.0 4.962609259007293 23.0 
550.0015408561479 17.362785073479458 9.0 5.650862971956267 23.0 
551.0004563700453 18.13713086353702 11.0 3.843590484535169 28.0 
552.0018792938567 18.580714723202178 11.0 4.101829560927383 23.0 
553.0019497477142 17.288141188463864 12.0 4.3165862152357235 23.0 
554.0014297510133 16.04547187574895 12.0 4.402911480222951 25.0 
555.0015591461159 12.346284129968504 11.0 4.419316400479378 22.0 
556.0000761129049 13.116055391663243 11.0 4.823087012582291 23.0 
557.0018761558713 13.775637054275409 11.0 4.545213898605499 23.0 
558.0055176550537 13.994001812646824 11.0 4.433141361274305 23.0 
559.0021194133426 14.314663028678966 12.0 4.228354542955782 22.0 
560.0013951699607 14.652941816410506 13.0 3.9533764003639753 23.0 
561.0006386151224 14.738030325943509 12.0 4.298017031808131 25.0 
562.0034921230978 14.572746103604548 12.0 3.7867825945955174 25.0 
563.0014605265637 14.069229982477278 12.0 3.8009110777150887 24.0 
564.0016681910869 15.187150221989167 12.0 3.4220155720523775 24.0 
565.0016625482359 15.328894779069438 12.0 3.5569649235950083 24.0 
566.0045228374481 15.822274695928822 12.0 3.187959087606904 22.0 
567.0115791627146 15.249385641531022 12.0 3.624847184938373 22.0 
568.001337980757 15.188435113295222 12.0 3.1403960040674157 22.0 
569.0013924053845 15.875890179934107 12.0 3.196211007615651 21.0 
570.0013756490276 16.260115157870004 12.0 3.1277978754357956 21.0 
571.0043164267789 17.630447967821837 12.0 3.919697005301589 22.0 
572.0020448094242 18.32681001301962 12.0 3.9997890999051857 23.0 
573.0013947944196 20.26481825671232 12.0 3.8624173371648642 24.0 
574.0016090576323 20.172675353730515 12.0 3.795841535966209 25.0 
575.0009793433386 20.822377180105356 12.0 3.8229623335005294 25.0 
576.0008479632919 20.550910703770008 12.0 3.2664088177087565 25.0 
577.0010572238857 20.112201588492557 12.0 3.6574271633819446 24.0 
578.0021037605708 19.36329965241142 11.0 3.6629453353852943 23.0 
579.0049796567837 18.89702013630037 11.0 3.238069935604691 23.0 
580.0034241172681 19.896038642774904 11.0 3.0861947326371673 23.0 
581.0004105429641 20.133372453919215 11.0 3.8806859388064314 23.0 
582.0019752300723 20.827535067490473 12.0 3.7054414861863183 23.0 
583.0010879455095 20.428427222340368 12.0 3.312182863427158 23.0 
584.0004596981944 19.119771742525504 12.0 3.690142172392431 23.0 
585.0066668382127 18.68242347034591 12.0 3.4734719784087527 23.0 
586.0029786183941 18.456554647654354 13.0 4.370561288775303 23.0 
587.0000844242181 17.75571204489495 14.0 4.738894476659175 24.0 
588.0004168814879 17.385847108208786 14.0 2.902009664222372 24.0 
589.0012954327718 16.30515511204854 14.0 4.0554892618940475 24.0 
590.0061604866502 15.903769655389391 14.0 4.033955066187203 24.0 
591.0005841945219 15.711074804225976 14.0 3.5919232407055377 24.0 
592.001392774819 15.551747823468837 14.0 2.7859409644797912 24.0 
593.0010677450382 15.275024446785123 14.0 2.1923707777096983 27.0 
594.001707207424 15.463887632840924 14.0 1.6491207800532286 40.0 
595.0005848672241 15.080706504606551 13.0 1.999467542554968 30.0 
596.0003364251103 14.693816514758213 13.0 2.9884152945457596 27.0 
597.0020567078634 14.679247547501994 13.0 2.912312464976443 27.0 
598.000531483327 14.584354666221536 13.0 2.5724141977948 23.0 
599.0024009622051 15.802726062935584 13.0 1.880602348001381 23.0 
600.0027497371153 15.648225803778884 13.0 1.9354666393010234 23.0 
#####################################################################
# End of data export. Simulation finished at: 2019-02-22T06:49+0000 #
#####################################################################
