#####################################################################
# Alchemist log file - simulation started at: 2019-02-22T06:57+0000 #
#####################################################################
# seed = 160.0
#
# The columns have the following meaning: 
# time distance-rep[Mean] leader-rep[CountDistinct] distance-share[Mean] leader-share[CountDistinct] 
0.0 NaN NaN NaN NaN 
1.0019715860226501 0.0 229.0 0.0 229.0 
2.0023276774136805 0.0 137.0 0.0 151.0 
3.0006259443441223 0.0 92.0 0.0 120.0 
4.002063201902873 0.0 72.0 0.0 98.0 
5.002204329190104 0.0 59.0 0.0 91.0 
6.001426978257768 0.0 51.0 0.0 83.0 
7.000065367194072 0.0 43.0 0.0 80.0 
8.000086576500971 0.0 40.0 0.0 79.0 
9.000058360225493 0.0 38.0 0.0 76.0 
10.00179064734353 0.0 31.0 0.0 76.0 
11.005293162821795 0.07638666325543314 31.0 0.0 74.0 
12.000953314813193 0.28251372267679487 31.0 0.0 71.0 
13.000183219069552 0.6659542721899432 30.0 0.0 71.0 
14.000628890393015 0.9904959981034593 24.0 0.0 69.0 
15.00018520569413 1.2012475325969787 23.0 0.0 69.0 
16.001689952583575 1.2076904138654878 21.0 0.0 68.0 
17.000372373432974 1.6241959096838179 20.0 0.0 67.0 
18.004119581395408 1.561573430876815 19.0 0.0 67.0 
19.003523260900238 1.7882686732136388 19.0 0.0 66.0 
20.001816823414813 1.6515538959239329 19.0 0.0 65.0 
21.006125872564283 2.0613020529222816 19.0 0.0 64.0 
22.003611492005284 2.473526275303605 19.0 0.0 63.0 
23.001784938038124 2.6384355087497973 17.0 0.0 61.0 
24.000885398754207 3.0531702709390127 17.0 0.0 61.0 
25.002404044222327 3.060094196380178 17.0 0.0 59.0 
26.000882871729015 3.2639173799442895 17.0 0.0 56.0 
27.002557832932613 3.969956388868622 16.0 0.0 55.0 
28.00068612509935 4.1807170565302085 16.0 0.0 54.0 
29.003523260900238 4.325134277152799 16.0 0.0 54.0 
30.00273961459225 4.745486142285889 16.0 0.0 54.0 
31.00038224011399 5.105270125382012 15.0 0.0 53.0 
32.00521945964738 5.309502529382773 15.0 0.0 53.0 
33.00092633995104 5.169697598249796 15.0 0.0 53.0 
34.00352326090024 5.187310213743258 14.0 0.0 52.0 
35.003122685714295 5.115262747380466 14.0 0.0 52.0 
36.00042301909594 5.660453809034485 14.0 0.0 55.0 
37.0013493967576 5.793472743156779 13.0 0.0 55.0 
38.003863801029226 6.190160222023803 12.0 0.0 51.0 
39.00000263908635 6.710599672464763 12.0 0.0 48.0 
40.00222817750657 6.871534259918445 11.0 0.0 48.0 
41.00297811309689 6.926661163627694 12.0 0.0 46.0 
42.00307158684913 8.305640088663287 12.0 0.0 45.0 
43.002564959961134 9.845591476719273 12.0 0.0 45.0 
44.000706505398455 10.249479905097758 10.0 0.0 45.0 
45.00226775925378 11.059479346722803 10.0 0.0 45.0 
46.001851637296596 11.882109235377087 10.0 0.0 45.0 
47.00366972215886 13.415804207488323 10.0 0.0 45.0 
48.00328459972969 13.589028245194859 10.0 0.0 45.0 
49.0007191627945 13.998640974702893 10.0 0.0 44.0 
50.00084424786069 14.65595153293063 10.0 0.0 43.0 
51.00034470589845 15.243269677995915 11.0 0.0 42.0 
52.001911121027504 16.970305570903378 12.0 0.0 42.0 
53.00193158510504 19.141692531133955 13.0 0.0 42.0 
54.00100626506263 17.816331499806985 62.0 0.0 38.0 
55.002551253711914 17.311025019668453 44.0 0.0 37.0 
56.00018989066669 12.23228399057882 26.0 0.0 37.0 
57.00562380567193 9.358043357291665 20.0 0.0 35.0 
58.00095926155223 10.661050713093129 19.0 0.0 35.0 
59.00060266135285 16.547358680911504 17.0 0.0 35.0 
60.003122685714295 24.392135053356885 16.0 0.0 35.0 
61.0010350748608 34.375790181629384 16.0 0.0 35.0 
62.00037886466951 39.709168309077164 16.0 0.0 35.0 
63.00248739068666 43.70055464646496 15.0 0.0 35.0 
64.00080532793038 45.86862912841589 15.0 0.0 33.0 
65.0001798159327 50.24079559030794 14.0 0.0 33.0 
66.00186426845846 58.12361589093627 14.0 0.0 33.0 
67.00518228546089 62.17148847823679 14.0 0.0 33.0 
68.00026954715656 63.92958763700258 14.0 0.0 33.0 
69.00005571914024 66.93854105245724 14.0 0.0 33.0 
70.0021758799771 69.14446947360764 14.0 0.0 33.0 
71.00293705745223 70.85700163723952 14.0 0.0 33.0 
72.0011587248216 69.68962645845876 14.0 0.0 33.0 
73.00314750847673 68.89237796656657 13.0 0.0 31.0 
74.0000881380366 69.43190446020499 13.0 0.00783017304581952 31.0 
75.00121753875739 70.18497002959049 13.0 0.00783017304581952 31.0 
76.00182214014696 71.50162770009347 14.0 0.011394409779592971 31.0 
77.00036633550334 71.43827673651901 18.0 0.1409997285831927 30.0 
78.00238768812827 73.8901765562097 14.0 0.10169803675246405 30.0 
79.00352326090024 69.27090450326627 25.0 0.06996725963170905 29.0 
80.00312268571429 63.79854814908173 31.0 0.014778447398822798 29.0 
81.00215547792534 51.28559799411215 23.0 0.026029113767452816 29.0 
82.00092847090787 50.40568331969634 21.0 0.0 28.0 
83.00041812032649 51.15837716265651 24.0 0.012527525382459109 28.0 
84.00212197615579 44.984634874641074 19.0 0.012527525382459109 27.0 
85.00041270148478 30.980209774794332 18.0 0.004279243372549402 26.0 
86.00051756212953 45.78644545329109 16.0 0.011639882099513532 28.0 
87.00062741637879 48.98332990171994 15.0 0.0 28.0 
88.00187675532621 51.77570196824912 15.0 0.05107522327627956 27.0 
89.00010947678251 59.81307449633454 15.0 0.05107522327627956 28.0 
90.00046635281637 62.60048723080445 15.0 0.042842618047061014 28.0 
91.00117886334755 63.900826119867986 15.0 0.042842618047061014 28.0 
92.0026610281433 64.00488119678054 15.0 0.004600844896091332 28.0 
93.00436362523685 64.79678128404393 15.0 0.004600844896091332 28.0 
94.00091997610333 66.02296296166507 15.0 0.41076487440313536 28.0 
95.00299239844821 69.0106912575414 13.0 0.7428001548240237 28.0 
96.00008771050665 71.68798364566537 13.0 0.720104918133024 27.0 
97.0009945831557 72.93635508070568 13.0 0.19997515630530882 28.0 
98.0015644790057 76.17201029263022 13.0 0.21090527996246253 27.0 
99.00008967712976 76.22681714988354 12.0 0.556789650940649 27.0 
100.00111593363413 80.16785456791068 11.0 0.5112886009689295 27.0 
101.00298343747183 81.26504394697957 11.0 0.48565421938942904 26.0 
102.00562491045324 78.93060300939415 11.0 0.3410386401142114 26.0 
103.00055897846012 78.2154479671609 11.0 0.19550438444752957 27.0 
104.00006462858586 75.42954114487074 11.0 0.21429101119994337 27.0 
105.00286629729092 73.69502097603927 11.0 0.25225232156955874 26.0 
106.0014912896173 70.76125569159223 12.0 0.216983847790542 26.0 
107.00264932956935 63.32878232641476 13.0 0.12334775990998482 26.0 
108.00195889399137 59.66034290370102 15.0 0.12239998165888241 26.0 
109.00143451745552 36.89641264822937 42.0 0.12239998165888241 26.0 
110.00155209406039 28.571787660490887 33.0 0.0772507087166853 26.0 
111.00262836364327 33.01037921057795 26.0 0.03239733200583943 26.0 
112.0034504843308 33.55268013457032 22.0 0.01995031534586966 26.0 
113.00032791536007 35.13524277665584 20.0 0.01995031534586966 26.0 
114.00163944587001 35.7827995834981 20.0 0.01995031534586966 26.0 
115.00135641153679 35.986076120233015 20.0 0.01995031534586966 26.0 
116.00181364267063 38.207198242368534 19.0 0.01995031534586966 26.0 
117.00224989708633 38.07703702925089 19.0 0.008154692793731575 25.0 
118.00516863838291 39.36645662512413 19.0 0.008154692793731575 26.0 
119.00016672088009 45.066643157231056 18.0 0.0 26.0 
120.00280536953274 52.115509953045446 18.0 0.0 26.0 
121.00002444713665 56.87458761596949 16.0 0.0 25.0 
122.00065368186728 61.41549516042765 16.0 0.0 24.0 
123.00019222424947 63.6877406770726 17.0 0.0 24.0 
124.00110031015186 67.48837029602761 17.0 0.0 24.0 
125.00090882881727 67.20492619844241 25.0 0.0 24.0 
126.00016223478825 67.11790543534735 18.0 0.0 25.0 
127.00096852317623 65.85551783683063 17.0 0.0 24.0 
128.00141328174988 66.55532914542108 15.0 0.0 24.0 
129.00150205222735 67.8977592656067 15.0 0.006569272934647453 25.0 
130.00117856253846 70.50904368688458 16.0 0.006569272934647453 23.0 
131.0010196051622 66.27705879567485 13.0 0.008782418538237281 23.0 
132.0023884788615 66.1701227883688 13.0 0.022936189245306358 23.0 
133.00340329760476 61.13776134975675 13.0 0.01919924474064016 23.0 
134.00352326090024 59.199598861120975 13.0 0.01919924474064016 23.0 
135.00296473398407 59.90459848336335 13.0 0.033689061484957775 23.0 
136.00038125857694 58.60413483507328 13.0 0.0692717025532644 23.0 
137.00036162127194 56.03593941220252 13.0 0.0717813030178314 23.0 
138.0000304264417 54.38111335805174 13.0 0.0613767452249643 23.0 
139.00018176069003 55.00837005648177 13.0 0.09041327517331363 24.0 
140.00156008628377 53.206019946166826 12.0 0.10626952898097734 25.0 
141.00039631858812 51.88627181015194 15.0 0.08109731136767893 25.0 
142.00093578030734 49.06829877131563 16.0 0.09273367526766187 23.0 
143.0015301649689 41.66608619705121 19.0 0.09538998979305441 33.0 
144.00181127786544 37.31313498874341 17.0 0.0917067803433748 28.0 
145.0012958912426 39.31377913274536 17.0 0.12263124026292878 25.0 
146.00060617816172 41.76328669024782 16.0 0.21209972165429833 27.0 
147.000679328901 39.888571282624845 16.0 0.3345495811126364 27.0 
148.00017769497285 41.75085969316358 15.0 0.4011523311728869 32.0 
149.00110052653298 41.938029319307745 15.0 0.35283840352878193 25.0 
150.0031226857143 42.39320044764483 15.0 0.2395143098841767 26.0 
151.00050925814335 41.90098443486938 15.0 0.31010192284455734 27.0 
152.00271333487953 40.708030732157575 15.0 0.37100315362676545 30.0 
153.003635764874 37.72721105591813 15.0 0.6461822656272018 26.0 
154.00092375062772 40.14236940770754 15.0 0.7662119934146828 26.0 
155.00197153241288 40.19467901244533 16.0 1.141195683544373 27.0 
156.00612587256427 41.582520679956055 16.0 1.430446293445894 28.0 
157.00217190032197 39.43738473296085 19.0 2.07637777971858 22.0 
158.00161087304673 30.347922545048657 20.0 2.1999252327076873 22.0 
159.00081609831776 26.60524408504035 19.0 2.277291925188887 26.0 
160.00142228803722 25.893082322838303 18.0 2.075125493577116 35.0 
161.00043331585098 33.1865821894477 17.0 2.301625842217233 26.0 
162.00114280982754 34.73871305489622 17.0 3.0748044698172667 27.0 
163.00013616741052 36.907358258982256 17.0 2.4580416423218336 24.0 
164.00010309176415 37.067182677228814 17.0 2.2135687496346037 21.0 
165.0027467178972 37.096528062819594 17.0 2.3155350804367454 20.0 
166.00271965185735 38.243537613588785 17.0 2.811952856721558 21.0 
167.00055184946146 39.08358753159899 16.0 2.724204560649306 20.0 
168.0051686383829 38.34360385337783 16.0 2.528587152424607 21.0 
169.00140160435706 38.31582984187836 16.0 1.6711914562181442 34.0 
170.00006389460427 37.5067935475252 16.0 1.5188300756097983 31.0 
171.00488352276315 37.20993388855893 16.0 1.349258784489543 23.0 
172.00362497069446 36.127372880925094 17.0 1.5643179051412441 22.0 
173.0014014855256 36.207893165104934 17.0 1.5615209203798108 34.0 
174.0009037635405 36.324645536836094 17.0 1.5427149438509482 32.0 
175.00112504578894 35.80097385067729 17.0 1.3085107625945562 26.0 
176.0005645894498 36.31382471693823 18.0 1.2086724525971233 27.0 
177.0006263280595 36.30592884030786 17.0 1.0114978638352274 24.0 
178.00319991973896 36.77462012742048 17.0 1.0686372654291765 22.0 
179.0009613467049 36.97316019917655 19.0 1.3374523343802314 22.0 
180.00143530518056 35.58664259920896 21.0 1.145395458331936 22.0 
181.00044410681403 35.012310634601064 19.0 1.1627210294244654 22.0 
182.00512096795654 29.668609600945384 18.0 1.0003687241315256 22.0 
183.00266195735256 29.514416572384736 19.0 1.1940603505510612 22.0 
184.0012113384759 29.620353750234383 19.0 1.568501323751751 22.0 
185.0015870846097 30.54618298218451 20.0 2.1991940039068405 22.0 
186.0058200220777 32.42262225305699 20.0 2.1530060627673393 26.0 
187.0003638112857 35.15043221481649 20.0 2.234922329075764 44.0 
188.0007086612015 39.04642915685824 19.0 2.4721092348216445 27.0 
189.0003193627866 41.65729878165948 17.0 2.997347294213158 26.0 
190.00073089493515 41.09521926937836 17.0 3.16764102409369 25.0 
191.00098620526478 42.568381351151004 16.0 5.429747843470826 24.0 
192.00562491045324 41.886926084147206 16.0 5.922958914083335 40.0 
193.00127411204772 41.8976441210022 16.0 6.267540188470759 28.0 
194.00041397573685 41.979380003814384 16.0 6.25931412348543 24.0 
195.00184708509755 41.39807193231208 16.0 7.0365845689646385 24.0 
196.00016394602528 41.01098009400696 16.0 6.684453301276486 31.0 
197.00127220560387 40.99643048481826 16.0 7.243951775253521 28.0 
198.00351519047484 40.51959955805972 16.0 7.381870336570097 23.0 
199.000808342407 42.07129350215768 16.0 7.228095166912888 24.0 
200.00012619780333 40.812687008220536 16.0 6.063395430028797 22.0 
201.0032062262585 40.1943334805069 15.0 5.562317776386943 22.0 
202.00072501134332 39.79312785572336 13.0 5.748856321930213 22.0 
203.001134991738 38.666544009795636 16.0 5.436793052497931 22.0 
204.00264959438726 37.77373406767606 17.0 6.3424295711321115 22.0 
205.0031226857143 34.53758200316551 17.0 7.206881978306604 22.0 
206.00073275698338 28.84568803751917 17.0 7.771790177790348 22.0 
207.0043035044341 27.481158468726935 17.0 7.14970031918236 22.0 
208.00097832363613 27.173264303090306 17.0 7.3003672816839424 22.0 
209.00321253346692 26.454505772713514 17.0 7.266871883106818 23.0 
210.0031226857143 26.053424999913503 17.0 7.454370000691372 23.0 
211.0028582440861 25.555118516117403 17.0 4.63801433857919 27.0 
212.00194908250674 24.386696038041872 17.0 5.819773555379165 26.0 
213.00094326209592 25.570729514658147 17.0 4.952508355784008 26.0 
214.00014384753624 28.959514245592967 16.0 4.6422484997748725 26.0 
215.0031226857143 33.026037048696004 16.0 4.654093631686679 26.0 
216.00139461176195 36.02836606084407 16.0 5.650589012038989 26.0 
217.00021659681076 38.168540686946 17.0 5.194802862367357 26.0 
218.0005963390743 41.73772744868181 17.0 5.637941988808766 26.0 
219.00098543529572 44.81705750292857 15.0 3.0706430021066877 26.0 
220.0031226857143 45.84076050163871 14.0 2.605203207681842 25.0 
221.0000400554088 47.815530529313314 14.0 1.90694795863371 26.0 
222.0002544038444 49.49767616050384 13.0 1.2971335632412135 25.0 
223.00195395248727 51.944682498717256 13.0 0.6865125512186092 25.0 
224.00119167219808 52.64848678012872 13.0 0.6809576055308811 25.0 
225.0027330707617 52.78510725294365 13.0 0.8684592443567193 25.0 
226.0039059119234 53.671237423778926 13.0 0.6218519926724697 25.0 
227.00060104285436 54.35127191225199 14.0 0.28945839003577845 24.0 
228.0012385315952 54.8644212676783 14.0 0.2967366085228384 24.0 
229.0020046825742 55.30633663406679 14.0 0.35767069449775096 24.0 
230.0008998754814 55.307170498097484 14.0 0.31941626719522737 23.0 
231.00074518929964 56.229975414167924 14.0 0.2899010795008623 24.0 
232.00116251377307 56.97775988073331 13.0 0.24172778702676212 23.0 
233.0047247412024 56.890139733910765 13.0 0.27169612580828667 24.0 
234.00154642438238 57.33685356312624 13.0 0.28245474879463517 23.0 
235.00059684758804 57.071474762744906 12.0 0.27527874255343476 23.0 
236.00066212020428 61.44579225536918 12.0 0.1954658352582694 23.0 
237.00299633370926 61.716238350697665 12.0 0.1208445202428729 24.0 
238.00113464035798 63.05539159962162 12.0 0.15701339510813275 24.0 
239.00028950424812 60.99137815444363 13.0 0.17202473057840822 23.0 
240.0025789956859 61.24605956023523 13.0 0.10894203044985726 23.0 
241.00183025883126 59.42237533605526 13.0 0.24989016875632142 23.0 
242.00086391360122 49.484671163196744 36.0 0.450779316265541 24.0 
243.0051686383829 25.05932654572721 45.0 0.3400157694974169 23.0 
244.00050112669322 21.146217523960626 27.0 0.37601208162667066 24.0 
245.0006915519244 19.738338294169044 26.0 0.5040284347128224 23.0 
246.00612587256427 21.790080968036303 24.0 0.6832575008362688 24.0 
247.0012018696224 27.877824052075457 21.0 0.6808280741711994 23.0 
248.00073665770856 37.27467682802164 21.0 0.7782348769016593 22.0 
249.00136003083355 43.31255943357396 20.0 1.0827793180965215 22.0 
250.0014691525308 46.075184862666546 20.0 1.1675453176744095 21.0 
251.00162184178208 51.34850921096976 20.0 1.3660346834890535 21.0 
252.0041000279011 53.08992617238881 19.0 1.6098120117983181 23.0 
253.0051686383829 53.75730053139998 19.0 1.2602172329087387 25.0 
254.00352326090024 56.56292083278652 18.0 2.115897579625178 24.0 
255.0031226857143 58.474964982465934 17.0 2.203519684326251 24.0 
256.00258770591216 59.84531491433099 14.0 2.2540318027577473 23.0 
257.0017528283033 59.86787465956126 14.0 1.4025073477370384 23.0 
258.00127553233864 60.899656046457906 14.0 1.1944906832343276 22.0 
259.00003770688545 61.03576763384062 14.0 0.9830416132806666 22.0 
260.0011223719336 60.64597809164681 14.0 0.9831706653602528 22.0 
261.0027538236585 60.53197730555857 14.0 0.8939312460078224 23.0 
262.00117058769735 60.81256719681898 14.0 0.9285215734554308 23.0 
263.0002489120348 60.92900565826016 14.0 0.6970711095092339 23.0 
264.001377958678 60.670630686276446 14.0 0.7423120036472273 24.0 
265.0022301836508 59.81812749068437 14.0 0.6970853539458162 24.0 
266.00208849661544 59.6410209482114 14.0 0.9609190607633079 25.0 
267.0003090951426 60.026582866038055 14.0 1.0722562205837611 25.0 
268.00304708485567 59.70802515439473 13.0 1.1056974818602712 24.0 
269.0004779424482 60.45935492191723 13.0 1.1818069591378055 24.0 
270.0000702580344 59.8779031113742 13.0 1.1935626455455213 27.0 
271.00612587256427 60.05314381552996 13.0 1.4019778979074686 27.0 
272.0001935856139 59.804561802955874 13.0 1.6719645546125672 25.0 
273.0000453420099 62.0751737765766 12.0 1.8887358298692378 25.0 
274.00352326090024 63.06052523358143 11.0 1.9830229849916705 25.0 
275.0013474077959 62.70992024399887 10.0 1.8099648464288542 24.0 
276.00050898598874 62.11213858003566 10.0 1.84178477903434 24.0 
277.0010041787608 61.37238831067094 10.0 2.0505660939457604 23.0 
278.0051686383829 61.53561180350246 10.0 2.114624498541749 26.0 
279.00137947772896 61.44752564193669 11.0 2.3858092345541695 26.0 
280.0031226857143 59.99164350814566 12.0 2.4073439017467546 27.0 
281.00612587256427 56.18082030283615 11.0 2.7365026295621515 26.0 
282.0000429647708 52.28731991916518 11.0 2.501893392226315 26.0 
283.0029180439171 44.28310388680285 10.0 2.662279107233282 25.0 
284.00199815124694 38.84996014594858 10.0 2.750664196278197 25.0 
285.0003840985295 35.39478326685538 10.0 2.485900030053167 25.0 
286.00407761586496 32.18350356333971 10.0 2.545014275326222 25.0 
287.00269275213685 31.07544975389252 10.0 2.9633864958863567 25.0 
288.0003756092072 31.460116301515313 10.0 3.017750303787486 25.0 
289.00352326090024 31.82737298302933 11.0 3.513357632204432 25.0 
290.0031226857143 30.207608533610912 12.0 4.417680310731568 26.0 
291.000617998189 29.391354399447213 14.0 4.959318131742965 27.0 
292.0038370509475 27.01322678355228 15.0 5.716239909464441 27.0 
293.00065592343196 20.51688318970356 15.0 4.34032595795187 30.0 
294.00352326090024 18.7187977649915 14.0 3.814724309461576 30.0 
295.00276953875465 20.26971653709267 14.0 4.048070361816195 29.0 
296.0034937865767 18.79109781765413 13.0 4.163162881449915 28.0 
297.00173555596075 18.67442765035068 14.0 3.1813111666283547 28.0 
298.00096327922154 19.13887185128846 14.0 2.78816869153261 28.0 
299.0023157448981 18.13943876633342 14.0 2.7917946438737387 27.0 
300.000998304227 18.385219803225684 14.0 3.3960645996382035 27.0 
301.00025603014547 18.042662448254884 15.0 3.0818870629440864 27.0 
302.00004807293163 18.55846811884669 15.0 2.1601943479478534 27.0 
303.0051686383829 19.865436985757807 15.0 2.1264106224159502 27.0 
304.00210420677905 18.797040204827983 15.0 1.7968413488639912 27.0 
305.0007535075 19.40218478310632 15.0 1.9022570937973462 27.0 
306.0024529700927 20.866883417895423 15.0 1.5975442159184172 27.0 
307.0007912198736 21.214813520667956 15.0 1.700372377452371 27.0 
308.0013224407029 21.615020079175707 15.0 1.9284934276087793 26.0 
309.0013619735101 23.367367302947134 15.0 3.2460325309475553 26.0 
310.0002001596216 27.55289150598792 15.0 3.250165670679431 26.0 
311.00141282695273 29.869168285154892 15.0 3.1545001370351073 25.0 
312.0025670119654 33.62561945002794 15.0 3.223468337725442 25.0 
313.00306872665976 33.40152530367777 15.0 3.9148933500109035 25.0 
314.00204831327 34.20980698683672 15.0 3.4740086283549783 25.0 
315.0030593548017 32.99771685741311 15.0 3.7802577789236085 26.0 
316.0003955919385 32.96354558429201 15.0 3.4959542731989215 26.0 
317.0018193553388 32.39812509598026 15.0 3.6221658609890492 25.0 
318.00085692152805 33.96312578931473 14.0 3.15089664483115 25.0 
319.0015644229423 33.04965611712122 14.0 3.2080776322529774 25.0 
320.0015923713028 33.40271156562319 14.0 2.6387060914929243 26.0 
321.00069013301754 32.285517641968944 15.0 2.3328389955225286 24.0 
322.002013145655 32.184739795816704 15.0 2.669191420607244 24.0 
323.00160504523546 33.66470943413917 15.0 1.5355512429941167 24.0 
324.00299741475584 33.90954554240592 13.0 1.6642888997283085 24.0 
325.0006726282159 33.95935970846412 13.0 1.3227300781465088 24.0 
326.0006083186728 34.0274300168955 13.0 2.400423696437149 24.0 
327.0027036218875 35.80169442875634 13.0 3.102275895420569 24.0 
328.0002512268678 35.61014849867236 13.0 3.7345348742421596 25.0 
329.0033189998114 37.679689099505 12.0 3.8773028314568205 26.0 
330.0009459917118 37.75693909947609 12.0 3.882502660006636 25.0 
331.0009190856466 38.80187484602317 11.0 2.968784683440407 26.0 
332.0050064543141 38.718645671742635 10.0 3.3995619048489916 25.0 
333.001625748615 38.72309657010725 10.0 3.3234950797769147 26.0 
334.0031222867156 39.56619613250641 9.0 3.5850362399941984 26.0 
335.00272669371645 39.875111386578055 9.0 3.6589060801041913 24.0 
336.00007581509396 39.666594278421876 9.0 3.3242929070290983 24.0 
337.00240134922484 39.120561592819065 9.0 3.7673939092812754 24.0 
338.00000185065625 38.75242671605629 9.0 3.648769597979041 22.0 
339.00010794085784 37.887310632264416 13.0 3.5297018051700144 22.0 
340.0003080987932 36.98681685631626 13.0 2.831009649565553 22.0 
341.00444939977433 32.622994851318936 19.0 3.117352707383968 22.0 
342.00259611615667 28.37228647506214 18.0 3.1193040127425715 22.0 
343.0019300928196 27.4427169451305 16.0 2.953721870047002 24.0 
344.0013323807878 27.84958609403159 17.0 2.5034123312526604 24.0 
345.0022508061207 26.40598823995854 16.0 2.598890139644013 24.0 
346.0018780443925 27.860683287095664 15.0 2.9054094423997032 25.0 
347.0000201165043 31.00826545370152 15.0 3.2834977048894993 24.0 
348.00018909779624 32.24208622601293 15.0 3.2166127253513057 24.0 
349.00068989326917 32.951111411528004 15.0 3.069484850767799 24.0 
350.00041320334225 34.065355026900875 15.0 3.157085015784822 25.0 
351.001389919281 34.21208378199579 15.0 2.8787341199120147 28.0 
352.0012792060943 34.062001370687796 15.0 2.44609055002266 26.0 
353.00246407086433 33.65128731842101 15.0 2.431866899163184 25.0 
354.00062705036953 34.495242273674215 15.0 2.237515927423517 26.0 
355.00060202051225 36.892179863804586 14.0 2.821427938034388 28.0 
356.00020497867973 37.975869529265836 14.0 1.7744059934283758 33.0 
357.0021085764567 38.69387935219832 14.0 2.39186655081084 26.0 
358.000073637224 39.000539715754925 14.0 2.3644964529438575 28.0 
359.00036349868657 38.82658542210619 14.0 2.5285937562344554 26.0 
360.0013924690473 39.08607684841441 14.0 2.700757248417145 26.0 
361.0006171341945 39.77753721793059 14.0 2.7144677127447334 33.0 
362.0056249104532 40.570593125271415 14.0 2.5825702631317426 29.0 
363.0009278013064 41.81817235039314 12.0 2.2175293149458573 28.0 
364.0015110522231 43.22601779313671 11.0 2.748924006518419 31.0 
365.0031226857143 43.69666280284795 11.0 1.4364777163216664 33.0 
366.00007813310674 43.767114860666794 11.0 1.3352898636491588 29.0 
367.0000328582392 44.48893292788079 11.0 1.9324321198818455 30.0 
368.00063800954206 43.7841277506091 11.0 1.7561199449559919 30.0 
369.00046539359727 44.218317643695336 11.0 1.253758866257323 36.0 
370.0031226857143 44.42636808846188 11.0 1.1141753962988972 35.0 
371.0012982737456 44.393121181733925 11.0 1.693990162526442 29.0 
372.0021633172305 45.051239804605615 12.0 1.8396644705599847 29.0 
373.0005189500851 46.19284250783179 12.0 1.7850492833644538 28.0 
374.0017158802177 46.37474154051846 11.0 1.567595374785588 32.0 
375.00094062346005 46.966034293849745 11.0 1.8946143591720725 28.0 
376.0005667537156 48.84994426939558 11.0 1.8963819705622638 28.0 
377.0010493449035 49.43719909879078 11.0 2.3166549149351066 28.0 
378.00335567739177 49.78539556481594 11.0 2.040594868773534 32.0 
379.0017884521638 49.63254019501011 11.0 2.107136871212705 29.0 
380.0011081343927 48.02281990741702 12.0 2.4111122701051526 30.0 
381.0002905767435 48.51072931655534 11.0 2.511875966956827 29.0 
382.0017076736508 47.82923527372898 12.0 2.651216701779236 28.0 
383.0014617635225 45.03108666418451 20.0 2.8058960844799747 28.0 
384.0006291376263 36.338630035389464 18.0 2.7384837488321065 27.0 
385.0031226857143 33.84767411211487 17.0 2.8117796843879646 27.0 
386.00074391956747 33.50799773926991 16.0 2.3319172802556745 27.0 
387.0004269945559 34.059273064363886 15.0 2.3434675027672474 28.0 
388.0004071602655 34.647648562847685 15.0 2.4461112114286094 28.0 
389.0000737522487 35.35652108455289 14.0 3.116966005590277 27.0 
390.00067673399667 35.14739754304585 14.0 2.833191997515238 26.0 
391.0003622575714 35.24133945027539 14.0 2.731425599826203 27.0 
392.00224949099476 36.19246444020386 14.0 2.1864486885521863 29.0 
393.00327506700137 37.8843345756748 14.0 2.329506909204808 29.0 
394.0033743933917 38.8554911646626 14.0 2.6878976776424914 27.0 
395.0031226857143 38.60094903375708 13.0 2.0902043781799358 26.0 
396.00328464710424 39.455322352341774 13.0 1.71556456433536 29.0 
397.0023929459154 39.54538736915984 13.0 2.286463156550912 28.0 
398.00069367920804 41.08517350668501 11.0 2.630720180835432 26.0 
399.00026293841796 41.3110630439508 11.0 2.1952205887768814 27.0 
400.00033558928135 40.7877407811543 11.0 1.9950377472422112 26.0 
401.0010155075872 40.52695174417302 11.0 1.8521467428042133 26.0 
402.00129055572404 40.48629005611312 12.0 1.681999696316077 26.0 
403.0051686383829 41.13729453941934 11.0 1.7945202782902792 26.0 
404.000151392599 41.35494009008557 11.0 1.8585963230987594 26.0 
405.00140963116866 41.142662432380114 11.0 1.8858804764198154 27.0 
406.0004665569192 41.113507013862474 11.0 1.9765938666810143 28.0 
407.0021474317832 41.36236405338999 12.0 2.2248275667070545 28.0 
408.0027114696196 39.46811224800496 19.0 2.551892974286899 29.0 
409.00150961565953 38.591630635437305 18.0 2.517959909262089 28.0 
410.0010024777154 36.81414685409285 16.0 2.6875060449593304 27.0 
411.00301633136604 35.82249973397285 18.0 2.9042672628285855 27.0 
412.0012196438667 35.01047286904526 17.0 3.3943063635542647 26.0 
413.0024218813974 35.04751477946627 16.0 3.3409711434158877 25.0 
414.00245369875665 34.19608413090602 16.0 3.5694012862906828 26.0 
415.0019238859887 34.62187406917277 16.0 3.5446265332317157 25.0 
416.00019947206766 35.319622304593715 16.0 3.1917164618830154 25.0 
417.0001313570745 35.50874545813766 15.0 3.1292601612017648 25.0 
418.0010102164622 35.30337677323713 15.0 2.921964831572987 25.0 
419.0007496014289 34.91296183535044 15.0 2.799427136636003 25.0 
420.00058645738943 35.19809668002589 14.0 3.00655349919696 25.0 
421.000323793342 35.11376295751097 14.0 2.367876432993649 24.0 
422.001022794905 35.04944869907262 13.0 2.615137541525782 24.0 
423.0014768174052 35.05012934242226 11.0 1.4031716588522163 24.0 
424.00229874361696 34.51427591093744 11.0 1.27209341741649 24.0 
425.0011021494718 34.30343980863452 11.0 1.516990512630132 24.0 
426.00154214151854 34.76081759592182 11.0 1.6589271173942783 23.0 
427.0010700698734 35.02741436769027 11.0 1.624412082422248 23.0 
428.0017051490682 34.664626351757775 11.0 1.6808283852134605 23.0 
429.00350125803857 35.43782865934829 11.0 1.2906559491084293 23.0 
430.0017795858483 35.6356559254073 11.0 1.4125512058254777 23.0 
431.0018003139885 35.78445589799917 11.0 1.5262747670415908 23.0 
432.00044193356405 35.31262938187329 13.0 1.6953412210961245 23.0 
433.0011041321204 35.21374956371966 12.0 1.725423618832548 23.0 
434.000621923032 33.73884597771541 12.0 1.7557805657773464 23.0 
435.00043012804355 32.15018500519268 12.0 1.823807006324897 23.0 
436.0004303591301 31.471921540481805 12.0 1.7916508946488952 23.0 
437.00391026607775 31.086830575247834 11.0 1.8615300320012071 24.0 
438.00174645766657 31.603358531196445 11.0 2.2909661143000513 24.0 
439.00352326090024 31.980639258133504 11.0 3.1723040459362157 24.0 
440.00104548439697 32.39915875425769 10.0 2.1115440175595532 23.0 
441.00612587256427 32.54889929180026 10.0 1.7567668255060973 28.0 
442.00322979529676 32.23089572028569 10.0 2.3788910221514015 25.0 
443.00297619777393 31.91105028508007 10.0 2.4862756496148455 26.0 
444.00215603039993 31.983632901660954 10.0 2.5220726432110103 25.0 
445.001678351354 31.679561714906477 10.0 2.596783415783607 25.0 
446.00208221518506 31.397119858178232 10.0 1.999425636384096 24.0 
447.0000432752716 31.424919142388802 11.0 2.17226406550865 23.0 
448.0012051861145 31.194692220164686 11.0 2.1569973270103295 24.0 
449.00110417170623 30.929292626710044 13.0 2.0029442180893744 24.0 
450.00063885695437 30.241409014626964 18.0 1.7323104707440218 24.0 
451.0003996761864 23.872021137909712 18.0 1.840924988339809 24.0 
452.0000200948757 23.213764995456994 18.0 1.8114424528611823 24.0 
453.0020973753203 20.94287901658168 17.0 2.0475876276553593 24.0 
454.00296685946074 21.663464191592496 15.0 1.550882956047757 24.0 
455.0001885054824 23.377119524110295 15.0 2.1599168987590924 24.0 
456.00084551191554 24.67017556420045 15.0 2.877312592712956 23.0 
457.0004679964941 24.985405050918352 15.0 2.7534157310333107 27.0 
458.00089334730944 25.34863565744568 15.0 2.6427383184416957 25.0 
459.00352326090024 25.828815639432793 15.0 2.7998119946586693 25.0 
460.00043351257204 27.329688138549855 15.0 2.9605665788623785 25.0 
461.00001932236114 28.17761470864974 15.0 3.0757188227341214 23.0 
462.0053682470499 29.071507586459266 15.0 3.0720622507990982 23.0 
463.0047753419025 29.160068665203354 15.0 3.1114065004641906 23.0 
464.0025319226304 28.965888483312334 14.0 3.5208616812902624 23.0 
465.0031226857143 30.313840935977773 14.0 3.8478120445370734 23.0 
466.0031794498769 30.607032439506938 14.0 3.920262397520674 23.0 
467.0000126724771 30.273455629922253 14.0 3.841804403516019 23.0 
468.0026902356457 29.789644704211188 14.0 3.9620436392280105 23.0 
469.00187003750443 29.630728577444735 14.0 3.8680048336950033 23.0 
470.00101198780624 30.021518174331792 14.0 4.006384281649208 24.0 
471.0000474075117 31.003841421777892 14.0 3.7890713097891324 24.0 
472.000111628612 31.278005171899217 14.0 3.7840474910662607 24.0 
473.00003544544876 30.27943165210735 14.0 3.5845892308172966 24.0 
474.00352326090024 29.59042292279522 14.0 3.758465852626875 24.0 
475.0003048988118 30.77554873914518 14.0 3.4157465409525076 30.0 
476.0027572719168 30.64079155943773 12.0 3.1365655489237065 26.0 
477.00096521786685 29.98565339379011 12.0 3.1897973882564012 25.0 
478.0013066394503 29.785285724739804 11.0 3.3167696105742337 25.0 
479.00352326090024 29.487894991946224 11.0 3.314741590414082 26.0 
480.0031226857143 31.670426796659864 11.0 2.896199173372487 25.0 
481.0010336564641 32.07730049972588 11.0 3.059668709762311 25.0 
482.0009253757981 31.53848832869576 10.0 2.5650953302752506 24.0 
483.00128811273754 31.519909737384953 10.0 2.4944517065546457 24.0 
484.00225854868154 31.790228527865455 8.0 2.0294631551676967 24.0 
485.0015212624313 32.46461240503602 8.0 2.2779924655466175 26.0 
486.0007839761811 32.456968747447924 8.0 3.0394488065243053 26.0 
487.00004668993085 32.464263802989706 8.0 3.4389207862916815 25.0 
488.0007083299436 32.26710323252397 7.0 4.226094224149296 25.0 
489.00073763427446 32.1182193614984 7.0 4.429476224663384 24.0 
490.00251227669577 33.13522108238433 7.0 4.02414985553445 24.0 
491.0019826709726 33.11669068881538 8.0 3.985701358701132 25.0 
492.0009971512337 33.28979818012429 8.0 4.229363975787456 25.0 
493.0001263115963 33.24251445568783 8.0 4.420180392555314 25.0 
494.0013318659114 33.15147867500028 8.0 4.547675425751133 26.0 
495.0030574006353 32.73897656651889 9.0 4.381462346749988 24.0 
496.003062511131 32.62217113285298 9.0 4.1437808358328585 24.0 
497.00220204602186 32.598547793698636 9.0 3.6557053054694877 24.0 
498.00028255497386 32.54616493842198 9.0 3.141696733147871 24.0 
499.00005420816564 32.7645097542302 9.0 3.105695275754256 24.0 
500.0031226857143 32.65174498777894 9.0 3.173436267039713 24.0 
501.0021919717161 32.56962764457886 9.0 3.123825356662491 27.0 
502.0000158934097 32.909928044297914 9.0 3.2064146155696487 27.0 
503.0000380618163 32.83468580577422 10.0 3.324972313318812 25.0 
504.0034803996617 32.88643512801916 10.0 3.595621352980011 25.0 
505.00019641559015 32.38247155168888 10.0 3.5151291782747425 24.0 
506.00612587256427 32.76028143602049 10.0 3.576783700328342 26.0 
507.0011314633528 32.73559874473311 13.0 4.384756798834564 25.0 
508.00036870401647 33.181962746714284 12.0 6.161332502432219 25.0 
509.00032172309926 32.74959539806788 10.0 6.1419105537065395 25.0 
510.00130226912495 31.01687249499708 10.0 7.1380639422162835 24.0 
511.00159174267196 29.40470743130189 10.0 8.196869022600438 28.0 
512.002909682449 30.899485714163784 10.0 5.851681712368225 42.0 
513.0022425390596 30.08601407954703 10.0 6.200674865383878 31.0 
514.0015690220174 30.592507277181017 10.0 7.575014403295462 29.0 
515.0007465798899 30.95349513141278 10.0 7.176275175671395 27.0 
516.0005516256807 30.871265298101278 10.0 6.751158224880824 27.0 
517.0000787830344 30.395004185213054 10.0 6.73609114698488 27.0 
518.0016715132517 26.962629438436277 18.0 6.407360235237818 27.0 
519.0024539181808 20.384847104243555 27.0 5.961687045326207 26.0 
520.0031226857143 15.682916187542842 20.0 6.294767035946981 26.0 
521.0010393658537 14.548474399837106 18.0 5.842147376448079 26.0 
522.000721867732 16.4557230722759 18.0 5.983811084019568 26.0 
523.0028493892466 17.538355549925132 17.0 5.562279339116504 26.0 
524.0006049108019 19.31612326931231 17.0 4.688945602152399 25.0 
525.0017984948654 23.346781443887973 17.0 3.9037179442924583 25.0 
526.0013254923931 23.790400163330624 17.0 3.3955752227137297 23.0 
527.0020532395436 24.426824796302608 16.0 3.7690948277239524 25.0 
528.0006009998054 25.90951736262413 17.0 3.880045822385678 26.0 
529.0035232609002 25.964394237688147 19.0 3.8608220813966834 25.0 
530.0006971596262 25.44056876486457 21.0 4.210150495373717 26.0 
531.0002437115983 25.025561919202026 21.0 4.2609888509112075 25.0 
532.0039810117258 26.452847198742273 18.0 4.129259096257997 27.0 
533.0009858787146 26.652628596105988 18.0 4.692577777667636 24.0 
534.0035232609002 27.329432381168957 17.0 5.404723402405673 23.0 
535.0031226857143 28.882275711218824 17.0 4.448017274896352 26.0 
536.0018831267614 28.79187736786848 16.0 7.565471204929777 25.0 
537.0004222665293 29.469495171949784 15.0 8.501866101905904 26.0 
538.0000140072968 28.458473730115784 15.0 7.037081680455904 25.0 
539.0035232609002 29.978053261649592 14.0 6.110025591354695 23.0 
540.0003730432248 30.382072486644116 13.0 5.174403955359405 25.0 
541.0012372115423 29.896570021887605 12.0 5.963120103234466 23.0 
542.001082761766 31.033584988732137 11.0 5.945337266254405 23.0 
543.002161839943 33.1264440381232 11.0 5.5412876182348505 23.0 
544.0000964630121 34.78761147647462 11.0 6.268418947134953 23.0 
545.0014025010088 38.19202693964365 11.0 6.204719901540352 23.0 
546.0005140975352 40.23118118928583 11.0 6.97577100262354 23.0 
547.0048933987676 42.33723903572214 11.0 7.35762620415118 23.0 
548.0001844283125 41.22253862768022 11.0 6.036334709040282 23.0 
549.0010649402004 40.76605356795263 11.0 5.932376879612022 23.0 
550.0000887758399 41.66483042875625 11.0 5.40158911757581 23.0 
551.0003125577161 43.5289050351077 12.0 5.880542079434809 23.0 
552.0006239244357 43.3631264658327 12.0 5.720647913095389 24.0 
553.000398685124 44.05819113372792 12.0 6.541779344158541 24.0 
554.0001528507361 42.80406730533676 12.0 5.25921497906994 24.0 
555.0022944771213 44.657904876838224 12.0 5.661244339820288 24.0 
556.0013680374368 44.656456558166994 12.0 5.26313135460404 24.0 
557.0014310948558 44.48752856426942 11.0 5.671027445243822 24.0 
558.0012429755049 44.75178558207583 11.0 6.300429958863699 24.0 
559.0012057204366 44.69176086491405 11.0 5.65722236821 23.0 
560.0006095014442 45.41275494982413 11.0 6.472560935187721 24.0 
561.0018648517316 46.629347392642174 11.0 6.64443393324686 27.0 
562.0028860798485 46.53428104692538 11.0 6.617280589299404 27.0 
563.00126751318 44.733126321955304 15.0 6.692488259243591 26.0 
564.0031972215888 42.35302397621753 14.0 4.365463185137301 25.0 
565.0025563794367 41.79509535183002 16.0 4.419895311697644 24.0 
566.0061258725643 40.899632241271 16.0 5.59046676824328 22.0 
567.0014998257369 42.08580366475885 17.0 5.838783155693636 22.0 
568.000123741417 41.50602343181096 18.0 5.06984371735446 21.0 
569.0023053623917 41.95705628002839 17.0 5.22866026451918 21.0 
570.0026699936684 44.25195149972925 17.0 5.314610546492177 21.0 
571.0003445807077 45.952682833892446 17.0 5.937497727026732 21.0 
572.0022088536642 49.364942890251854 17.0 5.120505728770549 21.0 
573.0051686383829 53.81429263608427 17.0 4.9328011507695235 23.0 
574.0005488823026 53.69659587460796 17.0 4.999480194164475 23.0 
575.000662857622 55.71595020122254 16.0 3.515756398133743 37.0 
576.0012133986938 56.57876051985706 15.0 4.5342688958085935 30.0 
577.0036027527482 59.075214387728835 14.0 6.534997284699688 24.0 
578.002619583312 57.52434075941626 13.0 6.638042301979761 26.0 
579.0022719711932 59.69427020355469 13.0 6.433544378261526 25.0 
580.001088818065 63.638325332092535 13.0 7.404772740292996 23.0 
581.0000228976138 65.74728871909211 12.0 8.346126070473408 23.0 
582.0006312920128 66.4401033529739 12.0 8.352401593362066 23.0 
583.0003306070412 66.20320576307546 11.0 9.155637527316815 23.0 
584.0005400427542 67.70879695690066 11.0 9.415805155757734 23.0 
585.0016252374165 69.26872370278595 11.0 9.052872049551157 23.0 
586.0005577776375 68.10239030119766 12.0 9.302573318695432 23.0 
587.0001188430474 70.05321337420486 10.0 11.77823226048389 23.0 
588.0007447695182 69.47952803984312 10.0 14.397488582086188 23.0 
589.0026376547162 66.85832359619224 10.0 15.979676815311208 23.0 
590.002209271046 65.65494477760406 11.0 14.84498881370322 23.0 
591.0009257909455 61.853376018106076 11.0 16.772098153251402 24.0 
592.0000557058545 60.4005490859534 10.0 17.45460740550935 23.0 
593.0011858969486 61.65968252961385 10.0 19.08470319486389 23.0 
594.0029550078099 60.463857170404886 10.0 17.31654555932422 23.0 
595.0007021959337 60.41346773705031 9.0 17.743351316974895 23.0 
596.0029336564842 61.213916943585936 8.0 17.670898894020542 23.0 
597.0004203538874 60.55414266472029 8.0 18.237111444166942 23.0 
598.0019493408621 59.2758705247831 9.0 16.344976776518767 23.0 
599.0035232609002 57.00841069972105 9.0 13.860327363069485 23.0 
600.000747493353 58.639270794122 8.0 15.030422853035848 22.0 
#####################################################################
# End of data export. Simulation finished at: 2019-02-22T07:00+0000 #
#####################################################################
