#####################################################################
# Alchemist log file - simulation started at: 2019-02-25T20:31+0000 #
#####################################################################
# seed = 143.0
#
# The columns have the following meaning: 
# time distance-rep[Mean] distance-rep[Max] leader-rep[CountDistinct] distance-share[Mean] distance-share[Max] leader-share[CountDistinct] 
0.0 NaN NaN NaN NaN NaN NaN 
1.0007269419003995 0.0 0.0 500.0 0.0 0.0 63.0 
2.000316728193825 0.0 0.0 108.0 0.0 0.0 57.0 
3.001756040833791 0.0 0.0 100.0 0.0 0.0 52.0 
4.000997217907697 0.0 0.0 101.0 0.0 0.0 48.0 
5.000808086630066 0.0 0.0 89.0 0.0 0.0 44.0 
6.000320921808058 0.0 0.0 89.0 0.0 0.0 39.0 
7.000316728193825 0.0 0.0 86.0 0.0 0.0 37.0 
8.003429529380556 0.0 0.0 79.0 0.0 0.0 36.0 
9.00332842687189 0.0 0.0 76.0 0.0375970136040532 15.866575621915217 34.0 
10.005565045583374 0.0 0.0 74.0 0.0 0.0 34.0 
11.00005394910175 0.0 0.0 71.0 0.008835477575952213 4.417738787976077 31.0 
12.000316728193825 0.0 0.0 72.0 0.03562442929775409 17.81221464887693 31.0 
13.004474050427321 0.0 0.0 68.0 0.0 0.0 28.0 
14.001608014397453 0.0 0.0 65.0 0.0 0.0 27.0 
15.001242456285777 0.0 0.0 65.0 0.0035802418278942515 1.7901209139471348 31.0 
16.0007269419004 0.0 0.0 62.0 0.0 0.0 32.0 
17.000316728193823 0.0 0.0 58.0 0.0 0.0 31.0 
18.001412948807538 0.0 0.0 59.0 0.0 0.0 30.0 
19.001454121291403 0.0 0.0 54.0 0.004270463326898828 2.1352316634494173 28.0 
20.00241898798962 0.0 0.0 54.0 0.0 0.0 29.0 
21.0007269419004 0.0 0.0 54.0 0.0 0.0 26.0 
22.000316728193823 0.0 0.0 52.0 0.0 0.0 24.0 
23.00234115513673 0.0 0.0 49.0 0.0 0.0 24.0 
24.000874736393794 0.0 0.0 49.0 0.0 0.0 23.0 
25.00003934354413 0.0 0.0 45.0 0.0 0.0 23.0 
26.0007269419004 0.0 0.0 44.0 0.0 0.0 20.0 
27.000316728193823 0.0 0.0 43.0 0.0 0.0 18.0 
28.000781786407074 0.0 0.0 47.0 0.0 0.0 19.0 
29.000547449522895 0.0 0.0 45.0 0.0 0.0 19.0 
30.00173110244306 0.0 0.0 44.0 0.002442510395539675 1.2212551977698354 20.0 
31.0007269419004 0.0 0.0 44.0 0.0 0.0 23.0 
32.00031672819382 0.0 0.0 44.0 0.0 0.0 21.0 
33.005556479871125 0.0 0.0 40.0 0.0 0.0 20.0 
34.00239638561688 0.0 0.0 41.0 0.0 0.0 20.0 
35.004565418398855 0.0 0.0 40.0 0.0 0.0 20.0 
36.000726941900396 0.0 0.0 37.0 0.0 0.0 20.0 
37.00031672819382 0.0 0.0 36.0 0.0 0.0 19.0 
38.00437795198144 0.0 0.0 36.0 0.0 0.0 19.0 
39.00015749724114 0.0 0.0 34.0 0.0 0.0 19.0 
40.001059130511656 0.0 0.0 34.0 0.0 0.0 18.0 
41.000726941900396 0.0 0.0 31.0 0.0 0.0 18.0 
42.00015260026515 0.0 0.0 30.0 0.0 0.0 17.0 
43.00012255917511 0.0 0.0 31.0 0.0 0.0 17.0 
44.00077552343668 0.0 0.0 30.0 0.0 0.0 18.0 
45.00040296515728 0.0 0.0 29.0 0.0 0.0 20.0 
46.000726941900396 0.0 0.0 28.0 0.0 0.0 21.0 
47.00031672819382 0.0 0.0 28.0 0.0 0.0 21.0 
48.00234964940453 0.02421248487951518 12.106242439757523 28.0 0.0 0.0 20.0 
49.00057261688954 0.02421248487951518 12.106242439757523 28.0 0.0 0.0 19.0 
50.00113638891615 0.0 0.0 28.0 0.0 0.0 19.0 
51.000726941900396 0.0 0.0 28.0 0.0 0.0 19.0 
52.00031672819382 0.0 0.0 29.0 0.0 0.0 19.0 
53.000714636897605 0.0 0.0 28.0 0.0 0.0 18.0 
54.002143325658295 0.0 0.0 29.0 0.0 0.0 19.0 
55.00029617406663 0.0 0.0 29.0 0.0 0.0 19.0 
56.0006261230271 0.0 0.0 29.0 0.0 0.0 19.0 
57.00031672819382 0.0 0.0 29.0 0.0 0.0 19.0 
58.00393135283683 0.0 0.0 29.0 0.0 0.0 19.0 
59.00085168952657 0.0 0.0 28.0 0.0 0.0 19.0 
60.00232026055919 0.0 0.0 28.0 0.0 0.0 19.0 
61.000726941900396 0.0 0.0 29.0 0.0 0.0 20.0 
62.00031672819382 0.0 0.0 29.0 0.0 0.0 21.0 
63.000793647490944 0.0 0.0 29.0 0.0 0.0 21.0 
64.00411800681016 0.0 0.0 28.0 0.0 0.0 21.0 
65.00244384286934 0.0 0.0 29.0 0.0 0.0 21.0 
66.0007269419004 0.0 0.0 29.0 0.029252751625236613 14.62637581261825 21.0 
67.00031672819382 0.0 0.0 29.0 0.018304300234107233 9.152150117053651 22.0 
68.00083938380286 0.0 0.0 28.0 0.0 0.0 23.0 
69.00596416766047 0.0 0.0 28.0 0.0 0.0 22.0 
70.00199546168267 0.0 0.0 28.0 0.0 0.0 22.0 
71.0007269419004 0.0 0.0 27.0 0.0 0.0 24.0 
72.00031672819382 0.0 0.0 27.0 0.0 0.0 24.0 
73.00130398845586 0.0 0.0 27.0 0.0 0.0 24.0 
74.000063289646 0.0 0.0 28.0 0.0 0.0 23.0 
75.00014811765038 0.0 0.0 28.0 0.0 0.0 23.0 
76.00072048837593 0.0 0.0 28.0 0.0 0.0 23.0 
77.00031672819382 0.0 0.0 28.0 0.0 0.0 23.0 
78.00226184870883 0.0 0.0 28.0 0.0 0.0 23.0 
79.00065258347736 0.0 0.0 28.0 0.0 0.0 23.0 
80.00006852882177 0.0 0.0 28.0 0.0 0.0 26.0 
81.0007269419004 0.007893726612006826 3.1636287986723914 27.0 0.0 0.0 24.0 
82.00031672819382 0.0064439789259947864 3.1636287986723914 29.0 0.0 0.0 25.0 
83.0003579252097 0.003610376131317303 1.8051880656586548 28.0 0.0 0.0 25.0 
84.00298217523888 0.0 0.0 27.0 0.0 0.0 25.0 
85.0013072938707 0.0 0.0 27.0 0.0 0.0 25.0 
86.00052365047245 0.019571002087185714 9.78550104359283 29.0 0.0 0.0 25.0 
87.00031672819382 0.0 0.0 27.0 0.0 0.0 25.0 
88.00002491695918 0.0 0.0 24.0 0.0 0.0 25.0 
89.00306355612302 0.0 0.0 24.0 0.0 0.0 25.0 
90.00391166937534 0.0 0.0 22.0 0.0 0.0 25.0 
91.00035542790246 0.0 0.0 22.0 0.0 0.0 25.0 
92.00019306401263 0.012865655438373895 6.432827719186918 21.0 0.0 0.0 25.0 
93.00043916239414 0.012865655438373895 6.432827719186918 20.0 0.0 0.0 24.0 
94.00710699532893 0.012865655438373895 6.432827719186918 20.0 0.0 0.0 25.0 
95.00177654582784 0.024028548103462707 12.01427405173132 21.0 0.0 0.0 25.0 
96.0007269419004 0.031152382722660712 12.01427405173132 20.0 0.0 0.0 25.0 
97.00031672819382 0.04579855186750419 19.33735862415307 20.0 0.0 0.0 25.0 
98.00425237389213 0.04579855186750419 19.33735862415307 19.0 0.0 0.0 25.0 
99.00120006409593 0.04579855186750419 19.33735862415307 18.0 0.0 0.0 25.0 
100.00041618759462 0.0602837217266824 19.33735862415307 18.0 0.0 0.0 25.0 
101.0007269419004 0.10343931080414087 25.171921799867533 19.0 0.0 0.0 24.0 
102.00031672819382 0.11176224732139228 29.333390058493364 19.0 0.0 0.0 23.0 
103.00292164101016 0.11176224732139228 29.333390058493364 19.0 0.0 0.0 22.0 
104.0025006504052 0.11276194274676167 29.333390058493364 19.0 0.0 0.0 22.0 
105.00232272869624 0.12746552695068353 29.333390058493364 19.0 0.0 0.0 22.0 
106.0007269419004 0.1772361438948459 35.26071048013483 19.0 0.0 0.0 22.0 
107.0001731653934 0.10571502750920705 29.807295293300996 19.0 0.0 0.0 22.0 
108.00005688357068 0.10571502750920705 29.807295293300996 19.0 0.0 0.0 21.0 
109.00298290772605 0.046993141781627806 23.05021846130245 19.0 0.0 0.0 21.0 
110.00088847014204 0.046993141781627806 23.05021846130245 19.0 0.0 0.0 21.0 
111.0007269419004 0.00213487381865894 0.621084479817938 19.0 0.0 0.0 21.0 
112.00031672819382 0.0012421689596358795 0.621084479817938 19.0 0.0 0.0 21.0 
113.00223498718196 0.0012421689596358795 0.621084479817938 19.0 0.0 0.0 21.0 
114.00343651220753 0.011052550373248884 3.6788696175849793 19.0 0.0 0.0 21.0 
115.00067572872862 0.014776961125990305 3.6788696175849793 19.0 0.0 0.0 20.0 
116.00014147660242 0.06434388364311444 8.835415958082905 20.0 0.0 0.0 21.0 
117.00031672819382 0.06351917522234415 8.835415958082905 20.0 0.0 0.0 21.0 
118.00304253755068 0.06351917522234415 8.835415958082905 20.0 0.0 0.0 20.0 
119.00098645557262 0.08804003912631655 11.936583593296206 20.0 0.0 0.0 20.0 
120.00029659787012 0.08175980302237146 10.08260075960527 20.0 0.0 0.0 19.0 
121.0007269419004 0.1441498601536774 15.20484805511336 20.0 0.0 0.0 19.0 
122.00031672819382 0.19513043447179745 16.949593581468974 20.0 0.0 0.0 19.0 
123.00062743328189 0.1832558660196649 16.949593581468974 20.0 0.0 0.0 19.0 
124.00023670551951 0.25680016736449784 17.13293981031009 20.0 0.0 0.0 19.0 
125.00281547983303 0.39503122993440587 23.757020982985182 20.0 0.0 0.0 19.0 
126.0007269419004 0.4610287650732046 25.09539217966443 20.0 0.0 0.0 19.0 
127.00031672819382 0.5576868147791277 25.378323901017353 19.0 0.0 0.0 19.0 
128.00045210667946 0.5267075231201781 25.378323901017353 19.0 0.0 0.0 19.0 
129.00110101126415 0.5264187187411382 28.268191537319808 19.0 0.0 0.0 18.0 
130.00177009700766 0.5807111327049217 28.268191537319808 19.0 0.0 0.0 18.0 
131.00072694190038 0.8789614530410075 35.98646716788787 19.0 0.0 0.0 18.0 
132.0003167281938 0.8548646272861297 33.34566810549157 19.0 0.0 0.0 17.0 
133.00327675243125 0.846966545933784 33.34566810549157 19.0 0.0 0.0 17.0 
134.00065330646424 0.8718574041379497 36.67040269559374 19.0 0.0 0.0 17.0 
135.00036060119356 1.064558253782163 36.67040269559374 19.0 0.0 0.0 17.0 
136.00007944463763 1.1310707437707022 39.67772600646012 19.0 0.0 0.0 17.0 
137.0003167281938 1.3017948392947911 41.602102433316674 19.0 0.0 0.0 17.0 
138.00555647987113 1.2301918481259069 41.602102433316674 18.0 0.0 0.0 17.0 
139.0004155471473 1.2014875479167872 41.80025929499686 18.0 0.0 0.0 17.0 
140.00545895194696 1.1436273228409073 42.91574157888556 18.0 0.0 0.0 17.0 
141.00072694190038 1.3233259655212264 48.028731553769944 18.0 0.0 0.0 17.0 
142.0003167281938 1.1532795976513794 48.028731553769944 17.0 0.0 0.0 17.0 
143.00027076460123 1.154535031655763 48.028731553769944 17.0 0.0 0.0 17.0 
144.00532035386237 1.1327912304610144 49.99535915274936 17.0 0.0 0.0 17.0 
145.00916995848198 0.8537917524768496 50.17313235354081 17.0 0.0 0.0 18.0 
146.00072694190038 1.203247187387226 55.215878280744846 17.0 0.0 0.0 18.0 
147.0003167281938 0.8246317058007326 55.03317701627043 17.0 0.0 0.0 18.0 
148.0009542226777 0.3414135290018869 42.8518028095921 17.0 0.0 0.0 18.0 
149.0024334001527 0.4865045167468059 42.8518028095921 19.0 0.0 0.0 19.0 
150.00241491760505 0.4196149625772572 42.8518028095921 19.0 0.0 0.0 19.0 
151.00072694190038 0.38620977615956437 48.67892843775468 19.0 0.01230740170252218 6.153700851261107 19.0 
152.00009738763887 0.01565064082312994 7.379195669666444 18.0 0.006653360745774843 3.3266803728874095 19.0 
153.00253967749532 0.014758391339332818 7.379195669666444 18.0 0.0 0.0 20.0 
154.0043254818767 0.024405770713224258 7.379195669666444 18.0 0.0 0.0 21.0 
155.00395471321096 0.019157941650534655 7.379195669666444 18.0 0.0 0.0 21.0 
156.00067614032025 0.019157941650534655 7.379195669666444 18.0 0.0 0.0 20.0 
157.00007072843033 0.00542993123643691 2.199775155600861 18.0 0.0 0.0 20.0 
158.0007683683078 0.02999365389963451 10.32260186601215 18.0 0.0 0.0 20.0 
159.00061284712163 0.03243239928378086 11.970546899901706 18.0 0.0 0.0 20.0 
160.000749947326 0.026582920521997965 11.970546899901706 18.0 0.0 0.0 20.0 
161.00019542665422 0.026582920521997965 11.970546899901706 18.0 0.0 0.0 20.0 
162.00006076667628 0.026582920521997965 11.970546899901706 18.0 0.0 0.0 20.0 
163.00065571940047 0.0 0.0 18.0 0.0 0.0 20.0 
164.00044198308166 0.020378759033207624 5.9440497551892975 17.0 0.0 0.0 20.0 
165.00080957760588 0.022730552205658536 5.9440497551892975 17.0 0.0 0.0 20.0 
166.00072694190038 0.010842452695279992 5.4212263476399585 16.0 0.0 0.0 19.0 
167.0000320609245 0.022730552205658536 5.9440497551892975 16.0 0.0 0.0 18.0 
168.00034438906772 0.008799054619026912 4.399527309513445 16.0 0.0 0.0 19.0 
169.00502715077465 0.007971374772285267 3.945582667141906 17.0 0.0 0.0 18.0 
170.0030025510822 0.011863305006588453 5.891547784293522 17.0 0.0 0.0 17.0 
171.00072694190038 0.011863305006588453 5.891547784293522 17.0 0.0 0.0 17.0 
172.0003167281938 0.011863305006588453 5.891547784293522 17.0 0.0 0.0 17.0 
173.00038111639708 0.008842814097918083 4.421407048959026 17.0 0.0 0.0 17.0 
174.00477310121084 0.017542874340631606 6.283938884086382 17.0 0.0 0.0 17.0 
175.0001279029937 0.017542874340631606 6.283938884086382 17.0 0.0 0.0 17.0 
176.00072694190038 0.031662112680821655 7.059619170095004 17.0 0.0 0.0 17.0 
177.0003167281938 0.03613048200201685 7.059619170095004 17.0 0.0 0.0 18.0 
178.0024926024783 0.03387815293553381 5.43541410914429 17.0 0.0 0.0 18.0 
179.0003662442023 0.03681345451294872 5.43541410914429 17.0 0.0 0.0 18.0 
180.00051342621853 0.043403002343685104 8.060379942493483 17.0 0.0 0.0 18.0 
181.00049273555993 0.024077505806574785 5.195001499128836 17.0 0.0 0.0 17.0 
182.0003167281938 0.039183643097651995 12.748070144667423 17.0 0.0 0.0 17.0 
183.00004589792562 0.036680404909998944 13.51925863013949 17.0 0.0 0.0 17.0 
184.00037862874126 0.02464235836081938 6.211187812317405 18.0 0.0 0.0 18.0 
185.00231724822234 0.07843410826761012 13.51925863013949 18.0 0.0 0.0 19.0 
186.00072694190038 0.05346603998432922 13.51925863013949 18.0 0.0 0.0 19.0 
187.0003167281938 0.055656773486772365 13.51925863013949 18.0 0.0 0.0 19.0 
188.0008359889943 0.029583597347789824 6.211187812317405 19.0 0.0 0.0 19.0 
189.00077468819183 0.03603453700833677 5.805196757912739 19.0 0.0 0.0 18.0 
190.00126440934253 0.11073228886814021 11.779367933330434 19.0 0.0 0.0 18.0 
191.00038946358146 0.1436047761152982 18.94255264544509 19.0 0.0 0.0 18.0 
192.0002799031854 0.1839733192655953 18.94255264544509 19.0 0.0 0.0 18.0 
193.00280615851605 0.21184512170440414 17.76112068539254 19.0 0.0 0.0 19.0 
194.0000007140112 0.27084049187822334 26.045140166162554 19.0 0.0 0.0 19.0 
195.00285757293318 0.2266081498235396 19.01616494309181 19.0 0.0 0.0 18.0 
196.00072694190038 0.25908829140949435 24.411170758244538 19.0 0.0 0.0 18.0 
197.0003167281938 0.3464380804930852 23.459536425048327 19.0 0.0 0.0 18.0 
198.00064322625983 0.25544432136726214 25.065473814315112 19.0 0.0 0.0 18.0 
199.00110887398458 0.16304273127280688 16.112417979312767 19.0 0.0 0.0 18.0 
200.00060142260074 0.23647735085813443 20.818333241769892 20.0 0.0 0.0 19.0 
201.00072694190038 0.20736434645066068 18.61610330245813 20.0 0.0 0.0 19.0 
202.0003167281938 0.20817781066652633 18.61610330245813 19.0 0.0 0.0 17.0 
203.00045943396856 0.20126240316831293 18.916618166697447 19.0 0.0 0.0 17.0 
204.00082428040565 0.2081847966511336 28.168980489587852 19.0 0.0 0.0 17.0 
205.00547467160587 0.10961638981072201 18.916618166697447 20.0 0.0 0.0 19.0 
206.00063510076572 0.1066504052966205 11.873246849324488 20.0 0.0 0.0 22.0 
207.0003167281938 0.22869078461022477 31.470573284596014 20.0 0.0 0.0 21.0 
208.00210936848723 0.36365415330965206 31.448497907339004 20.0 0.0 0.0 20.0 
209.00006924946157 0.2831233736587144 30.566273229616655 20.0 0.0 0.0 20.0 
210.00080303665007 0.24668687535753017 30.566273229616655 20.0 0.0 0.0 20.0 
211.00010219989468 0.18555432889829668 28.592884750786425 19.0 0.0 0.0 20.0 
212.0003167281938 0.259073430728594 30.566273229616655 19.0 0.0 0.0 20.0 
213.0020760223073 0.2854028943066518 30.28469646399867 19.0 0.0 0.0 20.0 
214.00059015016583 0.31574458017119866 30.28469646399867 19.0 0.0 0.0 20.0 
215.0059180968067 0.30014080264834614 30.28469646399867 19.0 0.0 0.0 19.0 
216.00072694190038 0.30014080264834614 30.28469646399867 20.0 0.0 0.0 20.0 
217.0003167281938 0.3238348795574716 32.9091877074774 20.0 0.0 0.0 20.0 
218.0039735045394 0.34765650001062814 29.29607069062766 20.0 0.0 0.0 20.0 
219.00043247936227 0.3542790980516499 29.29607069062766 20.0 0.0 0.0 20.0 
220.003145503779 0.3632359493857611 29.29607069062766 20.0 0.0 0.0 20.0 
221.00072694190038 0.3411405783541148 29.29607069062766 20.0 0.0 0.0 20.0 
222.0003167281938 0.3058225413110872 27.698082396228415 21.0 0.0 0.0 20.0 
223.00124889249685 0.302647945165644 24.66498109451848 21.0 0.0 0.0 20.0 
224.00196241870862 0.2539865411033337 24.66498109451848 21.0 0.0 0.0 20.0 
225.00548440816928 0.24117052363117125 24.66498109451848 21.0 0.0 0.0 20.0 
226.00072694190038 0.22887973937328854 24.66498109451848 21.0 0.0 0.0 20.0 
227.0000565882941 0.4351357034580476 62.81172576184866 22.0 0.0 0.0 20.0 
228.00186794071413 0.4329738788869072 39.873674000392384 23.0 0.0 0.0 20.0 
229.00017895384096 0.34639205935015605 22.51318396465109 24.0 0.0 0.0 20.0 
230.00401873400736 0.351974624715543 22.51318396465109 23.0 0.0 0.0 20.0 
231.00072694190038 0.2825371162848993 22.51318396465109 23.0 0.0 0.0 20.0 
232.0003167281938 0.35539922332987284 29.173327047359976 24.0 0.0 0.0 20.0 
233.00010116407506 0.4325629697535014 23.66542432819864 24.0 0.0 0.0 20.0 
234.0006524292508 0.4801170079586311 35.51029051874562 24.0 0.0 0.0 19.0 
235.0000908400807 0.3930930184499681 23.086874497794952 24.0 0.0 0.0 19.0 
236.00072694190038 0.3958875009353819 23.086874497794952 24.0 0.0 0.0 19.0 
237.00020092580934 0.4235958328143827 23.086874497794952 24.0 0.0 0.0 19.0 
238.00169642330314 0.5463387389219161 40.50168859178169 23.0 0.0 0.0 19.0 
239.00041742231716 0.46748410927866135 27.2907718495629 23.0 0.0 0.0 20.0 
240.00057356409548 0.465094481719172 27.2907718495629 23.0 0.0 0.0 20.0 
241.00052494934246 0.45317767695306527 27.2907718495629 24.0 0.01406894816409675 7.034474082048348 20.0 
242.0003167281938 0.5174832993253731 28.445691714640446 25.0 0.0 0.0 21.0 
243.0019484036379 0.5485478387127344 32.4756727717089 26.0 0.0 0.0 21.0 
244.00088972791994 0.5596525396558154 36.90343795044262 25.0 0.0 0.0 20.0 
245.00063530098518 0.49670634063710745 36.90343795044262 25.0 0.0 0.0 20.0 
246.00072694190038 0.4863016074834965 36.90343795044262 25.0 0.0 0.0 20.0 
247.0003108141228 0.5299169931282737 36.90343795044262 24.0 0.0 0.0 20.0 
248.00501914280204 0.5713835172242135 42.22174927772707 25.0 0.0 0.0 20.0 
249.00224914255153 0.580971079987977 49.199657698842685 24.0 0.0 0.0 20.0 
250.00073488695452 0.4147462149266363 30.949686200632385 24.0 0.0033227924050219276 1.6159465001746298 20.0 
251.00072694190038 0.4109288505897789 30.949686200632385 23.0 0.0032318930003492788 1.6159465001746298 20.0 
252.0003167281938 0.36637618434520447 31.767582929912095 25.0 0.0 0.0 20.0 
253.00027918566437 0.4945746338532186 30.221226820798393 24.0 0.0 0.0 20.0 
254.00266569274388 0.5571343926502306 74.65698887765046 26.0 0.0 0.0 20.0 
255.00091564551798 0.6114496936794395 74.65698887765046 26.0 1.9506820654566922E-4 0.09753410327283518 20.0 
256.0007269419004 0.6067510110733945 74.65698887765046 26.0 0.0 0.0 21.0 
257.0001874375693 0.38846822987087737 43.15053875429183 26.0 0.0 0.0 21.0 
258.0020393788297 0.35453689696503243 35.72893232257795 25.0 0.0 0.0 21.0 
259.00751792574584 0.3708543814297271 35.72893232257795 24.0 0.0 0.0 21.0 
260.0011728138926 0.6690974341873263 76.142340958016 25.0 0.0 0.0 21.0 
261.0001611916314 0.6276291135590283 76.142340958016 24.0 0.0 0.0 20.0 
262.0003167281938 0.4247578642184018 35.31407173271194 22.0 0.0 0.0 21.0 
263.00412961928174 0.46844701459593646 38.183909408241504 22.0 0.0 0.0 21.0 
264.00177529440106 0.4831754711012436 38.183909408241504 22.0 0.0 0.0 20.0 
265.00130470993196 0.4881944043226502 38.183909408241504 21.0 0.0 0.0 20.0 
266.0003479121654 0.604863635282615 38.183909408241504 21.0 0.0 0.0 20.0 
267.0003167281938 0.6284950905175269 37.90499006491751 21.0 0.0 0.0 20.0 
268.0006062071634 0.6598492520326106 40.95739884740834 21.0 0.0 0.0 22.0 
269.0003214773965 0.6904311869758287 40.74847508013997 21.0 0.0 0.0 21.0 
270.0014099865824 0.6795659283543674 40.74847508013997 21.0 0.0 0.0 21.0 
271.0007269419004 0.722138514046306 42.15432595843748 21.0 0.0 0.0 21.0 
272.00013486773236 0.6089622735414153 45.53881439501191 21.0 0.0 0.0 21.0 
273.0020681791882 0.5810446740339961 45.53881439501191 21.0 0.0 0.0 21.0 
274.00165068722964 0.6646054441059505 45.53881439501191 21.0 0.0 0.0 21.0 
275.0012020844971 0.6325546580833942 45.53881439501191 22.0 0.0 0.0 20.0 
276.0007269419004 0.654091299707248 45.88930522844231 23.0 0.0 0.0 20.0 
277.0003167281938 0.6068433677187328 49.564988851066374 23.0 0.0 0.0 20.0 
278.00237858161853 0.6940700580079338 49.80765193106211 24.0 0.0 0.0 20.0 
279.0015782536125 0.7090598903043228 49.91036495053143 24.0 0.0 0.0 20.0 
280.001281963182 0.5414998167650854 49.91036495053143 23.0 0.0 0.0 20.0 
281.0007269419004 0.4151597629076429 49.91036495053143 23.0 0.0 0.0 19.0 
282.0003167281938 0.3064540430057659 53.86194488374241 22.0 0.0 0.0 20.0 
283.0027134439049 0.3672903171142921 53.86194488374241 22.0 0.0 0.0 22.0 
284.0009649062376 0.356144961568558 50.86951790492421 22.0 0.0 0.0 21.0 
285.00147283834144 0.153277447455589 50.37534497496162 22.0 0.0 0.0 21.0 
286.0007269419004 0.15426579331551404 50.86951790492421 21.0 0.0110916733133781 5.545836656689033 21.0 
287.0003167281938 0.08258287543288616 31.61177938937857 20.0 0.016081050489594975 8.04052524479755 21.0 
288.00025259297746 0.21845510166885715 47.68507279602147 20.0 0.027172723802973076 8.04052524479755 21.0 
289.001810645734 0.21845510166885715 47.68507279602147 19.0 0.016081050489594975 8.04052524479755 21.0 
290.0169662824017 0.034260852722412125 17.130426361206105 19.0 0.030482241482268843 15.241120741134324 22.0 
291.0007269419004 0.11195598414648504 38.84756571203624 19.0 0.05267305766831021 15.241120741134324 22.0 
292.0003167281938 0.16318020481958312 53.71122289687253 19.0 0.04863887309302089 13.22402845348941 22.0 
293.00443700187714 0.21593703383934457 53.71122289687253 18.0 0.04863887309302089 13.22402845348941 22.0 
294.0001014138696 0.46603866680977524 75.66135424383879 19.0 0.026448056906978736 13.22402845348941 22.0 
295.00018106776935 0.17187949490431984 75.66135424383879 19.0 0.041408605333606824 20.704302666803585 22.0 
296.0007269419004 0.007948724928559393 3.063711805163848 19.0 0.041408605333606824 20.704302666803585 22.0 
297.0003167281938 0.008664920532826623 3.063711805163848 20.0 0.07203500177921576 18.891058781755873 21.0 
298.00190569837963 0.0025374969224989034 0.910650659115845 22.0 0.1009283029462098 18.891058781755873 21.0 
299.00215187497525 0.016520486933833865 8.260243466916876 22.0 0.09834222673718064 18.891058781755873 20.0 
300.00028962016876 0.019605551476220173 9.802775738110114 22.0 0.06001568946297198 23.29537767176447 19.0 
301.0006450466562 0.022518565281475365 9.802775738110114 22.0 0.013848590920351843 6.712467059721519 19.0 
302.0003167281938 0.022518565281475365 9.802775738110114 22.0 0.013424934119442972 6.712467059721519 19.0 
303.00306265960444 0.019605551476220173 9.802775738110114 21.0 0.0 0.0 17.0 
304.00150333514506 0.03453893600831812 17.269468004159222 20.0 0.0 0.0 17.0 
305.00191952995385 0.036270123892234434 17.04122460000059 20.0 0.04426807591703573 14.425247085370529 17.0 
306.0007269419004 0.036270123892234434 17.04122460000059 20.0 0.04426807591703573 14.425247085370529 16.0 
307.0003167281938 0.0 0.0 20.0 0.04426807591703573 14.425247085370529 17.0 
308.00040595430454 0.03408244920000104 17.04122460000059 20.0 0.015417581746294609 7.708790873147279 17.0 
309.00158853127556 0.0 0.0 20.0 0.015417581746294609 7.708790873147279 17.0 
310.00323072953154 0.0 0.0 20.0 0.05471568928924897 14.291680606743995 16.0 
311.0007269419004 0.012266584531434576 6.1332922657173015 19.0 0.06942232451693776 16.511545477797995 16.0 
312.0002503729951 0.0 0.0 19.0 0.0 0.0 17.0 
313.0006813863572 0.0016024598103141399 0.8012299051570722 19.0 0.0 0.0 18.0 
314.00171052701944 0.0016024598103141399 0.8012299051570722 19.0 0.0 0.0 19.0 
315.0023273526283 0.005394091039575378 1.8958156146306067 19.0 0.0 0.0 18.0 
316.0007165737744 0.019308900441729067 4.319960545481479 18.0 0.0 0.0 18.0 
317.00006744384774 0.02019957748408238 4.319960545481479 18.0 0.0 0.0 18.0 
318.0023061711324 0.02980686012528741 7.925274170794808 18.0 0.0 0.0 18.0 
319.0015598137263 0.03575774315412835 7.925274170794808 18.0 0.0 0.0 18.0 
320.0007299176489 0.05422503542560344 10.451503771222093 19.0 0.0 0.0 18.0 
321.0007269419004 0.05855768754320425 10.451503771222093 18.0 0.0 0.0 18.0 
322.0003167281938 0.07978984193431499 26.936115096028345 19.0 0.0 0.0 18.0 
323.0012385410459 0.05387223019205656 26.936115096028345 19.0 0.0 0.0 18.0 
324.00251789222864 0.03511887335899933 17.55943667949964 19.0 0.0 0.0 18.0 
325.00050564705725 0.03608453913810134 17.55943667949964 19.0 0.0 0.0 19.0 
326.0000558283287 0.005656379971967811 2.8281899859838973 19.0 0.0 0.0 19.0 
327.0002984115306 0.008715885416420814 4.357942708210402 19.0 0.0 0.0 19.0 
328.0050270932545 0.005656379971967811 2.8281899859838973 19.0 0.0 0.0 19.0 
329.0035276302084 0.030430161491953437 10.111537333540781 19.0 0.0 0.0 19.0 
330.0014212215404 0.030353555447243837 10.111537333540781 19.0 0.0 0.0 19.0 
331.0007269419004 0.030741052245005743 10.111537333540781 19.0 0.0 0.0 19.0 
332.00010001072854 0.05631246544536503 22.897243933720347 19.0 0.0 0.0 19.0 
333.00124840489127 0.010130480780162258 4.536980779378069 18.0 0.0 0.0 19.0 
334.0020036543465 0.010130480780162258 4.536980779378069 18.0 0.0 0.0 19.0 
335.00296502258885 0.0010565192214060685 0.5282596107030315 18.0 0.0 0.0 19.0 
336.0007269419004 0.0 0.0 18.0 0.0 0.0 19.0 
337.0003167281938 0.0 0.0 18.0 0.0 0.0 19.0 
338.0021245699575 0.0 0.0 18.0 0.0 0.0 19.0 
339.0001943881776 0.0 0.0 18.0 0.0 0.0 18.0 
340.0001246410767 0.0 0.0 18.0 0.0 0.0 18.0 
341.0007269419004 0.0 0.0 18.0 0.0 0.0 16.0 
342.0003167281938 0.0 0.0 17.0 0.0 0.0 16.0 
343.0001356511003 0.0 0.0 17.0 0.0 0.0 16.0 
344.00467991125373 0.0 0.0 17.0 0.0 0.0 16.0 
345.0023767948181 0.0 0.0 17.0 0.0 0.0 16.0 
346.0007269419004 0.0 0.0 17.0 0.0 0.0 16.0 
347.0003167281938 0.0076007295118001895 3.8003647559000626 17.0 0.0 0.0 16.0 
348.0033488348265 0.003693642854774126 1.8468214273870558 17.0 0.0 0.0 16.0 
349.0025917433027 0.0054128974241917085 1.8468214273870558 17.0 0.0 0.0 16.0 
350.00082641673333 0.003693642854774126 1.8468214273870558 16.0 0.0 0.0 16.0 
351.0007269419004 0.003693642854774126 1.8468214273870558 17.0 0.0 0.0 16.0 
352.0003167281938 0.02484135671951612 5.262448799864018 17.0 0.0 0.0 16.0 
353.00049622045566 0.058970401842494656 13.35062010345078 18.0 0.0 0.0 16.0 
354.00403017407064 0.03226916163559329 10.872132017932614 18.0 0.0 0.0 16.0 
355.0019699673799 0.03226916163559329 10.872132017932614 18.0 0.0 0.0 16.0 
356.0007269419004 0.03766068989572357 10.872132017932614 18.0 0.004205824057292674 2.1029120286463296 16.0 
357.00031432748676 0.037825313494062075 10.872132017932614 18.0 0.004205824057292674 2.1029120286463296 16.0 
358.0030896919295 0.030627023389241368 11.542349264862196 18.0 0.004205824057292674 2.1029120286463296 16.0 
359.00418952926987 0.0762090565034862 11.542349264862196 18.0 0.004205824057292674 2.1029120286463296 15.0 
360.0005714622446 0.07310403883350128 11.542349264862196 18.0 0.0 0.0 16.0 
361.00002817156496 0.11171869550431038 11.542349264862196 17.0 0.0 0.0 17.0 
362.00003403780164 0.09963824841301784 11.542349264862196 17.0 0.0 0.0 16.0 
363.00127226139455 0.10052219810350571 15.156135098036685 17.0 0.0 0.0 16.0 
364.0023998025787 0.13473768432370373 13.666955007317227 17.0 0.0 0.0 17.0 
365.00116400168764 0.11816787870650752 15.156135098036685 17.0 0.0 0.0 17.0 
366.0007269419004 0.09527270782852688 13.207994530767877 17.0 0.0 0.0 17.0 
367.0003167281938 0.10219339664941629 13.207994530767877 17.0 0.0 0.0 17.0 
368.00022500868675 0.07855028349521177 13.207994530767877 17.0 0.0 0.0 17.0 
369.00792064020493 0.029601488159013797 7.0704183630945465 17.0 0.0 0.0 16.0 
370.0006865296164 0.022744610278857363 9.917378717358645 17.0 0.0 0.0 16.0 
371.0007269419004 0.002909852844140067 1.4549264220700309 17.0 0.0 0.0 16.0 
372.0003167281938 0.02764032918444963 13.82016459222487 18.0 0.0 0.0 16.0 
373.00007020470093 0.025937978052759724 9.07096743316356 17.0 0.0 0.0 16.0 
374.000339182736 0.06827680151618444 16.271567129000033 17.0 0.0 0.0 16.0 
375.00054319775126 0.06958194153555346 16.271567129000033 17.0 0.0 0.0 16.0 
376.0003038555976 0.03573366725818458 7.185973179413594 17.0 0.0 0.0 16.0 
377.0003167281938 0.0531738013663598 14.411105624381975 18.0 0.0 0.0 16.0 
378.0020956168353 0.03284340873962461 14.411105624381975 17.0 0.0 0.0 16.0 
379.00093476650113 0.018592333247110186 9.296166623555024 17.0 0.0 0.0 16.0 
380.00157691705056 0.028231974261939765 9.296166623555024 17.0 0.0 0.0 19.0 
381.0007269419004 0.00963964101482971 2.6431428479140777 17.0 0.0 0.0 20.0 
382.0002355227957 0.0 0.0 17.0 0.0 0.0 20.0 
383.00555647987113 0.008755718791695599 2.2011817363470243 16.0 0.0 0.0 19.0 
384.0000927867526 0.011465743844783759 5.732871922391922 16.0 0.0 0.0 18.0 
385.0006960818743 0.02071616522744839 10.358082613724122 16.0 0.0 0.0 18.0 
386.0007269419004 0.0 0.0 16.0 0.0 0.0 18.0 
387.0003167281938 6.9379525394879615E-6 0.003468976269743962 16.0 0.0 0.0 18.0 
388.00500045436905 0.0 0.0 16.0 0.0 0.0 18.0 
389.0036841424529 0.03923556233089883 19.617781165449315 16.0 0.0 0.0 18.0 
390.0075830206396 0.04542342175676309 22.71171087838141 16.0 0.0 0.0 18.0 
391.00062792906954 0.05096951095000513 22.71171087838141 16.0 0.0 0.0 18.0 
392.0003167281938 0.1810048923645148 56.78984800711652 16.0 0.0 0.0 18.0 
393.00520395095856 0.08531358860229213 19.525361801033796 16.0 0.0 0.0 18.0 
394.00594887231716 0.1411394104737409 26.439532804249353 16.0 0.0 0.0 18.0 
395.0025170967097 0.1411394104737409 26.439532804249353 16.0 0.0 0.0 18.0 
396.0007269419004 0.25085480497499224 52.55244496557833 16.0 0.0 0.0 18.0 
397.0003167281938 0.31334162346515393 58.48042152669643 16.0 0.0027684141620521697 1.3842070810260907 18.0 
398.0017804917912 0.23327333725321447 58.48042152669643 17.0 0.0 0.0 19.0 
399.0014385524753 0.4204081079691143 58.48042152669643 17.0 0.0 0.0 20.0 
400.00011533406393 0.4025831746122704 54.502154886816896 17.0 0.0 0.0 19.0 
401.0007269419004 0.4596163096379697 60.5258067676786 17.0 0.0 0.0 19.0 
402.0003167281938 0.7599236136998035 61.46546191798359 16.0 0.0 0.0 18.0 
403.0013237935599 0.6761750330226058 60.5258067676786 16.0 0.0 0.0 18.0 
404.0027140368141 0.33236349130979514 57.00559793959678 16.0 0.0 0.0 18.0 
405.0025581534173 0.2703369323042817 29.91371706584067 16.0 0.0 0.0 18.0 
406.0007269419004 0.3406617467150328 41.97929227754531 17.0 0.0 0.0 18.0 
407.0003167281938 0.5341891575524519 65.02513823624605 20.0 0.0 0.0 18.0 
408.004972776335 0.44545050626188304 61.72091544122674 20.0 0.0 0.0 17.0 
409.000656672954 0.31524608400536414 61.72091544122674 22.0 0.0 0.0 17.0 
410.0016838383658 0.17120836283604143 26.235472008655876 22.0 0.0 0.0 17.0 
411.0005615669963 0.2941626363093573 61.72091544122674 23.0 0.0 0.0 17.0 
412.0003167281938 0.5800956101369419 68.08547491867694 23.0 0.0 0.0 18.0 
413.00035184164005 0.5861562340197064 64.01409887365077 22.0 0.0 0.0 18.0 
414.0022310970217 0.6881167238275187 66.12380921918458 22.0 0.0 0.0 18.0 
415.0058906699666 0.8130455774098996 66.12380921918458 21.0 0.0 0.0 19.0 
416.0007269419004 0.6909956339229798 66.12380921918458 21.0 0.0 0.0 18.0 
417.0003167281938 0.7888192194690167 68.75517074844458 21.0 0.0 0.0 17.0 
418.0012498552796 0.7859957011122424 66.79940354202193 21.0 0.0 0.0 18.0 
419.000926421315 0.8890220037595978 66.79940354202193 21.0 0.0 0.0 18.0 
420.00049917997404 0.875552486715911 66.79940354202193 19.0 0.0 0.0 18.0 
421.00028695185495 0.9636147323336032 66.79940354202193 20.0 0.0 0.0 18.0 
422.0003167281938 0.7619373202706236 62.057373762410066 20.0 0.0 0.0 18.0 
423.0002008872662 0.6424745010013567 58.36732975493152 22.0 0.0 0.0 18.0 
424.0024999632746 0.641518934448866 58.36732975493152 21.0 0.0 0.0 17.0 
425.00262609078254 0.5071602516101853 54.801413604804054 22.0 0.0 0.0 17.0 
426.0007269419004 0.4263644817082077 44.38859788619189 22.0 0.0 0.0 17.0 
427.0003167281938 0.4987443975632401 52.46720408934948 22.0 0.0 0.0 17.0 
428.00192963935524 0.6914675738610303 50.98699245826356 22.0 0.0 0.0 17.0 
429.0021910382558 0.6001976357770884 53.899075479226894 22.0 0.0 0.0 17.0 
430.0010129216478 0.7031237445927321 53.899075479226894 22.0 0.0 0.0 16.0 
431.0002134549063 0.6584144144933523 50.98699245826356 22.0 0.0 0.0 16.0 
432.0003167281938 0.4562844221930175 50.40809839425185 22.0 0.0 0.0 16.0 
433.00009813762256 0.37984729157594316 50.40809839425185 21.0 0.0 0.0 16.0 
434.0032231172755 0.3153440366187862 50.40809839425185 22.0 0.0 0.0 16.0 
435.0002795102958 0.3931089841048068 45.48628174089481 21.0 0.0 0.0 16.0 
436.0007269419004 0.34970358982544003 45.48628174089481 21.0 0.0 0.0 16.0 
437.00008286900976 0.11791707000954846 36.692770338887414 21.0 0.0 0.0 16.0 
438.0020425104822 0.017732508576549264 8.86625428827466 21.0 0.0 0.0 16.0 
439.0039213595625 0.0 0.0 20.0 0.0 0.0 19.0 
440.00021114414733 0.0 0.0 21.0 0.0 0.0 19.0 
441.0007269419004 0.0 0.0 21.0 0.0 0.0 19.0 
442.0003167281938 0.0 0.0 22.0 0.0 0.0 19.0 
443.0008516050858 0.0 0.0 21.0 0.0 0.0 18.0 
444.0006518536652 0.0 0.0 21.0 0.0 0.0 18.0 
445.0017850778801 0.0 0.0 20.0 0.0 0.0 18.0 
446.0007269419004 0.0 0.0 20.0 0.0 0.0 17.0 
447.00006322386 0.0 0.0 20.0 0.0 0.0 17.0 
448.0000887786801 0.0 0.0 21.0 0.0 0.0 17.0 
449.00305480983656 0.0 0.0 20.0 0.0 0.0 16.0 
450.0056064490523 0.0 0.0 19.0 0.0 0.0 16.0 
451.0007269419004 0.0 0.0 19.0 0.0 0.0 16.0 
452.00003698587216 0.0 0.0 19.0 0.0 0.0 16.0 
453.0012259728249 0.0 0.0 19.0 0.0 0.0 16.0 
454.0014678022359 0.0 0.0 19.0 0.0 0.0 16.0 
455.0007162155797 0.0 0.0 19.0 0.0 0.0 16.0 
456.0000622126757 0.0015252959601994576 0.7626479800997288 19.0 0.0 0.0 16.0 
457.0003167281938 0.016265090873574434 8.132545436787183 19.0 0.012109186276844847 6.054593138422405 16.0 
458.0034632059235 0.016265090873574434 8.132545436787183 19.0 0.02691370869491336 13.456854347456726 16.0 
459.0008501978932 0.016265090873574434 8.132545436787183 19.0 0.02691370869491336 13.456854347456726 17.0 
460.0004306141038 0.016265090873574434 8.132545436787183 19.0 0.0 0.0 19.0 
461.0007269419004 0.020708341283062707 10.354170641531368 19.0 0.0 0.0 20.0 
462.0003167281938 0.006980914365087261 3.4904571825436506 19.0 0.0 0.0 17.0 
463.0015284007233 0.006980914365087261 3.4904571825436506 19.0 0.0 0.0 17.0 
464.0000752097111 0.006980914365087261 3.4904571825436506 19.0 0.0 0.0 17.0 
465.00101948607545 0.006980914365087261 3.4904571825436506 21.0 0.0 0.0 17.0 
466.0007269419004 0.0 0.0 20.0 0.0 0.0 17.0 
467.0003167281938 0.0 0.0 20.0 0.0 0.0 17.0 
468.0019080652746 0.0 0.0 20.0 0.0 0.0 17.0 
469.0009805895412 0.0 0.0 19.0 0.0 0.0 17.0 
470.0000531138078 0.0 0.0 19.0 0.0 0.0 17.0 
471.00067587241114 0.0034638375132610335 1.731918756630506 19.0 0.0 0.0 18.0 
472.0003167281938 0.0 0.0 20.0 0.0 0.0 19.0 
473.00039195028216 0.0 0.0 20.0 0.0 0.0 19.0 
474.00240621191045 0.0 0.0 20.0 0.0 0.0 19.0 
475.0009414493991 0.0 0.0 20.0 0.0 0.0 19.0 
476.0007269419004 0.0 0.0 20.0 0.0 0.0 19.0 
477.0003167281938 0.0 0.0 20.0 0.0 0.0 18.0 
478.00555647987113 0.0 0.0 20.0 0.0 0.0 18.0 
479.0016371704455 0.0 0.0 20.0 0.0 0.0 17.0 
480.00003050172256 0.0 0.0 20.0 0.0 0.0 17.0 
481.0005161962394 0.0 0.0 20.0 0.0 0.0 17.0 
482.0003167281938 0.0 0.0 20.0 0.0 0.0 17.0 
483.0024343705019 0.0 0.0 20.0 0.0 0.0 17.0 
484.00250954673703 0.0 0.0 20.0 0.0 0.0 17.0 
485.0001023441008 0.0 0.0 20.0 0.0 0.0 17.0 
486.0007269419004 0.0 0.0 20.0 0.0 0.0 17.0 
487.0003167281938 0.0 0.0 19.0 0.0 0.0 17.0 
488.0011501281692 0.0 0.0 19.0 0.0 0.0 18.0 
489.00285766761675 0.0 0.0 20.0 0.0 0.0 18.0 
490.00045861176727 0.0 0.0 21.0 0.0 0.0 17.0 
491.0007269419004 0.0 0.0 20.0 0.0 0.0 17.0 
492.0003167281938 0.0 0.0 21.0 0.0 0.0 17.0 
493.00020208788004 0.0 0.0 20.0 0.0 0.0 16.0 
494.00002370551346 0.0 0.0 19.0 0.0 0.0 16.0 
495.00100115183034 0.0 0.0 20.0 0.0 0.0 17.0 
496.0007269419004 0.0 0.0 20.0 0.0 0.0 18.0 
497.0003167281938 0.0 0.0 21.0 0.0 0.0 17.0 
498.0003744296898 0.0 0.0 20.0 0.0 0.0 17.0 
499.0071465129952 0.0 0.0 19.0 0.0 0.0 17.0 
500.00032794460725 0.0 0.0 19.0 0.0 0.0 17.0 
501.0007269419004 0.0 0.0 19.0 0.0 0.0 17.0 
502.0003167281938 0.0 0.0 19.0 0.0 0.0 17.0 
503.0035925229634 0.0 0.0 19.0 0.0 0.0 16.0 
504.0033919100328 0.0 0.0 19.0 0.0 0.0 16.0 
505.00492470647595 0.0 0.0 19.0 0.0 0.0 18.0 
506.0007269419004 0.0 0.0 19.0 0.0 0.0 19.0 
507.0003167281938 0.0 0.0 19.0 0.0 0.0 16.0 
508.0005826110818 0.0 0.0 19.0 0.0 0.0 17.0 
509.002711624813 0.0 0.0 19.0 0.0 0.0 17.0 
510.00230692281656 0.0 0.0 19.0 0.0 0.0 17.0 
511.0000659306204 0.0 0.0 19.0 0.0 0.0 16.0 
512.0003167281939 0.0 0.0 19.0 0.0 0.0 16.0 
513.0028197748538 0.0 0.0 19.0 0.0 0.0 16.0 
514.0056077276403 0.0 0.0 18.0 0.0 0.0 16.0 
515.0026599347422 0.0 0.0 18.0 0.0 0.0 16.0 
516.0007269419004 0.0 0.0 18.0 0.0 0.0 16.0 
517.0003167281939 0.0 0.0 18.0 0.0 0.0 16.0 
518.0045079616884 0.0 0.0 18.0 0.0 0.0 16.0 
519.0012238742955 0.0 0.0 18.0 0.0 0.0 16.0 
520.0005203700906 0.0 0.0 18.0 0.0 0.0 17.0 
521.0003348697169 0.021450057400431394 10.725028700215631 18.0 0.0 0.0 17.0 
522.0003167281939 0.08993687293011556 27.628625413271493 17.0 0.0 0.0 17.0 
523.0022781675531 0.08029154323165315 27.628625413271493 17.0 0.0 0.0 17.0 
524.0001462378054 0.05525725082654312 27.628625413271493 17.0 0.0 0.0 17.0 
525.0039178542497 0.010208571001172033 5.10428550058603 17.0 0.0 0.0 17.0 
526.0007269419004 0.0 0.0 17.0 0.0 0.0 17.0 
527.0003167281939 0.0 0.0 17.0 0.0 0.0 17.0 
528.0003048032466 0.0 0.0 17.0 0.0 0.0 17.0 
529.002546026139 0.009662405914966223 4.8312029574831 17.0 0.0 0.0 17.0 
530.0004710932308 0.0 0.0 17.0 0.0 0.0 17.0 
531.0007269419004 0.0 0.0 18.0 0.004525527651261823 2.2627638256309126 17.0 
532.0003167281939 0.0 0.0 17.0 0.004525527651261823 2.2627638256309126 18.0 
533.00214758071 0.0 0.0 19.0 0.0 0.0 18.0 
534.0007903319648 0.0 0.0 20.0 0.0 0.0 19.0 
535.0029056812107 0.0 0.0 20.0 0.0 0.0 18.0 
536.0007269419004 0.0 0.0 19.0 0.005908338525142166 2.954169262571071 17.0 
537.0003167281939 0.0 0.0 19.0 0.005908338525142166 2.954169262571071 17.0 
538.0055564798711 0.0 0.0 20.0 0.0 0.0 17.0 
539.0008561220407 0.0 0.0 21.0 0.0 0.0 17.0 
540.0021551463863 0.0 0.0 21.0 0.006464026341683436 3.2320131708416966 17.0 
541.0007269419004 0.0032248956724559344 1.6124478362279717 21.0 0.006464026341683436 3.2320131708416966 17.0 
542.0003167281939 0.0032248956724559344 1.6124478362279717 20.0 0.04644175211554011 23.220876057770198 17.0 
543.0035567222619 0.0032248956724559344 1.6124478362279717 19.0 0.04644175211554011 23.220876057770198 16.0 
544.0009448355057 0.0 0.0 19.0 0.04644175211554011 23.220876057770198 16.0 
545.0011256752412 0.0 0.0 18.0 0.061461991879754874 30.73099593987726 16.0 
546.0007269419004 0.0 0.0 18.0 0.07060169823103178 30.73099593987726 16.0 
547.0003167281939 0.0 0.0 18.0 0.07060169823103178 30.73099593987726 16.0 
548.0025015630615 0.0 0.0 17.0 0.04931525949560215 23.457894506598223 16.0 
549.0000090847418 0.0 0.0 18.0 0.002399470482405784 1.1997352412028874 17.0 
550.0013804985002 0.0 0.0 18.0 0.024054510464659486 8.573315707999825 17.0 
551.0007269419004 0.0 0.0 18.0 0.03899309127928838 16.042606115314243 17.0 
552.0003167281939 0.007959116476393795 3.9795582381969155 18.0 0.08626015361422781 23.633531167469528 17.0 
553.0051918668139 0.007959116476393795 3.9795582381969155 18.0 0.032085212230628664 16.042606115314243 17.0 
554.0031597735582 0.03403720635477966 13.03904493919299 17.0 0.032085212230628664 16.042606115314243 19.0 
555.0005647088268 0.03403720635477966 13.03904493919299 19.0 0.007007278286755454 3.5036391433777396 19.0 
556.0007269419004 0.033044618450727814 12.82355873098362 21.0 0.007007278286755454 3.5036391433777396 19.0 
557.0003167281939 0.007397500988760474 3.6987504943802207 20.0 0.01099427753189701 3.5036391433777396 18.0 
558.0024834979419 0.006200039650220764 3.1000198251103654 20.0 0.003986999245141512 1.9934996225707664 18.0 
559.0009751052044 0.006200039650220764 3.1000198251103654 18.0 0.003986999245141512 1.9934996225707664 18.0 
560.0038688801376 0.006200039650220764 3.1000198251103654 18.0 0.019021364980768556 9.51068249038434 18.0 
561.0007269419004 0.006255824373240198 3.127912186620108 18.0 0.02641863862361142 9.51068249038434 18.0 
562.0003167281939 0.013039450986148601 3.391813306454168 18.0 0.04116795910156687 16.88534272936215 18.0 
563.0005756846449 0.01793045697032915 5.573415178710377 18.0 0.033770685458724116 16.88534272936215 18.0 
564.0007083137152 0.01793045697032915 5.573415178710377 18.0 1.4610218991094714E-5 0.007305109495547413 18.0 
565.0076038423489 0.03961932056092262 10.558811724190349 18.0 0.022855239574035496 7.524139512930105 18.0 
566.0007269419004 0.022488662374414298 5.859035249816884 18.0 0.022855239574035496 7.524139512930105 18.0 
567.0003167281939 0.015147164146067663 5.859035249816884 18.0 0.015048279025860117 7.524139512930105 19.0 
568.0000687338095 0.0 0.0 18.0 0.015048279025860117 7.524139512930105 19.0 
569.006388232046 0.0 0.0 17.0 0.0 0.0 19.0 
570.0019954528925 0.0 0.0 17.0 0.0 0.0 19.0 
571.0007269419004 0.0 0.0 17.0 0.0030095445879412814 1.5047722939706318 19.0 
572.0003167281939 0.0 0.0 18.0 0.0030095445879412814 1.5047722939706318 20.0 
573.0005643914694 0.005318493243191757 2.6592466215958837 17.0 0.0 0.0 19.0 
574.0043345252925 0.005318493243191757 2.6592466215958837 17.0 0.0 0.0 19.0 
575.0003348426751 0.005318493243191757 2.6592466215958837 17.0 0.0 0.0 18.0 
576.0007269419004 0.009485603372666901 2.4519575745424333 17.0 0.0 0.0 18.0 
577.0001900477898 0.009485603372666901 2.4519575745424333 17.0 0.0 0.0 18.0 
578.0007555372705 0.009485603372666901 2.4519575745424333 16.0 0.0 0.0 18.0 
579.0011109274836 0.0 0.0 17.0 0.006311692844945111 3.155846422472564 17.0 
580.0021167264259 0.0 0.0 17.0 0.006311692844945111 3.155846422472564 17.0 
581.0001705694306 0.013381189434907017 3.9983389351576477 16.0 0.006381159467360338 3.190579733680181 17.0 
582.0003167281939 0.013381189434907017 3.9983389351576477 16.0 0.006381159467360338 3.190579733680181 17.0 
583.0018480511873 0.027981567865379635 11.298528150393963 16.0 0.006381159467360338 3.190579733680181 16.0 
584.0004131207428 0.022597056300787878 11.298528150393963 16.0 0.0 0.0 17.0 
585.0014096522893 0.024329834867595133 11.298528150393963 16.0 0.0 0.0 17.0 
586.0007269419004 0.029880159391008576 14.073690412100632 16.0 0.007992138813940666 2.116516948751041 17.0 
587.0003167281939 0.029880159391008576 14.073690412100632 16.0 0.021779132215377812 2.729592079021927 18.0 
588.0008243750423 0.0017327785668072569 0.8663892834036346 16.0 0.021779132215377812 2.729592079021927 18.0 
589.0042882426951 0.0 0.0 16.0 0.0184165974129245 2.729592079021927 17.0 
590.0003445465492 0.0 0.0 16.0 0.017696349454992703 2.729592079021927 17.0 
591.0007269419004 0.0 0.0 16.0 0.021035530071624387 3.5466668532846484 17.0 
592.0003167281939 0.0 0.0 16.0 0.06111042403865679 9.130953809575942 16.0 
593.0020306117156 0.0 0.0 16.0 0.0 0.0 18.0 
594.0003352919932 0.0 0.0 16.0 0.0 0.0 19.0 
595.0019912329225 0.0 0.0 16.0 0.0 0.0 19.0 
596.0007269419004 0.0 0.0 15.0 0.0 0.0 19.0 
597.0003167281939 0.042438331612611846 21.21916580630591 15.0 0.0 0.0 18.0 
598.0037030107154 0.042438331612611846 21.21916580630591 15.0 0.0 0.0 18.0 
599.0002480578618 0.042438331612611846 21.21916580630591 15.0 0.0 0.0 18.0 
600.0002302850477 0.042438331612611846 21.21916580630591 15.0 0.0 0.0 17.0 
#####################################################################
# End of data export. Simulation finished at: 2019-02-25T20:34+0000 #
#####################################################################
