#####################################################################
# Alchemist log file - simulation started at: 2019-02-22T06:25+0000 #
#####################################################################
# seed = 17.0
#
# The columns have the following meaning: 
# time distance-rep[Mean] leader-rep[CountDistinct] distance-share[Mean] leader-share[CountDistinct] 
0.0 NaN NaN NaN NaN 
1.0004070598870336 0.0 246.0 0.0 243.0 
2.0057827632294045 0.0 139.0 0.0 153.0 
3.0021159709014356 0.0 98.0 0.0 123.0 
4.001705784116431 0.0 76.0 0.0 111.0 
5.001517229126912 0.0 63.0 0.0 104.0 
6.000112226901434 0.0 50.0 0.0 99.0 
7.002063436108287 0.0 43.0 0.0 96.0 
8.000747376961602 0.006930029779029845 41.0 0.0 93.0 
9.001666883946513 0.03104072378379581 36.0 0.0 93.0 
10.000353776900806 0.0738735228335366 33.0 0.0 91.0 
11.001398921469502 0.22724409438942228 29.0 0.0 90.0 
12.000357824099632 0.5361190031703338 28.0 0.0 89.0 
13.001765415113244 0.7505426527202251 25.0 0.0 88.0 
14.00265337690141 1.2398026642092614 24.0 0.0 87.0 
15.001517229126911 1.2878403522577844 24.0 0.0 86.0 
16.000241199246737 1.4572478222348317 22.0 0.0 81.0 
17.001546302128073 1.3198372348871557 22.0 0.0 79.0 
18.000084157030358 1.8309998375496794 22.0 0.0 75.0 
19.003234916887187 2.4983675948956234 21.0 0.0 74.0 
20.000115148957313 2.6164897685282984 21.0 0.0 74.0 
21.002128853563846 4.79066815503559 21.0 0.0 72.0 
22.007416567320725 5.91163881810009 21.0 0.0 71.0 
23.008400946733474 6.862342080326489 20.0 0.0 69.0 
24.001367381057634 8.249213851425935 20.0 0.0 67.0 
25.00151722912691 8.824877113122076 20.0 0.0 67.0 
26.000399183813233 9.038365080130017 20.0 0.0 67.0 
27.002536183941064 8.989611138999438 20.0 0.0 67.0 
28.001036588414795 10.20273129486113 19.0 0.0 67.0 
29.00034472393644 11.058913622602816 19.0 0.0 66.0 
30.00151722912691 13.032431180316495 19.0 0.0 65.0 
31.001921115163036 14.632099061242734 18.0 0.0 62.0 
32.00181668535766 19.928964438722243 18.0 0.0 61.0 
33.00100701910469 23.718395310828566 18.0 0.0 60.0 
34.00063151588689 24.866398492295765 18.0 0.0 59.0 
35.000986092404055 24.433464418867686 18.0 0.0 56.0 
36.0002660477434 24.280931020486655 18.0 0.0 55.0 
37.00252234060619 24.634345450075596 18.0 0.0 55.0 
38.005510224219954 24.532273244422946 17.0 0.0 54.0 
39.00127642439061 24.67424774397177 17.0 0.0 51.0 
40.00137034566427 25.088220355268305 17.0 0.0 51.0 
41.00050929603764 24.96074152716917 17.0 0.0 51.0 
42.00205572075084 25.408450300993437 18.0 0.0 51.0 
43.003500828355754 25.275299401102384 19.0 0.0 50.0 
44.001472163353085 23.87379857087971 19.0 0.0 49.0 
45.0014913610369 24.06929074421199 18.0 0.0 48.0 
46.00020334583922 22.58731225473019 18.0 0.0 47.0 
47.00387218434788 18.472358905171248 18.0 0.0 46.0 
48.003300252005516 21.261774678266413 18.0 0.0 46.0 
49.00240318800339 22.863059152467972 18.0 0.0 45.0 
50.00151722912691 23.680684778893678 18.0 0.0 45.0 
51.000967413841515 23.51175030808405 18.0 0.0 45.0 
52.00241547537103 23.63329518610939 17.0 0.0 44.0 
53.00054679244853 23.97826746272983 17.0 0.0 44.0 
54.0012534939911 24.040101014622614 17.0 0.0 43.0 
55.00151722912691 23.338029718688226 17.0 0.0 42.0 
56.002263371219584 22.776754296551978 17.0 0.0 41.0 
57.00000819813755 23.1045556072402 17.0 0.0 41.0 
58.003601356774396 22.569789643621483 17.0 0.0 41.0 
59.00000744460787 22.48677557589603 18.0 0.0 41.0 
60.00151722912691 22.409748230562542 18.0 0.0 41.0 
61.002263371219584 19.69421996004906 18.0 0.0 40.0 
62.002330884288966 22.598493871545898 18.0 0.0 40.0 
63.00350660154793 23.451143473173264 18.0 0.0 39.0 
64.00088394891164 24.826694343093394 18.0 0.0 38.0 
65.0015172291269 25.713379042489635 17.0 0.0 38.0 
66.00226337121958 27.024488044685324 16.0 0.0 38.0 
67.00230384376007 26.78637822659847 16.0 0.0 37.0 
68.00123127677062 27.28369874200797 14.0 0.0 37.0 
69.00009033314389 27.834232661315422 14.0 0.0 37.0 
70.0015172291269 27.574466592096798 14.0 0.0 36.0 
71.00039862176466 28.04551211099877 12.0 0.0 35.0 
72.0017633603708 27.408847141318063 12.0 0.0 35.0 
73.00016023637532 26.968400288590768 12.0 0.0 34.0 
74.00139268179387 25.15929055884769 12.0 0.0 34.0 
75.0015172291269 25.507237350771014 11.0 0.0 33.0 
76.00111834325423 26.161089393892407 12.0 0.0 33.0 
77.00116070711616 26.287897294856542 12.0 0.0 32.0 
78.00133758995315 25.729925896532098 11.0 0.0 32.0 
79.00129347114337 22.902457682476534 11.0 0.0 32.0 
80.0015172291269 18.593289243994402 11.0 0.0 32.0 
81.00226337121958 17.71913489962084 11.0 0.0 32.0 
82.00249940278393 17.872155352742976 11.0 0.0 30.0 
83.00040293827512 17.72605891964066 11.0 0.0 29.0 
84.00209501648634 17.668188278867355 11.0 0.0 29.0 
85.0015172291269 17.47769779728096 11.0 0.0 28.0 
86.00226337121958 17.856820085799804 11.0 0.0 28.0 
87.00253068472517 17.837757255961858 11.0 0.0 27.0 
88.0033854715665 17.11700551130503 12.0 0.0 28.0 
89.00116313591059 16.13303861832127 12.0 0.0 28.0 
90.00073009465645 15.499749958329733 12.0 0.0 27.0 
91.0013790481049 15.549509852093855 11.0 0.0 27.0 
92.00176494328187 15.394851309043327 11.0 0.0 27.0 
93.00134718499496 16.799575003118008 11.0 0.0 27.0 
94.00137033975976 16.96192811577319 11.0 0.0 27.0 
95.0015172291269 17.195650651767018 11.0 0.0 27.0 
96.00021929602833 16.19912553532195 11.0 0.0 27.0 
97.00124908452013 15.851730199767092 10.0 0.0 28.0 
98.00042302977073 16.12360755231781 10.0 0.0 28.0 
99.0035053991005 16.236124659604293 10.0 0.0 28.0 
100.00005842015082 17.190391217553653 10.0 0.0 28.0 
101.00078051296875 17.896422875664168 10.0 0.0 29.0 
102.00126856785052 19.55754838977233 10.0 0.0 28.0 
103.00261481445737 20.493507190921335 11.0 0.0 27.0 
104.00020380924977 19.28269983127272 11.0 0.0 27.0 
105.00148319236273 19.401418858033345 12.0 0.0 27.0 
106.00119440554815 17.2615440499386 12.0 0.0 27.0 
107.00430664248707 15.560414599087588 12.0 0.0 26.0 
108.0024431083118 13.233934783708003 12.0 0.0 26.0 
109.00193201814726 12.212153840808728 12.0 0.0 26.0 
110.00082581984829 12.965542350266672 12.0 0.0 27.0 
111.00122626384729 10.455223904723075 13.0 0.02047951844166521 29.0 
112.00575106476342 8.652647407958279 13.0 0.02047951844166521 29.0 
113.00074701549316 7.425039613428445 13.0 0.0979376467788169 30.0 
114.00085256214632 7.151964225719644 12.0 0.08690822448689121 28.0 
115.00045078910253 8.780707956465086 12.0 0.09651319269247387 28.0 
116.00115934417047 9.757278114924482 12.0 0.09651319269247387 28.0 
117.0005830177137 10.533085609861926 12.0 0.09651319269247387 28.0 
118.0006784386026 10.543321345714359 12.0 0.21474584940026853 28.0 
119.00577820667273 10.938147812936055 12.0 0.19964544457387323 28.0 
120.0015172291269 10.978046280491121 12.0 0.19964544457387323 30.0 
121.00226337121958 10.835653099157815 12.0 0.1883577558902851 29.0 
122.0024314599848 10.735491442215578 12.0 0.1883577558902851 28.0 
123.00017725595009 11.008796402577236 12.0 0.19381380762046718 28.0 
124.0007269789178 11.204697566020482 12.0 0.18812562988342083 28.0 
125.0015172291269 12.347909129986647 12.0 0.12998557788129889 29.0 
126.00146231765055 14.289859701723524 13.0 0.0334979431121414 27.0 
127.00059745123409 15.721073264059266 12.0 0.0334979431121414 28.0 
128.00058380106037 15.61264997525934 11.0 0.0334979431121414 28.0 
129.00224665102755 16.104212269627375 11.0 0.009601949132473456 28.0 
130.0015172291269 16.420707933928007 11.0 0.009601949132473456 29.0 
131.0008602935201 16.813682796091 11.0 0.017963692108311672 29.0 
132.00241064812656 16.290519304314703 11.0 0.045477103417571885 29.0 
133.00014684599128 16.53086218771606 10.0 0.045477103417571885 28.0 
134.00011634466384 16.85491235333489 11.0 0.045477103417571885 27.0 
135.00017391937598 16.689592675837524 11.0 0.04116079508617847 27.0 
136.00226337121958 17.706939687648365 11.0 0.03173861111879087 26.0 
137.0006385764336 17.727823355816795 11.0 0.0 26.0 
138.0000355582977 18.121813568977096 11.0 0.0 26.0 
139.00077227126735 18.237510922670975 11.0 0.0 26.0 
140.00002866644942 18.252179899784466 10.0 0.0 26.0 
141.00226337121958 18.61450060654303 11.0 0.0 27.0 
142.00496380030197 21.417171744390846 11.0 0.0 27.0 
143.0002123602003 22.9164193077634 11.0 0.0 27.0 
144.00241137748188 23.31197564962924 11.0 0.0 27.0 
145.00017872898684 23.58730936908752 12.0 0.0 26.0 
146.00076924211174 24.869746112848183 12.0 0.0 26.0 
147.00079275598569 25.02026092677478 11.0 0.0 25.0 
148.00053242704055 24.914502247727174 10.0 0.0 26.0 
149.00366665986343 24.75717768282398 10.0 0.0 26.0 
150.0002647409594 23.24529211696764 10.0 0.0 26.0 
151.00226337121958 23.767334190110844 10.0 9.233141604239538E-4 26.0 
152.00273237425176 24.070732967478865 10.0 9.233141604239538E-4 27.0 
153.00015303364313 24.82390649202722 10.0 9.233141604239538E-4 27.0 
154.00173353538793 25.78841977042641 9.0 0.002719108020547998 27.0 
155.0015172291269 25.784996619415697 9.0 9.233141604239538E-4 27.0 
156.00069409889954 25.75040853564788 9.0 0.02081659139289599 28.0 
157.00153919969998 25.14557204668787 9.0 0.0 26.0 
158.00102918264307 25.022021663255362 9.0 2.534641382014814E-4 26.0 
159.001018423171 25.014088110594304 9.0 0.0 26.0 
160.00036036328527 25.571865509232254 9.0 0.0 26.0 
161.0001558750063 25.5491441684811 9.0 0.0 26.0 
162.00552351355987 23.672008090568877 11.0 0.0 26.0 
163.00120141669288 23.918025930912236 11.0 0.0 26.0 
164.00404989495004 21.707817528195786 18.0 0.0 26.0 
165.0015172291269 14.492550939477402 18.0 0.0 26.0 
166.00022985844052 11.046811789737053 17.0 0.0 26.0 
167.00353571612666 11.175587654852592 16.0 0.0 26.0 
168.00172786622886 11.734973057471247 15.0 0.0 25.0 
169.0013612282734 11.199060962187579 15.0 0.0 25.0 
170.00024134814845 12.854842573543037 15.0 0.0 25.0 
171.00102092323144 12.56118803340682 14.0 0.0 27.0 
172.0025840597197 13.20894545852727 14.0 0.0 27.0 
173.00501590924762 13.419194680990815 14.0 0.0 27.0 
174.00069884828088 13.851059216950738 13.0 0.0 25.0 
175.0015172291269 15.612463442577164 12.0 0.0 27.0 
176.00164633289052 15.575951318291995 12.0 0.0 30.0 
177.0005250194924 15.267464799217473 13.0 0.0 26.0 
178.00092349824058 15.423969349670534 13.0 0.0 27.0 
179.00220194215234 16.28315347084751 13.0 0.0 28.0 
180.00049335387615 16.386628461197834 13.0 0.017318610457497944 26.0 
181.00124066298028 15.977870028380648 13.0 0.025588492380864927 26.0 
182.00412553021255 15.685244831648822 13.0 0.042033810978721595 26.0 
183.00567072821164 15.40866524490719 13.0 0.050296714363935596 26.0 
184.0037421364631 15.534559599733301 13.0 0.037382378329302544 26.0 
185.0001747044817 15.225038178937018 13.0 0.05626758257994305 26.0 
186.00226337121958 15.766218750549827 13.0 0.05257623747105296 28.0 
187.00092350817903 15.515422753215253 13.0 0.04320265165943555 28.0 
188.00212409220362 16.34487848891215 13.0 0.05033850472122568 28.0 
189.000497127485 16.247515977351977 13.0 0.062217494264285536 30.0 
190.0015172291269 16.47467390591403 13.0 0.062217494264285536 30.0 
191.00226337121958 16.804958500865784 12.0 0.09130056063310216 29.0 
192.0012740837412 17.32610552659135 12.0 0.07140847766920681 32.0 
193.01211366415984 17.138423859338538 12.0 0.06538784098685348 29.0 
194.00365095513175 18.440641291427564 13.0 0.10504743532089407 29.0 
195.0015172291269 19.077113546609407 12.0 0.054075919161880565 29.0 
196.00005520523794 20.680528826817916 12.0 0.05938548492737167 30.0 
197.00163306860793 21.965425543774014 12.0 0.046950122138552375 28.0 
198.0010644684396 20.501254781492687 12.0 0.046950122138552375 28.0 
199.00055999804795 21.472986012112628 11.0 0.046950122138552375 29.0 
200.0015172291269 22.33824958049291 11.0 0.06151261583866315 30.0 
201.00009297917146 22.82302535665925 11.0 0.0 27.0 
202.0014531300399 22.50507333761694 11.0 0.0 27.0 
203.00177518104633 25.673380000705716 11.0 0.0 28.0 
204.00103766487692 26.706058946390876 13.0 0.0 28.0 
205.0015172291269 30.35260909721632 13.0 0.0 27.0 
206.00226337121958 32.47415837393397 13.0 0.0 28.0 
207.00494993757144 33.630463412274004 17.0 0.0 28.0 
208.00263940898202 32.100568170730455 17.0 0.0 28.0 
209.00001115379666 29.532268732030243 16.0 0.0 27.0 
210.001239381913 28.047866900041807 15.0 0.0 26.0 
211.00226337121958 28.978957774013537 15.0 0.0 29.0 
212.00026322090895 30.654127171059443 14.0 0.0 32.0 
213.00116005613935 31.742803686499535 14.0 0.0 29.0 
214.0027727833397 32.16094529605913 14.0 0.0 27.0 
215.00023644171785 34.0450775956075 14.0 0.0 27.0 
216.00173633403935 35.17463997662975 14.0 0.0 35.0 
217.0057775404425 35.09696109331363 15.0 0.0 31.0 
218.00130047444864 35.601802524909395 15.0 0.0 29.0 
219.00170750823764 34.85143800368123 16.0 0.0 28.0 
220.00031374336248 35.04911449772413 16.0 0.09354257220350094 27.0 
221.00170768438548 34.151079572017856 17.0 0.09507854096527674 28.0 
222.00020875322073 35.150873607234985 17.0 0.05354931538794221 31.0 
223.00055852010473 37.639164540256594 16.0 0.18859871185655547 30.0 
224.0087949379793 38.07562579047159 16.0 1.1213843031762865 30.0 
225.00150208803373 37.73152312283481 16.0 1.3340500971665148 29.0 
226.00226337121958 37.119243994337154 15.0 1.4405776962525008 30.0 
227.00192530197182 36.927947592013474 15.0 1.801960107950613 30.0 
228.0010320765161 38.70708247607784 15.0 2.6846523823988866 29.0 
229.00275763167397 37.50641925555677 15.0 3.936904278899682 29.0 
230.0015172291269 37.97008209586465 15.0 3.3720690837868137 29.0 
231.00226337121958 40.03358127597001 15.0 3.448213113939917 30.0 
232.00009612633733 41.71249132045177 15.0 3.076602320630854 31.0 
233.00316317582718 41.68746837142149 17.0 3.3564929796576566 32.0 
234.00158225220406 41.59844513580633 17.0 4.198932602205295 32.0 
235.0015172291269 42.64551043468708 17.0 3.989797202712838 33.0 
236.00226337121958 42.47823619679964 18.0 4.076162524269726 31.0 
237.0011058864128 44.30302226810343 20.0 4.030751372530868 32.0 
238.00011825953192 44.68208618947432 20.0 4.451570910158383 30.0 
239.00026420946762 44.81882508216271 19.0 3.2943124703471143 29.0 
240.00112540182988 45.11324316166189 19.0 3.0437884233323156 29.0 
241.00001118897927 46.040904822374486 18.0 3.132973533224811 29.0 
242.0020004558972 46.33576063227652 18.0 3.898349973937751 29.0 
243.00002919528174 46.40050662278614 17.0 4.118579565065385 29.0 
244.0021078510172 47.307279913134344 17.0 4.231788882086906 28.0 
245.0015172291269 46.93199834957757 17.0 4.348854006631741 28.0 
246.00226337121958 46.68546010642694 17.0 4.523129526011112 28.0 
247.00155520324802 46.38347928549712 16.0 4.501637582285337 28.0 
248.00005056530148 45.74040126728623 16.0 4.5865621006040875 28.0 
249.00195159201195 45.757495975845195 16.0 4.818169109780916 28.0 
250.0015172291269 43.440472785436384 16.0 4.924974812762888 27.0 
251.00165325272087 42.62533806516491 16.0 4.953027166582651 27.0 
252.00082408536548 38.28787354180963 28.0 4.89172672750301 28.0 
253.00303424338364 36.88639066051216 33.0 4.645827534326867 28.0 
254.00171275948162 35.09109673490066 24.0 4.832303077207362 28.0 
255.00113126734217 31.091820419011583 23.0 5.3743343070431395 27.0 
256.0012097815454 28.740554826158437 22.0 5.924642553661795 27.0 
257.0002982179179 28.131667816588738 22.0 5.885831383829029 27.0 
258.0017356190774 29.238193788369554 21.0 6.1367113884550415 27.0 
259.0043351374376 29.848064631965677 20.0 7.175845780451782 27.0 
260.0015172291269 29.323307240377037 19.0 7.223504490409518 27.0 
261.0003239003958 29.832827790852942 19.0 7.328851802914106 26.0 
262.00124859121 30.92935972569906 18.0 7.683658800085994 26.0 
263.00084645537027 31.39650932083996 17.0 7.82785397272622 26.0 
264.00218975530333 31.932579164440718 16.0 8.251340600797596 26.0 
265.0005313831885 31.476064278564127 15.0 8.30480535788835 26.0 
266.00226337121956 31.95116749030355 15.0 8.30002217028156 25.0 
267.0005012668595 31.668850783007603 15.0 8.19268677793022 25.0 
268.0020497245041 31.425494785862096 15.0 7.819668496608293 25.0 
269.0014131250032 29.651754832871095 16.0 7.744016095062355 25.0 
270.0015172291269 29.379330196808805 16.0 8.118739682627348 25.0 
271.00226337121956 31.315874484278066 16.0 7.523406571598636 24.0 
272.0002938701134 31.16577148401924 15.0 8.162763104415887 24.0 
273.00154730565026 31.820718905707203 15.0 7.932324768716443 24.0 
274.0026092099005 32.06953539372657 14.0 7.290505986847879 27.0 
275.0015172291269 31.562764231488316 14.0 7.268242678822354 27.0 
276.00226337121956 32.1621964339128 14.0 7.22234932049752 26.0 
277.0018684312306 31.690594258284975 14.0 7.654125788735535 26.0 
278.0004966057285 32.07237759354595 14.0 7.034357961301395 26.0 
279.002747985337 33.3495295556532 13.0 7.938713556023367 26.0 
280.0015172291269 34.81288456655401 13.0 7.821026050039821 26.0 
281.00226337121956 36.26325598593307 13.0 7.982403055889358 27.0 
282.0002136566427 38.52813546182224 13.0 7.784758841663498 28.0 
283.00022549169 38.88652132956856 13.0 7.505180910651095 28.0 
284.0013344273685 43.30035243202721 13.0 8.2321470396867 28.0 
285.00087316211795 43.12606485327733 14.0 8.489048378353603 27.0 
286.00196634799556 43.7831411283564 14.0 8.10033180666424 27.0 
287.0016102194473 43.78880778210852 14.0 8.920053833476567 27.0 
288.0076120506205 41.556252908682396 14.0 9.571400820340246 27.0 
289.0013322471636 40.50561352709343 15.0 10.348924562268444 27.0 
290.00065133725946 39.62984586260726 15.0 9.643525662652749 27.0 
291.00226337121956 41.18055450926225 15.0 9.857284622309779 25.0 
292.0043009378596 42.618180723998364 15.0 9.18721963926042 27.0 
293.00248159223526 39.505576443079754 16.0 9.023863693096917 26.0 
294.00081139726143 36.93874065393723 15.0 8.408296269728652 26.0 
295.0000444039708 37.52021548978464 14.0 8.216128249213856 27.0 
296.00226337121956 38.02507557526258 14.0 9.466126961238267 33.0 
297.00258074323887 38.22271991152987 14.0 9.659098822164964 31.0 
298.0025010693529 37.636457154694355 14.0 9.67393790818895 31.0 
299.0028826338305 38.56373066363855 14.0 8.885664259786651 30.0 
300.0015172291269 38.64947114938439 14.0 7.9970849222330385 30.0 
301.0002441058554 40.4814208771326 14.0 7.971710196017686 30.0 
302.00013956083 40.54494322827482 13.0 8.049980764354432 29.0 
303.0012783603699 40.1580687373489 13.0 8.827970433125113 29.0 
304.0001751629689 38.621579226828 14.0 7.784664785450366 29.0 
305.0004689901008 33.531064963186786 15.0 8.674126481503212 28.0 
306.00116968355024 30.108595039301605 14.0 8.644006164098474 28.0 
307.0008884005239 29.062490999744075 14.0 9.043887415428346 29.0 
308.0007243650312 27.407396139994976 14.0 10.609610651630629 30.0 
309.0006039554101 24.506014750286045 13.0 10.041506596963297 27.0 
310.0002492317648 24.374104273961574 13.0 9.229628618731603 27.0 
311.00011160397696 29.12849508644935 13.0 8.611567017725193 27.0 
312.001704583328 31.0917166702757 13.0 8.210029702612061 27.0 
313.00262040823526 29.74566445281228 13.0 7.750751231044754 28.0 
314.006270112838 29.735016902794793 13.0 7.374988539189841 28.0 
315.0015172291269 31.868128513168745 14.0 7.022598861355971 29.0 
316.0003135189829 34.09824069421388 14.0 6.05264786401623 29.0 
317.00740505310597 35.783635999100916 14.0 4.734579928253124 28.0 
318.0010454923598 36.845551676074194 14.0 4.973226417078027 28.0 
319.00341998199923 40.52564578563303 14.0 5.211698296589737 28.0 
320.0015172291269 44.07908850835581 14.0 4.966083624185988 28.0 
321.00041361213266 46.39089432022941 14.0 4.616135524111462 27.0 
322.0003573354911 47.009160851820866 14.0 7.398215683367586 27.0 
323.0016608657921 45.77961196873164 14.0 8.677444714263595 27.0 
324.0015560003625 46.82049386008194 14.0 11.795417894352076 26.0 
325.00089187773693 48.03968411324992 14.0 12.995791502592795 26.0 
326.0010876714715 48.9646062372477 13.0 14.07375250996668 26.0 
327.0006804627503 49.3808604782805 13.0 13.475098255626987 26.0 
328.0019686609729 46.959876457243425 13.0 13.32163597705056 26.0 
329.0016273690283 46.3417191466332 13.0 12.304653619916877 26.0 
330.0014624599862 47.01590477048311 13.0 12.027571450409408 26.0 
331.00226337121956 48.232884199523774 12.0 12.296120930968938 26.0 
332.00061387752913 48.94267382000082 12.0 11.575863296348112 28.0 
333.00419724061675 50.665965816713694 12.0 13.384505712397457 30.0 
334.0010781778444 51.66977209947838 12.0 11.820494820433828 28.0 
335.0012996053282 51.04672308351852 12.0 11.241892969787349 28.0 
336.0014516212693 49.370228256737306 12.0 9.777578076302255 28.0 
337.00035447638055 48.36827818270923 12.0 11.107808792873143 30.0 
338.00053349391845 48.5136140026601 12.0 13.266583569403887 32.0 
339.00405869062183 46.49215906031799 14.0 12.458124532724172 29.0 
340.0015172291269 38.17298873967848 14.0 16.260474819663038 29.0 
341.0012339552126 30.727845843308856 13.0 16.339699408767245 28.0 
342.0008188342343 30.061880762244595 13.0 16.111211665758965 27.0 
343.0003239856721 31.33056969224522 13.0 16.82757574053035 27.0 
344.0014305494042 33.269201277904784 13.0 18.014224678156154 27.0 
345.0000137465401 35.78054787056682 13.0 17.96422784533686 26.0 
346.00135464618916 38.561733639923126 13.0 19.462628755877063 24.0 
347.00318234073035 44.300245402959284 13.0 19.963978870792875 25.0 
348.00009399210694 43.952539179532714 13.0 19.584527070108482 24.0 
349.0006508571464 42.42575996034232 13.0 21.737766420978843 25.0 
350.0015172291269 42.15125766626569 13.0 21.980405667256 26.0 
351.0017657488896 44.737917948330455 13.0 22.551185937660616 26.0 
352.0008955471866 47.22925640742815 13.0 23.202779695308536 25.0 
353.0032006653661 50.401082245888276 13.0 22.857275037094205 28.0 
354.000785607926 50.642093241025606 14.0 23.045364767558965 28.0 
355.0001812778169 51.42205555388826 13.0 23.169809243691546 26.0 
356.000363871589 53.254825043710674 12.0 20.88149620368608 27.0 
357.00121169480474 54.66582882497493 12.0 20.557369583690207 27.0 
358.0017663734857 55.63764823905735 12.0 19.380216388654798 29.0 
359.0020677801698 56.89312070896781 12.0 19.973017262548908 27.0 
360.0012117403706 56.923095817305885 12.0 20.2752053620538 27.0 
361.0005940317774 59.377014982628104 12.0 20.06091262596411 28.0 
362.0012324150106 57.99570304252888 12.0 19.79228994328557 28.0 
363.0001797211197 58.21742440452731 14.0 20.022259398727883 25.0 
364.0022459455593 57.920958719276456 13.0 18.56305105218005 25.0 
365.0015172291269 56.75131477713276 13.0 18.81989292745769 25.0 
366.0005719802124 57.64924067512941 13.0 18.16808794638512 25.0 
367.00086903130176 55.79675091499145 13.0 20.819244255766552 25.0 
368.00282586513964 56.35191986557305 13.0 24.473309769715264 26.0 
369.0020841333391 57.083509309801364 13.0 24.837597713044442 26.0 
370.0015172291269 57.499139975223315 13.0 24.96633654010751 26.0 
371.00226337121956 59.943697611440854 13.0 24.842385960509002 26.0 
372.00128511551907 61.90966963317995 13.0 23.409771110142117 26.0 
373.0060869241138 62.5711041254987 13.0 22.40689947577025 26.0 
374.0065337744228 64.29234276710136 13.0 23.35370793593614 26.0 
375.0015172291269 67.59696193845215 13.0 25.665976867067602 26.0 
376.00226337121956 69.15824143915441 13.0 26.810570313507764 26.0 
377.00081228620706 69.5424362071552 13.0 26.38803670572457 26.0 
378.0002084755161 71.06667433082657 13.0 25.188490122655164 26.0 
379.00090272006605 72.04298365468433 13.0 26.85597188892642 26.0 
380.0010501792696 73.09753470502137 13.0 25.30640580234919 26.0 
381.00226337121956 76.25550764381221 13.0 25.901866132462654 26.0 
382.0005499530359 75.91051350477892 13.0 26.214364526334993 26.0 
383.00236717243797 76.92667495069949 13.0 24.83109553474204 26.0 
384.0004891377657 71.99048470310348 30.0 25.095347909096883 26.0 
385.0015172291269 63.26582404280557 48.0 23.84161806278892 27.0 
386.0014177883528 56.98322229759523 32.0 21.17684255452521 31.0 
387.00058426471213 57.5564284419691 37.0 17.709446594200056 29.0 
388.0015768847837 60.91401127094724 32.0 21.209854104979506 30.0 
389.00052063049316 59.6670886387504 26.0 24.441492848796592 29.0 
390.0015172291269 59.700266757786885 22.0 23.705061906443355 29.0 
391.00129201452785 62.779190127241634 23.0 20.643702808387015 29.0 
392.005226814878 64.62837046119286 23.0 18.627835391520048 28.0 
393.0002632525506 62.71753565279584 21.0 19.8757268364181 28.0 
394.00021499628986 62.82702103853376 21.0 18.40349591746278 29.0 
395.0015172291269 63.78878272848401 21.0 21.391897587376697 29.0 
396.0006053906831 64.50274077478346 20.0 25.653909701428756 27.0 
397.0010902369427 64.90100429254545 20.0 25.163951905901033 27.0 
398.003511334646 65.08852936751241 20.0 28.993272254166403 29.0 
399.00037664947695 64.2630064949325 20.0 30.81195864967838 28.0 
400.00122051553797 67.85355755012303 20.0 30.660946751518846 28.0 
401.00197035879387 70.79707323543124 20.0 32.10434638646521 27.0 
402.001259301086 73.27876497396011 19.0 28.705607422228713 29.0 
403.00010494405035 73.53901531808991 20.0 30.23437083240713 32.0 
404.00248554348923 74.85705403121152 20.0 30.80100607243964 30.0 
405.00027101396796 73.46521104772313 18.0 20.948367803729127 27.0 
406.00146776744276 75.35553031294144 17.0 18.219550080687174 30.0 
407.0022453699303 73.66951912233033 17.0 18.77201848290187 30.0 
408.0006504153574 73.19021248921214 17.0 22.251888365652075 28.0 
409.0000771317692 73.46362912306492 16.0 23.625299593782486 28.0 
410.00061629802826 73.6635405050989 17.0 22.037247165778904 28.0 
411.0002287258771 74.05258868870209 16.0 20.648468596565607 29.0 
412.0000890148485 73.93934629613942 16.0 22.000497904284146 28.0 
413.0022289511144 72.61009967579706 14.0 19.627433881851573 29.0 
414.0020570834111 74.4379475470788 14.0 19.388788346914488 30.0 
415.0001912206809 75.7791426350919 14.0 17.2674798368997 30.0 
416.00021072336364 78.84674540053616 14.0 16.084939927316036 27.0 
417.00230679870134 79.25389277149158 14.0 14.88728931708645 28.0 
418.0027668056512 78.04630667243674 14.0 13.95371772898947 28.0 
419.00187745193443 79.56585511706626 14.0 14.019764710054186 27.0 
420.0015172291269 79.7632658699119 13.0 15.369624988651927 27.0 
421.00226337121956 79.67266109515703 13.0 14.274573086990163 26.0 
422.0012647991633 82.0586639414573 13.0 13.096192193564113 26.0 
423.0011618999695 82.01095294606249 13.0 13.688675746216484 25.0 
424.0011977867887 83.94800732370783 13.0 14.398713084323681 25.0 
425.0001329179406 83.92937800824974 12.0 19.989191116114558 25.0 
426.0010078441794 82.0574519511958 12.0 19.39944062431697 25.0 
427.001631747692 81.53369028325021 12.0 24.864574384089625 25.0 
428.00051607316857 81.22187032315772 11.0 24.58506117576631 27.0 
429.00178492033433 81.71550790921351 11.0 23.84339557890658 26.0 
430.0015172291269 80.34860616946692 11.0 22.26390638800525 26.0 
431.0000602116399 79.65649701495444 11.0 20.50647226644118 26.0 
432.00186796163763 79.77496623332429 10.0 16.65382528293695 25.0 
433.0001249421242 79.44972020125711 10.0 15.618755006761486 25.0 
434.00577378227314 79.3445751835676 10.0 13.314182417245009 23.0 
435.00070217817995 79.37375364588905 10.0 14.552039137668727 23.0 
436.00226337121956 77.3088568097337 9.0 11.693939310101044 23.0 
437.00057127942586 78.22166522352993 9.0 11.067015083757434 23.0 
438.00026565744463 79.32250394907012 9.0 10.120075207956706 23.0 
439.00100813204955 79.48914636486273 9.0 8.18442116076488 23.0 
440.0002079697975 79.57725952071209 9.0 8.010373678979665 23.0 
441.0015270148727 77.3256144743319 9.0 5.666302704684173 23.0 
442.00332103411 77.97061435823801 9.0 5.1080178469151996 23.0 
443.00078529260264 77.54591045414168 9.0 5.973856772722667 23.0 
444.00005627495545 78.16200825613012 9.0 5.39089573319357 23.0 
445.0015172291269 78.68547907198754 8.0 5.97986434573685 23.0 
446.00226337121956 76.2871351817061 8.0 6.049082463897132 23.0 
447.0011192945918 76.1057753470061 8.0 6.120056983081384 23.0 
448.00046480061263 75.47844731723634 8.0 6.514985021638701 23.0 
449.00010850265346 75.50870641760065 8.0 6.512411388568397 23.0 
450.000402857018 75.67405912284268 8.0 6.2673141818189375 23.0 
451.00112577780044 73.48135414166927 7.0 5.604048492597787 27.0 
452.00128653873077 73.59423417206452 6.0 8.225914552061885 24.0 
453.0003480846372 74.01430379969723 6.0 8.13358778305845 26.0 
454.00043407535776 73.41123773040036 8.0 6.087070238175015 24.0 
455.0001794052816 72.02101578476 8.0 6.693839786469396 46.0 
456.0003520335532 66.20846431502775 8.0 6.684417020511164 39.0 
457.0005489373623 60.158400423242604 7.0 7.958758379851165 31.0 
458.00017601510456 58.46910911561976 7.0 8.157724814697824 31.0 
459.0060744155104 58.52684307586389 7.0 7.393174944176308 31.0 
460.0015172291269 57.98883245939155 7.0 8.031421181343088 28.0 
461.0017618990918 55.913300611723365 7.0 8.131685800324675 27.0 
462.0003441996774 56.416332838966255 7.0 7.174535969210595 28.0 
463.00166276927973 55.78408102839449 8.0 7.351996439562891 28.0 
464.0063051183533 57.15105830995397 8.0 5.927961388216867 28.0 
465.0015172291269 57.90266802208969 8.0 5.618657685666977 36.0 
466.00036078897904 56.46046905192675 9.0 5.3577685974000016 27.0 
467.00030765607767 56.94583038196252 9.0 6.348728600825939 28.0 
468.00194924557456 58.31535202054782 9.0 6.207338266395496 29.0 
469.00054852885955 59.34590330169952 9.0 4.803067469680722 35.0 
470.0010439485623 59.9423914820478 9.0 4.913929840931055 33.0 
471.00226337121956 60.00208761541862 9.0 3.9510556635616862 30.0 
472.00070566680483 62.28706328012101 9.0 4.031198123764387 30.0 
473.0014898673846 63.03582289410402 9.0 3.889776305451408 29.0 
474.00470411103294 62.964766689788185 9.0 3.3986330484126945 26.0 
475.0015172291269 63.476424623421465 9.0 3.5187843711983975 26.0 
476.0013546382552 60.93808746128991 9.0 3.4553636835465693 26.0 
477.0010403497796 63.00390211892642 9.0 3.286577371050498 28.0 
478.0024243521502 64.07175049918186 9.0 3.1701397071260926 28.0 
479.00145823793736 64.56708207268791 9.0 2.881531833668516 26.0 
480.0015172291269 65.02525800382321 9.0 2.2363414780830797 26.0 
481.00226337121956 63.174686774183044 9.0 2.4769961525825743 26.0 
482.000060576026 63.42738928644197 9.0 2.5157782600257863 26.0 
483.0018549814625 63.55882170629608 9.0 3.2623876045811717 26.0 
484.0000322194781 63.65458788350061 9.0 3.417360967601802 25.0 
485.00146320340383 64.3370682803203 8.0 3.6113726405081454 26.0 
486.0016004246718 63.040044078604325 7.0 3.3111101456855607 26.0 
487.00118889856566 62.587595360598804 7.0 3.4147068956018365 26.0 
488.00423948828376 66.13439321484562 7.0 2.563250737152335 25.0 
489.00079288454646 69.7798920133006 7.0 3.318143632655033 25.0 
490.0015172291269 69.9698068333858 7.0 3.079238026396972 32.0 
491.00226337121956 68.75683981534951 7.0 2.836666519215657 29.0 
492.0002266430438 69.26481187158106 7.0 2.9589051425902304 27.0 
493.00007031975906 70.53842507472157 7.0 2.9022158034907584 26.0 
494.00000700755066 72.92189567440795 9.0 2.573992238569794 26.0 
495.0015172291269 72.06109372393608 15.0 2.4613399660000805 25.0 
496.00226337121956 69.75873768161983 14.0 1.8733277323879076 26.0 
497.00026392850566 70.67162013424071 14.0 1.5255280559571018 31.0 
498.0045306531699 71.54750005293438 11.0 2.142308247854164 27.0 
499.0066502082783 72.76958943797995 10.0 2.431301823565997 27.0 
500.0015172291269 74.08140609972375 10.0 2.3535471517311057 27.0 
501.00094196421696 74.09650258186444 9.0 2.0044945709007447 26.0 
502.0030264953507 74.85838572647177 9.0 1.6914642806160998 26.0 
503.0008227807606 75.86199594164705 9.0 1.8164710902448824 24.0 
504.0034487800701 77.06895356711003 9.0 2.0625206477048583 24.0 
505.0006961448263 76.88283193625595 9.0 1.7958851054193918 27.0 
506.0006643518925 76.9271061010834 8.0 1.7911207580963986 30.0 
507.0020104111362 77.31679564644726 8.0 1.6395538069077513 25.0 
508.0015082175192 64.31497946637374 41.0 1.3907205191477103 25.0 
509.0001166026535 49.827293278684294 83.0 1.526465289246129 24.0 
510.0015172291269 42.93181481253801 47.0 1.5404761230433277 25.0 
511.00144698719635 39.53885544940848 40.0 1.0705345861856403 24.0 
512.0027380730381 35.44740439918838 33.0 0.8747877705061671 24.0 
513.0010784567723 37.49493001703796 31.0 0.2152131768380958 23.0 
514.0015372711849 41.178454749574755 28.0 0.2556808652495001 23.0 
515.0002771918198 43.52266397533039 25.0 0.1747849501852045 23.0 
516.0003587143502 43.197579415882295 25.0 0.1747849501852045 23.0 
517.0018491355763 47.00701079268409 25.0 0.014349158741038412 23.0 
518.0054541527821 53.28880835396048 23.0 0.007305522967150211 23.0 
519.0000152012057 54.014193617912795 23.0 0.028409250865779986 23.0 
520.0015172291269 55.341084475347145 23.0 0.009871176960685771 25.0 
521.0022633712196 56.920055003464924 22.0 0.005783919710239716 24.0 
522.0040205506912 57.813723470007794 21.0 0.005783919710239716 24.0 
523.0000891779803 58.494245243531196 21.0 0.005783919710239716 24.0 
524.0022404592343 59.77991196271134 21.0 0.010335580622919782 24.0 
525.0007456500766 59.00208808393458 21.0 0.010335580622919782 24.0 
526.0022633712196 59.450157276882386 19.0 0.010335580622919782 24.0 
527.0023461508495 59.505156712838875 19.0 0.010335580622919782 23.0 
528.001789128934 61.45565572225685 17.0 0.010335580622919782 23.0 
529.005296565781 61.0511849544676 17.0 0.02844587707124332 23.0 
530.0012517804895 62.48701187935662 17.0 0.02844587707124332 23.0 
531.0002394126275 62.79238487303365 17.0 0.014759356969150048 23.0 
532.0015772908963 63.93714347247966 17.0 0.014759356969150048 23.0 
533.0006131342126 66.5157283373962 15.0 0.014759356969150048 23.0 
534.0057099580729 67.36853202475096 15.0 0.07498478503828324 23.0 
535.0012971874555 69.31084359984972 15.0 0.037043145360116755 23.0 
536.0008298059741 68.33207509704563 15.0 0.08030481429419675 23.0 
537.0042981406356 67.18095731580763 14.0 0.043261668934080115 23.0 
538.002311158934 67.12692859420602 14.0 0.10096981745433707 23.0 
539.0000942531345 66.66395321422384 14.0 0.32130983114344 23.0 
540.0002394726555 64.55261841410187 13.0 0.3467404097382503 39.0 
541.0014076052126 62.19027544650002 14.0 0.2583844112797115 30.0 
542.0001379047591 60.932273382048244 12.0 0.6425297369971745 26.0 
543.0015670318497 56.66884378909527 13.0 0.9204519402622146 26.0 
544.0047619099919 55.387276478715506 12.0 0.986701778481515 24.0 
545.000208316118 53.74369148017779 13.0 1.305612440130012 24.0 
546.0020715766979 51.63187187647467 12.0 0.9906040898359023 22.0 
547.0057591381615 52.72553805967371 13.0 0.5778054057110266 22.0 
548.009240238539 50.996587350838624 13.0 0.6003056596844354 22.0 
549.0030109603975 53.32804659672254 13.0 0.6875905706584767 21.0 
550.0015172291269 53.01223812240667 12.0 0.24874828340028857 21.0 
551.0020680686043 53.41261420523797 11.0 0.24874828340028857 21.0 
552.0012081313766 54.10758653339756 11.0 0.41314870395201103 21.0 
553.0014742065558 54.24716124073454 11.0 0.6882443739297952 21.0 
554.0004449142394 57.44198855254159 11.0 0.7986086589619203 21.0 
555.00128357882 57.94108999863498 11.0 0.8249747643844602 21.0 
556.0022633712196 59.616101268602655 11.0 0.8413327654131371 21.0 
557.009195616572 62.708694898032434 11.0 0.9817381614702141 21.0 
558.0013901014792 65.56821052537667 11.0 1.0090607016447521 23.0 
559.0014083881797 68.18134953518671 11.0 1.6212668090078004 23.0 
560.000731971632 68.54783303635008 11.0 1.5338266437498058 23.0 
561.0010140192408 67.7434109794271 10.0 1.3560730577585993 22.0 
562.0026603631895 67.31112059065121 10.0 1.4171183921254678 22.0 
563.0033698586572 66.18498666503983 12.0 1.3740623690378366 22.0 
564.001020016098 63.76098996305108 13.0 1.4434793065569882 21.0 
565.0007128257456 63.47772390195639 13.0 1.15562629321229 21.0 
566.0014569844973 62.971586827127155 12.0 1.1208595179930159 22.0 
567.0009573223878 66.02040861877661 12.0 1.2221358598739542 22.0 
568.0000960709092 69.57365394027883 12.0 0.6628258740489117 21.0 
569.000178295908 70.41166777792695 12.0 0.6357016464672334 21.0 
570.0002803475302 66.99141905003427 21.0 0.6167078910060875 21.0 
571.0017294062125 58.323237857085864 24.0 0.48568024082615285 21.0 
572.0010052435099 56.854723838256795 19.0 0.5612208406673806 21.0 
573.0012675050049 61.74267248490599 17.0 0.3483240929492076 21.0 
574.0005201909831 64.62297459965924 17.0 0.39253943225782173 21.0 
575.0015172291269 68.41047897946449 15.0 0.35679697953196216 21.0 
576.0022633712196 73.05446252009705 14.0 0.38664889935974706 22.0 
577.00454254733 73.87156306308583 14.0 0.4295917447428604 22.0 
578.0000002918373 75.65960174964184 14.0 0.3510655336368662 22.0 
579.0062820261594 78.82082931473442 12.0 0.3690792342650418 22.0 
580.0009281033987 81.0094370457857 12.0 0.3689902972851135 22.0 
581.0013418950709 83.56405782195255 12.0 0.22645344679746002 22.0 
582.00061221187 85.1544455657284 11.0 0.481390187275802 22.0 
583.0015300940696 85.64855075423579 11.0 0.42869002539339895 23.0 
584.0005124495361 87.04983797015521 10.0 0.30833824640271895 22.0 
585.0009681912188 87.67108215810333 9.0 0.19172022027812202 22.0 
586.0010405637152 79.81052831316401 32.0 0.1996761653732719 24.0 
587.0003755393857 75.01898728857742 28.0 0.06093309809575314 26.0 
588.0019152502271 68.656922687526 21.0 0.07759750625449341 25.0 
589.0004094886644 59.57852286268775 20.0 0.07880241391029104 24.0 
590.0000807398412 53.52342073921906 22.0 0.14206588517721905 24.0 
591.0022633712196 53.552918163454436 22.0 0.08473652577053455 25.0 
592.0000813490004 55.85534891794942 21.0 0.07262462197018067 24.0 
593.0041429374875 55.08628877749735 20.0 0.0 23.0 
594.0015565466726 59.372028874200694 19.0 0.2655747508645215 22.0 
595.0015172291269 62.24340812252634 17.0 0.4660419024397394 26.0 
596.0018219169086 64.12018793021633 17.0 0.5859021100794473 25.0 
597.0004893693994 64.19423667784498 18.0 0.5535027496688144 25.0 
598.0013403719679 61.88881897838583 17.0 0.37191780789501316 24.0 
599.0018634233134 59.485841761059255 18.0 0.3841291504743673 24.0 
600.0006223452812 58.763732486237245 17.0 0.39327920832624635 24.0 
#####################################################################
# End of data export. Simulation finished at: 2019-02-22T06:28+0000 #
#####################################################################
