#####################################################################
# Alchemist log file - simulation started at: 2019-02-22T06:44+0000 #
#####################################################################
# seed = 106.0
#
# The columns have the following meaning: 
# time distance-rep[Mean] leader-rep[CountDistinct] distance-share[Mean] leader-share[CountDistinct] 
0.0 NaN NaN NaN NaN 
1.0011423260934678 0.0 241.0 0.0 239.0 
2.0083063150289147 0.0 151.0 0.0 161.0 
3.0000495004066243 0.0 104.0 0.0 135.0 
4.000350254046567 0.0 76.0 0.0 119.0 
5.0032222978401055 0.0 63.0 0.0 107.0 
6.003937668407601 0.0 53.0 0.0 103.0 
7.00029844863206 0.0 42.0 0.0 102.0 
8.003271870885095 0.03051692373524173 38.0 0.0 98.0 
9.000021542171352 0.03051692373524173 31.0 0.0 96.0 
10.000031619410322 0.14791207245279545 29.0 0.0 90.0 
11.002848936586119 0.36221874097952605 27.0 0.0 87.0 
12.003249111612424 0.5344036352957703 23.0 0.0 86.0 
13.00048456781288 0.8123696551857043 23.0 0.0 85.0 
14.002786990554316 1.8905417095367538 22.0 0.0 84.0 
15.00737379017566 2.4191907938653854 21.0 0.0 84.0 
16.003370366487264 2.7798924748295644 20.0 0.0 82.0 
17.00184080015716 3.670415164620397 20.0 0.0 81.0 
18.00026157786365 3.536772029886055 19.0 0.0 80.0 
19.000663341154038 3.6133689492877408 18.0 0.0 79.0 
20.00192680583959 3.7461457679037156 18.0 0.0 77.0 
21.0001259725149 4.1531222843119044 18.0 0.0 77.0 
22.000667403490787 4.353843621148604 18.0 0.0 72.0 
23.000498977640266 4.211876671918474 18.0 0.0 71.0 
24.003368812904853 4.405001677158633 18.0 0.0 70.0 
25.001805184199362 4.8506959561367 18.0 0.0 69.0 
26.000564539769776 4.65573170062234 18.0 0.0 68.0 
27.003624913065337 4.824651671265465 17.0 0.0 65.0 
28.000625790622276 5.114310320316849 17.0 0.0 64.0 
29.00050419553752 5.447227711958885 16.0 0.0 61.0 
30.005517751042397 5.69254354425832 16.0 0.0 61.0 
31.004308482876247 5.9077498865824385 19.0 0.0 61.0 
32.00124769769835 6.151890784028309 21.0 0.0 60.0 
33.00097623752304 6.78796328567075 17.0 0.0 60.0 
34.004053917833886 8.269343884629524 16.0 0.0 59.0 
35.00184018700262 8.428944799082428 15.0 0.0 58.0 
36.000546840647345 8.752552586991088 15.0 0.0 57.0 
37.00103635834951 10.535520204282605 14.0 0.0 57.0 
38.000112097405434 11.216283916004008 14.0 0.0 57.0 
39.00330164640595 12.784400899512184 14.0 0.0 57.0 
40.000311970662366 13.224415658027763 13.0 0.0 56.0 
41.00044232391561 14.18051092143317 13.0 0.0 55.0 
42.00354457006204 14.982495429135223 13.0 0.0 55.0 
43.00257876401766 14.552895629530804 17.0 0.0 55.0 
44.00307249771171 15.224918536132108 15.0 0.0 53.0 
45.006387373590066 16.473763527241996 13.0 0.0 53.0 
46.000168951121 17.261989160817002 14.0 0.0 52.0 
47.00130618432097 18.032305881484568 14.0 0.0 52.0 
48.002009813292645 17.356743430504984 14.0 0.0 52.0 
49.000455375487505 17.29153395076823 13.0 0.0 52.0 
50.00422001245068 17.25401540608007 12.0 0.0 52.0 
51.00603870644058 18.589222603174047 11.0 0.0 53.0 
52.00065601183044 21.901687145740045 11.0 0.0 53.0 
53.003271870885094 25.037085748267558 11.0 0.0 52.0 
54.00115474133866 29.1970660047587 11.0 0.0 51.0 
55.001014753179305 30.89388934421985 10.0 0.0 50.0 
56.005061093846905 31.80013854862151 10.0 0.0 49.0 
57.00002083535975 31.210637486868034 10.0 0.0 48.0 
58.00297683633039 30.208651204974714 10.0 0.0020611366794540146 48.0 
59.001182139797855 30.7406813390142 11.0 0.0020611366794540146 48.0 
60.000197914610936 29.29749966669007 11.0 0.0020611366794540146 48.0 
61.00024131777499 25.298274242887572 47.0 0.0020611366794540146 48.0 
62.000979535905046 14.531822612939504 97.0 0.01708635447603003 47.0 
63.003271870885094 10.766229671770054 53.0 0.03187756036281122 45.0 
64.00043887060426 7.1839525154707236 38.0 0.06370029631821093 43.0 
65.0018209534863 5.6197894249765605 33.0 0.06370029631821093 43.0 
66.00176851451282 4.62373662513363 32.0 0.08407209027684949 43.0 
67.00177426806688 5.260583883347912 29.0 0.0672736333802612 43.0 
68.00193298229517 5.494164429135149 28.0 0.10330933721520152 43.0 
69.00166627621421 5.748133718861782 25.0 0.10330933721520152 42.0 
70.00267131219965 6.209414652373551 25.0 0.10330933721520152 41.0 
71.0016681822688 7.4767068535282375 23.0 0.15762009004429406 42.0 
72.00435761016699 10.540836055770926 23.0 0.13709339955059927 42.0 
73.00036249639778 11.913869951497556 22.0 0.17720869334001155 42.0 
74.00202401180736 15.601339180520835 22.0 0.20071295437904046 41.0 
75.00018101504718 18.196562109358865 23.0 0.2170799345678712 40.0 
76.00030802048205 25.932704210467513 24.0 0.20167761124363975 40.0 
77.00395526838795 32.23519817844138 23.0 0.2202192515784392 40.0 
78.00073912218534 32.79323084451041 23.0 0.24925065457984483 40.0 
79.0016376206247 35.5163727314888 23.0 0.21593635765068855 40.0 
80.00095667483095 36.359034872463326 22.0 0.2277075459691254 39.0 
81.00211066614919 37.59717864223555 21.0 0.23940323179669412 39.0 
82.00214322292557 39.152209556850764 21.0 0.15695791395197012 37.0 
83.0032718708851 38.09460208333647 21.0 0.19429377543288806 42.0 
84.0005718810626 38.34539791463092 21.0 0.23318185770903926 40.0 
85.00500126747707 38.723327855518875 21.0 0.24186374801213922 40.0 
86.00284954618135 38.4891871055789 20.0 0.6715340152475199 39.0 
87.00134874085617 38.404497184928054 20.0 0.2107908112267212 36.0 
88.00151081360698 39.28269066113072 18.0 0.053478762178004464 35.0 
89.00259948924254 40.60126486057642 18.0 0.11535589991550337 35.0 
90.00095799595799 43.1867087664687 17.0 0.10998460096104307 35.0 
91.00314435918905 42.61861915791023 16.0 0.10998460096104307 38.0 
92.00128386692683 44.92068754521356 17.0 0.0951301611000967 37.0 
93.00050122206507 43.10902396076766 17.0 0.08041970141219887 36.0 
94.00261696081185 42.32265277154353 16.0 0.10774113338740893 36.0 
95.00564683899002 43.76605294385624 17.0 0.1977789243561542 35.0 
96.00113814420494 43.66886906255896 17.0 0.20197100363730824 35.0 
97.00165899365275 40.36917259904969 17.0 0.1872753071695952 35.0 
98.0022552183955 32.062004876782424 17.0 0.21042043452932194 35.0 
99.00225162490113 31.042981171413036 16.0 0.2100429578220873 35.0 
100.0006894471455 33.0832895000717 17.0 0.20463079285705177 34.0 
101.00195785235616 33.931563717828816 16.0 0.18198505386875896 36.0 
102.00058470780627 34.06162828362606 16.0 0.1481509291427719 36.0 
103.00000766201887 32.06939130876175 17.0 0.16294827270891182 36.0 
104.00022843892454 31.659749234405403 17.0 0.19257424903289216 36.0 
105.0039361648054 32.65376715762014 17.0 0.20128901625001044 35.0 
106.00061061518568 31.994249345125894 17.0 0.19257424903289216 35.0 
107.00121702497957 32.521769219125176 17.0 0.17414226757103987 35.0 
108.00118583934443 32.611975819227766 17.0 0.18917543641399903 35.0 
109.00569332992247 33.426986154767064 17.0 0.2040408841723543 35.0 
110.00071803889384 33.73888132146526 17.0 0.2040408841723543 35.0 
111.00026497764956 34.27428855933264 17.0 0.1415134158626779 33.0 
112.00224566492508 34.123306428900875 16.0 0.13796436101705964 33.0 
113.0032718708851 35.041790664856926 16.0 0.12331431371094746 32.0 
114.00192308383889 34.441143537765136 16.0 0.15299815907346204 32.0 
115.00251595853426 35.66754785187718 16.0 0.15299815907346204 32.0 
116.00224533732448 35.26169348451512 16.0 0.15299815907346204 32.0 
117.00203391089977 32.66501531540028 16.0 0.13516611318987953 32.0 
118.00102873766755 31.3693268214783 16.0 0.1500616104806958 32.0 
119.00080982688146 30.105014613394466 16.0 0.16499248602977257 32.0 
120.00532650957348 29.587691289894693 16.0 0.16499248602977257 32.0 
121.00149674499048 28.627939062951345 16.0 0.16499248602977257 32.0 
122.00633021929117 27.116508718709195 16.0 0.13894244004751907 32.0 
123.0032718708851 23.259393675463937 16.0 0.1687710723037994 32.0 
124.00069204275597 24.328720884441115 16.0 0.1877402094384425 32.0 
125.0024406171313 26.424701137090622 15.0 0.1687710723037994 31.0 
126.004254634239 27.172163595023484 15.0 0.1687710723037994 31.0 
127.00321572371556 27.19763078837196 15.0 0.15405959701675678 31.0 
128.0014341670684 27.400415154378845 15.0 0.13941698887240994 30.0 
129.00040100822625 28.01339266456286 15.0 0.16923953095438204 30.0 
130.0013930899784 29.07326895827252 15.0 0.16923953095438204 30.0 
131.00126923716695 28.867338178428575 15.0 0.15453207911214595 29.0 
132.0026310482945 28.368384451797564 15.0 0.15453207911214595 29.0 
133.00238639048658 28.55626701149472 15.0 0.154527444057397 29.0 
134.00103878788087 28.70597355149384 17.0 0.16919860086838856 29.0 
135.00126427458093 29.92166010229969 16.0 0.16919860086838856 29.0 
136.00281598802832 30.127286051397196 16.0 0.16919860086838856 29.0 
137.00412112122578 28.578509090987694 16.0 0.1545242980705032 29.0 
138.0032718708851 29.68493693183087 16.0 0.018035501292510678 29.0 
139.0006330641079 29.64153052860326 15.0 0.018035501292510678 29.0 
140.00068112709283 29.483265021846954 15.0 0.018035501292510678 29.0 
141.004363540411 28.02850254330749 15.0 0.018035501292510678 30.0 
142.00103170397827 27.239409016700574 19.0 0.0032022956186629013 30.0 
143.0013275365652 27.798387947224292 18.0 0.017094009843756253 30.0 
144.0011556465874 27.662564160036194 18.0 0.01921609746768042 30.0 
145.0021826090845 27.360655598095562 16.0 0.01921609746768042 30.0 
146.00367619523715 27.6430145761743 16.0 0.01921609746768042 30.0 
147.0008054222004 27.38590746665059 16.0 0.01921609746768042 29.0 
148.0032718708851 28.540541411360145 16.0 0.004357299589166907 30.0 
149.00052223595497 28.501318207507726 14.0 0.037309564740943504 30.0 
150.00040665968527 28.299259219040984 14.0 0.037309564740943504 30.0 
151.00009705403792 27.448747445399075 14.0 0.037309564740943504 31.0 
152.004760716692 27.169258412515855 14.0 0.037309564740943504 30.0 
153.00101940269838 26.095546440085613 14.0 0.022487935265708085 30.0 
154.0002397692508 26.614966084281686 14.0 0.06777487916007718 30.0 
155.0022933291579 26.831782226964506 14.0 0.06777487916007718 30.0 
156.00085834204785 27.308633304715908 14.0 0.06777487916007718 30.0 
157.00152753919275 26.58245394863205 14.0 0.1084192897758956 30.0 
158.0005309872511 25.517795645501366 15.0 0.08936800994438125 30.0 
159.0063549080323 24.959595958205167 15.0 0.15729686362581835 29.0 
160.0003313973601 25.248269075759822 14.0 0.09943720165825287 29.0 
161.0021027171838 23.31536930179345 14.0 0.09943720165825287 29.0 
162.00019316825268 22.655277181907795 14.0 0.0 29.0 
163.00245565655396 20.323899679265228 13.0 0.0 29.0 
164.00135331287092 20.31569184638634 13.0 0.0 29.0 
165.00205355778039 20.252988899659687 13.0 0.0 30.0 
166.00769060878378 20.496531784254255 13.0 0.026558503794959786 30.0 
167.00248662013004 20.443780028487744 13.0 0.023696068027846014 29.0 
168.0032718708851 21.298113685456148 12.0 0.17604476809913205 30.0 
169.0044232341589 21.6465477847825 12.0 0.023696068027846014 29.0 
170.00270488312162 20.420370774829102 12.0 0.03238682287400004 30.0 
171.00293046161988 20.673165989358893 12.0 0.0016035667276431702 29.0 
172.002138918821 21.446137903987573 12.0 0.017649904414453983 26.0 
173.00010479612578 21.94956776898939 12.0 0.033402302555680045 27.0 
174.00194091419752 21.930348883063765 13.0 0.14622295570479574 28.0 
175.00185067618685 22.528116132846765 12.0 0.024380852371684022 29.0 
176.0015770651825 22.00010148759305 12.0 0.023367182079211273 28.0 
177.00051020915504 21.38290533581376 12.0 0.0682901722721423 27.0 
178.0032718708851 20.420570929207894 12.0 0.05242136490873063 27.0 
179.00021040374702 20.13410163861774 12.0 0.059710759253638925 27.0 
180.0039570353348 19.906416137983715 12.0 0.029054182829519874 27.0 
181.0012292000211 19.250796174835887 12.0 0.014165948043807917 27.0 
182.00293589596663 19.31965377535003 11.0 0.014165948043807917 27.0 
183.00012954157546 20.06371817914001 12.0 0.0 27.0 
184.00064484216358 22.616243367122337 11.0 0.0 25.0 
185.00075775532616 21.747342629409964 13.0 0.0 25.0 
186.00322151366348 20.890674561015654 12.0 0.0 26.0 
187.00096563985016 19.63563388718731 12.0 0.0 26.0 
188.0032718708851 18.953042651615863 12.0 0.0 25.0 
189.00281399466502 18.958124508362182 12.0 0.0 25.0 
190.00737379017568 16.92987154151088 12.0 0.0 24.0 
191.00061528138878 18.100682500110715 12.0 0.005291182045865799 24.0 
192.0014507026429 18.57298576557015 12.0 0.005291182045865799 24.0 
193.00129322617065 18.514664824218592 12.0 0.005291182045865799 24.0 
194.00164335396911 19.712374677813123 11.0 0.005291182045865799 24.0 
195.00737379017568 20.773493536887234 11.0 0.014454809742717246 24.0 
196.00204496588844 20.864384541783032 11.0 0.014454809742717246 24.0 
197.00015464678384 21.12131127511232 10.0 0.014454809742717246 24.0 
198.0005040657742 20.869886871194723 10.0 0.014454809742717246 24.0 
199.00325442139226 18.428017116199193 10.0 0.014454809742717246 23.0 
200.00329796794082 19.552532981540512 10.0 0.03674945588029149 22.0 
201.00023197603176 18.693538376759985 12.0 0.03674945588029149 22.0 
202.00029137968895 16.023290819047194 13.0 0.03674945588029149 22.0 
203.00056829678715 15.938201230949327 12.0 0.03674945588029149 22.0 
204.00186364770707 17.102560839111078 12.0 0.03615539299507603 22.0 
205.00063385754345 17.05138697439145 12.0 0.038934139047165695 21.0 
206.00022802730746 18.14584419045131 14.0 0.0 21.0 
207.0024799599984 18.699601630409898 14.0 0.0 21.0 
208.00099485323577 18.473401101227818 14.0 0.0 21.0 
209.0004788264368 18.06000123926409 14.0 0.0 21.0 
210.00647103474148 17.91853432914051 14.0 0.0 22.0 
211.00025229113575 18.042501663476212 14.0 0.0 22.0 
212.00087809219295 18.421525996256648 13.0 0.05298072496747541 22.0 
213.0032718708851 18.959177664706704 13.0 0.05298072496747541 22.0 
214.00435961396545 20.203444597981807 13.0 0.0 22.0 
215.0039386090555 20.670143879833688 13.0 0.0 21.0 
216.00178502516832 22.681517010404 11.0 0.0 21.0 
217.00142498751276 24.16052012365878 11.0 0.0 20.0 
218.00020760138062 26.45808478292774 11.0 0.062089230218799606 20.0 
219.00427698166163 29.076502536137742 11.0 0.062089230218799606 20.0 
220.00091143070648 31.226032694004463 11.0 0.062089230218799606 20.0 
221.00137751551955 32.185191091641926 11.0 0.13471770091618712 20.0 
222.00025877550215 31.614167502102973 11.0 0.12853121307817486 19.0 
223.0004617707098 32.25287829975704 11.0 0.0 20.0 
224.00073482325007 32.18638805950475 11.0 0.0 20.0 
225.0014318048983 31.432132926824753 14.0 0.001508161402347517 20.0 
226.0081062836785 30.147400081701733 14.0 0.0041753075609232545 20.0 
227.00236268902873 27.84304534915888 14.0 0.014034805870072645 20.0 
228.00114829688548 28.01025584107142 14.0 0.014034805870072645 20.0 
229.00561144082332 25.89243968677401 16.0 0.14388457371343055 20.0 
230.00608634009635 24.611102237959617 17.0 0.22941210806578333 20.0 
231.0002629984992 21.651948613946402 18.0 0.2449300317328614 20.0 
232.0009959743104 20.387279939787664 18.0 0.16714323789024904 21.0 
233.00258587802844 19.487317030857028 17.0 0.17334611584414192 21.0 
234.00165123442497 19.740749154208828 17.0 0.25013805822011137 20.0 
235.00037567747506 21.28640946714442 17.0 0.3356179042516374 20.0 
236.00372979806045 20.29766048945661 16.0 0.4956705459120647 20.0 
237.00046502923487 19.6489782007255 16.0 0.6153280680462576 21.0 
238.0001986023086 20.44715689860851 15.0 0.7061703318870168 22.0 
239.00014961204772 20.502789828271165 15.0 0.8353407210360526 24.0 
240.00284912579636 20.68530268812999 15.0 1.7122368065026519 23.0 
241.00089189643143 20.630838707046262 15.0 1.9240394267058696 22.0 
242.00008134358393 20.1598156163576 15.0 2.0789659567732732 23.0 
243.00014277434704 20.678174501371174 15.0 2.345949162538555 24.0 
244.00017496341516 20.34160427755917 15.0 2.4665919593203074 24.0 
245.00073324156833 19.998631617890656 15.0 2.9417775884495083 24.0 
246.00072631452704 20.592294522578058 15.0 2.905927219596169 24.0 
247.00027088345294 19.75536674291599 15.0 3.0822922983707715 26.0 
248.00176641106876 20.28908241876164 15.0 3.407743111386485 22.0 
249.0010737081363 20.257519741463668 15.0 2.6008243615763056 23.0 
250.00158371249822 20.006053958169126 15.0 3.5919288827095337 25.0 
251.0017673633863 19.65528074330436 15.0 3.714988916636841 27.0 
252.0001042793998 19.73107178490894 15.0 3.804389559983512 24.0 
253.00015747566468 19.70863371941971 15.0 3.8998509605586866 23.0 
254.0015407467811 19.791375653141333 15.0 3.695135098450204 23.0 
255.00152636942224 20.408273253987225 15.0 4.101057578649025 22.0 
256.00085732564946 20.537119860332645 15.0 4.354647766372229 23.0 
257.0013336099148 20.959475401319448 15.0 4.559352518929145 22.0 
258.0007818434493 20.65801409256569 16.0 4.397932120194244 22.0 
259.0012200940864 21.075329984197808 15.0 4.637587612465589 22.0 
260.00377771754063 21.24684793859197 15.0 4.894551083474731 22.0 
261.00266890995897 21.47567742040913 15.0 5.35574514435893 22.0 
262.00017214681793 21.000538828286082 15.0 4.956521123527854 23.0 
263.0006209847317 21.453722445951225 15.0 4.947511639022132 24.0 
264.0000375869928 22.39256593018142 14.0 4.612781417318141 24.0 
265.00065935973714 22.75421030456645 14.0 4.1701521719391055 23.0 
266.0012752833003 22.785169918741126 14.0 3.719411131553256 25.0 
267.00115381637863 23.612529168060597 14.0 3.533295937574636 24.0 
268.00070203116263 23.90592210241978 13.0 4.186368663469932 23.0 
269.000742435369 24.255716530832405 12.0 4.20946152080472 23.0 
270.00043855698647 23.386874047500974 12.0 4.79369578666812 23.0 
271.00297389638627 24.136248725015793 12.0 5.07597597058892 23.0 
272.00681647953655 24.43002723439892 12.0 4.910127892861361 23.0 
273.0032718708851 25.38450972292926 12.0 4.936240660976697 24.0 
274.005645516081 25.569726168962898 11.0 4.773488076063313 24.0 
275.0017106213867 25.894729388387514 11.0 4.822456804595275 24.0 
276.0034899945723 25.85423660715781 11.0 4.911790991080484 24.0 
277.000165801095 26.040005605296102 11.0 4.714480876002987 24.0 
278.0014130147731 26.783689424722734 11.0 4.723671393827359 24.0 
279.0010700414687 26.718191655968965 10.0 4.8695606447978355 24.0 
280.0073737901757 26.834101206939344 10.0 4.942414934203969 25.0 
281.0009267936229 27.150738212258624 10.0 3.710727897669832 25.0 
282.00078260560525 27.830340242775545 10.0 3.7064786902710254 24.0 
283.00172706205876 30.16052018147165 10.0 3.47363040026365 24.0 
284.00166902409904 33.27414105951537 11.0 4.011564892335699 24.0 
285.0015866175385 33.09810407755275 11.0 4.382546518829959 23.0 
286.00045173790835 31.925457923297124 11.0 5.533278458563538 23.0 
287.001907311398 31.591386080554493 11.0 5.777561490036658 25.0 
288.0013875627744 30.76848707705759 11.0 6.109084196678017 25.0 
289.0009078545842 30.90658041763582 11.0 5.951846216296567 23.0 
290.0002259968749 31.164259219366908 10.0 5.8842775647466965 23.0 
291.001756338552 32.022855512545476 10.0 5.7080907848214855 23.0 
292.00043719473814 32.36559807307941 10.0 6.105751619016424 23.0 
293.0024680169039 34.13365389001596 10.0 6.139292787608698 23.0 
294.00353691487413 34.36308784017616 11.0 6.1704547442576745 21.0 
295.0036953327352 32.229759566483516 14.0 6.912783555784746 22.0 
296.0008837086748 32.980451572428514 11.0 6.912314253670095 22.0 
297.0010869120128 32.78708646410837 11.0 6.980975688157084 21.0 
298.0014366502175 33.32329221352121 13.0 7.0029723071186 22.0 
299.00093903309096 33.39965271211564 11.0 7.107107651894309 21.0 
300.0066211633837 33.447278455855816 11.0 7.351425520855924 23.0 
301.00042016865956 33.99439570932571 11.0 7.26153055956385 32.0 
302.00345810369794 34.30508288313959 11.0 7.053225352259724 32.0 
303.0001610404477 35.82631041161951 11.0 7.1572742739117725 27.0 
304.0002825699934 36.39887238349996 11.0 7.139916784527365 27.0 
305.00145716364136 36.244787160566005 11.0 7.548413682731312 26.0 
306.00175581145896 36.253403615695376 11.0 7.70462131933203 25.0 
307.00008059334306 37.94079914791272 11.0 7.8635469194269145 26.0 
308.0001283057344 41.59892580033655 10.0 8.05952617452832 25.0 
309.0031573254488 42.907529398400456 9.0 8.18468308651213 25.0 
310.0005266249051 42.23767120967417 9.0 8.94356645759391 25.0 
311.00338760159303 42.45067609171184 9.0 8.728650863487518 24.0 
312.0068910402163 43.202648284390904 9.0 7.924235686506349 25.0 
313.00124222530883 46.016224715001165 9.0 8.479521267500637 25.0 
314.00635490803234 46.81412875333988 10.0 8.76201471491645 24.0 
315.0000908889672 48.353293343232785 10.0 8.906925008897149 24.0 
316.0014795447594 48.794068212806906 10.0 9.027875994989994 24.0 
317.0034843898284 47.969710068459484 10.0 8.445266997884945 20.0 
318.0029552873508 48.700536818304165 8.0 8.722564779865456 21.0 
319.0007510130947 50.17693721671687 8.0 8.184775594102884 21.0 
320.00397526286923 50.28196384558722 8.0 8.131361699802314 21.0 
321.0015187027865 49.781976051281525 8.0 8.184468031249533 21.0 
322.0003530711462 48.6789816777767 8.0 7.495925228151094 21.0 
323.0032718708851 50.19857399437318 8.0 7.506127543392126 21.0 
324.0009883411199 50.338535810364 7.0 7.036622773129374 22.0 
325.0030642445188 49.71740250929894 8.0 6.75430141672458 21.0 
326.01050719494583 49.97005278643608 7.0 7.457288263327355 21.0 
327.0004922588408 49.381067437734345 8.0 8.133544507715945 22.0 
328.0025276248139 49.87793179077612 9.0 8.486924883634105 25.0 
329.0039782626929 50.87958681130617 11.0 7.750365345859654 23.0 
330.0011760350193 49.65367275073374 11.0 7.842913341457951 24.0 
331.00120322105687 49.66394680649155 10.0 6.8912331486263465 21.0 
332.0013779592762 47.81215430479993 11.0 6.40037110507418 21.0 
333.0010032897621 46.90418294522112 11.0 5.736854842303193 20.0 
334.00353617708396 41.85179509957235 12.0 6.044724980548767 20.0 
335.0002383578757 37.418394442454506 13.0 6.326622286094734 21.0 
336.00381948231467 34.68672904078748 13.0 5.80195031630555 21.0 
337.007963541573 35.81693556283709 13.0 5.807827426028984 21.0 
338.0027066198566 35.5654086466918 13.0 5.790558432129413 21.0 
339.00015981048085 35.33814196329736 13.0 5.072386279487029 21.0 
340.00247669144176 34.8818646630919 13.0 2.3884787326621915 21.0 
341.00445983962805 35.65887927891505 13.0 2.0746508668909525 21.0 
342.0047116258067 35.96561810719639 13.0 1.6580330736034923 21.0 
343.0032718708851 35.403403138395475 13.0 1.6625332290139283 21.0 
344.00079961201317 34.78271007617984 13.0 1.6132934600341562 21.0 
345.0011109444977 35.31021777547991 13.0 1.0487706251571214 22.0 
346.00620125163994 35.18167811204677 13.0 3.043370293121022 22.0 
347.0032074947596 34.65312174643896 13.0 4.639278742156617 22.0 
348.00323071785834 35.237669005380454 13.0 5.5137405082069435 22.0 
349.00086450321044 35.68235950031221 13.0 4.85345962199822 23.0 
350.00157966549085 35.59727521683515 13.0 4.612180225810068 25.0 
351.0017012189441 36.39727361858243 12.0 2.4701585201703136 26.0 
352.001045760192 36.51056131551167 12.0 2.401169388243124 26.0 
353.0032718708851 37.16042635980305 12.0 1.9253319751810811 26.0 
354.0021503032005 36.79120119154987 12.0 2.099163142874983 24.0 
355.0013277230868 37.14397833832682 12.0 1.973420866539221 28.0 
356.00452649100873 37.43841710980614 12.0 2.7562356568106336 27.0 
357.0004689785818 38.02178275009387 11.0 3.0848182383375375 23.0 
358.0007150114344 38.64156819501676 11.0 3.2051242893051537 23.0 
359.0002008705353 38.739335385818784 11.0 2.4367605961208256 27.0 
360.0000647919625 38.70624144629916 10.0 3.0467854832449324 26.0 
361.0006573790814 38.91729528322693 10.0 3.533756280849715 27.0 
362.0083063150289 38.67671493007631 10.0 3.4635311875998283 24.0 
363.0022088533997 40.53309693304156 10.0 3.661399931706519 28.0 
364.0033277713059 40.897420159212984 10.0 3.493999522556896 24.0 
365.00071446413546 40.8776545763108 10.0 4.068402007439678 21.0 
366.000057677957 40.70340165239623 11.0 3.805931887409171 22.0 
367.00363326997706 40.39398966167464 13.0 3.687633860494976 20.0 
368.0030465153171 40.62143030968158 13.0 3.658763248294706 21.0 
369.001275531848 40.357456577967 12.0 4.042749850424896 19.0 
370.002130155616 40.20377658703885 11.0 4.476941025131746 19.0 
371.0001130506575 40.894017463248495 11.0 4.355310389100561 19.0 
372.0035296683615 41.30043499107844 11.0 4.0555522487605735 22.0 
373.00015676532666 42.054171609103015 11.0 4.483815404936955 20.0 
374.0007728938402 42.878399111033225 11.0 4.776557795432184 20.0 
375.0002921864255 43.57795262003201 10.0 4.59885151672292 20.0 
376.0030988821647 43.586559956775076 10.0 4.690699631368479 24.0 
377.001049911665 43.618995213074385 10.0 4.8206831383931545 21.0 
378.00052557674144 44.589257913992014 10.0 5.179742701808419 20.0 
379.00635490803234 45.031303717775266 9.0 5.041091380012439 20.0 
380.00043275780524 45.33258230962258 9.0 4.674335833176895 25.0 
381.00437206340376 45.519007225858395 9.0 5.231734288297579 19.0 
382.00032156132056 45.757948767856426 9.0 4.9645475247676645 20.0 
383.0002762332293 47.19136677397419 9.0 5.664914409757866 21.0 
384.0037731641288 47.890363473578226 9.0 5.896157134239421 22.0 
385.00628450647787 47.75775562388089 9.0 5.6725535617781375 21.0 
386.0015725134267 48.27340319386223 9.0 5.567925682047793 22.0 
387.00094333047264 48.52304286675504 8.0 5.435104263686483 22.0 
388.0014496412438 50.057241480790225 8.0 5.676282832544909 24.0 
389.0007503475788 50.732516102280144 7.0 6.060629150453951 22.0 
390.0034866689882 51.27221028704034 7.0 5.817054400587161 23.0 
391.0082565662055 51.59847316180205 6.0 5.8095314125167405 21.0 
392.00165003887594 51.70669309940698 6.0 5.4535440630177 22.0 
393.00013862745544 52.31237383682534 6.0 6.474725585992447 22.0 
394.0016952597621 52.28156338480868 6.0 6.451967820611355 23.0 
395.0043228566182 51.934084459180085 6.0 5.836679156145688 23.0 
396.0000336724634 51.59879786124708 6.0 5.701363054601326 23.0 
397.0037992499538 52.777576005226116 6.0 4.563654354828056 23.0 
398.0000149579368 53.37387794341379 6.0 6.161364142329725 23.0 
399.00629540362627 54.02724163434207 7.0 6.595441746374073 23.0 
400.0000078797497 54.64714727674743 7.0 5.58328971314354 23.0 
401.00165445572543 55.09568906050151 15.0 5.770041091326556 22.0 
402.00081858472004 55.57346137544948 16.0 5.45680262753108 22.0 
403.00180662684784 58.92749635773643 12.0 6.202556982792077 22.0 
404.00142352187436 58.08783161132332 13.0 5.234683228029945 22.0 
405.0005754755013 59.826322014466136 13.0 4.79054902821593 21.0 
406.00005647149965 60.01851694654177 15.0 5.01020796171132 20.0 
407.00248356590777 60.66109386901927 14.0 4.900891102190974 22.0 
408.0018660173286 61.85980541603597 14.0 4.614463557392068 22.0 
409.0029408876636 62.539244795271976 14.0 3.747549297971652 22.0 
410.0001098656312 63.46523533342077 12.0 3.2997662036929722 19.0 
411.0033733299229 64.82039021892922 12.0 3.6910247829109393 19.0 
412.00039425925473 65.29005202474781 18.0 3.2989347055226514 20.0 
413.0008977617126 62.93721598544085 42.0 2.930990848579153 21.0 
414.00275556592067 59.8522439548986 29.0 3.182503722009207 22.0 
415.0018579681333 53.49386977573787 24.0 4.040455393295656 21.0 
416.00391585958664 49.58892944492066 23.0 3.4483675381185748 23.0 
417.00516514974777 44.648121271679265 22.0 3.2975192356583483 21.0 
418.0032718708851 42.93274640804862 19.0 2.1459948145307095 20.0 
419.0017063612766 42.3734607519702 17.0 2.1544154323422506 20.0 
420.0034280492753 43.86089499695385 17.0 1.9631759434512412 18.0 
421.0013085942551 46.713560344178134 16.0 2.1394844594972655 18.0 
422.00037102080944 49.336900464451396 16.0 2.454111520477384 22.0 
423.0006816075417 54.527619355704324 19.0 2.042774637086652 20.0 
424.000402118603 56.6837381444371 19.0 2.075412731843858 19.0 
425.0004937294134 57.233703185493816 18.0 1.700946172068925 19.0 
426.00015097262997 58.21514829270582 17.0 1.0024451935083736 21.0 
427.0033698313062 60.02161644234878 17.0 0.5952122737032072 20.0 
428.0018288840164 62.88094555160237 17.0 0.6777859215903071 20.0 
429.00307392375015 66.15872950945435 17.0 0.6008301582481751 20.0 
430.00160699518483 67.93386032949165 17.0 0.7962760843407967 20.0 
431.00756690918786 67.56042456106043 16.0 0.5323626479280094 20.0 
432.00064589443144 68.204192137827 16.0 0.6062944206627059 20.0 
433.00074634560866 69.87198941906507 16.0 0.4594435271253705 20.0 
434.0009072463909 67.56069747745826 15.0 0.5856054262935025 20.0 
435.00136259900034 64.05296613775987 14.0 0.6828765957574856 20.0 
436.00126643824905 68.5770321229535 13.0 0.6509817723539897 20.0 
437.000753380804 69.97438092165795 12.0 0.5822629748787779 20.0 
438.001017286261 73.49387095617391 12.0 0.47797149228879793 20.0 
439.00041809014107 78.54699815911333 12.0 0.459587057004238 21.0 
440.0004259338258 77.12477824446134 12.0 0.45946304108604613 22.0 
441.0046708062963 78.77107566629844 12.0 0.4306193234887834 19.0 
442.00251329848567 80.20349617409666 12.0 0.43845276306425834 20.0 
443.0023997906032 82.55599940132437 12.0 0.4649523427078797 19.0 
444.00282263676326 82.3263841113678 12.0 0.39786497730665005 19.0 
445.0004087703112 85.2310311492707 12.0 0.22984957455599575 19.0 
446.00184193831296 81.47359997813359 16.0 0.3046894143967044 22.0 
447.002274046873 69.58671259309544 37.0 0.3198137235327188 23.0 
448.0012132469695 51.99063431380568 37.0 0.29441149646023695 20.0 
449.00030813067116 42.564569789379526 28.0 0.2884002870866295 20.0 
450.00482070565465 40.290458547526605 27.0 0.2613896442221889 20.0 
451.00305737522467 42.69141570208216 24.0 0.39479172800068596 22.0 
452.0002703861609 46.31513334603384 21.0 0.5028445992207009 21.0 
453.0032718708851 51.42037554916232 20.0 0.6727612582589793 24.0 
454.0021240427326 54.456052496316055 17.0 0.5889274888396631 25.0 
455.0010299059155 57.03772686789269 16.0 0.7227109512021962 23.0 
456.01272758297534 57.193171576677706 14.0 1.19640233415928 22.0 
457.0018266206267 58.30781317755816 13.0 1.1057782658359705 23.0 
458.0032718708851 59.65665771176518 12.0 1.4342962599113787 22.0 
459.00299413306834 58.90312273242205 12.0 1.3061357762656067 21.0 
460.00090046628765 62.50387333259418 13.0 1.8683806289274367 21.0 
461.0053513800014 69.11157614125742 13.0 1.7887104449248408 21.0 
462.00069545442733 66.18985472322183 17.0 1.4504121219834685 23.0 
463.0032718708851 68.90139535945752 17.0 1.8281103732801707 22.0 
464.0031383536812 69.29367695233083 16.0 1.5978811270182032 22.0 
465.0021074811492 68.94697783726714 15.0 1.600880719909729 21.0 
466.0013225410081 70.5330498398849 14.0 1.8357629595184979 21.0 
467.00432306673866 75.56947923391641 14.0 1.7401973690039263 21.0 
468.0018043034263 83.42514040228453 14.0 1.3891671504239027 22.0 
469.00006953451674 86.50780289893142 17.0 1.4865288915645771 20.0 
470.00474003027784 90.10221121942041 18.0 1.7666788544175676 21.0 
471.00351506573134 93.53877431762324 16.0 2.2779068076545608 20.0 
472.0006824228259 97.92795095422444 15.0 2.6163304452814624 20.0 
473.0032718708851 102.26535297018673 14.0 2.3804250403542384 23.0 
474.00635490803234 104.13055750181637 12.0 2.585406538213355 21.0 
475.00094940388124 105.07329632056972 13.0 2.6168028988800405 21.0 
476.0001953331234 106.1236209709086 12.0 2.743443572661926 22.0 
477.001978800223 107.75030812656557 12.0 3.316748878906859 22.0 
478.0032144111483 110.98988389793143 11.0 4.579512698509195 22.0 
479.00085068574583 110.96111866494573 12.0 4.62049503787512 23.0 
480.00385271871016 110.00988606408946 11.0 4.584329874057413 24.0 
481.001838657557 109.01256592885518 11.0 4.7527866987734555 24.0 
482.0034615467797 111.33571465708155 11.0 4.359245883162185 24.0 
483.0009007951813 114.31259482066908 11.0 4.683635359376955 24.0 
484.0001907221497 115.72324392366178 11.0 4.840490866840777 27.0 
485.0012214875925 115.27689684865163 11.0 4.379571347426556 27.0 
486.0003183513525 114.33383982758318 11.0 4.261373983447638 23.0 
487.00447487297475 114.50191925685455 11.0 4.3277227369919 23.0 
488.002709828644 115.12465495392782 11.0 4.496036298162509 23.0 
489.00034217813806 119.17960145607466 10.0 4.291528902924659 23.0 
490.00247785345476 117.77427598821573 10.0 4.390641590477534 23.0 
491.00015590333965 116.33220936473718 17.0 3.8665116638301815 23.0 
492.0046056971854 112.09523927058946 17.0 3.292250026260131 23.0 
493.0032718708851 85.1656554448024 64.0 2.9663872438633336 23.0 
494.00248918554325 80.790546090868 54.0 2.4832735468692637 24.0 
495.00122287747337 78.31617095596216 36.0 2.2357999958325707 24.0 
496.00164012397136 86.09337110412623 31.0 2.1850311849755677 24.0 
497.0008333000273 93.49467854898523 27.0 2.2294580179834944 23.0 
498.0032718708851 101.54182535931234 22.0 1.9416808621324075 23.0 
499.0013757429821 105.17796099319098 21.0 1.9615026402426619 23.0 
500.0005875007787 110.9646663898719 21.0 2.1226486971775875 23.0 
501.00075051035543 116.9688591390017 19.0 1.9353245162837573 23.0 
502.0037797905962 119.01260189818399 18.0 2.0040922348610386 23.0 
503.00099166124517 124.56832595245423 18.0 1.3771671532765393 23.0 
504.00005737971134 129.13474627120684 15.0 1.3554556498164838 23.0 
505.00003650829586 132.29024143294293 15.0 1.297506516631473 23.0 
506.00001445838046 136.07391885480934 15.0 1.3548696481289093 23.0 
507.00071141814436 136.52550210233596 14.0 1.0148097608644175 23.0 
508.00215069089916 140.0615850166299 14.0 0.5099839092727259 22.0 
509.001893032203 142.54643888228222 14.0 0.6168096513737518 22.0 
510.00051749756443 144.28149657960648 12.0 0.7455220640472587 22.0 
511.00372952156727 143.75779306431605 13.0 0.5868361480223762 22.0 
512.0083063150289 136.86276861191186 29.0 0.45802411325790165 22.0 
513.0018070795574 136.77086331938355 23.0 0.47956692803142764 22.0 
514.002789957655 132.1464835234603 20.0 1.8404260982270824 22.0 
515.004601043852 125.60126687635984 18.0 1.7852265959415319 22.0 
516.0008377864605 121.64807438467778 18.0 1.764510132313445 22.0 
517.002568539504 119.535129838035 16.0 1.857214959163667 22.0 
518.0021922998893 123.12042064861932 14.0 2.1764713491611287 21.0 
519.0005004060265 124.68915205701262 14.0 2.001703710692065 21.0 
520.0047956991997 123.33601397567753 14.0 2.2211385814940026 21.0 
521.0010112624917 124.56102946259789 14.0 2.2443901095560155 20.0 
522.0024325565649 124.14574167288582 13.0 2.29770314342074 22.0 
523.0032718708851 122.31746671408624 14.0 1.7207329726009764 21.0 
524.0012800456508 123.49827498789197 13.0 1.7356145826498621 21.0 
525.0012329826474 106.21131341894893 29.0 1.6849085171464886 21.0 
526.0006349410032 89.01690787841353 44.0 1.6465931282457593 21.0 
527.0034763937948 73.40718324570486 31.0 1.6087998420086074 21.0 
528.0022002389226 70.3113282104001 26.0 1.5731240088745813 21.0 
529.0012474011913 73.49662640074507 29.0 1.5718996262695781 22.0 
530.0009923750583 80.3435573733292 23.0 1.5718996262695781 22.0 
531.001118829587 86.48872997824954 22.0 1.661593926799957 21.0 
532.0017973536003 95.62797566942767 21.0 1.6568492861774715 21.0 
533.0032718708851 102.42263373807171 21.0 1.051905350244103 21.0 
534.0004067447442 108.04804245389462 20.0 0.723868099284576 20.0 
535.0033271692013 115.75103072291449 20.0 0.7271076344591642 20.0 
536.0000924015438 117.15717458156232 20.0 0.7184351849246619 24.0 
537.0004418938465 118.89541589518007 19.0 0.3237108104657648 23.0 
538.0008481219134 114.94768785749682 19.0 0.3929095073955287 22.0 
539.0025737160032 114.13313077061594 17.0 0.3929095073955287 23.0 
540.0011846486528 113.28496843745572 17.0 0.3929095073955287 24.0 
541.006386201123 114.922556615163 17.0 0.38068956850916463 24.0 
542.0018484777288 116.0632976526356 17.0 0.38443885887343826 22.0 
543.0032718708851 114.03450220761644 17.0 0.34731431741828506 23.0 
544.0002936909547 117.35570405163517 17.0 0.3421740677674008 24.0 
545.0006877228253 117.49453066182872 17.0 0.13090121846800976 24.0 
546.0003775941343 119.22432229292578 16.0 0.0882867133585011 23.0 
547.000982468768 118.7571762895766 16.0 0.13405585094788933 23.0 
548.002917629819 119.28567684972471 16.0 0.10192598091719733 23.0 
549.005064833246 120.4984431071421 28.0 0.16369911035657145 23.0 
550.000154291742 123.67263224525462 27.0 0.059917064812254305 25.0 
551.0007343981631 123.7535354499352 26.0 0.535734700768196 23.0 
552.0009051911134 126.76888326390001 21.0 0.5160772935809512 25.0 
553.0010653927344 125.91458240268928 22.0 0.6127988992500324 24.0 
554.0009896974577 127.21468952501964 22.0 0.7468669661745153 24.0 
555.0001374633284 130.2844294840975 19.0 0.7272688638164753 25.0 
556.001811543331 132.97279353480627 19.0 0.809886640793029 25.0 
557.0035031712657 131.03205642541428 17.0 0.8476165429530583 25.0 
558.0002542241921 123.811327454654 17.0 0.8904429370340738 25.0 
559.0002357761091 118.10956364307074 17.0 0.9083182433775253 25.0 
560.0028461442361 117.00598891165907 17.0 0.8537811520427504 25.0 
561.0001280444593 111.71739246758256 23.0 1.4531735112597375 25.0 
562.002527132528 105.79519199899049 34.0 1.8421100460066897 24.0 
563.0016646309326 99.52259387062631 24.0 1.8310529264012843 24.0 
564.000205512326 95.14910222583255 22.0 1.7316425843472374 24.0 
565.0001475029517 96.49608312689773 20.0 1.435810319495225 24.0 
566.0014172985443 103.98395830092537 18.0 1.6916873373157808 24.0 
567.0015510937903 107.90824272775923 18.0 1.7001539467598856 24.0 
568.0013558860428 111.07388533326359 18.0 1.6629639373467708 24.0 
569.0011606782953 117.07698021127969 17.0 1.6805690063642553 24.0 
570.0009654705477 121.44031320236324 15.0 1.460289321857567 24.0 
571.0007702628002 122.22118722710802 15.0 1.6206763489013727 25.0 
572.000478858026 122.71002482906894 15.0 1.4322939725852741 25.0 
573.0003798473051 123.38343577213004 15.0 1.4304286621584978 25.0 
574.0001846395576 122.99678127763691 15.0 1.450565971764903 24.0 
575.0027274833054 121.55863357084898 14.0 1.355983083269217 24.0 
576.0011934227646 123.39265928012324 14.0 1.5723773520240818 24.0 
577.0013533227173 122.15989110210934 13.0 1.5141677044740796 24.0 
578.0015183630629 117.78909697310822 13.0 1.5682461735792783 24.0 
579.0005684612407 117.59609382810203 13.0 1.4168060297783625 24.0 
580.0073737901757 119.05208851974483 13.0 1.362375415059317 24.0 
581.0021307734154 118.55235791000214 12.0 1.2580725457521176 24.0 
582.0010504191381 120.42326098925687 10.0 1.2350346954699591 24.0 
583.0032718708851 120.81501163075153 9.0 1.1718079860570818 24.0 
584.0014972685307 121.74579000304551 8.0 1.5732664197702904 24.0 
585.0007059798552 123.01570400928667 6.0 1.5284525615187279 24.0 
586.0017981809799 125.82461109838471 6.0 1.558399779464249 23.0 
587.0037248718828 125.38223043704103 6.0 1.9253282607203765 23.0 
588.0032718708851 124.01941871636762 6.0 1.7948997749414972 23.0 
589.0011166202313 123.98626553578963 6.0 1.7637799444328097 22.0 
590.0011159193863 124.98318543498571 6.0 1.7851233762267782 21.0 
591.0066354498026 123.92080541782582 9.0 1.9200945912293776 21.0 
592.0009601192908 103.22317582907387 55.0 1.9298273267232917 21.0 
593.0030160192599 71.36360482699018 81.0 1.7613517587961067 19.0 
594.0054295247039 57.229449372008304 46.0 1.83673570929826 19.0 
595.0001735531612 57.809530826001826 30.0 2.1212827151129887 19.0 
596.0013176839559 61.007137694374485 25.0 1.9407698175962325 19.0 
597.0081620408538 61.94869822467729 23.0 2.1472513016542325 19.0 
598.0032718708851 73.94641361447813 20.0 2.50121974008137 20.0 
599.0051571889375 76.31195760931368 20.0 2.4836380417740815 20.0 
600.0028776812828 81.74399286609174 18.0 2.464062812069238 20.0 
#####################################################################
# End of data export. Simulation finished at: 2019-02-22T06:47+0000 #
#####################################################################
