#####################################################################
# Alchemist log file - simulation started at: 2019-02-25T20:31+0000 #
#####################################################################
# seed = 138.0
#
# The columns have the following meaning: 
# time distance-rep[Mean] distance-rep[Max] leader-rep[CountDistinct] distance-share[Mean] distance-share[Max] leader-share[CountDistinct] 
0.0 NaN NaN NaN NaN NaN NaN 
1.0001066444089879 0.0 0.0 499.0 0.0 0.0 69.0 
2.000629430149939 0.0 0.0 115.0 0.0 0.0 61.0 
3.001660231203711 0.0 0.0 104.0 0.0 0.0 57.0 
4.000376607783474 0.0 0.0 98.0 0.0 0.0 49.0 
5.000097774929856 0.0 0.0 90.0 0.0 0.0 47.0 
6.000898029302027 0.0 0.0 87.0 0.0 0.0 47.0 
7.000438868471994 0.0 0.0 85.0 0.0 0.0 42.0 
8.001372655995942 0.0 0.0 80.0 0.0 0.0 39.0 
9.000604021952766 0.0 0.0 75.0 0.0 0.0 38.0 
10.003837402658952 0.0 0.0 73.0 0.0 0.0 38.0 
11.001022523881845 0.0 0.0 77.0 0.0 0.0 37.0 
12.006150893515843 0.0 0.0 72.0 0.0 0.0 38.0 
13.001467312654214 0.0 0.0 72.0 0.0 0.0 38.0 
14.00099290834708 0.0 0.0 71.0 0.0 0.0 37.0 
15.001266465624468 0.0 0.0 66.0 0.0 0.0 34.0 
16.00176106851376 0.0 0.0 66.0 0.059506072092161404 19.326942806650493 32.0 
17.003665904512662 0.0 0.0 64.0 0.02647495210841952 6.971858284398735 36.0 
18.00166023120371 0.0 0.0 60.0 0.0 0.0 30.0 
19.0018251456371 0.0 0.0 60.0 0.0 0.0 28.0 
20.001504782551983 0.0 0.0 57.0 0.0 0.0 27.0 
21.00255818054556 0.0 0.0 57.0 0.0 0.0 24.0 
22.001195967634587 0.0 0.0 53.0 0.0 0.0 25.0 
23.001470331799382 0.0 0.0 50.0 0.0 0.0 28.0 
24.00169937938965 0.0 0.0 50.0 0.009728253207623456 4.864126603811769 26.0 
25.001629648688198 0.0 0.0 51.0 0.0 0.0 27.0 
26.000114753486333 0.0 0.0 47.0 0.0 0.0 27.0 
27.001801717620822 0.0 0.0 44.0 0.0 0.0 26.0 
28.000459980479544 0.0 0.0 44.0 0.0 0.0 24.0 
29.0018251456371 0.0 0.0 44.0 0.0 0.0 22.0 
30.001552066736842 0.0 0.0 43.0 0.002531419775485234 1.2657098877426165 20.0 
31.00221970060595 0.0 0.0 44.0 0.0 0.0 19.0 
32.00084230130352 0.0 0.0 43.0 0.0 0.0 19.0 
33.000772746472556 0.0 0.0 41.0 0.0 0.0 19.0 
34.0018251456371 0.0 0.0 43.0 0.0 0.0 18.0 
35.00246251642705 0.0 0.0 42.0 0.0 0.0 17.0 
36.00102458926924 0.0 0.0 42.0 0.0 0.0 17.0 
37.00025315455426 0.0 0.0 40.0 0.0 0.0 17.0 
38.00020568511729 0.0 0.0 38.0 0.0 0.0 19.0 
39.0018251456371 0.0 0.0 38.0 0.0 0.0 17.0 
40.00021547821318 0.0 0.0 35.0 0.0 0.0 17.0 
41.00189769818405 0.0 0.0 39.0 0.0 0.0 17.0 
42.00040330723418 0.0 0.0 40.0 0.0 0.0 17.0 
43.001660231203715 0.0 0.0 40.0 0.0 0.0 17.0 
44.0018251456371 0.0 0.0 39.0 0.0 0.0 19.0 
45.00073298943625 0.0 0.0 40.0 0.0 0.0 19.0 
46.00111319298677 0.0 0.0 39.0 0.0 0.0 19.0 
47.001596374334184 0.0 0.0 35.0 0.0 0.0 19.0 
48.000041515532054 0.0 0.0 32.0 0.0 0.0 19.0 
49.00127933882695 0.0 0.0 31.0 0.0 0.0 19.0 
50.00292277943706 0.0 0.0 30.0 0.0 0.0 19.0 
51.00038600790281 0.0 0.0 31.0 0.0 0.0 18.0 
52.0005443959865 0.0 0.0 30.0 0.0 0.0 17.0 
53.001660231203715 0.0 0.0 30.0 0.0 0.0 17.0 
54.000083500463866 0.0 0.0 29.0 0.0 0.0 17.0 
55.00383740265895 0.0 0.0 27.0 0.0 0.0 17.0 
56.00149326330922 0.0 0.0 28.0 0.0 0.0 17.0 
57.00050633202218 0.0 0.0 28.0 0.0 0.0 17.0 
58.001660231203715 0.0 0.0 28.0 0.0 0.0 18.0 
59.00061380251642 0.0 0.0 28.0 0.0 0.0 17.0 
60.00083692726569 0.0 0.0 27.0 0.0 0.0 17.0 
61.000851005136596 0.0 0.0 26.0 0.0 0.0 19.0 
62.0013454223322 0.04031869016306258 12.950682803320746 26.0 0.0 0.0 19.0 
63.001660231203715 0.014417324556421 7.208662278210511 26.0 0.0 0.0 19.0 
64.0018251456371 0.017816593778857366 8.90829688942867 28.0 0.0 0.0 18.0 
65.00003139107493 0.0 0.0 28.0 0.0 0.0 18.0 
66.00262085745365 0.03237281564981071 16.18640782490536 29.0 0.0 0.0 18.0 
67.00207892750103 0.03237281564981071 16.18640782490536 27.0 0.0 0.0 18.0 
68.00006420270377 0.03237281564981071 16.18640782490536 24.0 0.0 0.0 18.0 
69.00085141788735 0.036191347043103964 18.095673521552015 24.0 0.0 0.0 18.0 
70.00038164312602 0.0 0.0 23.0 0.0 0.0 18.0 
71.00367150302075 0.004858795025148899 2.4293975125744396 22.0 0.0 0.0 19.0 
72.00134208588732 0.07144895964771648 25.447070517317172 22.0 0.0 0.0 19.0 
73.00166023120372 0.07144895964771648 25.447070517317172 21.0 0.0 0.0 18.0 
74.00110844628917 0.02055481861308211 10.277409306541017 22.0 0.0 0.0 18.0 
75.00186133423774 0.02055481861308211 10.277409306541017 20.0 0.0 0.0 18.0 
76.00195022075258 0.02055481861308211 10.277409306541017 20.0 0.0 0.0 18.0 
77.00143143422905 0.047939882532823885 23.969941266411837 20.0 0.0 0.0 19.0 
78.00028976453912 0.047939882532823885 23.969941266411837 19.0 0.0 0.0 19.0 
79.0018251456371 0.047939882532823885 23.969941266411837 19.0 0.0 0.0 19.0 
80.0021333758224 0.12500518570659103 36.79981628533895 19.0 0.0 0.0 18.0 
81.00179182031275 0.12153951510350107 36.79981628533895 19.0 0.0 0.0 18.0 
82.00029899077295 0.06854397625620248 33.64835247560134 19.0 0.0 0.0 18.0 
83.00163596992061 0.18050570070086921 40.78716771134796 19.0 0.0 0.0 18.0 
84.0018251456371 0.06729670495120223 33.64835247560134 19.0 0.0 0.0 18.0 
85.00300292808106 0.1376822677400541 35.19278139442568 19.0 0.0 0.0 18.0 
86.00104566664 0.1587902004295206 35.19278139442568 19.0 0.0 0.0 18.0 
87.00064997437575 0.18362100320090768 40.95328077558207 19.0 0.0 0.0 18.0 
88.00166023120372 0.23496761336808655 44.958562790004805 19.0 0.004005911270819621 2.002955635409819 18.0 
89.0018251456371 0.026823556004998472 6.697424572106968 20.0 0.004005911270819621 2.002955635409819 18.0 
90.00136273265737 0.10873011755616277 40.95328077558207 21.0 0.004005911270819621 2.002955635409819 18.0 
91.00517089196951 0.08410334110050084 35.183918402860456 21.0 0.004005911270819621 2.002955635409819 18.0 
92.00118098896681 0.11035554636042855 41.79020107188481 19.0 0.0 0.0 18.0 
93.00060192383788 0.11035554636042855 41.79020107188481 19.0 0.0 0.0 18.0 
94.0018251456371 0.12488893041942947 41.79020107188481 19.0 0.0 0.0 17.0 
95.0036747584914 0.11144444178207176 35.06795675320575 19.0 0.0 0.0 17.0 
96.00074071983687 0.11951853075873174 35.06795675320575 19.0 0.0 0.0 17.0 
97.00116985100149 0.15573456335185934 41.777228666801705 18.0 0.014280730567422406 7.140365283711219 18.0 
98.00071870781753 0.15573456335185934 41.777228666801705 18.0 0.03640054720965326 13.608080761852477 19.0 
99.00152312569081 0.17048602389447845 41.777228666801705 18.0 0.03640054720965326 13.608080761852477 18.0 
100.00149715065758 0.15547832461108785 34.76500055348188 18.0 0.0 0.0 18.0 
101.00005779043417 0.17009174994143897 34.76500055348188 17.0 0.0 0.0 18.0 
102.00141921940569 0.19189496943586148 37.82606050341769 17.0 0.0 0.0 18.0 
103.00166023120372 0.15032409334923652 37.82606050341769 17.0 0.0 0.0 18.0 
104.00118485286698 0.16493454714173092 45.13128739966473 17.0 0.0 0.0 18.0 
105.00081078024854 0.05971221672011728 29.856108360058528 17.0 0.0 0.0 17.0 
106.00459726393089 0.20594440684583282 45.13128739966473 17.0 0.0 0.0 17.0 
107.00116847677243 0.054056808104070674 27.0284040520352 18.0 0.0 0.0 16.0 
108.00166023120372 0.054056808104070674 27.0284040520352 18.0 0.0 0.0 16.0 
109.00031073017637 0.054056808104070674 27.0284040520352 19.0 0.0 0.0 16.0 
110.00345245449337 0.039000336782570234 19.500168391285115 19.0 0.0 0.0 17.0 
111.00053587729549 0.039000336782570234 19.500168391285115 19.0 0.0 0.0 18.0 
112.00788138745263 0.03384213115805187 16.921065579025992 19.0 0.0 0.0 18.0 
113.00166023120372 0.03384213115805187 16.921065579025992 19.0 0.0 0.0 17.0 
114.0012985179348 0.03384213115805187 16.921065579025992 19.0 0.0 0.0 17.0 
115.00383740265895 0.018574053647108218 9.2870268235541 19.0 0.0 0.0 16.0 
116.00310050543102 0.029529702691486113 9.2870268235541 19.0 0.0 0.0 16.0 
117.00208687760652 0.052176731859933996 14.037906631306384 19.0 0.0 0.0 16.0 
118.00166023120372 0.028075813262612676 14.037906631306384 18.0 0.0 0.0 16.0 
119.0018251456371 0.028075813262612676 14.037906631306384 18.0 0.0 0.0 16.0 
120.00035812326011 0.012909186190997231 6.4545930954986375 18.0 0.0 0.0 17.0 
121.00005144306229 0.022926087073276084 6.4545930954986375 17.0 0.0 0.0 17.0 
122.0002100952515 0.0378182371758054 13.900668146763365 17.0 0.0 0.0 17.0 
123.00166023120372 0.027801336293526855 13.900668146763365 17.0 0.0 0.0 17.0 
124.00052639757388 0.027801336293526855 13.900668146763365 17.0 0.0 0.0 17.0 
125.00081741416143 0.049630409970199116 13.900668146763365 17.0 0.0 0.0 17.0 
126.00063235661811 0.05789023636579101 6.35113073008651 17.0 0.0 0.0 17.0 
127.00184555278116 0.13289030796673923 13.822434646074896 17.0 0.0 0.0 16.0 
128.00166023120372 0.12639026395919215 13.822434646074896 17.0 0.0 0.0 16.0 
129.00117978752908 0.1356443550263119 13.822434646074896 15.0 0.0 0.0 16.0 
130.00026208272527 0.13647620070053254 19.65467129091516 15.0 0.0 0.0 16.0 
131.0021428834278 0.15091790457865437 18.96235370890804 15.0 0.0 0.0 16.0 
132.0001011787315 0.2829639504862214 27.664177914930946 15.0 0.0 0.0 16.0 
133.00166023120372 0.26113485628639654 25.986681405452742 15.0 0.0 0.0 16.0 
134.0018251456371 0.17123678605767503 23.220212313979914 15.0 0.0 0.0 16.0 
135.00059017214815 0.16630010865981498 23.220212313979914 15.0 0.0 0.0 16.0 
136.00177429012683 0.18389820423463815 23.220212313979914 15.0 0.0 0.0 16.0 
137.00216753970562 0.2784896914793285 30.741329202365506 15.0 0.0 0.0 16.0 
138.00166023120372 0.30833906911447606 38.20372532141363 15.0 0.0 0.0 17.0 
139.00120434163927 0.3128589536386154 38.20372532141363 14.0 0.0 0.0 17.0 
140.00383740265895 0.29332983928169865 38.20372532141363 14.0 0.0 0.0 17.0 
141.0028552394615 0.3211582203374082 38.20372532141363 14.0 0.0 0.0 17.0 
142.00161188748436 0.42689172245982593 53.250617188749146 15.0 0.0 0.0 16.0 
143.00032921550766 0.4417101175018806 53.250617188749146 15.0 0.0 0.0 16.0 
144.00004241624316 0.4417101175018806 53.250617188749146 14.0 0.0 0.0 15.0 
145.00297458256702 0.47426517008500285 53.250617188749146 14.0 0.0 0.0 15.0 
146.00099295204032 0.49920035203072416 53.250617188749146 14.0 0.0 0.0 15.0 
147.00537390721524 0.6180068109098957 60.73014723250725 14.0 0.0 0.0 15.0 
148.00166023120372 0.38291168835979994 52.50690511709695 14.0 0.0 0.0 15.0 
149.0018251456371 0.4759609391580236 68.01108105039265 14.0 0.0 0.0 16.0 
150.00214942664078 0.4432559909540508 66.56996974483633 14.0 0.0 0.0 17.0 
151.0033442762949 0.24061568509060335 38.51178600445763 13.0 0.0 0.0 17.0 
152.00094935264764 0.6492474249939325 75.43129578208948 14.0 0.0 0.0 17.0 
153.0010672809401 0.4071925995172017 81.17787811966951 14.0 0.0 0.0 16.0 
154.00093808729727 0.3611572254206512 56.727783340539304 15.0 0.0 0.0 16.0 
155.00028395233207 0.2039004650629849 38.66713398084923 14.0 0.0 0.0 16.0 
156.00045926216833 0.2507578881014866 38.66713398084923 15.0 0.0 0.0 16.0 
157.00076365950753 0.34623065889909715 46.22829498217064 15.0 0.0 0.0 16.0 
158.00166023120372 0.3966493462530028 46.58027431781542 15.0 0.0 0.0 15.0 
159.00135620377145 0.2748503668364728 46.58027431781542 17.0 0.0 0.0 15.0 
160.00383740265895 0.23691001138270099 46.58027431781542 16.0 0.0 0.0 15.0 
161.0009712543543 0.2289252223303011 46.58027431781542 17.0 0.0 0.0 15.0 
162.00272580576802 0.3365342487675121 54.18094483192402 16.0 0.0 0.0 14.0 
163.00166023120372 0.4319926242119505 54.18094483192402 17.0 0.0 0.0 14.0 
164.00058956047596 0.3541693621958217 54.70080177858887 17.0 0.0 0.0 14.0 
165.00383740265895 0.18671165614323962 20.227260481510854 17.0 0.0 0.0 14.0 
166.00763527170935 0.23110274371979944 21.463940959763846 16.0 0.0 0.0 14.0 
167.0017646739318 0.26615814309070346 28.975279031920195 16.0 0.0 0.0 14.0 
168.00053011612565 0.26879576959851764 29.172985021581184 15.0 0.0 0.0 15.0 
169.0018251456371 0.26879576959851764 29.172985021581184 15.0 0.0 0.0 14.0 
170.00329783565732 0.26610546710943594 29.172985021581184 16.0 0.0 0.0 14.0 
171.00067041606175 0.2738041288909651 32.82460992268474 15.0 0.0 0.0 14.0 
172.00159659319453 0.3355915483373836 40.319805495743395 15.0 0.0 0.0 14.0 
173.00166023120372 0.26985823632679173 36.686251463243764 15.0 0.0 0.0 14.0 
174.00001493067862 0.19648573340030373 33.991859494375234 15.0 0.0 0.0 14.0 
175.0001529594388 0.12884596224356076 32.99323341985993 15.0 0.0 0.0 13.0 
176.00119251665987 0.12884596224356076 32.99323341985993 15.0 0.0 0.0 13.0 
177.00152858070086 0.16952795074562155 40.53952211938255 15.0 0.0 0.0 11.0 
178.00017299100006 0.2188065537210085 40.53952211938255 15.0 0.0 0.0 11.0 
179.00074859119684 0.2939056291038385 40.53952211938255 15.0 0.0 0.0 11.0 
180.00033536621623 0.3135864502934951 39.84774218816281 15.0 0.0 0.0 11.0 
181.00457131114075 0.3665693465066687 43.231650902856416 15.0 0.0 0.0 11.0 
182.00372991596305 0.41975625789840626 50.77656956271559 15.0 0.0 0.0 12.0 
183.00134865048798 0.43472128654210995 50.77656956271559 15.0 0.0 0.0 12.0 
184.0018251456371 0.3760002918561093 50.77656956271559 15.0 0.0 0.0 12.0 
185.00107716893956 0.3583038796875695 49.415418436435914 15.0 0.0 0.0 12.0 
186.00176065763077 0.3657637945744444 49.415418436435914 15.0 0.0 0.0 12.0 
187.00183413376476 0.4804627322540221 56.98867066879154 15.0 0.0 0.0 13.0 
188.00166023120372 0.48223476212348754 56.98867066879154 15.0 0.0 0.0 13.0 
189.00019460404664 0.49657642908841765 56.98867066879154 17.0 0.0 0.0 13.0 
190.00062466164596 0.479372375051079 56.03346218486615 17.0 0.0 0.0 13.0 
191.00084751616475 0.48733060248816196 56.03346218486615 17.0 0.0 0.0 13.0 
192.00233271613257 0.6236294377749549 63.62420711397539 18.0 0.0 0.0 13.0 
193.00166023120372 0.7598852167411202 67.04580699675944 18.0 0.0 0.0 12.0 
194.00104787516847 0.6406018719034904 64.70628960029882 18.0 0.0 0.0 12.0 
195.00104175342906 0.8485803183861058 101.43462776023478 18.0 0.0 0.0 12.0 
196.00078563660645 0.7719453691945617 66.01071081247557 18.0 0.0 0.0 12.0 
197.0031353739792 0.9192898971614705 66.4765409673139 19.0 0.0 0.0 12.0 
198.00161727296154 0.22661793366082414 65.57443504579618 19.0 0.0 0.0 12.0 
199.00053311641202 0.006632007020625334 3.3160035103126972 18.0 0.0 0.0 12.0 
200.0018446946525 0.0 0.0 21.0 0.0 0.0 12.0 
201.00118925454285 0.0 0.0 21.0 0.0 0.0 12.0 
202.00257486296485 0.0 0.0 19.0 0.0 0.0 12.0 
203.00076754623748 0.0 0.0 19.0 0.0 0.0 13.0 
204.0018251456371 0.0 0.0 19.0 0.0 0.0 13.0 
205.0002059393796 0.0 0.0 19.0 0.0 0.0 13.0 
206.00320948062569 0.0 0.0 20.0 0.0 0.0 13.0 
207.00297227577835 0.0 0.0 20.0 0.0 0.0 13.0 
208.00166023120372 0.0 0.0 20.0 0.0 0.0 13.0 
209.0018251456371 0.0 0.0 20.0 0.0 0.0 13.0 
210.00105935421402 0.0 0.0 20.0 0.0 0.0 13.0 
211.00896231436988 0.0 0.0 19.0 0.0 0.0 13.0 
212.00085029006166 0.0 0.0 19.0 0.0 0.0 13.0 
213.00030756051447 0.0 0.0 19.0 0.0 0.0 13.0 
214.0018251456371 0.0 0.0 19.0 0.0 0.0 13.0 
215.00038255183043 0.0 0.0 19.0 0.0 0.0 13.0 
216.00186638264134 0.0 0.0 19.0 0.0 0.0 13.0 
217.00156225989912 0.0 0.0 19.0 0.0 0.0 13.0 
218.00034508902286 0.0 0.0 17.0 0.0 0.0 13.0 
219.00037513054818 0.0 0.0 17.0 0.0 0.0 13.0 
220.00124729182835 0.0 0.0 17.0 0.0 0.0 13.0 
221.0026768167779 0.0 0.0 17.0 0.0 0.0 13.0 
222.00009034886503 0.0 0.0 17.0 0.0 0.0 13.0 
223.00166023120372 0.0 0.0 17.0 0.0 0.0 13.0 
224.00004727648474 0.0 0.0 17.0 0.0 0.0 13.0 
225.00156552043092 0.006264919658639239 3.132459829319629 17.0 0.0 0.0 13.0 
226.0004401838694 0.0 0.0 17.0 0.0 0.0 13.0 
227.00804773229035 0.0 0.0 17.0 0.0 0.0 13.0 
228.00152729192374 0.0 0.0 17.0 0.0 0.0 13.0 
229.0018251456371 0.0 0.0 17.0 0.0 0.0 13.0 
230.0023345996741 0.0 0.0 17.0 0.0 0.0 13.0 
231.00178560860803 0.0 0.0 16.0 0.0 0.0 13.0 
232.0006641114937 0.0 0.0 16.0 0.0 0.0 13.0 
233.00166023120372 0.0 0.0 15.0 0.0 0.0 13.0 
234.00168322547702 0.0 0.0 15.0 0.0 0.0 13.0 
235.00028635689736 0.0 0.0 15.0 0.0 0.0 12.0 
236.0024541998826 0.0 0.0 15.0 0.0 0.0 12.0 
237.00173416685277 0.0 0.0 15.0 0.0 0.0 17.0 
238.00166023120372 0.0 0.0 15.0 0.0 0.0 17.0 
239.00058859786319 0.0 0.0 15.0 0.0 0.0 17.0 
240.0009553564776 0.0 0.0 15.0 0.0 0.0 17.0 
241.0023998878615 0.0 0.0 15.0 0.0 0.0 17.0 
242.00182124592993 0.0 0.0 15.0 0.0 0.0 17.0 
243.00166023120372 0.0 0.0 16.0 0.0 0.0 17.0 
244.00015483959297 0.0 0.0 15.0 0.0 0.0 17.0 
245.00022702230825 0.0 0.0 16.0 0.0 0.0 17.0 
246.00034718498537 0.0 0.0 16.0 0.0 0.0 16.0 
247.00133956902056 0.0 0.0 16.0 0.0 0.0 16.0 
248.00166023120372 0.0 0.0 15.0 0.0 0.0 16.0 
249.0006592942576 0.00573985843779671 2.869929218898335 15.0 0.0 0.0 17.0 
250.0036426531588 0.013952439419015738 3.5204735521977 14.0 0.0 0.0 17.0 
251.00035366973555 0.007040947104395447 3.5204735521977 14.0 0.0 0.0 17.0 
252.0012969851414 0.007040947104395447 3.5204735521977 14.0 0.0 0.0 17.0 
253.00044614153379 0.0 0.0 14.0 0.0 0.0 17.0 
254.00120017016965 0.012953910115605401 3.6295428726872103 14.0 0.0 0.0 17.0 
255.00383740265895 0.011996437382733347 5.998218691366702 14.0 0.0 0.0 17.0 
256.00085814577574 0.03238459989224391 10.194081254755304 13.0 0.0 0.0 17.0 
257.00122125019766 0.05399970371767377 10.807551912714843 14.0 0.0 0.0 16.0 
258.0016602312037 0.05803473917336439 10.807551912714843 13.0 0.0 0.0 15.0 
259.0009715465412 0.028716801736487305 8.015736419212033 13.0 0.0 0.0 16.0 
260.003837402659 0.04189385330904199 13.744390116839469 13.0 0.0 0.0 15.0 
261.00524110235 0.08488614520219301 13.744390116839469 13.0 0.0 0.0 15.0 
262.00252486213583 0.0901147681330172 13.744390116839469 14.0 0.0 0.0 16.0 
263.0013358438208 0.06262598789933833 9.694327006352864 16.0 0.0 0.0 17.0 
264.0018251456371 0.06585986025681972 15.922515101137378 16.0 0.0 0.0 17.0 
265.0000724695954 0.029817128043799154 9.01778408774311 16.0 0.0 0.0 17.0 
266.0007581649597 0.056601534319334235 12.53137679390295 17.0 0.0 0.0 17.0 
267.0023020606627 0.07116456037736332 12.53137679390295 18.0 0.0 0.0 17.0 
268.0005656989517 0.04610180678955769 10.760857679061587 18.0 0.0 0.0 16.0 
269.0018251456371 0.03955728353360945 10.760857679061587 18.0 0.0 0.0 16.0 
270.00353218333817 0.049436250350052474 11.78424236535642 18.0 0.0 0.0 16.0 
271.00251638408764 0.06607786224992329 17.338590037678586 19.0 0.0 0.0 17.0 
272.00129341152956 0.0913291389020631 19.06985611305774 18.0 0.0 0.0 16.0 
273.00061677333 0.08064908974532602 19.06985611305774 18.0 0.0 0.0 17.0 
274.0018251456371 0.08064908974532602 19.06985611305774 18.0 0.0 0.0 16.0 
275.0023069723914 0.09757043852790924 19.06985611305774 18.0 0.0 0.0 15.0 
276.0021373751494 0.11679309875017399 25.782205363441875 18.0 0.0 0.0 15.0 
277.00138629748295 0.1313199966462132 27.5010198464461 18.0 0.0 0.0 15.0 
278.0016602312037 0.1313199966462132 27.5010198464461 18.0 0.0 0.0 15.0 
279.0018251456371 0.1313199966462132 27.5010198464461 18.0 0.0 0.0 14.0 
280.0006364484764 0.0 0.0 18.0 0.0 0.0 14.0 
281.0001925257755 0.05715053212403443 28.57526606201708 18.0 0.0 0.0 14.0 
282.00606382414907 0.0 0.0 18.0 0.0 0.0 15.0 
283.0016602312037 0.0 0.0 18.0 0.0 0.0 15.0 
284.00086008399893 0.0 0.0 18.0 0.0 0.0 15.0 
285.0007822518978 0.0 0.0 18.0 0.0 0.0 15.0 
286.00008750659146 0.0 0.0 18.0 0.0 0.0 15.0 
287.00239497538496 0.0 0.0 18.0 0.0 0.0 15.0 
288.0013819798593 0.0 0.0 18.0 0.0 0.0 15.0 
289.00011029396984 0.0 0.0 18.0 0.0 0.0 17.0 
290.003837402659 0.009721991592894436 4.860995796447213 18.0 0.0 0.0 17.0 
291.0004643137422 0.009721991592894436 4.860995796447213 18.0 0.0 0.0 18.0 
292.00031481372463 0.008180813087572231 4.090406543786116 18.0 0.0 0.0 18.0 
293.0012626945056 0.010659174603571336 4.090406543786116 18.0 0.0 0.0 18.0 
294.0001277330977 0.05926809366329219 18.178046622977178 17.0 0.0 0.0 18.0 
295.0005207925942 0.02291200041733822 11.45600020866911 19.0 0.0 0.0 18.0 
296.00624432990537 0.037928486358876044 18.96424317943797 19.0 0.0 0.0 18.0 
297.00218624164256 0.046259102133266936 18.96424317943797 19.0 0.0 0.0 18.0 
298.0016602312037 0.06988879939518103 18.96424317943797 19.0 0.0 0.0 18.0 
299.0018251456371 0.046259102133266936 18.96424317943797 19.0 0.0 0.0 18.0 
300.0035635952204 0.11013584971061201 26.394021488478245 19.0 0.0 0.0 19.0 
301.00079851065647 0.0761303562009056 26.394021488478245 19.0 0.0 0.0 19.0 
302.0020012287649 0.1060183531582751 33.9048308940005 19.0 0.0 0.0 19.0 
303.00018032138433 0.11904786862020797 33.9048308940005 19.0 0.0 0.0 19.0 
304.0000783846142 0.0382086913702736 19.10434568513685 18.0 0.0 0.0 18.0 
305.00016309055604 0.0 0.0 20.0 0.0 0.0 19.0 
306.0052724746356 0.0 0.0 20.0 0.0 0.0 19.0 
307.0012434521627 0.002775086522458362 1.3875432612291831 20.0 0.0 0.0 18.0 
308.00058170943294 0.008071973828087458 2.648443652814535 19.0 0.0 0.0 18.0 
309.0018251456371 0.010166330971726622 2.648443652814535 19.0 0.0 0.0 18.0 
310.00056797689984 0.004869443666097564 2.434721833048769 19.0 0.0 0.0 19.0 
311.00142695980037 0.009379359305031061 2.434721833048769 18.0 0.0 0.0 19.0 
312.00110260597927 0.012792832181932936 2.434721833048769 16.0 0.0 0.0 19.0 
313.0002344160975 0.02364279775299699 9.728466866847356 16.0 0.0 0.0 19.0 
314.0018251456371 0.058775705384936705 17.264846164644297 18.0 0.0 0.0 19.0 
315.0009900636194 0.058775705384936705 17.264846164644297 18.0 0.0 0.0 18.0 
316.0035540747372 0.05797546764589688 17.264846164644297 18.0 0.0 0.0 18.0 
317.00036829531734 0.055362232508034986 17.264846164644297 18.0 0.0 0.0 18.0 
318.0004332535749 0.07499853762984089 24.562986103406217 18.0 0.0 0.0 18.0 
319.0018251456371 0.11468061548463168 32.0967245568207 18.0 0.0 0.0 18.0 
320.0000491233339 0.12205473438909513 32.0967245568207 18.0 0.0 0.0 18.0 
321.0000444499771 0.1265584557309486 32.0967245568207 18.0 0.004407162597434639 2.2035812987173244 18.0 
322.0032354940317 0.12502394192210747 32.0967245568207 18.0 0.004407162597434639 2.2035812987173244 18.0 
323.0016602312037 0.1396237446326814 39.3603640580323 18.0 0.005572104133841052 2.2035812987173244 18.0 
324.001344906879 0.22734953788553977 46.89202261362456 17.0 0.019274931138228677 9.63746556911434 17.0 
325.00176336112935 0.15661085815651526 46.89202261362456 17.0 0.0 0.0 18.0 
326.00085453714047 0.18127198596861618 46.89202261362456 17.0 0.0 0.0 18.0 
327.00333516649243 0.22180310106477524 40.072939731236914 17.0 0.0 0.0 18.0 
328.0001766597044 0.2187656029409238 40.072939731236914 17.0 0.0 0.0 18.0 
329.0013404492336 0.2072934378391686 19.257427081349704 18.0 0.0 0.0 17.0 
330.00006308285276 0.21418855735631434 19.257427081349704 17.0 0.0 0.0 17.0 
331.00215021559114 0.20015980789034205 19.257427081349704 17.0 0.0 0.0 17.0 
332.00240819976204 0.23064261795929367 26.4969948250679 17.0 0.0 0.0 16.0 
333.001103219472 0.22643771418246797 26.4969948250679 17.0 0.0 0.0 18.0 
334.0014065860012 0.2776392181956697 34.0611810752423 17.0 0.0 0.0 17.0 
335.0008453739674 0.3475760370886743 34.0611810752423 17.0 0.0 0.0 17.0 
336.00026117992854 0.24584566185018428 34.0611810752423 17.0 0.0 0.0 17.0 
337.0035706464832 0.3024613477610046 41.30896062231821 18.0 0.0 0.0 17.0 
338.0013874844929 0.18891057455830543 25.601380087550098 17.0 0.0 0.0 17.0 
339.0011397080505 0.0526968011677151 15.884369279166123 18.0 0.0 0.0 17.0 
340.0003296893716 0.0 0.0 16.0 0.0 0.0 17.0 
341.0052134236692 0.0 0.0 17.0 0.0 0.0 16.0 
342.0042485659712 0.011116767982342094 5.558383991171041 17.0 0.0 0.0 16.0 
343.00072710842875 0.011116767982342094 5.558383991171041 16.0 0.0 0.0 17.0 
344.0000868425458 0.011116767982342094 5.558383991171041 16.0 0.0 0.0 17.0 
345.0011582701481 0.011116767982342094 5.558383991171041 17.0 0.0 0.0 17.0 
346.0010760169976 0.0 0.0 17.0 0.0 0.0 17.0 
347.00068022492275 0.009698635418719534 4.849317709359781 17.0 0.0 0.0 17.0 
348.0003864618245 0.0100633851265919 4.849317709359781 17.0 0.0 0.0 17.0 
349.0001697367288 0.015267020409583667 4.849317709359781 17.0 0.0 0.0 17.0 
350.00124078127646 0.01683354629297084 4.849317709359781 17.0 0.0 0.0 17.0 
351.00784988299404 0.027998830893955846 10.431960009852247 17.0 0.0 0.0 17.0 
352.00272953198373 0.08274451023203616 15.393817301282468 17.0 0.0 0.0 17.0 
353.00090675298 0.08193956580407086 15.393817301282468 17.0 0.0 0.0 17.0 
354.000008887989 0.152125714357064 22.728214519202936 17.0 0.0 0.0 17.0 
355.00195246487976 0.10666928531865771 15.393817301282468 17.0 0.0 0.0 17.0 
356.00145370289033 0.09861581427797969 15.393817301282468 17.0 0.0 0.0 17.0 
357.00115244967714 0.2312964219937485 22.235817155865448 17.0 0.0 0.0 17.0 
358.0016602312037 0.2179197697034863 23.666450118090438 17.0 0.0 0.0 17.0 
359.0018251456371 0.22794781168071657 23.666450118090438 18.0 0.0 0.0 17.0 
360.0002492698181 0.22865661061414075 23.666450118090438 20.0 0.0 0.0 17.0 
361.00872953823483 0.25301600041658157 23.666450118090438 19.0 0.0 0.0 17.0 
362.00368187337307 0.36863720419759405 28.368511701142154 17.0 0.0 0.0 17.0 
363.00057496189993 0.32892223688071953 28.368511701142154 17.0 0.0 0.0 18.0 
364.0018251456371 0.32132236935553604 26.487192924792623 17.0 0.0 0.0 18.0 
365.000894588781 0.35218726384468196 30.659057063836997 17.0 0.0 0.0 19.0 
366.0023624178857 0.31802867860557094 30.659057063836997 18.0 0.0 0.0 19.0 
367.0012750485997 0.5420093765608879 40.071934017768854 18.0 0.0 0.0 19.0 
368.0016602312037 0.646591073315843 42.24376770010588 18.0 0.0 0.0 18.0 
369.0018251456371 0.61724431472026 42.24376770010588 18.0 0.0 0.0 18.0 
370.00276077373906 0.684734069046849 42.24376770010588 18.0 0.0 0.0 18.0 
371.0005874010675 0.8364948463640949 42.24376770010588 18.0 0.0 0.0 17.0 
372.0019326698021 1.1119327968054862 49.15219034610155 18.0 0.0 0.0 18.0 
373.0005105514578 1.4210168993941272 46.501704468625974 17.0 0.0 0.0 18.0 
374.0016024773896 1.5744706642667035 53.66080898713258 18.0 0.0 0.0 18.0 
375.003837402659 1.3778210020546053 43.09560667037189 19.0 0.0 0.0 18.0 
376.0011270729142 1.5447263150473884 59.84695608452307 19.0 0.0 0.0 20.0 
377.0009972804033 2.0420603473000565 67.32010812063044 18.0 0.0 0.0 20.0 
378.0001912951268 1.72165714837446 58.75886835662004 18.0 0.0 0.0 20.0 
379.00083574662045 0.8543555147858125 41.94848262421206 18.0 0.0 0.0 20.0 
380.0001135706005 0.9339405239857211 65.53139868898342 17.0 0.0 0.0 19.0 
381.0001297370738 1.0750586420182309 66.65484706750436 17.0 0.0 0.0 18.0 
382.0010010995195 1.4822447812212207 71.61255032317439 17.0 0.0 0.0 18.0 
383.0013485706241 1.3779319714864962 73.04851252959202 17.0 0.0 0.0 18.0 
384.0018251456371 1.1540694331715422 66.71330926840363 17.0 0.0 0.0 18.0 
385.003837402659 1.498766297008804 84.76046400217916 17.0 0.0 0.0 20.0 
386.0038135384688 1.5288622930445692 84.44524477505479 17.0 0.0 0.0 20.0 
387.002132047873 1.7837990151205552 78.96444655327718 17.0 0.0 0.0 20.0 
388.0011960435893 1.9703590965921798 89.86288819568199 18.0 0.0 0.0 19.0 
389.00045785478005 1.872047419378037 89.86288819568199 19.0 0.0 0.0 19.0 
390.0023792578933 2.0472910468626426 89.56958605358972 18.0 0.0 0.0 21.0 
391.00138759893184 2.206794469352111 89.86288819568199 18.0 0.0 0.0 21.0 
392.00316119064786 2.6145958541010077 97.26852432293794 18.0 0.0 0.0 21.0 
393.0011764816021 2.64018378277034 96.97737202826033 18.0 0.0 0.0 21.0 
394.00025177850495 2.657524691088831 96.97737202826033 18.0 0.0 0.0 21.0 
395.003837402659 2.5225341829224925 96.97737202826033 17.0 0.0 0.0 19.0 
396.0031019824231 2.5775177360285415 94.89902513725696 17.0 0.0 0.0 19.0 
397.0021115563805 2.911242379283411 102.25308900376001 18.0 0.0 0.0 19.0 
398.00156450539635 2.958928364945839 101.98245036197022 17.0 0.0 0.0 19.0 
399.0018251456371 2.915316765163459 101.98245036197022 17.0 0.0 0.0 19.0 
400.0000361414353 3.4414381846123394 104.57178026605408 17.0 0.0 0.0 19.0 
401.00071260328735 3.2612881466372454 99.99424906111523 17.0 0.0 0.0 19.0 
402.0024308539626 3.474080070922972 107.28947540614155 17.0 0.0067700864920642164 3.3850432460320974 20.0 
403.0016602312037 3.459449150193649 107.04116766315485 17.0 0.0 0.0 19.0 
404.0004682622862 3.9360556355357375 109.47928078102109 17.0 0.0 0.0 19.0 
405.003837402659 3.0712119485151104 105.2960096270644 16.0 0.0 0.0 20.0 
406.0010220371122 3.428508995725306 105.2960096270644 16.0 0.0 0.0 20.0 
407.0010300869987 3.558314689151516 112.58673805920682 17.0 0.0 0.0 20.0 
408.000530117722 3.2489110443327323 111.21600388090962 19.0 0.0 0.0 20.0 
409.00147812616717 3.317556503157673 117.98487940243643 19.0 0.0 0.0 20.0 
410.00194512377874 3.0077426499813895 114.501901658708 18.0 0.0 0.0 20.0 
411.0004954215526 2.722120549401984 92.97018091072789 18.0 0.0 0.0 20.0 
412.0000578660728 2.8632415099876103 89.73011093261334 18.0 0.0 0.0 20.0 
413.00050338375297 3.669429666449908 124.03316306421885 18.0 0.0 0.0 20.0 
414.0003266835714 2.5182146751192023 91.61871847002948 18.0 0.0 0.0 19.0 
415.00135298112014 2.5728357224255616 91.61871847002948 18.0 0.0 0.0 19.0 
416.00178027705 2.664392407816812 105.63923227607523 18.0 0.0 0.0 19.0 
417.0012735559287 2.747135943188067 111.62270780479628 18.0 0.0 0.0 19.0 
418.0010950190794 2.462123514514269 89.18532614029834 19.0 0.0 0.0 18.0 
419.00017625255816 2.224087219562891 89.18532614029834 19.0 0.0 0.0 18.0 
420.0014943509612 2.1137350704348594 89.18532614029834 19.0 0.0 0.0 18.0 
421.00131223470515 1.963828375407241 89.12668453292662 18.0 0.0 0.0 18.0 
422.0091702750767 1.7798642500352342 95.65194178640206 18.0 0.0 0.0 18.0 
423.0010734547494 1.6046724025525088 95.65194178640206 17.0 0.0 0.0 18.0 
424.0016378155506 1.757051853965107 95.65194178640206 17.0 0.0 0.0 18.0 
425.003837402659 1.5875440630962927 95.65194178640206 17.0 0.0 0.0 18.0 
426.0005379505315 1.572983800122354 102.99891081431593 17.0 0.0 0.0 17.0 
427.00248547409905 1.826612632997084 109.58398720694714 17.0 0.0 0.0 17.0 
428.0014103164532 1.8743571395085319 109.58398720694714 17.0 0.0 0.0 17.0 
429.000554814378 1.7992065333913858 109.58398720694714 17.0 0.0 0.0 17.0 
430.0015028450157 1.7962335908763083 109.58398720694714 17.0 0.0 0.0 17.0 
431.0030063897702 1.818266403227495 116.88605215464207 17.0 0.0 0.0 17.0 
432.0005893108109 1.9698473233756344 123.67091385878746 17.0 0.0 0.0 17.0 
433.0001121152202 1.4606355611698985 107.34020328653929 17.0 0.0 0.0 17.0 
434.0018251456371 1.2241784056150489 99.01406978263526 17.0 0.0 0.0 17.0 
435.0005363435697 1.4549048265965672 107.34020328653929 18.0 0.0 0.0 17.0 
436.00437048531626 0.861740689836613 68.2623918925214 19.0 0.076923449229221 21.892304681861845 17.0 
437.0028721880809 0.8052279628657797 67.54876961887265 18.0 0.0 0.0 18.0 
438.0016602312037 0.7980318388284041 67.54876961887265 18.0 0.0 0.0 18.0 
439.0015009268291 0.6881132642668014 67.54876961887265 18.0 0.0 0.0 18.0 
440.0032312164615 0.6904819340554984 69.53627250229988 18.0 0.0 0.0 18.0 
441.0008330326384 0.3672331640250871 57.60700622927783 19.0 0.0 0.0 19.0 
442.0013544083339 0.3475868896600795 76.2892279897793 19.0 0.0 0.0 18.0 
443.00012584220207 0.008728198130385997 4.364099065192988 19.0 0.0 0.0 18.0 
444.0000110472146 0.008036241511630193 4.018120755815119 19.0 0.0 0.0 17.0 
445.0002309509259 0.0 0.0 18.0 0.0 0.0 17.0 
446.00524726611485 0.0 0.0 18.0 0.0 0.0 17.0 
447.0016870058216 0.0 0.0 18.0 0.0 0.0 17.0 
448.00149725658844 0.0 0.0 18.0 0.0 0.0 16.0 
449.0018251456371 0.0 0.0 18.0 0.0 0.0 16.0 
450.002510469818 0.0 0.0 18.0 0.0 0.0 16.0 
451.0007512321167 0.017481979255877394 8.740989627938688 18.0 0.0 0.0 16.0 
452.0000992802426 0.07490343754807943 28.71072914610116 18.0 0.0 0.0 16.0 
453.0012895906731 0.017481979255877394 8.740989627938688 19.0 0.0 0.0 17.0 
454.0011355622826 0.017481979255877394 8.740989627938688 19.0 0.0 0.0 18.0 
455.003837402659 0.0515948177137356 20.32191984640454 19.0 0.0 0.0 18.0 
456.0004170096361 0.0515948177137356 20.32191984640454 19.0 0.0 0.0 18.0 
457.00154326601745 0.10645313907741033 27.429160681837487 19.0 0.0 0.0 17.0 
458.00126219075156 0.04064383969280921 20.32191984640454 19.0 0.0 0.0 17.0 
459.00140943782526 0.043605067819922474 20.32191984640454 19.0 0.0 0.0 17.0 
460.0010083482224 0.08019700976128646 27.689039430231333 18.0 0.0 0.0 17.0 
461.000343271837 0.09075955812935867 31.931336889562147 18.0 0.0 0.0 17.0 
462.0004629874998 0.08868160467994844 31.931336889562147 18.0 0.0 0.0 17.0 
463.00079911158787 0.08178316743824357 31.931336889562147 18.0 0.0 0.0 17.0 
464.001685974461 0.08636910863125105 31.931336889562147 18.0 0.0 0.0 16.0 
465.00086225532715 0.10131946745717096 31.931336889562147 18.0 0.0 0.0 16.0 
466.00155692728526 0.1612018353236691 43.62384484653518 18.0 0.0 0.0 16.0 
467.00116421946063 0.13801648865885077 43.62384484653518 18.0 0.0 0.0 16.0 
468.0009046835146 0.21667521092052558 43.62384484653518 18.0 0.0 0.0 16.0 
469.001428077317 0.23240972006936064 43.62384484653518 18.0 0.0 0.0 16.0 
470.00162185847506 0.2993032082593206 55.49308939261388 18.0 0.0 0.0 16.0 
471.00116158044256 0.35652040184766515 55.49308939261388 18.0 0.0 0.0 16.0 
472.00712851692407 0.32406406757652445 34.26941789387777 19.0 0.0 0.0 16.0 
473.00068341546097 0.48373883425156755 45.087983608020835 19.0 0.0 0.0 17.0 
474.0004390336564 0.45614594822207627 45.087983608020835 19.0 0.0 0.0 17.0 
475.00024530642645 0.22880289844592996 33.502980559122676 18.0 0.0 0.0 17.0 
476.0088187308231 0.1668743124381163 33.502980559122676 17.0 0.0 0.0 17.0 
477.00349464056467 0.24925876750521608 33.502980559122676 17.0 0.0 0.0 17.0 
478.0011662480609 0.2292172140126375 39.87256552219827 18.0 0.0 0.0 16.0 
479.0018251456371 0.2845949494316503 39.87256552219827 18.0 0.0 0.0 17.0 
480.00088414987533 0.25882076246789504 32.36663709204697 18.0 0.0 0.0 16.0 
481.00304136935495 0.2641361224287805 32.36663709204697 18.0 0.0 0.0 17.0 
482.0026706746386 0.30164186235384394 32.36663709204697 18.0 0.0 0.0 17.0 
483.0001258613388 0.2964932374948679 31.245935851151586 17.0 0.0 0.0 16.0 
484.00080729639166 0.31698584057678353 29.643613407485418 17.0 0.0 0.0 16.0 
485.0007890094478 0.3317860492046653 35.74716800794701 16.0 0.0 0.0 17.0 
486.0016523637048 0.34669822285544033 35.74716800794701 16.0 0.0 0.0 17.0 
487.0006766192181 0.39948552756556693 35.74716800794701 16.0 0.0 0.0 17.0 
488.0016602312037 0.4946394163184173 33.477317232036484 17.0 0.0 0.0 16.0 
489.00007572682495 0.6889845549797305 77.77847951622266 17.0 0.0 0.0 16.0 
490.0005597660988 0.5635213319642858 40.83759148924011 19.0 0.0 0.0 16.0 
491.00063783915317 0.2940196479528314 24.106005935681964 19.0 0.0 0.0 16.0 
492.00458764213846 0.32791289266614143 30.218645494084853 19.0 0.0 0.0 16.0 
493.0006085419189 0.3827950834480816 30.939855154531074 19.0 0.0 0.0 16.0 
494.0018251456371 0.49397814061237977 71.38620526659213 19.0 0.0 0.0 16.0 
495.00002374390573 0.5283560568898991 71.38620526659213 20.0 0.0 0.0 17.0 
496.00124728207766 0.5059021840211718 71.38620526659213 20.0 0.0 0.0 17.0 
497.0006978300887 0.6317193045726943 71.27718903381128 20.0 0.0 0.0 17.0 
498.0016602312037 0.6836112070528578 71.27718903381128 20.0 0.0 0.0 17.0 
499.00005488557656 0.7331464501007714 71.27718903381128 19.0 0.0 0.0 16.0 
500.00073408546314 0.723528419028791 71.27718903381128 18.0 0.0 0.0 16.0 
501.0020037736109 0.7032366920942739 71.27718903381128 19.0 0.0 0.0 17.0 
502.0001054318301 0.9444407500489754 71.16817436545983 18.0 0.0 0.0 17.0 
503.0016602312037 1.0531415996255684 71.16817436545983 18.0 0.004911788225801098 2.455894112900552 18.0 
504.0018251456371 1.0287302497574675 71.16817436545983 18.0 0.0 0.0 17.0 
505.00367674327697 0.9907500957985776 71.16817436545983 18.0 0.0 0.0 17.0 
506.00070800813086 0.9985944361498695 71.16817436545983 18.0 0.0 0.0 17.0 
507.0008980733697 1.1035981230168028 71.0591614692296 18.0 0.0 0.0 17.0 
508.0016602312037 0.9330471351996499 71.0591614692296 18.0 0.0 0.0 16.0 
509.0018251456371 0.9095120347312432 71.0591614692296 18.0 0.0 0.0 17.0 
510.00053524059655 0.8448468643787463 71.0591614692296 18.0 0.0 0.0 18.0 
511.00216266385735 0.839517021431493 71.0591614692296 17.0 0.0 0.0 18.0 
512.0008681089269 0.9285475875981918 71.0591614692296 17.0 0.0 0.0 18.0 
513.0013620008673 0.9547202022307603 70.97937352365864 16.0 0.0 0.0 18.0 
514.0018251456371 0.9550834017894843 70.97937352365864 17.0 0.0 0.0 18.0 
515.0003233120964 0.9550834017894843 70.97937352365864 17.0 0.0 0.0 18.0 
516.0006537337928 0.9774614565742661 70.97937352365864 17.0 0.0 0.0 18.0 
517.0008772066878 1.0707434387735044 70.87037598062506 17.0 0.0 0.0 18.0 
518.0016602312037 1.2210836556964229 70.87037598062506 17.0 0.0 0.0 18.0 
519.0015695070734 1.1166945011761082 70.87037598062506 16.0 0.0 0.0 17.0 
520.0016878655492 1.1166945011761082 70.87037598062506 16.0 0.0 0.0 17.0 
521.0057804447792 1.1388916078717761 70.87037598062506 16.0 0.0 0.0 18.0 
522.0009283828917 1.2179489059606012 72.41477720307967 17.0 0.0 0.0 18.0 
523.0016602312037 1.4255261402216408 78.53191854283682 17.0 0.0 0.0 18.0 
524.0001991277079 1.2432774163880516 78.53191854283682 17.0 0.0 0.0 18.0 
525.0004033611583 1.218208804413536 70.68171496590924 17.0 0.0 0.0 17.0 
526.0009880437038 1.2506365208507693 78.53191854283682 17.0 0.0 0.0 17.0 
527.0005108625661 1.3719953653492372 84.90793145324221 17.0 0.0 0.0 17.0 
528.0011612973213 1.550207929108458 91.17213772233163 18.0 0.0 0.0 18.0 
529.0018117320766 1.5632972738109825 91.17213772233163 18.0 0.0 0.0 18.0 
530.0002392284217 1.4642516397876328 91.17213772233163 19.0 0.0 0.0 18.0 
531.0025068684024 1.067125587446704 72.98261337105782 19.0 0.0 0.0 17.0 
532.0025714195772 1.106249952772639 77.20304103973365 19.0 0.0 0.0 17.0 
533.0000533842738 0.8317108395625674 76.47518088806805 19.0 0.0 0.0 16.0 
534.0018251456371 0.8722363580819779 76.47518088806805 19.0 0.0 0.0 17.0 
535.003101942054 0.18617120940198578 13.773793996723924 18.0 0.0 0.0 17.0 
536.0015061119569 0.16720077577512305 13.773793996723924 17.0 0.0 0.0 16.0 
537.001297575772 0.16711048175302237 13.773793996723924 16.0 0.0 0.0 16.0 
538.0016602312037 0.18746951117648708 21.464081048254542 16.0 0.0 0.0 16.0 
539.0016109468677 0.14647975969354657 15.461800692107886 15.0 0.0 0.0 16.0 
540.0014121960181 0.1379964371436382 13.661951101854157 14.0 0.0 0.0 16.0 
541.0007261381927 0.12726894949371542 13.661951101854157 15.0 0.0 0.0 15.0 
542.0015619631886 0.12401160206271132 13.661951101854157 14.0 0.0 0.0 15.0 
543.0016602312037 0.12306926949102265 20.733562779182705 16.0 0.0 0.0 15.0 
544.0018251456371 0.10428071931517599 20.733562779182705 15.0 0.0 0.0 14.0 
545.0003593510087 0.04167719263937426 14.18256356924536 15.0 0.0 0.0 14.0 
546.0004291861472 0.05304935572332569 14.18256356924536 15.0 0.0 0.0 15.0 
547.0055808635009 0.05140252621913063 14.18256356924536 15.0 0.0 0.0 15.0 
548.001500480794 0.057342231349392495 14.18256356924536 15.0 0.0 0.0 15.0 
549.0001976448024 0.04369166596153279 21.372689541589267 15.0 0.0 0.0 15.0 
550.0013408636153 0.029689705078245095 14.844852539122542 15.0 0.0 0.0 15.0 
551.0062119967916 0.029689705078245095 14.844852539122542 16.0 0.0 0.0 15.0 
552.0003890514978 0.029689705078245095 14.844852539122542 16.0 0.0 0.0 15.0 
553.0009155350951 0.0034959424054992645 1.7479712027496248 16.0 0.0 0.0 15.0 
554.0001881558475 0.030942621169448594 15.471310584724279 16.0 0.0 0.0 15.0 
555.0032867798235 0.030942621169448594 15.471310584724279 16.0 0.0 0.0 16.0 
556.0000934133787 0.0 0.0 15.0 0.0 0.0 15.0 
557.0001893366806 0.0 0.0 15.0 0.0 0.0 15.0 
558.0013959276293 0.052792654798617535 15.471310584724279 16.0 0.0 0.0 15.0 
559.0000109804024 0.0 0.0 16.0 0.0 0.0 15.0 
560.0010904465244 0.019344586277919452 8.390526322324177 17.0 0.0 0.0 15.0 
561.000804901753 0.07301827768303215 20.344144098605966 16.0 0.0 0.0 15.0 
562.0012732303569 0.016781052644648246 8.390526322324177 16.0 0.0 0.0 15.0 
563.0006146343297 0.037149613186136694 15.735608498167977 16.0 0.0 0.0 15.0 
564.0018251456371 0.03147121699633605 15.735608498167977 15.0 0.0 0.0 16.0 
565.0027732099966 0.0 0.0 16.0 0.0 0.0 16.0 
566.0027842208549 0.0 0.0 16.0 0.0 0.0 15.0 
567.0001050791468 0.0 0.0 16.0 0.0 0.0 15.0 
568.000646937164 0.008844422282126608 2.6149441226699537 16.0 0.0 0.0 16.0 
569.0003713401478 0.014635328994307924 5.510397478760609 16.0 0.0 0.0 17.0 
570.0001747289909 0.057131043504666225 17.432304099942627 15.0 0.0 0.0 17.0 
571.0002292627213 0.05608738451946863 15.781809690648657 15.0 0.0 0.0 18.0 
572.0000658849267 0.09782697877834101 19.07477962613021 14.0 0.0 0.0 16.0 
573.0016602312037 0.10909012873611443 19.07477962613021 15.0 0.0 0.0 16.0 
574.0003501759811 0.1278670815089249 19.07477962613021 14.0 0.0 0.0 16.0 
575.0030252962645 0.1889052393113613 22.751622180111298 14.0 0.0 0.0 16.0 
576.0014065738023 0.27993924764907974 46.0100992010089 14.0 0.0 0.0 16.0 
577.0026311372095 0.1925593153309909 21.639544719698108 14.0 0.0 0.0 16.0 
578.0015663805771 0.1978268319780905 21.639544719698108 14.0 0.0 0.0 16.0 
579.0018251456371 0.17846158387165245 21.639544719698108 14.0 0.0 0.0 16.0 
580.0006186982115 0.25274431518223567 29.128196494995734 14.0 0.0 0.0 16.0 
581.0020968506385 0.2898613441057894 29.128196494995734 14.0 0.0 0.0 16.0 
582.0009516516211 0.27067479509286896 36.41032643168768 14.0 0.0 0.0 16.0 
583.0016602312037 0.32547730712936607 36.41032643168768 14.0 0.0 0.0 16.0 
584.0018251456371 0.36699155448249926 36.41032643168768 14.0 0.0 0.0 16.0 
585.0026187146397 0.35144598713164393 33.381880200641035 15.0 0.0 0.0 16.0 
586.0008420291003 0.4037419614146992 33.381880200641035 16.0 0.0 0.0 16.0 
587.0002505546181 0.31948406053766226 27.27590310164095 16.0 0.0 0.0 16.0 
588.0016602312037 0.34657334526870076 25.335159709464307 16.0 0.0 0.0 17.0 
589.0011024620738 0.15166882885019073 22.756480052294677 16.0 0.0 0.0 17.0 
590.0015038727032 0.18074582107398166 22.756480052294677 16.0 0.0 0.0 17.0 
591.0016351907412 0.16708753881521504 22.756480052294677 16.0 0.03585750667212856 14.9555757251116 17.0 
592.0017610719285 0.22397736088043027 30.146799235350613 16.0 0.029911151450223144 14.9555757251116 17.0 
593.0001959160244 0.2575206377924517 35.27182432249819 16.0 0.029911151450223144 14.9555757251116 17.0 
594.0009021025824 0.2591430166804511 35.27182432249819 16.0 0.0 0.0 18.0 
595.0005161170069 0.2771607542428341 35.27182432249819 17.0 0.0 0.0 19.0 
596.0004763412543 0.29451042313688025 35.27182432249819 17.0 0.0 0.0 18.0 
597.0002312583837 0.27809995658758657 35.27182432249819 17.0 0.0 0.0 18.0 
598.0016602312037 0.6335936705528751 70.4774950893705 17.0 0.0 0.0 18.0 
599.0017866531513 0.4412122813850195 42.217950344727825 17.0 0.0 0.0 18.0 
600.0019896515626 0.49644679100510936 42.217950344727825 17.0 0.0 0.0 18.0 
#####################################################################
# End of data export. Simulation finished at: 2019-02-25T20:34+0000 #
#####################################################################
