#####################################################################
# Alchemist log file - simulation started at: 2019-02-20T22:35+0000 #
#####################################################################
# seed = 26.0
#
# The columns have the following meaning: 
# time distance-rep[Mean] leader-rep[CountDistinct] distance-share[Mean] leader-share[CountDistinct] 
0.0 NaN NaN NaN NaN 
2.000790072328853 0.0 139.0 0.0 150.0 
4.000748154291209 0.0 83.0 0.0 111.0 
6.000513936677828 0.0 58.0 0.0 98.0 
8.000616748993547 0.0 46.0 0.0 86.0 
10.00005731122778 0.06361755216562831 37.0 0.0 84.0 
12.00073678637654 0.912249787745382 31.0 0.0 82.0 
14.000185014461229 1.368864747520111 25.0 0.0 76.0 
16.000554905816085 1.9368945906307553 23.0 0.0 74.0 
18.000223299977755 2.456228240550435 21.0 0.0 73.0 
20.004549970203744 2.9370817468110277 20.0 0.0 70.0 
22.00087996054374 4.960971680248129 17.0 0.0 64.0 
24.00063112007186 5.05212723829176 15.0 0.0 63.0 
26.00243445916043 5.267938662912499 15.0 0.0 60.0 
28.000616748993547 5.420413700675723 14.0 0.0 56.0 
30.00021363271913 5.760406924596109 13.0 0.0 54.0 
32.002249975269585 8.695610044206935 13.0 0.0 51.0 
34.00013243524672 9.038333650808932 13.0 0.0 50.0 
36.001204538741284 9.281996251057043 13.0 0.0 50.0 
38.00061674899355 9.55540169588309 12.0 0.0 49.0 
40.001947278037846 9.742945687462118 12.0 0.0 48.0 
42.00171055048566 11.515410784855224 9.0 0.0 45.0 
44.000283166737525 11.453032201191277 9.0 0.0 45.0 
46.003479609518294 11.446433762302771 9.0 0.0 44.0 
48.00061674899355 11.651437822211808 9.0 0.0 39.0 
50.00158738392466 11.772360425210744 9.0 0.0 41.0 
52.0005244253402 12.541600953521899 9.0 0.0 40.0 
54.00101814648501 12.662929853183943 9.0 0.0 38.0 
56.00308852656469 13.392943720500371 9.0 0.0 37.0 
58.00048469001017 13.724367953611965 9.0 0.0 37.0 
60.00019553946239 13.979309433392665 8.0 0.0 36.0 
62.00042747752261 18.1281142390255 7.0 0.0 37.0 
64.00101814648501 18.328393786575166 8.0 0.0 37.0 
66.0016343453125 18.78809900932259 10.0 0.0 37.0 
68.00061674899355 18.8162194816516 11.0 0.0 36.0 
70.00035349206597 18.85402629768539 13.0 0.0 36.0 
72.00073760323447 17.080204632829176 29.0 0.0 33.0 
74.00023634689079 17.35479976711377 17.0 0.0 33.0 
76.00054558999756 17.505651252801346 16.0 0.0 32.0 
78.00008605684745 19.156042153181453 16.0 0.0 32.0 
80.0028344707509 20.318596650207123 13.0 0.0 31.0 
82.00374889549778 27.325952247476092 13.0 0.0 30.0 
84.00101814648501 27.40668700753249 13.0 0.0 27.0 
86.00073552492782 27.818597697118676 13.0 0.0 27.0 
88.00061674899355 27.666564393143542 13.0 0.0 27.0 
90.00025570866372 27.831348310825593 14.0 0.0 28.0 
92.00146348097097 28.49396542700542 14.0 0.0 28.0 
94.00006566913049 28.54445723639464 14.0 0.0 27.0 
96.00755307910929 28.613903226555976 14.0 0.0 27.0 
98.00061674899355 29.332206596773865 14.0 0.0 28.0 
100.0038495364029 30.479794389969843 14.0 0.0 27.0 
102.00215314547407 36.87611241905888 13.0 0.0 27.0 
104.00101814648501 38.601111494050336 14.0 0.0 27.0 
106.0024008853107 40.14725045392726 13.0 0.0 27.0 
108.00061674899355 40.90260346387271 13.0 0.0 27.0 
110.01271194343111 41.453473677757536 13.0 0.0 28.0 
112.00248747712631 43.37001367143944 13.0 0.0 28.0 
114.00001342522727 43.587467523406445 13.0 0.0 28.0 
116.00228168942311 44.47755334856185 12.0 0.0 29.0 
118.00034509372497 45.31742367233232 13.0 0.003488836265759788 29.0 
120.00421542432332 45.868267723363644 13.0 0.006336681122681302 29.0 
122.00296684999141 48.48987097185227 12.0 0.032123206971511144 29.0 
124.00101814648501 48.41148822054592 12.0 0.016061603485755572 29.0 
126.00020475845956 47.23525997209263 12.0 0.011314584696318616 29.0 
128.00061674899354 46.645873703486565 20.0 0.008485938522238968 27.0 
130.00030176035213 45.237631115910766 18.0 0.006788750817791148 27.0 
132.00042951521746 40.38157879041292 16.0 0.029401199820859824 29.0 
134.00101814648502 40.58665445707319 16.0 0.021115337780707188 28.0 
136.0032307881891 40.80433655683428 16.0 0.0182083900594588 29.0 
138.00023936546066 41.84122438533039 16.0 0.0203682527502702 30.0 
140.00238065331033 42.449975587506884 16.0 0.019063648365735136 30.0 
142.00327465408898 47.697334165205554 15.0 0.05917308041319254 29.0 
144.0006168220167 47.920664402693475 15.0 0.09486807322955429 30.0 
146.0044691001397 47.69762861520945 15.0 0.10673526117433635 29.0 
148.00061674899354 47.387988588552545 14.0 0.1238984454163776 31.0 
150.00300789970717 47.23905382541197 14.0 0.13645986587664719 30.0 
152.0022094540155 47.47790163724599 15.0 0.2205131529172648 31.0 
154.00101814648502 47.46668618108703 15.0 0.25752941899958376 30.0 
156.001892675045 46.63027800474822 15.0 0.27255847324323146 31.0 
158.00061674899354 46.3421774438615 15.0 0.292876317793219 32.0 
160.01084486913993 46.05239913391921 15.0 0.3063315689389029 30.0 
162.0008055408829 46.24961989947466 14.0 0.5311010574981719 29.0 
164.00101814648502 46.36214675083878 13.0 0.5719029136495356 27.0 
166.0008896478664 46.188372541714465 13.0 0.573622051760307 26.0 
168.00061674899354 46.23801460087597 12.0 0.5974605800795345 27.0 
170.004581900156 45.989639696796154 12.0 0.6051683725284344 27.0 
172.0062508690814 44.89614100907128 13.0 0.32362775989846976 27.0 
174.00004718987387 44.409504477393924 13.0 0.26454863124002737 25.0 
176.00077317272692 44.958287515675096 13.0 0.2453287051506689 25.0 
178.00061674899354 46.51013295610557 12.0 0.22858504126444887 26.0 
180.00127859897844 47.55856708097612 12.0 0.22306489687025988 26.0 
182.0055224973215 51.1585355639286 12.0 0.22287751394969638 25.0 
184.00101814648502 50.254777279249154 12.0 0.2120689620192569 25.0 
186.00286548507563 49.60947424234779 12.0 0.24514748772937323 25.0 
188.00061674899354 48.62975298071037 11.0 0.2793340166163879 28.0 
190.00799729991542 48.05258181068636 11.0 0.3131931743622497 27.0 
192.00202841650412 45.181871956340345 10.0 0.38558750921766544 27.0 
194.00007021601962 43.43254276325052 9.0 0.30479929498841624 26.0 
196.0006712513078 42.934332544573266 9.0 0.27777538062806856 26.0 
198.00061674899354 42.280922849770484 9.0 0.2475733287055792 28.0 
200.0038267481092 41.17168381530741 13.0 0.22363802289921847 28.0 
202.00112042644517 27.231511599690354 14.0 0.1856408117632906 29.0 
204.00042523437892 22.77228422067468 12.0 0.19513412049993167 29.0 
206.00165296207638 24.529521360752195 11.0 0.20879095092624483 28.0 
208.00061674899354 26.042877817261367 11.0 0.21313792823523087 28.0 
210.00142766345067 27.288344926718228 11.0 0.21049216051597217 28.0 
212.00048361452005 31.22932521993254 11.0 0.16103548739838167 28.0 
214.00101814648502 30.631377491389582 17.0 0.13419305592225564 28.0 
216.000528249921 30.45136342857225 14.0 0.10721165273077098 28.0 
218.00061674899354 30.181219612529798 12.0 0.08092654301632077 27.0 
220.00199164879007 29.935101091005944 12.0 0.06464918046314695 27.0 
222.00159346169605 29.405016859678305 12.0 0.0 27.0 
224.00101814648502 30.09212925718336 11.0 0.0 26.0 
226.0051365275119 30.800909640277137 11.0 0.0037294580234042835 30.0 
228.00061674899354 31.29204471702311 9.0 0.0027970935175532273 29.0 
230.00231543524993 31.719407105917806 8.0 0.002237674814042567 29.0 
232.00110855970735 32.5470097314492 8.0 0.0 28.0 
234.00101814648502 32.09634645917172 8.0 0.0 28.0 
236.0011172687899 31.49099265253911 7.0 0.0 28.0 
238.00047605168294 30.58977623358481 7.0 0.0 30.0 
240.00051220007447 30.008882687980964 7.0 0.0 28.0 
242.00120879020577 25.3814839629444 7.0 0.0 28.0 
244.00101814648502 24.839223808721655 9.0 0.0 29.0 
246.0000233689135 23.6157044104599 10.0 0.035942211190834544 30.0 
248.00061674899354 21.39998998566411 10.0 0.05336191262721841 29.0 
250.00115803753056 20.0922500449029 10.0 0.06120380833036992 29.0 
252.0046863818511 14.07630231001774 10.0 0.10288371656244394 29.0 
254.0008856671631 13.6549463502741 10.0 0.09426009227466538 29.0 
256.00077636674683 12.939038965085778 10.0 0.08891507205948031 29.0 
258.00061674899354 12.155834672135336 10.0 0.08323833834304471 28.0 
260.00152093924 11.284455036456576 9.0 0.09936451485704592 28.0 
262.00169917104427 6.813186933866898 9.0 0.30914343579095405 28.0 
264.0003355477412 6.636219043495365 9.0 0.3220117637260914 28.0 
266.00178647398917 6.6530513845937795 9.0 0.3357913710935302 27.0 
268.00061674899354 6.672532252327002 8.0 0.3539433111340224 27.0 
270.0040400875696 6.868951251704766 8.0 0.340955000691533 27.0 
272.0011715817892 8.893555422080704 8.0 0.5080732414134118 27.0 
274.001018146485 11.442931842675401 9.0 0.43506579894030895 26.0 
276.0025909563267 15.197578607736853 9.0 0.4201555998492175 26.0 
278.00061674899354 18.139167323244735 9.0 0.4532802863194172 26.0 
280.00175503244856 20.404422674633704 9.0 0.4767756415812966 26.0 
282.0017474557144 27.086308863699173 9.0 0.6722285022980653 26.0 
284.001018146485 26.225957576221465 9.0 0.6734765045476608 26.0 
286.00508414803943 25.77434012198331 10.0 0.6939114344896258 27.0 
288.00061674899354 25.722246293203227 10.0 0.7492813023044059 27.0 
290.00537366436765 25.88298037811647 10.0 0.8638859240525139 29.0 
292.00181269383194 24.35926199060603 10.0 1.7241252177462303 29.0 
294.0004930926906 23.821579649918945 10.0 1.7854565299153942 29.0 
296.00069126371966 23.558161204989 9.0 1.622803668850074 30.0 
298.000529010052 23.480969527730963 9.0 1.5896000136489083 29.0 
300.00055825195204 23.44879791201723 9.0 1.514763282421001 28.0 
#####################################################################
# End of data export. Simulation finished at: 2019-02-20T22:36+0000 #
#####################################################################
