#####################################################################
# Alchemist log file - simulation started at: 2019-02-22T07:05+0000 #
#####################################################################
# seed = 192.0
#
# The columns have the following meaning: 
# time distance-rep[Mean] leader-rep[CountDistinct] distance-share[Mean] leader-share[CountDistinct] 
0.0 NaN NaN NaN NaN 
1.0053696565724242 0.0 238.0 0.0 238.0 
2.005275541903653 0.0 140.0 0.0 155.0 
3.006872077024923 0.0 94.0 0.0 127.0 
4.0017139625103955 0.0 75.0 0.0 102.0 
5.001210471623231 0.0 61.0 0.0 98.0 
6.002239657736036 0.0 57.0 0.0 97.0 
7.000238752405146 0.0 49.0 0.0 92.0 
8.004014797625583 0.0 47.0 0.0 89.0 
9.001226981761928 0.0 37.0 0.0 87.0 
10.005137749111599 0.08121422086397949 33.0 0.0 84.0 
11.001248765691846 0.1968257939075614 32.0 0.0 81.0 
12.001121090077019 0.9742894422070328 30.0 0.0 77.0 
13.00502703204386 2.246049242181952 28.0 0.0 74.0 
14.000375516747674 3.3954090486014668 28.0 0.0 74.0 
15.00052066680048 4.206469627723316 26.0 0.0 69.0 
16.001528520254602 5.0330028961818485 24.0 0.0 68.0 
17.00340431966034 5.7250989137187585 23.0 0.0 64.0 
18.00179278309326 5.9099271597047185 22.0 0.0 61.0 
19.000609644856258 5.8636653932171 21.0 0.0 60.0 
20.00202513689271 6.343412293508337 21.0 0.0 60.0 
21.001665737939057 6.047462193103747 20.0 0.0 59.0 
22.00435235944064 5.937788758000421 18.0 0.0 59.0 
23.004394885767866 5.827735717907254 18.0 0.0 58.0 
24.00267702487768 5.791182725866526 19.0 0.0 53.0 
25.000280854305256 6.784572027688628 18.0 0.0 52.0 
26.00316018510835 6.3981204900657 20.0 0.0 52.0 
27.00046606141033 7.105173905237779 20.0 0.0 51.0 
28.00513351434085 7.1994594580908515 20.0 0.0 49.0 
29.001047176268543 7.036745462393686 19.0 0.0 47.0 
30.00228127387035 7.600800942310273 17.0 0.0 47.0 
31.00108071173298 7.286489748712609 16.0 0.0 47.0 
32.00438022071051 6.403254210801957 16.0 0.0 47.0 
33.00248060289254 6.22104025615507 15.0 0.0 47.0 
34.00097576474989 7.038318736041899 15.0 0.0 46.0 
35.00230989755054 7.301740509540858 15.0 0.0 47.0 
36.001091818142065 7.9983274705392775 15.0 0.0 45.0 
37.005894176847185 8.88812699619994 15.0 0.0 44.0 
38.00447928549139 8.614868027180558 15.0 0.0 44.0 
39.002677024877684 9.169226837585217 15.0 0.0 43.0 
40.00603896422809 9.462439665135964 14.0 0.0 43.0 
41.00308438126091 10.320075942796112 14.0 0.0 43.0 
42.000469495211085 11.353794304984861 14.0 0.0 43.0 
43.00312373579334 11.178618497584777 14.0 0.0 41.0 
44.0004203951719 11.833068147734386 14.0 0.0 40.0 
45.00011099073509 13.218380650055916 14.0 0.0 39.0 
46.00271797447672 13.917750625473392 14.0 0.0 39.0 
47.00084558684519 16.639152925261424 14.0 0.0 39.0 
48.00201865336186 17.540180520227494 14.0 0.0 39.0 
49.0003118952664 19.569878991261316 14.0 0.0 39.0 
50.0004928776665 20.876899102038422 14.0 0.0 39.0 
51.00051789834503 23.704315442925722 14.0 0.0 39.0 
52.00325443563678 26.433780076628175 14.0 0.0 38.0 
53.00016978790022 27.545823568332853 15.0 0.0 39.0 
54.00087438540332 27.142077979902275 15.0 0.0 39.0 
55.00127986155924 29.48726283655027 16.0 0.0 40.0 
56.00077568836146 31.0631038269801 15.0 0.0 39.0 
57.00052295098338 31.905475341701383 15.0 0.0 38.0 
58.00709694499355 32.383783051174895 15.0 0.0 37.0 
59.000143701839 32.28389347296341 14.0 0.0 36.0 
60.00141548751073 29.421552332724666 47.0 0.0 35.0 
61.00264141934806 26.926604612260604 59.0 0.0 34.0 
62.00067442526562 26.561439764782264 33.0 0.0 33.0 
63.00220279731452 25.668814573913277 23.0 0.0 33.0 
64.00150729957545 25.321622569535396 21.0 0.0 32.0 
65.00064399742182 25.877921565154626 21.0 0.0 32.0 
66.0005632015553 25.022808290155155 26.0 0.0 32.0 
67.00012751458296 26.624159390048224 22.0 0.0 32.0 
68.00264825748833 26.83564097629243 22.0 0.0 31.0 
69.00016348255545 26.866489443654743 22.0 0.0 29.0 
70.00062621435578 28.83247144625414 20.0 0.0 29.0 
71.00053393454438 29.23375184154425 25.0 0.0 29.0 
72.00438985808718 29.39134543988364 24.0 0.0 29.0 
73.00180345177353 29.271173434318985 27.0 0.0 29.0 
74.0005996086795 25.4287753072351 23.0 0.0 29.0 
75.00363085317994 28.406400105123833 21.0 0.0 29.0 
76.00109506675427 34.996151590614616 21.0 0.0 30.0 
77.00157216220015 36.23847115270718 21.0 0.0 28.0 
78.00019856064634 37.949159483558475 21.0 0.0 27.0 
79.00237551529725 36.85086363744662 21.0 0.0 24.0 
80.00603698500704 36.94494467914723 19.0 0.0 26.0 
81.00234535495849 40.20526043514356 19.0 0.0 24.0 
82.00138514143387 42.07343431823696 18.0 0.0 23.0 
83.00044240799845 42.2665623482839 18.0 0.0 23.0 
84.00267702487768 43.39206292529707 18.0 0.0 27.0 
85.00249352912296 43.56668591571556 18.0 0.0 28.0 
86.00055127523092 43.294923775973764 18.0 0.0 27.0 
87.0004401720252 46.675637092262726 18.0 0.010536186096037615 26.0 
88.00300668330182 47.364878226219844 20.0 0.004973277667857089 26.0 
89.00006552798631 49.12795876795015 19.0 0.004973277667857089 27.0 
90.00062971714759 48.40517704287783 18.0 0.0 27.0 
91.00011063230647 48.78968617562114 18.0 0.0 27.0 
92.00343939476657 49.222731158497766 18.0 0.0 27.0 
93.00006258018199 52.33569398037447 18.0 0.0 27.0 
94.00155048713171 56.273437604230914 16.0 0.0 26.0 
95.00402367895093 53.55616890727057 16.0 0.0 26.0 
96.00115482462162 53.45928000268169 16.0 0.0 27.0 
97.00027105672692 53.67898081903318 16.0 0.0 26.0 
98.00078908087261 54.15012441055662 16.0 0.0 26.0 
99.00024262410662 54.75133449923894 16.0 0.0 26.0 
100.00455585903316 53.08580020773912 15.0 0.0 26.0 
101.00024081857508 52.835318181294234 15.0 0.0 26.0 
102.00134645452604 46.49748328601017 34.0 0.0 27.0 
103.00412162046854 40.4749448571303 45.0 0.0 26.0 
104.0006536732644 28.495595721360967 39.0 0.0 26.0 
105.00219127680157 24.393480105467983 38.0 0.0 25.0 
106.00479065177103 27.55533173530037 25.0 0.0 30.0 
107.00267289239181 30.865151666714453 22.0 0.0 26.0 
108.0008549875097 37.192904794602235 21.0 0.0 23.0 
109.00005220186767 41.84387821821321 19.0 0.0 23.0 
110.00382181964999 45.50062176891655 19.0 0.0 24.0 
111.00128684558271 47.2603020479675 19.0 0.0 24.0 
112.0024092428694 49.73331547349008 16.0 0.0 24.0 
113.00166372638864 49.65963195662444 16.0 0.0 24.0 
114.00143533643097 48.498608410134146 16.0 0.0 25.0 
115.00258896447095 47.39382212408704 20.0 0.0 27.0 
116.00102674786474 47.368552437722364 23.0 0.0 25.0 
117.00130539452753 48.22914971717739 20.0 0.0 25.0 
118.00107970361036 45.87708754735745 19.0 0.0 24.0 
119.00003922915171 45.56690598478567 19.0 0.0 25.0 
120.00109001875227 48.82996525035907 19.0 0.0 24.0 
121.00507230860723 50.81786907633876 18.0 0.0 23.0 
122.00235727357949 51.149563547171674 17.0 0.033506656712529635 23.0 
123.00288740547144 49.22405757025451 22.0 0.046379318456393065 23.0 
124.00057181511195 50.594945558345074 31.0 0.05123713241248355 24.0 
125.00295171443682 45.450172524739685 23.0 0.039433074002845195 24.0 
126.0015671710134 34.910614716154086 22.0 0.015472939580237646 22.0 
127.0022167344857 27.488563274829282 21.0 0.0023187792070190824 23.0 
128.00405351200044 27.832994707582728 21.0 0.0023187792070190824 24.0 
129.0020027923714 30.02320874885524 20.0 0.0023187792070190824 25.0 
130.00142576601286 30.466529420030362 21.0 0.02819711436465661 25.0 
131.00049275329312 29.518018366144133 22.0 0.03907540960709827 24.0 
132.00128272227713 27.598943542539967 20.0 0.03907540960709827 25.0 
133.00360568711872 31.10425787879361 20.0 0.03907540960709827 25.0 
134.001586849315 29.71828945413461 19.0 0.03907540960709827 24.0 
135.00201373502648 29.020917415989327 19.0 0.027673602859773088 24.0 
136.00289460015816 30.40211906023958 19.0 0.014236726527203755 22.0 
137.0034591240303 29.58628920415765 19.0 0.008646896790700501 22.0 
138.0021201918221 29.90685133687995 18.0 0.008646896790700501 22.0 
139.0026770248777 30.718103008350386 18.0 0.008646896790700501 22.0 
140.00385826763406 32.216672857201196 18.0 0.008646896790700501 22.0 
141.00193401424048 31.712015925025764 18.0 0.031765434966304955 22.0 
142.00285520205531 31.854270875203643 18.0 0.01610182690648648 23.0 
143.00771741396053 32.669259736995 18.0 0.01610182690648648 24.0 
144.0026770248777 31.780672899179443 18.0 0.04934610328050132 25.0 
145.00004493865399 34.16811399384448 18.0 0.09754862227420588 24.0 
146.00011241500573 33.32029794510744 18.0 0.05401655790638939 24.0 
147.0011051483822 34.32909307796346 18.0 0.05401655790638939 24.0 
148.00095661465727 34.97371845120914 18.0 0.012616888197711791 23.0 
149.00043934397945 36.31993218204977 18.0 0.012616888197711791 23.0 
150.00173167943274 39.399111435836126 18.0 0.0314333133350987 24.0 
151.00825273080386 39.99501372397586 18.0 0.0314333133350987 24.0 
152.00143391318935 41.94883711208778 18.0 0.0 24.0 
153.00251808426867 43.69265451515072 18.0 0.0 24.0 
154.00075271331494 44.73858770285222 17.0 0.0 24.0 
155.00115704421424 47.8562822179151 17.0 0.0 24.0 
156.00234120419907 49.62122931448282 17.0 0.0 24.0 
157.00270720261486 52.01295841415431 16.0 0.0034982317273970823 23.0 
158.0094801090292 51.22177663943523 16.0 0.011904907930366776 23.0 
159.0002341949312 48.13345324598701 16.0 0.015413869629448577 23.0 
160.00096095442893 48.07138072367732 16.0 0.03458867237735999 23.0 
161.00106962833786 42.91369709231437 14.0 0.06125731398458586 24.0 
162.00197039455006 34.89083753825356 12.0 0.009031525373113018 24.0 
163.00049881878854 30.63917197806115 12.0 0.020349897769592177 24.0 
164.00201496627946 29.094704416658395 12.0 0.056916786378264465 24.0 
165.00607656461526 30.50956653053884 12.0 0.0675730345647264 25.0 
166.00271272074258 29.7032217885222 12.0 0.0539285643386883 25.0 
167.00486855424327 29.025563633911705 12.0 0.1194773400185949 24.0 
168.0009879053706 28.655266580351956 12.0 0.1467907336167884 24.0 
169.000690478831 29.43983720866909 13.0 0.20459913273899427 23.0 
170.00454560478644 31.797967196665198 12.0 0.17043587860644038 23.0 
171.0006230190332 31.477987040369804 13.0 0.16714655235006118 23.0 
172.00214240815222 29.274772626913915 13.0 0.17864398144964447 22.0 
173.00062625290792 26.749319340016246 13.0 0.13394547909917143 22.0 
174.0026770248777 23.918656992737375 13.0 0.1272582089990216 22.0 
175.00480314223557 18.757716513504057 12.0 0.15750310532147282 22.0 
176.0058301201815 15.956117404709996 12.0 0.15750310532147282 22.0 
177.00084270350638 17.48827712579222 12.0 0.16943698277888977 22.0 
178.00658088372526 18.472681060973283 11.0 0.3056009587059794 22.0 
179.00208410905998 18.917111207267837 11.0 0.24559257090160258 22.0 
180.00134927463014 18.041869813907947 11.0 0.2344924745318018 22.0 
181.00148057063805 15.905989732456149 11.0 0.16869559097095915 22.0 
182.0020288117701 15.46527667036929 11.0 0.18023399945792193 22.0 
183.00100507782713 14.797758829551789 11.0 0.21953005418452085 22.0 
184.0026770248777 15.496274697842273 11.0 0.06643666860611133 22.0 
185.00098954212 16.271968447586815 11.0 0.08098326770676788 22.0 
186.00138133915368 16.02974559079958 11.0 0.08098326770676788 22.0 
187.00102898373424 15.403305421833219 11.0 0.08098326770676788 22.0 
188.00400396685518 14.771411847901444 11.0 0.09246567446368997 22.0 
189.00055488926603 15.587172607969254 11.0 0.08474643737062817 23.0 
190.00438204818207 15.623708552270688 11.0 0.09648769633049356 21.0 
191.00460587735432 15.13827935140431 11.0 0.09648769633049356 21.0 
192.0011463050088 14.83683706274379 11.0 0.08653934233740536 20.0 
193.00270994358465 14.906946767835295 11.0 0.11876867443239372 20.0 
194.00002903829431 14.959509838210277 11.0 0.23616373403186952 20.0 
195.0012221012405 14.92945257627422 15.0 0.0070752414034979194 23.0 
196.0059328757689 15.154453653704804 14.0 0.0070752414034979194 24.0 
197.0002983868293 15.114230194958086 15.0 0.06537652700554504 23.0 
198.00338541776068 15.347111991129237 14.0 0.23664097386837116 21.0 
199.0020398938891 15.291036922526292 14.0 0.0697543107184306 21.0 
200.0061912869831 15.329028679695924 14.0 0.5523930391984345 21.0 
201.0001296248041 15.453132054518239 14.0 0.6881882865812183 23.0 
202.00008506217674 15.95423473544633 14.0 0.8233571270912561 22.0 
203.00008337907843 16.00562143422481 15.0 0.7960202463193169 21.0 
204.00192932446691 16.323596903700057 15.0 0.8409687488138852 21.0 
205.00197749390588 16.98104870583451 15.0 0.8195124003915999 21.0 
206.00000894979985 17.689732706467964 15.0 0.919025856839477 22.0 
207.00068811915415 17.479624643164986 15.0 0.8845574107999974 23.0 
208.0028397275039 18.011343209832745 16.0 0.7723858850423331 22.0 
209.00022786541925 16.212337124712494 16.0 0.8506884939394497 23.0 
210.0040323599827 15.06429505730104 16.0 0.922969369137364 23.0 
211.00352999414918 14.402005450026387 15.0 0.8967607186815664 28.0 
212.00015337760553 14.133084786477138 14.0 0.41768197644695454 27.0 
213.00036585587728 14.773607580438554 14.0 0.5481651172888392 25.0 
214.0003131197896 15.266722586194302 14.0 0.9023041589662791 24.0 
215.00117331673496 15.976717129575146 14.0 0.9978937154862927 27.0 
216.0025862004614 16.01054676236887 14.0 0.5198889553754991 27.0 
217.0073016439359 17.265574495276816 14.0 0.3032455386405877 26.0 
218.0000965081663 18.0563184577451 14.0 0.5551435423741033 23.0 
219.0026770248777 17.553804497596865 14.0 0.45616226631485507 24.0 
220.00121268072968 16.021904486023644 14.0 1.0176080393125868 28.0 
221.00272260174495 16.162779662376757 14.0 1.1221312479816332 29.0 
222.0001313329923 16.631427607491414 14.0 1.1555815258026307 23.0 
223.00058199729628 17.98570213174826 14.0 1.2550366073539903 24.0 
224.00130098162842 19.61587111592988 13.0 1.3917155972524886 23.0 
225.000811545699 17.469896538077005 13.0 1.365750878830586 23.0 
226.00400086517243 17.743517571622665 16.0 1.5673293631907252 23.0 
227.00020702940546 19.14604907462151 16.0 1.4886895190217213 23.0 
228.0018380752593 19.05275148521248 16.0 1.5466287938656276 22.0 
229.0026770248777 18.36258325991218 21.0 1.825084639498243 22.0 
230.0020071472812 18.622033951796972 16.0 2.1080850879757036 24.0 
231.0018640281972 18.451001586136073 17.0 2.0646928468311825 24.0 
232.00085735791333 20.951780305008327 16.0 1.9571820382812126 24.0 
233.00034715350708 22.462225713540708 16.0 2.5868902338322552 24.0 
234.00101061698703 22.84790112872161 16.0 2.956972765198864 24.0 
235.00470562778568 22.491480988203737 16.0 2.2306138449107684 33.0 
236.00251302268947 23.564264293822852 15.0 2.298642423920368 31.0 
237.00049844684614 24.838935512361523 15.0 2.6631612160465448 28.0 
238.001535772596 23.645090082646366 19.0 3.0137083208035076 25.0 
239.00027067726248 23.60884568088701 18.0 3.1243813451479423 26.0 
240.00084697945846 23.12323634325891 18.0 2.1369524690466974 27.0 
241.00209191813641 22.311974950062723 17.0 2.1177282760733998 24.0 
242.00161116578948 21.854669118374222 17.0 2.4328457102310983 24.0 
243.00037221097014 21.739974152157313 17.0 2.6788169173193994 24.0 
244.00091420784938 21.338814087390503 17.0 1.0772773164851883 22.0 
245.0004978702583 21.893058903593715 17.0 0.9370026672312323 22.0 
246.0003201210319 22.11292203325794 17.0 0.9138567640705598 22.0 
247.00071116702867 22.94853288253453 16.0 0.7814660715540237 21.0 
248.0001682351189 24.67689186450366 15.0 0.6293805435450344 24.0 
249.00160446249384 25.55220099610979 15.0 1.31047475173605 22.0 
250.00068270112985 27.87579744842205 14.0 1.8223753161335672 23.0 
251.0008822047183 27.804198861968473 14.0 2.188592626948552 22.0 
252.00044379952197 29.695156330597218 14.0 1.98786079578885 25.0 
253.00104223111381 30.408476649006236 21.0 2.70855226404741 23.0 
254.0026770248777 28.854949743257347 19.0 3.5230353858038645 22.0 
255.00039351354846 30.088934323504507 16.0 3.5780269524926465 26.0 
256.0007592623131 28.966339626639712 13.0 3.083401010604273 27.0 
257.00232669214915 28.412134692675938 13.0 4.057343288453034 24.0 
258.004558238213 27.141079481948015 14.0 4.077027982531994 25.0 
259.0026770248777 23.48217015657268 16.0 4.102067541010447 30.0 
260.0019595959561 24.11038306451602 18.0 4.804150274396166 26.0 
261.00153284142357 24.289847036421833 15.0 4.383277481434014 26.0 
262.0025320585775 25.784882171529844 15.0 4.7119383678010704 24.0 
263.0009725706817 32.08521399276281 14.0 4.87225471900306 50.0 
264.0002558158492 38.37301789461205 14.0 5.951484076519891 31.0 
265.0001634335699 41.29238214978359 14.0 8.437529863755723 26.0 
266.00140257945253 40.04752660265858 14.0 8.399243462392196 27.0 
267.0022964760589 44.64244752607803 13.0 10.07582224564757 35.0 
268.0054429969472 41.547797439110816 14.0 8.341674396285532 42.0 
269.00207732105684 41.52945333180496 13.0 9.845799268310454 27.0 
270.00002353908025 40.38928810672374 13.0 12.542346429460764 29.0 
271.00006202954455 40.830432818728916 14.0 11.686488728435767 27.0 
272.0040535402984 40.45903217822761 14.0 10.268554343673403 44.0 
273.0044648891473 39.056664065447805 14.0 12.516718696376683 47.0 
274.0016640956261 40.93006960330246 13.0 17.617675887209423 31.0 
275.0022360618381 40.975815824030725 13.0 17.315180567230456 29.0 
276.00570661276817 43.34582548711157 14.0 16.766422381898597 31.0 
277.00012527022875 44.19204099622716 14.0 14.957240246384798 25.0 
278.0026971607819 45.165937658439745 14.0 14.194322290901125 24.0 
279.0026770248777 43.78321208341346 15.0 12.153923338507546 25.0 
280.0113546989863 43.552360026414576 14.0 11.485033176148303 28.0 
281.0008316998648 42.55342983365101 14.0 10.225677068491539 26.0 
282.00056761387356 40.21941131321802 14.0 10.244029041583545 25.0 
283.0007324381675 40.51459098661301 14.0 10.694378807662817 25.0 
284.0019665147121 41.891664283552196 14.0 10.608793990441955 26.0 
285.000095578414 41.8396405289422 14.0 8.402435397444059 28.0 
286.00371395181935 45.5333417276475 14.0 8.070659054354154 24.0 
287.00017438562503 52.90625228004249 14.0 8.58321299350909 24.0 
288.0007830987952 55.11334494048709 14.0 8.529419243417331 23.0 
289.0004267703612 52.78799840496855 14.0 8.48559980247585 23.0 
290.0020723349045 56.117832093300905 14.0 8.422001311699352 23.0 
291.00059194316987 55.66246821293649 14.0 8.70903475990883 23.0 
292.0036872138559 58.40855779916944 14.0 7.830918397229673 22.0 
293.0009662639002 59.728685728704306 16.0 7.534682457609467 23.0 
294.002548071324 53.61890029975357 16.0 7.0093302525656185 21.0 
295.0021313295585 50.76534392487678 16.0 7.084058563695085 21.0 
296.0023787173453 48.85052925416613 16.0 5.636426262512161 24.0 
297.0005673806823 43.78023339525285 15.0 5.093634491910729 26.0 
298.00321246663987 41.9935851778185 15.0 5.500774198533208 24.0 
299.0022625384033 42.692652293799256 15.0 4.49534723914272 25.0 
300.0001739834339 38.15063501003648 15.0 3.8007439083790437 25.0 
301.0014961577536 37.52036904853152 15.0 3.4198986677577805 24.0 
302.00179499332256 33.563890056349486 15.0 3.816860094546867 24.0 
303.0026310769167 33.26554648891411 13.0 3.905822940423271 24.0 
304.00066761077227 35.07032788648591 13.0 3.8078617283215 24.0 
305.00487508528164 35.506852546930595 13.0 2.6802214198374754 26.0 
306.00136549121726 33.00987126182047 13.0 2.0458844768279985 28.0 
307.00051030647245 33.0581874136554 13.0 2.955549056910676 27.0 
308.00253811563465 33.25263310663631 13.0 2.4709272541466607 26.0 
309.0026770248777 32.85085432397258 13.0 2.748434904761255 27.0 
310.0002918055053 30.217269888590295 13.0 3.0182200295630963 25.0 
311.0007969296128 31.75973026089344 14.0 2.574316128125087 29.0 
312.00015003807744 32.137103010152806 13.0 2.7676093141666698 28.0 
313.00142688075096 30.473120906507102 12.0 3.161578320995779 26.0 
314.0022218399731 30.308629802064154 11.0 3.0543262878795723 25.0 
315.003677049977 30.199938528135824 11.0 3.017807834585771 24.0 
316.00193077797223 29.039060723312428 11.0 3.0389050728536473 23.0 
317.009904984595 29.192469587361362 11.0 3.91030946402217 22.0 
318.00005426318205 30.36811668596663 10.0 2.9223861641923046 31.0 
319.0017730274332 28.15020790246974 10.0 2.3127231237777166 32.0 
320.0004315482881 28.296112341915805 10.0 2.766847518855764 29.0 
321.000415147364 28.048916393631245 10.0 4.2422345905616705 27.0 
322.0007058563097 26.906544463077974 10.0 4.3595419755228955 25.0 
323.00220893404065 21.110436753878762 10.0 4.726739210242206 26.0 
324.0006653666851 18.012448310442608 10.0 4.065605410846863 25.0 
325.0006781041762 18.392585466827036 10.0 6.126007021509614 24.0 
326.0006569151728 21.225015146647998 13.0 6.087973639245935 25.0 
327.00172570938366 20.501558890076982 16.0 6.795319037391943 25.0 
328.0002913365675 20.613413844222453 14.0 5.680017667296583 25.0 
329.0013654740212 19.286107915201196 13.0 4.9890473674642495 25.0 
330.00248337394 17.065081645073533 13.0 5.224382945792558 25.0 
331.0001653565297 17.99314534503333 13.0 5.335036628029808 27.0 
332.00227574235674 17.655756554037982 13.0 5.948621746372655 27.0 
333.0011604052097 20.223493636960512 12.0 5.899737759527591 26.0 
334.0008001372803 19.107427107970086 12.0 5.267911198023455 28.0 
335.00113829901585 21.498966157174767 12.0 5.340538075916284 26.0 
336.001028431623 20.791141765070442 11.0 6.114655760711356 25.0 
337.0009938568439 20.42174304059967 11.0 6.68261620115719 27.0 
338.0050119478651 21.321038156711655 11.0 6.574471753466263 25.0 
339.0000166795294 20.84120113425386 11.0 5.69104143359704 25.0 
340.00087511086525 20.732928357085672 11.0 6.038909618136683 25.0 
341.00123205775634 22.563842095211957 11.0 5.010763505837113 37.0 
342.0017884566758 22.5695172317739 14.0 4.328415845063229 35.0 
343.00097686472 22.365079043352868 16.0 5.3116985909948475 29.0 
344.0026770248777 22.385151517194863 14.0 5.242287438423202 30.0 
345.0035074661371 22.702140638344304 13.0 5.586889563327674 29.0 
346.00007738190203 22.183691595101024 13.0 5.761859951648037 28.0 
347.00208069182645 19.23504500314434 12.0 5.794128887238844 28.0 
348.00143919487124 18.39222042791758 11.0 5.684753366683109 28.0 
349.0026770248777 17.913287319377375 11.0 5.821783247010113 28.0 
350.00252344988036 18.08917363671236 12.0 6.297686509969842 28.0 
351.0033716692414 17.46892365817076 12.0 4.478008683909918 29.0 
352.0031904643208 17.809612017133183 12.0 4.0913796233755155 29.0 
353.00333252044334 17.32602045255484 12.0 4.579436277202824 27.0 
354.0004419149452 17.57874119240932 12.0 4.654759339389238 26.0 
355.00070932344755 18.06896967497359 11.0 4.708818808736677 26.0 
356.0019259777106 17.450137095325406 11.0 6.116058623837069 26.0 
357.0013600422889 16.801089021417436 11.0 4.663038067843034 29.0 
358.00430810255983 16.67348414334848 11.0 4.507060272809379 31.0 
359.0012786809863 19.54462645083001 11.0 4.486083457340709 31.0 
360.0035576500572 20.55491425486456 11.0 4.416468417862993 31.0 
361.00017994009335 22.192916777296077 11.0 5.434442878453943 30.0 
362.0014144580778 22.70339492846407 10.0 3.8701795528939704 31.0 
363.000833317013 26.39253691043863 9.0 2.365830605633152 30.0 
364.0022009587841 26.48566119768913 9.0 2.027951732853041 29.0 
365.00077959500123 27.05511123711853 9.0 1.8559640585233843 29.0 
366.0017717985254 27.28677187187581 9.0 1.8902396818876388 29.0 
367.001916147815 26.476032890533446 9.0 0.534657248463621 29.0 
368.00395423031193 27.20666005074214 9.0 0.5381613058999816 28.0 
369.00105846604544 27.68344782929522 9.0 0.5109434167107074 28.0 
370.0003432204308 26.603091885245625 11.0 0.40296077544574144 28.0 
371.0033795189267 26.25842703506161 11.0 0.4140906366363401 29.0 
372.00172351536867 25.708490669571958 10.0 0.18625504723604847 29.0 
373.0008585221551 25.570533274456643 10.0 0.18293517095471554 29.0 
374.00096619609144 25.545285856450867 10.0 0.02158758146447017 29.0 
375.0055151368983 26.05966581204871 13.0 0.03348788936597638 28.0 
376.00261885681704 29.525402124225288 13.0 0.036178130234558244 27.0 
377.00087259122876 28.96458886816658 14.0 0.05556658940876473 26.0 
378.00091881306224 28.369225737047074 14.0 0.04634610836210768 25.0 
379.0007656172777 28.318305528124547 14.0 0.04634610836210768 25.0 
380.00131231187373 26.968844897490676 14.0 0.059363566260585886 25.0 
381.00379500132976 26.98018055166279 15.0 0.12671713360321962 25.0 
382.00179900009016 26.337977056389423 15.0 0.07274717214856327 24.0 
383.0006281837918 27.00300699178356 15.0 0.07274717214856327 24.0 
384.001991910694 27.490012678114937 13.0 0.07274717214856327 24.0 
385.00023495597196 28.543497957682273 12.0 0.0858423541207659 24.0 
386.0008083031883 27.385585644223124 12.0 0.0 24.0 
387.0005937842256 31.33016214986052 13.0 0.0 24.0 
388.0001024885091 31.331535699825952 13.0 0.0 24.0 
389.0010451840315 32.08865575141329 13.0 0.0 24.0 
390.0043471095635 35.84343527838592 13.0 0.0 24.0 
391.00227250540365 37.625542924188764 13.0 0.0 24.0 
392.0000686449852 35.6458214494874 13.0 0.0 24.0 
393.0079973849938 34.53150154524297 13.0 0.0 24.0 
394.0007270792533 35.350827073343055 13.0 0.0 24.0 
395.00298728829756 35.96582695150614 13.0 0.0 24.0 
396.000078766156 37.4432408666261 13.0 0.0 26.0 
397.002314491841 38.5918925388741 13.0 0.0 26.0 
398.00109436636313 39.5260439902259 13.0 0.0 26.0 
399.0000428525308 40.50469985657999 12.0 0.0 25.0 
400.0006752537901 43.13447786085417 12.0 0.0 25.0 
401.0006110400127 43.409829333969455 12.0 0.0 25.0 
402.00114705430946 41.45686227550448 11.0 0.0 25.0 
403.0005036520243 42.95817634893255 11.0 0.0 24.0 
404.00002345988554 43.11886362291798 11.0 0.0 24.0 
405.0001155650907 45.89872060337021 11.0 0.0 24.0 
406.000949024318 45.195561677943004 11.0 2.3783209044296306E-4 26.0 
407.00101527754606 47.954865365817795 11.0 2.3783209044296306E-4 26.0 
408.00560765157616 51.78681182451404 11.0 2.3783209044296306E-4 25.0 
409.0014587762728 53.63365245115828 11.0 0.014506683083523238 24.0 
410.0005748214578 57.085513242383286 11.0 0.027768499899276947 24.0 
411.000521818949 57.71470802001704 11.0 0.027768499899276947 24.0 
412.0006692644708 56.99294803966665 11.0 0.027768499899276947 24.0 
413.00020515242784 57.69026961106374 11.0 0.027768499899276947 24.0 
414.0026770248777 59.36939378042023 11.0 0.04216068054105051 24.0 
415.0038041187329 57.648162538278726 11.0 0.055607093783235396 24.0 
416.0006501164623 57.29876021664863 11.0 0.055607093783235396 24.0 
417.0000236673223 56.696858984206706 11.0 0.055607093783235396 24.0 
418.0033050947905 58.68206112228551 11.0 0.055607093783235396 24.0 
419.0008109801206 59.375489505181925 11.0 0.07009862043015766 24.0 
420.0007043433169 60.21073423477643 11.0 0.08387940122836927 25.0 
421.00185370883975 61.99547231884871 11.0 0.08387940122836927 26.0 
422.0006502717745 61.58027684281806 10.0 0.15395644375276615 25.0 
423.0014737032322 62.22932824550715 10.0 0.15395644375276615 25.0 
424.0026770248777 64.0374538871587 10.0 0.16861663039675887 25.0 
425.00009835817025 67.720276618607 10.0 0.1948431138746576 25.0 
426.0024414172662 69.90596188734798 10.0 0.21960631844348574 25.0 
427.0055970374754 69.43717216906273 10.0 0.42183229283306256 25.0 
428.001509254671 70.27881640787496 10.0 0.5739185461046673 26.0 
429.0002518058865 72.48203787550264 10.0 1.1088262003996525 26.0 
430.00224848763804 78.28650285818087 10.0 1.1427663375180017 26.0 
431.0007914270479 83.11690678799681 10.0 1.0537363643090698 25.0 
432.0001870464019 81.53132890304678 12.0 0.8677167598483397 25.0 
433.0049180260942 77.29807233674903 12.0 0.8961778829089961 24.0 
434.0013051607258 69.93859320904163 11.0 0.9018833892983272 24.0 
435.0012442091458 66.91973276611736 12.0 0.9163055997912197 22.0 
436.0053284324495 66.92796762172793 11.0 1.0113587683151084 22.0 
437.01150031332065 66.37876733222909 11.0 0.9716898444399471 22.0 
438.00082818474084 69.98894889303801 11.0 1.0154229973737934 22.0 
439.0026770248777 73.76781303932121 11.0 1.0144323958513548 22.0 
440.00145037386227 78.02286659564489 11.0 1.007430361461732 22.0 
441.0052937311447 80.74551282153595 11.0 1.0662712274349035 19.0 
442.0000896466668 80.73673520895001 11.0 1.037254950187591 19.0 
443.00021606851124 81.52913002894775 11.0 1.02657349551446 19.0 
444.00017424466813 80.94903232996812 11.0 1.0542302053916837 19.0 
445.00094879651726 84.59546796408928 10.0 0.9348080430481496 19.0 
446.0007815701515 82.52424332910157 9.0 1.2242558391835778 19.0 
447.0027018314273 83.90698016510491 9.0 1.2013908208662472 19.0 
448.00075492444597 83.60169456768367 9.0 1.2146982204872407 19.0 
449.00231767640156 82.63781949919415 9.0 1.0004331976316887 19.0 
450.00361317052193 84.9973667126128 9.0 1.216220220788348 19.0 
451.00071038170057 82.5362538350937 9.0 1.2749352756679129 19.0 
452.002235807749 84.01582075538799 9.0 1.2690539730821162 19.0 
453.0005494677828 81.60575198567872 15.0 1.247214241735676 19.0 
454.0013195785822 75.38675516733379 15.0 1.5100669450694615 19.0 
455.0000004370644 74.24598365400259 15.0 1.5177369388421094 19.0 
456.0010284400289 72.49779850474633 14.0 1.5982262597966923 18.0 
457.0006916106549 68.37958340468737 14.0 1.3232645233614926 18.0 
458.0021835542891 67.45902989806935 14.0 1.2973461536730648 18.0 
459.0014685155109 69.97060808649809 14.0 1.3097954490847867 18.0 
460.00010434367573 74.44446844494396 14.0 1.3223211721063228 19.0 
461.0015210580749 77.43661165520257 14.0 1.2893377359610232 19.0 
462.00010363444284 78.96646580107763 14.0 1.279751606276599 19.0 
463.00028724667897 78.59015777554589 14.0 1.289508964082177 18.0 
464.0014437326756 79.02327903487276 14.0 1.2060480935520848 27.0 
465.0000136108993 82.5540347791689 14.0 1.2012563738612967 27.0 
466.0021810698489 82.07477786235567 12.0 1.045535854209668 24.0 
467.00017655425535 79.93673870798555 10.0 1.067037636899128 24.0 
468.0027076876301 82.33562876337037 10.0 1.0642503018833438 23.0 
469.00122328625076 79.47615151478038 10.0 1.3745220272494183 22.0 
470.00253968721887 81.43079893003221 9.0 1.2331838116137204 22.0 
471.0023902331071 80.3168054497703 9.0 1.542915780297151 22.0 
472.00684307292363 80.525654444068 9.0 1.515641886139387 22.0 
473.00268827357513 80.06795747621173 9.0 1.5008901892865993 22.0 
474.00002036421864 79.22612337585133 9.0 1.49761224616443 22.0 
475.0006449459098 82.13675611396518 9.0 1.6486333350222073 22.0 
476.000015320776 82.52079757263506 9.0 1.764449916996124 22.0 
477.0066180886568 79.83445142618923 12.0 2.032248576659994 22.0 
478.0000458399287 71.14499531148735 10.0 2.021241905093616 22.0 
479.00065183881753 59.39257756577122 24.0 2.1485447573854 22.0 
480.00147562601666 34.66467343579386 60.0 1.9559939230596741 22.0 
481.0016515296418 31.737316720474507 42.0 2.463565850780678 23.0 
482.0006029436007 34.16452216038125 31.0 2.8101617357660684 21.0 
483.0027530846237 36.41428249619725 27.0 2.2496315111945395 20.0 
484.0026770248777 41.808418746486126 25.0 2.1975391570918092 20.0 
485.00133790308263 49.92443502049465 25.0 2.536849848323747 20.0 
486.0038282894286 56.95151818517032 24.0 3.050835084005174 20.0 
487.0037938190606 63.20104333643016 23.0 2.8744826975048694 28.0 
488.00051977496497 65.79418029109043 22.0 3.7492377719690397 27.0 
489.000356769353 67.21440025186085 22.0 4.897027719064298 25.0 
490.000730317709 69.58988164781154 21.0 3.14219959751836 24.0 
491.0006231464546 70.98644710159594 20.0 3.4344714941509675 23.0 
492.0036863284851 72.88198119489455 21.0 3.615646212374479 21.0 
493.0015688297069 75.16213450917671 19.0 3.7253207277151743 23.0 
494.0001333465832 77.20312361668988 19.0 3.179927492302301 22.0 
495.0048223322419 81.78350084747417 17.0 2.2462406889802957 22.0 
496.00080388873727 83.96847940375014 17.0 2.062034043963446 22.0 
497.0008312803731 84.69624487419384 19.0 1.6219592278829693 22.0 
498.0027074888759 85.23681194959295 18.0 1.168271085972956 22.0 
499.00024459579504 86.26709731600286 17.0 1.2318932424523907 22.0 
500.00000268727433 84.01427485169457 16.0 1.357399813253649 22.0 
501.0015655869776 82.5474183980526 16.0 1.5169589173634361 21.0 
502.00398603275147 76.54941986480091 14.0 1.50144298746206 20.0 
503.000187994016 66.52971837893065 24.0 1.367814176047903 21.0 
504.0003395742811 54.055901730235455 42.0 2.25722496940416 20.0 
505.00185289688136 45.67196339858951 34.0 1.8128229971847363 20.0 
506.000798979854 48.63826896460906 23.0 1.6284320961507759 20.0 
507.00005502239827 51.74316911574449 21.0 0.9934014874918357 20.0 
508.00026145748546 53.34283224018527 19.0 0.5281040405925269 20.0 
509.00136283953896 61.6366927539317 17.0 0.7136515364295531 20.0 
510.00342407479866 63.208906923914 16.0 0.6960737608488473 21.0 
511.0022894844819 65.7463823704274 16.0 0.228399735743016 21.0 
512.0001458094195 69.04787905621122 16.0 0.23170525645909293 20.0 
513.0004785359382 72.97671317038397 16.0 0.157892641910899 20.0 
514.0004597561476 77.17600397223387 16.0 0.2878798227569767 21.0 
515.0029643526576 77.85238057865051 16.0 0.09470486922599418 21.0 
516.0004405340808 79.64130967355986 16.0 0.027849170364283592 21.0 
517.0001117344723 78.70281568407758 16.0 0.027849170364283592 21.0 
518.0025776910445 79.437830012551 14.0 0.027849170364283592 21.0 
519.0000735643576 81.25243525050799 14.0 0.027849170364283592 20.0 
520.0005449185985 84.55043322895732 14.0 0.03342505751734487 20.0 
521.0043374204976 84.61299178343948 14.0 0.06724890759336284 19.0 
522.0014872950333 85.50393018586212 14.0 0.05285213767365138 19.0 
523.0007297051702 85.75778835100407 14.0 0.05285213767365138 19.0 
524.0001332996362 86.28386638897116 14.0 0.06364608666538979 19.0 
525.0003948345108 90.00363647291681 14.0 0.0757760274093744 19.0 
526.0009105779502 91.87108122282451 14.0 0.0908849945579394 20.0 
527.0019233746976 92.44917643647916 14.0 0.0908849945579394 20.0 
528.0047592702065 92.2685816087852 14.0 0.0908849945579394 20.0 
529.0005920314487 92.37391220131711 14.0 0.10599376359440454 20.0 
530.0016760592132 94.46618243801323 12.0 0.1301170740129735 20.0 
531.003243150348 95.44469289121197 12.0 0.1391899789021843 20.0 
532.0005493967634 94.95351363710932 12.0 0.1391899789021843 20.0 
533.001874830226 95.56068052977894 15.0 0.1391899789021843 20.0 
534.0018353238552 87.50517655223786 30.0 0.15427104807536932 20.0 
535.0031714588209 77.0014668946456 25.0 0.15427104807536932 20.0 
536.0021331464903 67.85551145602976 41.0 0.19741651415614578 20.0 
537.003136656636 70.763035418642 29.0 0.19861192161357663 20.0 
538.000638388379 70.80305939029249 23.0 0.21412489027980847 20.0 
539.0006010487291 68.74981474474929 22.0 0.2124794652998173 22.0 
540.000260375967 72.54281553950774 17.0 0.2376537634511555 22.0 
541.003079351713 72.9730011464123 18.0 0.24286306991947162 22.0 
542.0055771980133 75.71764262245313 18.0 0.24286306991947162 22.0 
543.000367289525 85.26291454440413 14.0 0.26845935732630294 22.0 
544.0002413026156 84.74396681624002 14.0 0.29605745678377104 23.0 
545.0000197151979 89.38318354712538 14.0 0.29808697178195015 23.0 
546.0009201798593 90.56823804808946 14.0 0.30544907393947557 22.0 
547.00709393622 91.20738865091103 14.0 0.3195007743664238 22.0 
548.00001992684 92.25341245821912 13.0 0.34860514266941633 22.0 
549.0026770248777 91.33020550128276 12.0 0.3173387098447944 22.0 
550.0013606482222 94.31506641367328 12.0 0.33103547036844005 21.0 
551.0060320615437 92.71798886072462 12.0 0.33863047064870283 21.0 
552.0049684134932 90.38935762762286 12.0 0.3536249379369579 20.0 
553.0010355362427 87.65248679433286 12.0 0.20409031148058746 20.0 
554.0008478002657 87.75696220040287 14.0 0.20239780287896716 20.0 
555.0002667880827 87.63181722095771 16.0 0.22020779242148533 20.0 
556.0013318477027 83.1159005796821 16.0 0.24018457063908222 20.0 
557.0023783226928 77.0385757965177 18.0 0.2551600709099893 20.0 
558.0074909091386 78.21814002816568 18.0 0.2551600709099893 20.0 
559.0026770248777 75.71547314565022 15.0 0.2551600709099893 20.0 
560.0002926584693 75.93497230595332 15.0 0.282776379195735 20.0 
561.0013468375744 75.82886510918912 15.0 0.28893073125216207 20.0 
562.001983487392 77.29957534478514 15.0 0.31875202515499523 20.0 
563.0018104969711 78.87219692819409 14.0 0.3206137583963347 20.0 
564.0005641439675 78.67114087373712 14.0 0.3206137583963347 21.0 
565.0015581062912 79.06572156301439 14.0 0.605808331131203 21.0 
566.0023833944429 74.01921522028337 14.0 0.9134699563997287 21.0 
567.0001182586714 76.95783521318937 14.0 0.5321144138243211 21.0 
568.0014135704117 76.67613059450609 15.0 0.5321144138243211 21.0 
569.0001198037784 79.57790839189336 14.0 0.6653492437437354 21.0 
570.0009422274435 76.8448601308238 13.0 0.7333271519194435 21.0 
571.0052474217925 65.49737038755464 21.0 0.5102339494442024 21.0 
572.0040318815174 65.52050430824234 17.0 0.5268717767337259 21.0 
573.001370306922 71.5451747216848 15.0 0.5378835292768063 21.0 
574.0017517013878 81.88584894371337 13.0 0.4032115412080894 21.0 
575.000650950259 93.09499998280413 10.0 0.4589612719457203 21.0 
576.0007377542971 96.97644776485237 10.0 0.48871418234789055 21.0 
577.0014780056657 96.20611348286896 9.0 0.5133581820987998 21.0 
578.0005760431475 97.57615316211255 9.0 1.0738059017504786 21.0 
579.0024428631839 98.9500089522218 9.0 1.6438245491934946 21.0 
580.005102408748 103.40104974679565 9.0 1.187162415397976 25.0 
581.0030017585797 105.8844519517908 10.0 0.7733611319825355 37.0 
582.0020190159541 105.75151472682435 13.0 1.113230273898853 34.0 
583.0001844712909 102.17987380703771 15.0 1.2953919730666519 28.0 
584.0015538014998 104.56862322709902 17.0 1.5318311693809086 28.0 
585.0040760961359 84.81242284478053 54.0 2.6473180663999942 30.0 
586.0009316100313 71.12317571054979 44.0 2.5373720008828773 29.0 
587.0037321612767 66.45867394388412 31.0 2.7190493609895294 26.0 
588.0010165750474 68.3974951377283 27.0 2.596095731510627 28.0 
589.0026770248777 69.9029518120036 22.0 2.957759935776522 24.0 
590.0028020258582 75.57037880424427 18.0 4.745585939339086 32.0 
591.0009289464687 80.55563118322407 17.0 3.7455462420309438 39.0 
592.0002196835375 83.53060094706913 16.0 4.712320443062481 37.0 
593.0005665949072 86.0291282851368 15.0 6.124794054160688 30.0 
594.0026770248777 87.49603328224804 15.0 5.4824658181667 30.0 
595.0008651540102 93.44607113924233 15.0 7.899731716815302 29.0 
596.0021691980298 96.61979475303608 15.0 7.122848155752953 31.0 
597.0023069425391 97.99287673554369 15.0 5.566571138149828 38.0 
598.0031178110546 97.39082175837608 15.0 6.961979282892654 32.0 
599.0019391458228 98.47595796224782 15.0 7.384342236810123 31.0 
600.0039730230185 101.16919646837263 15.0 8.293391722340482 30.0 
#####################################################################
# End of data export. Simulation finished at: 2019-02-22T07:07+0000 #
#####################################################################
