#####################################################################
# Alchemist log file - simulation started at: 2019-02-22T06:52+0000 #
#####################################################################
# seed = 139.0
#
# The columns have the following meaning: 
# time distance-rep[Mean] leader-rep[CountDistinct] distance-share[Mean] leader-share[CountDistinct] 
0.0 NaN NaN NaN NaN 
1.0040949759126652 0.0 246.0 0.0 245.0 
2.005976915301771 0.0 150.0 0.0 160.0 
3.0010056174641235 0.0 100.0 0.0 139.0 
4.000498777902383 0.0 73.0 0.0 111.0 
5.000660513607937 0.0 60.0 0.0 107.0 
6.004523986045606 0.0 52.0 0.0 102.0 
7.000040698786782 0.0 46.0 0.0 98.0 
8.002814094410681 0.0 41.0 0.0 96.0 
9.003030774126586 0.009850364436429077 36.0 0.0 92.0 
10.000127724033904 0.08539457288875865 32.0 0.0 91.0 
11.001017768409199 0.0992792108952534 28.0 0.0 90.0 
12.002165413259174 0.21619428717427366 27.0 0.0 87.0 
13.002814094410681 0.5401088263393669 25.0 0.0 87.0 
14.001792817371301 0.6469070761489119 23.0 0.0 86.0 
15.00166677145397 1.133244833864873 22.0 0.0 85.0 
16.000359809618104 2.300794944837448 22.0 0.0 84.0 
17.000664220788536 2.969930203375703 22.0 0.0 82.0 
18.002494239767252 3.4930046912486743 22.0 0.0 80.0 
19.000383908420915 4.344120872167973 21.0 0.0 79.0 
20.001228363408963 4.955023259134736 20.0 0.0 76.0 
21.00146740279205 6.17369810177066 19.0 0.0 73.0 
22.00041941260995 7.520731964429189 19.0 0.0 71.0 
23.00281409441068 8.179500893444937 19.0 0.0 70.0 
24.001809381634434 8.913240000823645 19.0 0.0 70.0 
25.00195315794526 9.286353528898102 17.0 0.0 65.0 
26.0005770152063 9.123259726783909 17.0 0.0 65.0 
27.00049948713059 9.522123687720482 17.0 0.0 63.0 
28.000773054338474 8.985633463592803 17.0 0.0 62.0 
29.003130384908502 9.17669595320584 17.0 0.0 60.0 
30.000497634487775 9.60774536923067 17.0 0.0 57.0 
31.001092203959427 9.913638072763884 17.0 0.0 56.0 
32.00643214611316 9.152363391274232 16.0 0.0 55.0 
33.0000829424563 9.036541130201938 16.0 0.0 54.0 
34.00029798822142 8.90418062971909 16.0 0.0 54.0 
35.000546976718454 7.378622492963323 16.0 0.0 53.0 
36.00048157756022 7.905187998622385 15.0 0.0 53.0 
37.00258846411873 7.891242598808534 15.0 0.0 53.0 
38.002330906740546 8.493590281772452 15.0 0.0 53.0 
39.003414910999275 9.185556783532247 15.0 0.0 53.0 
40.00195249953702 9.486332788997688 15.0 0.0 53.0 
41.00453421676284 11.405465301816507 14.0 0.0 49.0 
42.00069727451577 13.933424327812121 13.0 0.0 49.0 
43.00281409441068 15.03507640475295 11.0 0.0 48.0 
44.000735636520865 16.107268915998556 11.0 0.0 47.0 
45.000067729942444 15.949474193543281 10.0 0.0 45.0 
46.00092015617965 15.855857702224965 10.0 0.0 45.0 
47.00012099721051 16.258229070179702 8.0 0.0 45.0 
48.00281409441068 15.876402408194195 8.0 0.0 45.0 
49.00082598374544 15.87688235312335 8.0 0.0 45.0 
50.00033078316408 17.006625950540716 8.0 0.0 44.0 
51.000058003166714 14.159331783332204 37.0 0.0 43.0 
52.00192109934885 14.904303942161112 25.0 0.0 43.0 
53.00281409441068 13.066319929756514 22.0 0.0 42.0 
54.00349118351264 12.589002802148899 19.0 0.0 41.0 
55.001085629423024 13.724113783827852 16.0 0.0 40.0 
56.000483403139725 14.757132654308705 15.0 0.0 40.0 
57.00050861680055 15.71199774989112 14.0 0.0 41.0 
58.001481994863 18.377662539196145 26.0 0.0 38.0 
59.00238378317911 18.366316987074683 26.0 0.0 38.0 
60.00248223066818 19.636434717269125 22.0 0.0 38.0 
61.002940131955135 20.09467925975188 27.0 0.0 38.0 
62.00253542655174 20.38354191155276 32.0 0.0 36.0 
63.00281409441068 20.085336260000588 25.0 0.0 36.0 
64.00175425382399 21.253368210631397 22.0 0.0 36.0 
65.00147526739099 21.719025270558927 21.0 0.0 35.0 
66.0012274237551 23.79219664193437 18.0 0.0 35.0 
67.00002735016167 24.91497340628379 18.0 0.0 35.0 
68.00170515810323 26.728652140470977 18.0 0.0 35.0 
69.00017039390276 28.623701469716906 18.0 0.012374928409231252 34.0 
70.00223677389334 32.28249734200809 18.0 0.0 33.0 
71.00184032158506 33.81782949871946 18.0 0.0 32.0 
72.0063695338745 36.02467063121195 17.0 0.0 32.0 
73.00167246079582 37.38120366355336 16.0 0.0 31.0 
74.00576849564152 38.70718681331404 18.0 0.0 31.0 
75.00007874835248 40.90377664305318 17.0 0.0 31.0 
76.00147843160062 41.89512407921997 17.0 0.0 31.0 
77.00051099234544 43.170910608596905 15.0 0.0 30.0 
78.0002393776255 45.14430343644367 16.0 0.0 30.0 
79.00072081279116 45.03177718757753 16.0 0.0 30.0 
80.0013168176048 46.74167284846421 16.0 0.0 30.0 
81.0015493729697 47.16332328150449 16.0 0.0 30.0 
82.00336074717858 47.05323131862379 16.0 0.0 30.0 
83.00022327946168 46.77165968841808 16.0 0.0 30.0 
84.00263829958979 46.494408493343485 17.0 0.0 31.0 
85.0000930016852 47.623032497220215 17.0 0.0 31.0 
86.00348347291614 47.35480763135058 18.0 0.0 31.0 
87.00103783025473 48.31503006036222 16.0 0.0 31.0 
88.00029532699492 46.08271241751594 16.0 0.0788062230814343 31.0 
89.00089486246617 44.61065636160394 16.0 0.0671512211718511 30.0 
90.00248223066818 43.67784350292394 16.0 0.0638855966204441 30.0 
91.00276811963886 44.828560064474964 16.0 0.05215578962002808 30.0 
92.00130065676194 44.13015887513114 16.0 0.05215578962002808 30.0 
93.00070942653426 43.428699826133474 16.0 0.04323718238300766 29.0 
94.00103786827493 44.13413476320975 15.0 0.02837794711343461 29.0 
95.00248223066818 44.23316354798895 15.0 0.035411954927820975 29.0 
96.00012452600797 44.61617477698975 14.0 0.035411954927820975 29.0 
97.00142122858277 44.68700852009781 14.0 0.035411954927820975 29.0 
98.00024042438145 43.9018339201346 14.0 0.027048422773244252 29.0 
99.00023445845054 44.75310954955417 12.0 0.027048422773244252 28.0 
100.00248223066818 45.45102275797512 11.0 0.027132786458858225 29.0 
101.00189277221365 45.0858917999239 11.0 0.030069128414193624 29.0 
102.00069271398637 43.307489405996776 14.0 0.025075981806839336 28.0 
103.00281409441068 38.93212218608005 19.0 0.025075981806839336 29.0 
104.00108406971748 31.803822706651193 18.0 0.025075981806839336 29.0 
105.00002696942211 30.993542642296166 16.0 0.040261823588439924 29.0 
106.00016199725395 33.06006162529759 18.0 0.05475684563885525 30.0 
107.00183193656032 36.9106851109507 14.0 0.05475684563885525 30.0 
108.00095658463901 35.64131138775584 14.0 0.05475684563885525 30.0 
109.00061030947573 36.77576106339907 14.0 0.05475684563885525 32.0 
110.00248223066818 37.16802185195612 13.0 0.08627146417404356 33.0 
111.00453421676283 36.9537911991294 12.0 0.0031007279090349616 36.0 
112.00018432869848 36.599257625234515 13.0 0.0031007279090349616 34.0 
113.00228604817885 35.238010188749385 13.0 0.012680276158049378 34.0 
114.00101989618811 34.72792304930333 13.0 0.012680276158049378 34.0 
115.00045806019347 34.750007341927855 13.0 0.025240830600784567 34.0 
116.00051759076798 34.71888938382451 13.0 0.025240830600784567 34.0 
117.0010132806745 34.59667651275723 13.0 0.025240830600784567 34.0 
118.00091454861096 32.86270705957374 13.0 0.03491552356563308 33.0 
119.00103356212774 32.78750401659167 13.0 0.0474066264178509 32.0 
120.00105379608505 32.937189270240864 15.0 0.0474066264178509 32.0 
121.00396476399932 28.72119517352569 14.0 0.0474066264178509 32.0 
122.00167366127565 28.237655798200183 14.0 0.057162835782171725 32.0 
123.00109939821336 26.86273954815927 14.0 0.0465748915907112 32.0 
124.00617724198891 26.8718161546551 13.0 0.04454552187390753 32.0 
125.0024040155603 28.297333664882885 12.0 0.06642871608898283 32.0 
126.00153349286877 28.958366215370404 12.0 0.15903661946055647 32.0 
127.00025966518466 30.632263642305062 12.0 0.27560970948363833 32.0 
128.00274651418272 31.3094682023957 11.0 0.25199989285168956 32.0 
129.00446972391362 31.95128746745033 11.0 0.5807973523075376 32.0 
130.00061511103962 32.3913734012992 10.0 0.51418902311986 34.0 
131.00133055625858 31.721623468809703 10.0 0.6431052998887333 35.0 
132.00029840609147 32.22236088696985 10.0 0.5988795071818606 34.0 
133.00137829767183 31.898458992586406 11.0 0.6853388207833543 35.0 
134.0015048951009 32.68670194042281 11.0 0.7004763920142147 33.0 
135.0024822306682 32.65618627806786 9.0 0.5955263229466313 32.0 
136.0022132054154 33.07771834901945 9.0 0.4576297406319844 32.0 
137.00039948266033 33.35074358791203 9.0 0.4579341006072529 30.0 
138.00274155155165 31.231689476088512 10.0 0.4990062236029675 29.0 
139.00000049640886 30.233067072077 11.0 0.8278025135767344 29.0 
140.0024822306682 27.912310515410454 13.0 0.8059384294394294 29.0 
141.00124004667902 22.298990526367117 13.0 0.9988024446732372 31.0 
142.01382134540668 20.781837624917596 13.0 0.7168935402679002 31.0 
143.00030039793762 18.95453153873539 13.0 0.7272120374738152 31.0 
144.00082420143752 19.124461161887357 13.0 0.6878274449117106 45.0 
145.00216389780448 19.421191778935572 13.0 0.7048264538706318 32.0 
146.00105573873026 19.780140603322973 13.0 1.280294230352832 32.0 
147.0011790503971 18.971980494734066 13.0 1.386550521644314 35.0 
148.00016270359484 17.706453010457377 13.0 1.6072313874343525 48.0 
149.00063568376135 16.713557008176547 15.0 1.7356645351655626 34.0 
150.00117808419466 17.877104188949172 15.0 1.7737978029632948 30.0 
151.00453421676283 18.094213777373703 15.0 1.8169413014744742 30.0 
152.00208239644576 19.652444539870267 14.0 1.6878669584895707 30.0 
153.00281409441067 19.42562127368253 13.0 1.6469042058030923 40.0 
154.00040420987517 18.722235115255465 13.0 1.6832394286665324 39.0 
155.00229521776095 18.80475500441573 13.0 1.880368094470399 31.0 
156.00034891080145 18.104319676430567 13.0 2.1673870955992505 30.0 
157.0022745553249 18.340301932198553 13.0 1.759437541080527 37.0 
158.00270564264284 18.736698982786255 13.0 2.0194247010546036 41.0 
159.00168362237363 18.739109195656233 13.0 2.21318956585586 34.0 
160.0011926504738 19.583841008370037 12.0 2.52660729915995 31.0 
161.00008312402602 19.76489480213073 12.0 2.649689352524165 29.0 
162.00021735939808 20.017044669564847 12.0 2.516444125481097 29.0 
163.0015041416027 19.48688353893632 12.0 3.0077423788615096 27.0 
164.00031198769244 19.013803785485972 12.0 3.0142740444543827 25.0 
165.0003028957873 20.73671831994108 12.0 3.197699921025381 26.0 
166.00453421676283 21.962924658254554 11.0 3.5693965622340316 32.0 
167.00011040416427 24.45606671162826 11.0 3.3774860556375725 28.0 
168.00281409441067 26.384792769535892 11.0 3.16127344307176 28.0 
169.00845194329892 26.484614527783982 11.0 2.757633975094629 28.0 
170.00061384792815 27.153284692761883 11.0 2.6283887061434603 26.0 
171.0036576420652 27.51528290494795 11.0 3.002199205940046 26.0 
172.00039792192686 28.36545427808727 11.0 2.9556702027090767 26.0 
173.00170758538297 29.144816253377233 11.0 2.699757274811713 25.0 
174.0010291219616 28.366346997347215 10.0 2.954737759415622 26.0 
175.0024822306682 27.891343027072057 10.0 3.004348397885838 28.0 
176.000545607639 27.72712139527004 10.0 2.690040011626734 25.0 
177.0018584481229 28.1586838358737 10.0 2.7173245336060647 25.0 
178.00205708807368 28.769110959361825 10.0 2.55200725569852 25.0 
179.0001216392804 28.567489473942846 9.0 2.436131364644138 25.0 
180.00028139066268 28.105219583842832 9.0 2.199013622139295 25.0 
181.00229606132737 28.3455513767529 9.0 2.4176114110843336 25.0 
182.00041777088657 28.183587153694596 9.0 2.2047560102197346 25.0 
183.00076713076328 28.75754854645394 9.0 2.4487330239754113 25.0 
184.00295635590916 28.660402276514525 11.0 2.4366149141755806 25.0 
185.0024822306682 28.40990421010709 11.0 2.4301375530260745 25.0 
186.00064161460668 27.80637492514313 10.0 2.034819940045525 25.0 
187.00303967332312 27.162287017432053 11.0 2.633217859591646 25.0 
188.00013219165987 26.98515145118168 12.0 2.556753899682801 25.0 
189.00130601947646 26.892506702531037 12.0 2.1595005301643186 25.0 
190.00193229437002 26.323729913451555 12.0 1.7395838820510556 25.0 
191.00154995293994 25.174169264573308 11.0 1.4667651329552136 25.0 
192.00457972469707 24.607477721864907 11.0 1.1127736354194377 25.0 
193.00281409441067 25.682494184642724 11.0 0.986817656560083 25.0 
194.00055588705155 26.294456425480533 11.0 0.8451226897754622 25.0 
195.00220500549938 26.532610521238567 11.0 0.878969085758859 25.0 
196.00083187998905 26.722912168413853 11.0 0.7724156636689083 25.0 
197.00203189631216 27.499325100526008 11.0 0.7516088149693481 25.0 
198.00051242896413 28.28349638112675 11.0 0.8274912391970175 25.0 
199.00004764018172 28.314375264519146 11.0 0.8961282180951726 25.0 
200.0024822306682 28.586196962421216 11.0 0.7758178805192589 26.0 
201.0007913169991 28.4223108949579 12.0 0.7592472275539949 25.0 
202.00244130523396 28.48530028622001 12.0 0.7173032236144827 25.0 
203.0022344600513 30.256430312483506 12.0 0.8611553815787718 25.0 
204.00011756873195 30.12764651894415 12.0 0.9722390214310636 26.0 
205.0000618488685 31.75990635564774 12.0 0.965141159013792 26.0 
206.00421650575637 32.20518774929384 12.0 0.8341757461878944 26.0 
207.00006676577806 32.532850706870654 12.0 0.9048024391604359 26.0 
208.0010601044928 32.927801098101504 12.0 0.7428121179846847 25.0 
209.0030795113531 32.71711032218975 12.0 0.6080453029135742 28.0 
210.00008369607045 32.67377680563234 13.0 0.5217278135082161 25.0 
211.0001497046567 31.345815136487136 13.0 0.596755303651993 23.0 
212.00118700821568 29.595075094769154 14.0 0.6028322655408606 25.0 
213.00281409441067 30.15539817463864 14.0 0.5519306241627255 25.0 
214.00064360889377 31.015961662355647 13.0 0.566524986036933 25.0 
215.00172159426646 32.44401489285343 15.0 0.5515025494286149 26.0 
216.00212481938823 31.169407684822833 14.0 0.6625187810589023 25.0 
217.0020035763485 30.17132379475024 15.0 0.6309046417563352 25.0 
218.00179997356665 32.55670875621866 15.0 0.6815899443101081 25.0 
219.00126174307567 32.84526618913329 14.0 1.1927991226643189 25.0 
220.00171927747894 29.521859296984488 14.0 1.259165821692525 25.0 
221.00258851241412 28.30745116942885 14.0 1.0622879672940344 24.0 
222.004739828224 26.66262985419684 14.0 1.020501939278553 25.0 
223.00275182096644 25.89119750765832 14.0 0.8825104464642074 25.0 
224.00157884199888 25.464570135325687 14.0 0.9800686607152411 25.0 
225.0024822306682 27.23009184536234 14.0 0.9189074227606104 25.0 
226.0002691515638 27.29083203281789 14.0 0.8880198439279107 25.0 
227.00378313366417 28.05681751039478 14.0 0.9586044533986666 25.0 
228.00045681570813 27.41377497581897 14.0 1.0562431186368357 25.0 
229.00158091130282 27.433308939657326 13.0 1.485305204457144 24.0 
230.00005061491916 24.102551895695047 13.0 1.2407093799765636 25.0 
231.00055131762184 27.42335656247949 13.0 1.0577255336379645 26.0 
232.00029542989523 27.578568769027957 13.0 1.8434745056218966 26.0 
233.00024136389797 27.166264437234325 13.0 1.5521646498512691 27.0 
234.00015058201254 26.572157957157458 13.0 1.511032979514125 27.0 
235.0024822306682 26.34476486081013 13.0 1.7038271226241968 26.0 
236.00171298352478 25.51775736796304 13.0 2.0107996350143265 25.0 
237.00298448566238 26.016482193449885 13.0 2.190163641134827 24.0 
238.00053596297764 26.236120663204694 13.0 2.348402052588641 24.0 
239.00695105107548 26.696994275723277 12.0 1.9029695383148535 25.0 
240.0017139183069 27.827522026322463 12.0 1.9847072021348517 26.0 
241.000909316449 28.238133598454912 12.0 2.3829766349260626 25.0 
242.00040829369385 34.91803166252055 14.0 2.9918385051304828 24.0 
243.00281409441067 34.61333085898617 13.0 1.9883142790350417 25.0 
244.0099826072894 33.95983934161067 15.0 1.7182492222793633 27.0 
245.00009360721708 32.86171537231406 15.0 1.8651320717240134 27.0 
246.00160993328134 31.793793021866847 14.0 1.965242984287881 24.0 
247.00142891330623 32.00404639241217 14.0 2.0410450305713317 27.0 
248.00281409441067 32.48361999055086 14.0 1.3871808382555153 35.0 
249.00114553390858 33.90665786612608 13.0 1.6492001929566178 29.0 
250.0006977505267 34.23129009115957 14.0 1.6112664546763131 26.0 
251.00045558595374 37.05037027877062 15.0 1.2962743418724125 26.0 
252.0009492078693 37.4612091871692 15.0 1.553320084087172 26.0 
253.00043676299597 39.90813897216332 15.0 2.3634480216537055 27.0 
254.00181315607907 40.685962127055 15.0 2.931001982735699 28.0 
255.00001143192097 41.42204968463887 15.0 2.847592739636312 28.0 
256.0001091683201 40.53109946559658 15.0 2.7145013953658657 28.0 
257.004585346719 39.62249968226719 15.0 3.0641262794554636 28.0 
258.0008879222451 39.660294185889605 15.0 3.6013684772057064 28.0 
259.000669427157 41.79174524501052 15.0 4.024238161558563 27.0 
260.0002445200633 41.1362876306428 15.0 4.678291237363201 28.0 
261.0035399076806 41.07662013932335 14.0 4.401334523860344 27.0 
262.00125402938215 40.03728668335847 15.0 4.850684654874077 29.0 
263.00281409441067 40.43244782560229 15.0 2.4348606201615812 34.0 
264.00062787840204 40.56291119333668 16.0 1.9336385933892863 31.0 
265.0024822306682 39.432451023307976 20.0 2.8005466358158024 31.0 
266.00382035216006 38.85821118633929 17.0 2.471927694157171 30.0 
267.00147058596474 42.000922593170635 17.0 2.7906463942820072 28.0 
268.00281409441067 41.62892857183657 17.0 2.3626139620128956 29.0 
269.0001462314878 42.31036553808055 17.0 2.9974641474941772 32.0 
270.00130288304433 41.717888822331915 17.0 1.5270802471754552 30.0 
271.00141941855236 43.09222976293849 17.0 1.9536083102876607 30.0 
272.00307140552667 43.169806270062004 16.0 2.190721934916388 28.0 
273.00281409441067 44.121478250100736 17.0 2.7605167544635005 29.0 
274.0004245877381 39.70633330459475 18.0 2.346185334433974 28.0 
275.00201243402836 39.04882804307905 17.0 2.2104911766156223 27.0 
276.00012152594866 38.41971895418482 17.0 2.425476096660035 27.0 
277.01068396000915 37.42822610505163 16.0 2.0777529128036596 27.0 
278.00192398753626 37.701693473946 16.0 2.0394612317517664 26.0 
279.00208653118443 37.65692788215476 14.0 1.8728119300510682 26.0 
280.0024822306682 35.34541914194157 14.0 1.8985188198924827 26.0 
281.000196699459 34.363017848567154 15.0 1.6227382252178966 27.0 
282.0033949079084 34.43006906388635 15.0 1.8463830581248502 27.0 
283.00281409441067 32.42964223141085 15.0 2.261573113543385 27.0 
284.0002212454084 32.00936692633586 15.0 2.073389013301937 28.0 
285.0024822306682 27.446543973132876 15.0 2.184766904556056 28.0 
286.0017257007095 26.134486052545032 15.0 2.6314571526050443 29.0 
287.0003868985148 26.980553658975758 15.0 2.553368832083743 29.0 
288.0025542160948 27.152584171352537 15.0 2.4117415370163267 29.0 
289.00112536926457 28.35868466892253 14.0 2.36112836193437 28.0 
290.00206743481823 29.574831612335025 14.0 1.8753152113831062 27.0 
291.00146032489783 28.35720221455202 13.0 1.7812655490234894 28.0 
292.00290918618344 30.49380938971569 13.0 1.7169895277150435 28.0 
293.00275167509454 31.16911975553468 13.0 1.6040190773889862 26.0 
294.00269157694737 31.24857430139527 15.0 1.403280602091299 26.0 
295.00026575005796 28.71134993362123 14.0 1.199805777688136 26.0 
296.00394564791463 31.385988421005397 15.0 1.0754546369555646 25.0 
297.0074492975527 32.65915152728168 14.0 0.9613721849869511 26.0 
298.0019985262995 29.061116305190914 15.0 1.1870589164519012 25.0 
299.0017616837045 25.832954169608126 16.0 1.1887828514040744 25.0 
300.001132650953 26.001281680421336 15.0 1.060587662538805 24.0 
301.00153006454053 24.60254924642942 15.0 1.1169821597303646 23.0 
302.00326190123843 26.051738595827167 15.0 1.0844930467214131 23.0 
303.00281409441067 26.599804434202387 15.0 1.1191434902505355 23.0 
304.00856541518505 26.976104976153284 15.0 1.125051100342329 23.0 
305.0014976828417 26.810051535139888 15.0 1.1246410516974525 23.0 
306.00256339114054 24.489218159600604 15.0 1.238181388382274 23.0 
307.0020611502181 25.195318468811983 15.0 0.9256040650168412 24.0 
308.0010027391884 25.63343609171372 14.0 0.6231440212244734 24.0 
309.0011098997479 26.740848188655207 14.0 0.33161711214576023 24.0 
310.0024339346363 26.781493545142524 14.0 0.41129344277426216 24.0 
311.00126301571845 29.114739470290324 13.0 0.3679139821344698 25.0 
312.0010969353998 29.777247243538312 15.0 0.45497825755000953 25.0 
313.0001547896464 32.00929366107802 16.0 0.5679586509451058 23.0 
314.00078714352475 31.90743122369037 16.0 0.5146803500684718 23.0 
315.00160399584587 30.82019671290932 15.0 0.5696074955530585 23.0 
316.0011752980489 30.095049021818 14.0 0.4654159267681544 23.0 
317.0006745734216 29.80705643996147 13.0 0.4456938335607248 23.0 
318.00281409441067 30.51765914656316 12.0 0.6798817172808997 23.0 
319.00252863167293 31.92897764312747 12.0 0.7889316570559857 23.0 
320.0004052384392 32.94204281872929 12.0 0.744576235283115 22.0 
321.00094159505556 33.24592808456364 12.0 0.31417068333404374 22.0 
322.0024823790201 34.70393871151065 12.0 0.2999354029039209 22.0 
323.00281409441067 36.64377228651846 12.0 0.13462652551187276 22.0 
324.0022703687927 36.78651020553183 12.0 0.030482046417951884 23.0 
325.0024822306682 36.905733041066455 12.0 0.030482046417951884 23.0 
326.0012075342854 37.382556582492185 12.0 0.045223648635318615 22.0 
327.00125177595265 38.624556342134554 12.0 0.045223648635318615 22.0 
328.00281409441067 42.06195258470849 12.0 0.06806956115730643 22.0 
329.0015504163196 44.62755512206088 12.0 0.1469246437522503 24.0 
330.0010902497836 45.07710646902698 12.0 0.1469246437522503 24.0 
331.0011117196832 45.5723386515248 12.0 0.16159526103136795 24.0 
332.0001609188229 45.72177823202336 12.0 0.1828456768516253 24.0 
333.000040235773 47.84075700458629 12.0 0.22071303625214103 24.0 
334.0017517399008 48.10964519424411 12.0 0.3511609916656461 24.0 
335.00225782062597 47.5449781343521 12.0 0.4477165253029983 24.0 
336.0021286975947 47.07825552007412 13.0 0.31372861611238906 26.0 
337.000430121435 46.28636017902241 13.0 0.14693050355387205 27.0 
338.00281409441067 49.38349013597753 14.0 0.5141165322834471 26.0 
339.0008800051784 48.272464898781095 13.0 0.5712364550118867 26.0 
340.00164871369066 44.86583252389874 13.0 0.44650738870983714 26.0 
341.00453421676286 45.74002621624433 12.0 0.694947321292795 25.0 
342.00027846169274 46.2271267633777 12.0 0.7822443684349627 26.0 
343.0017756485875 47.01418328423087 12.0 0.7878871135498936 25.0 
344.00170702328234 46.8747194850002 12.0 0.9136869482450866 25.0 
345.0024822306682 47.08208240045525 12.0 0.8638129705405021 25.0 
346.00453421676286 47.67404356418111 12.0 0.9448402047627921 25.0 
347.005347923905 47.32361646053103 11.0 1.4997630930570744 24.0 
348.0002012223528 47.367417730607436 11.0 1.580631955237757 24.0 
349.00037185005283 48.208792080368276 11.0 1.3209420460817367 23.0 
350.0005636597813 46.509571209387566 14.0 1.6113585834986974 24.0 
351.0001224697638 38.34713080110331 31.0 1.3687575525455586 24.0 
352.0039737010328 37.55963600990515 22.0 1.3477144715619644 29.0 
353.00281409441067 34.70586286899804 20.0 2.6968869779834983 26.0 
354.0021980442812 32.73535939717158 20.0 3.413089107836825 27.0 
355.00131939379855 32.250990179813265 20.0 4.062310862676651 26.0 
356.00084326460535 31.79030097898504 20.0 3.3849109112755933 26.0 
357.0006824756013 32.28681588514827 18.0 3.794869972141059 29.0 
358.0007146545905 33.49722041684809 17.0 6.999137676724137 26.0 
359.00233615278466 33.4895030818065 17.0 7.492307339074192 27.0 
360.0024822306682 33.88302629158879 17.0 7.051202350557294 30.0 
361.000359227119 34.218732670013054 17.0 6.892218533695631 32.0 
362.00050652586725 35.05152522119061 17.0 7.878407872809054 27.0 
363.0006145572583 37.07523304956531 17.0 9.065652188587398 30.0 
364.0010425501748 37.31287590552595 17.0 9.320197682455351 27.0 
365.0013374923047 37.20323181153793 17.0 9.025915929505107 27.0 
366.0007635602332 37.28713171385059 17.0 8.811277990108163 27.0 
367.0021648085664 37.42943530625712 17.0 8.506098498131498 26.0 
368.00281409441067 39.48145392235363 19.0 8.500087634161405 26.0 
369.00271959238376 36.67134168163441 18.0 8.231216858352587 26.0 
370.0024822306682 37.77418309399905 18.0 8.822056049854426 26.0 
371.00118239219466 37.82591878331367 18.0 8.303998745106227 26.0 
372.00030708156027 39.481981807719215 18.0 7.759109996284989 26.0 
373.00056785948004 41.86904741982972 19.0 8.804744685362744 25.0 
374.0029807124449 42.69793982756586 18.0 8.022859767825853 24.0 
375.0024822306682 41.96026320182527 19.0 8.454375624791766 25.0 
376.00008544339045 42.74543181025084 18.0 9.137223914190832 25.0 
377.0013089944991 41.95056177735255 18.0 8.59636133992828 34.0 
378.00184824102575 43.0064409800479 18.0 6.073193278172286 60.0 
379.0057511027309 45.6462500077707 18.0 7.0179642222517895 34.0 
380.00233505887314 46.76018280892859 17.0 9.12565284986267 34.0 
381.00061471348687 49.58424286828299 17.0 10.223254983809237 36.0 
382.00248881576425 49.46496049874145 17.0 7.643831024553074 63.0 
383.0007648294342 47.61353467789455 17.0 7.854008765970648 48.0 
384.0017272993108 48.62174386562628 16.0 11.78362471252303 35.0 
385.00003458384987 48.4536390531564 16.0 12.440107858231139 31.0 
386.00093656307297 47.43727254296524 16.0 11.887624381299718 41.0 
387.004499557824 46.71883750013239 16.0 9.3198566699291 66.0 
388.00014861447596 44.4675502168532 16.0 12.188904568381675 31.0 
389.00118387163263 44.27115860970754 16.0 13.463555718399638 30.0 
390.0004150927338 43.10406620318331 16.0 12.950929779525186 31.0 
391.00453421676286 42.67819983661924 16.0 10.238105814222436 68.0 
392.00082626789197 42.38795093806209 16.0 12.567225643495423 32.0 
393.00174262897497 40.765477501749984 17.0 12.954176398482081 31.0 
394.0002961982188 40.554386590088825 17.0 12.408446213838793 33.0 
395.0016365109769 40.394743283117165 17.0 13.3787604069319 28.0 
396.00174692670055 39.88480704553286 17.0 13.19908105983485 27.0 
397.00117578291236 40.084471747240286 17.0 12.254501852170595 34.0 
398.000082616353 39.2630022033542 17.0 9.721148792737468 76.0 
399.0029054661256 40.1339085950236 17.0 13.449184218945529 32.0 
400.0018370243302 40.335381245008215 17.0 12.190383572299423 32.0 
401.0011331831226 40.08172848180523 17.0 11.880672685545264 32.0 
402.0048479768092 39.60420466567298 17.0 10.362802808944789 73.0 
403.00281409441067 38.18418171499013 16.0 12.524070232738001 49.0 
404.0081580378629 38.57244119821849 16.0 15.771662238685435 34.0 
405.0024822306682 38.79784564567225 16.0 17.5064792147893 32.0 
406.0003971378647 39.27844734433834 15.0 15.028774855406176 33.0 
407.0009729430457 39.276138754494944 15.0 13.400481206887175 31.0 
408.00136175896955 38.16310011596115 15.0 10.992043672091949 50.0 
409.0026407502214 39.636889219478384 15.0 11.744896854302686 40.0 
410.00054218923594 39.75304698836491 15.0 11.850926683624968 32.0 
411.00170274043256 40.81645676381597 15.0 11.499510326709764 34.0 
412.00137441938205 40.91125259375399 15.0 7.416110988271373 55.0 
413.0018913056093 39.95575963998999 15.0 7.704528823109624 52.0 
414.0026165297104 40.81794613483539 14.0 8.4141649822387 37.0 
415.00086671899146 39.99448878724135 14.0 7.776163479882251 34.0 
416.0012515279576 38.9224123167899 14.0 6.987040319366128 55.0 
417.0006417746058 39.18960620492536 13.0 7.961396902330555 33.0 
418.00281409441067 39.64576384078086 13.0 8.833269755261353 31.0 
419.0049755475092 39.2300149279505 13.0 8.382843860716328 33.0 
420.00054653115575 37.88631706668212 13.0 7.448791201007698 49.0 
421.00453421676286 36.89797490843532 13.0 7.570450004101282 39.0 
422.00353011561305 36.830423658887035 13.0 7.980117152107299 33.0 
423.00281409441067 35.471966558228 14.0 6.813594834773562 34.0 
424.0033292049474 33.823935208992566 16.0 7.330075125916753 38.0 
425.0009869931102 33.636636846360155 15.0 6.715024289270695 40.0 
426.00039949212174 33.05314539121272 15.0 7.300451712019592 30.0 
427.000487424893 30.992029897840595 14.0 7.076981008283889 30.0 
428.0007033468857 28.383149048283215 14.0 6.401002440036855 36.0 
429.00055278892563 29.036962057255522 14.0 6.627066595891867 40.0 
430.0020776890029 29.51730062316921 14.0 7.718154926508342 27.0 
431.00022094184186 29.2357331855381 14.0 7.452908992436824 29.0 
432.0009575073848 29.90044603012242 14.0 7.403635057695118 30.0 
433.00170450579236 29.539548620200907 14.0 6.414918300308842 38.0 
434.00318838739213 29.428894476142013 14.0 5.53271941813112 29.0 
435.0024822306682 29.579783421600126 14.0 5.504193183654804 30.0 
436.00017849350564 23.075301414477316 22.0 5.215476116675221 29.0 
437.0043651626238 19.536063062227303 24.0 5.1499473191173335 35.0 
438.0005567679464 17.485610889588898 26.0 4.6025351737141476 26.0 
439.00071303468746 15.77032813201833 21.0 4.539775023343583 29.0 
440.0016608093879 13.507292608003567 20.0 4.294515643302012 26.0 
441.0001309283921 12.68828783165392 20.0 3.6348772461280143 33.0 
442.0023653417028 12.569481090639018 19.0 3.9729635755766797 25.0 
443.00116666434684 13.141004029415031 17.0 4.253005078875115 25.0 
444.0026483341087 13.3533507178724 18.0 5.003579235710373 25.0 
445.0024822306682 12.341486244028 15.0 4.795948238437249 24.0 
446.00453421676286 12.008858726799053 14.0 4.755049628591975 31.0 
447.0003640589822 12.403659567378378 14.0 5.219973035363935 25.0 
448.00281409441067 13.023411266797146 14.0 5.220770379343432 27.0 
449.00172144574816 13.347280478320693 14.0 4.721858073362868 24.0 
450.00008546789104 13.466244146772759 14.0 4.108452795278673 24.0 
451.00141633652754 13.413947486077157 14.0 3.986520272431295 26.0 
452.002019151077 13.246566507195478 14.0 4.492693898159831 25.0 
453.0022330981731 13.333957809260747 14.0 4.027207742578164 25.0 
454.00550335449987 13.912624321827971 14.0 4.08026406974758 25.0 
455.001249892684 14.17735973650443 14.0 3.9014462868039077 27.0 
456.0024978763558 14.067066985354256 15.0 4.039674051070945 24.0 
457.0025307577108 13.574477059674825 15.0 4.2718643880458735 23.0 
458.00077429569234 13.780484008122786 15.0 3.713390619715907 23.0 
459.00332490438956 14.296657805830424 14.0 3.5223911986042995 24.0 
460.0001365232097 14.578810936898039 14.0 4.092725059785879 26.0 
461.00381744720227 14.82624991248671 14.0 4.076053440644571 25.0 
462.0033284528824 15.25821048320898 14.0 4.026404806982764 25.0 
463.002537917352 15.55305227772074 14.0 3.603712673844968 24.0 
464.00342212974914 15.675158511585018 14.0 3.0408591646531367 30.0 
465.00105428315857 15.743087499002874 14.0 2.983951353312654 24.0 
466.00231552066873 15.510955569274646 14.0 3.702696286032773 25.0 
467.0012852717837 15.8067812187716 14.0 4.2955881679639 25.0 
468.00281409441067 16.400570010649886 14.0 3.5228139106411165 30.0 
469.00387568087746 16.737517706670975 12.0 3.8247229058229277 29.0 
470.00013627865826 16.890365410010496 12.0 4.7352281444971815 26.0 
471.00221680833897 16.716283408077928 12.0 5.021233877999451 25.0 
472.000451121915 16.984701554900315 12.0 4.335955616321927 23.0 
473.00094346489925 17.327044080138943 12.0 3.8838305016892103 23.0 
474.0009055969544 17.276969822442883 12.0 3.9877189500197217 25.0 
475.0003705070889 17.05653886693546 12.0 3.9678146706407316 27.0 
476.0017535389996 16.63725543627951 13.0 5.242988480728797 29.0 
477.00263583673353 16.196828239507497 14.0 6.006481887528082 27.0 
478.00040813409504 15.341090741814883 15.0 5.127658763582257 27.0 
479.00018244097134 14.507999413986155 15.0 5.982744516839867 27.0 
480.00216010249557 15.179866197536672 15.0 6.029620107966371 25.0 
481.0017963411032 14.752346685439566 15.0 6.0007232601288445 29.0 
482.002126317721 13.710199702742916 16.0 5.796120077060501 26.0 
483.0008619369009 13.287543690860428 16.0 6.130983839411757 27.0 
484.0028889810603 13.241761136962237 15.0 5.308151542115576 27.0 
485.00042805927615 13.546058827663614 15.0 5.995453997430693 27.0 
486.0007495083137 13.581639645331405 15.0 6.428382994905261 26.0 
487.00007044236986 14.674031720005994 15.0 6.295662451242796 25.0 
488.00158438659946 15.39283566130254 15.0 5.732816227922378 26.0 
489.004858715533 15.445061181159346 15.0 5.88697857022698 26.0 
490.0017913985723 16.533638171726302 15.0 6.076141368210038 24.0 
491.00056463957986 16.407775783452127 15.0 5.44382749161886 23.0 
492.0019492801032 16.31401827255995 15.0 4.919824428428208 26.0 
493.0004643119728 16.956851206348404 16.0 4.956356282862653 26.0 
494.00018651109076 16.524138515241475 16.0 5.388613000748752 26.0 
495.0024822306682 16.6672311553238 15.0 4.9126791054019705 26.0 
496.00453421676286 16.30738547524403 15.0 4.892922579391422 24.0 
497.00177152119113 16.745065713754993 16.0 4.102125117043341 24.0 
498.00281409441067 19.53513276359953 15.0 3.804795223882839 22.0 
499.0068717453168 20.46968688946606 14.0 2.7584298180937368 22.0 
500.00001714257223 20.347418596569547 14.0 2.0417773058816557 21.0 
501.0011324460464 19.768533594447575 14.0 1.666150028745237 22.0 
502.0010169242287 20.021096035732235 14.0 1.653748470579311 22.0 
503.0003686690149 21.65143777685482 14.0 1.4915364746107238 21.0 
504.00082361352554 22.28774180172371 13.0 1.3127122882761897 21.0 
505.0024822306682 21.931315020760422 13.0 1.302885871124084 21.0 
506.0012452611588 22.07790658926136 13.0 1.4347452672389875 21.0 
507.0046176530458 21.49265922093426 13.0 1.447414897939295 21.0 
508.0020761542768 23.34878437177568 13.0 1.5294262477490352 21.0 
509.0018465691628 24.601182374417107 13.0 1.6020089247192912 21.0 
510.0024822306682 24.807610009038218 13.0 1.3553502811227631 21.0 
511.0000421548589 26.53471070244601 13.0 1.3033643627162876 21.0 
512.0026848715572 27.076819123767265 13.0 1.1495168286698705 21.0 
513.0028140944107 29.07493183690759 12.0 1.00808750065019 21.0 
514.0004269175105 29.557400214413345 12.0 0.9927654738001892 22.0 
515.0009053500571 29.754432786447016 12.0 0.5416265517026698 23.0 
516.0026940248932 27.85167687400833 13.0 0.32248134554209235 24.0 
517.0027577163944 28.9443245047365 14.0 0.3167613253047344 24.0 
518.0017729161066 27.889767004647187 14.0 0.19759166848435356 23.0 
519.0012320855424 27.43332795581385 14.0 0.20722580818301523 23.0 
520.0010576422358 26.928411759474937 13.0 0.38514334143902257 24.0 
521.0045342167629 27.570755284263402 13.0 0.3590326515213425 27.0 
522.0020874080265 28.951188599349887 13.0 0.43445415513670854 27.0 
523.0028140944107 30.246009185516236 13.0 0.3431743759359338 25.0 
524.0026792814625 32.67991434579562 13.0 0.4071927431270407 25.0 
525.0024822306682 32.71500052249358 13.0 0.4819403962280032 25.0 
526.0003220095924 33.287305493082 13.0 0.41700554124212785 25.0 
527.0057137938879 33.18633013816172 13.0 0.36941565838800644 25.0 
528.0010621184049 33.667651276054585 13.0 0.45992887496202617 25.0 
529.0033864252235 33.175903957510734 13.0 0.5481593066646164 25.0 
530.0014879542831 32.6622058249187 12.0 0.6791397843365259 25.0 
531.0003124658011 31.80392351053415 15.0 0.6832801489717865 25.0 
532.0003868800093 30.971538054813987 15.0 0.8644547164848305 25.0 
533.0028140944107 30.963166028520224 14.0 0.9610160284528203 24.0 
534.0042619229189 30.871601977190835 13.0 0.9896432616399942 24.0 
535.0010017445312 31.425453502777206 13.0 1.2433276582942547 24.0 
536.0017648656445 32.01946072260732 13.0 1.244297551468047 24.0 
537.0004777280705 31.930910893760014 12.0 1.2039635357027374 24.0 
538.0027326216193 30.745463901439066 12.0 1.3362421057789278 24.0 
539.0012684622986 30.78659840579611 12.0 1.3295004982455987 24.0 
540.0024822306682 30.770471353692667 13.0 1.0714266488959974 24.0 
541.0027758164529 30.697025186517173 12.0 0.9160283184962643 24.0 
542.0006274019212 30.08973099145495 12.0 1.0759491658823097 24.0 
543.0011943288911 28.88065115626415 12.0 1.045104257172432 24.0 
544.0002617279342 28.594494921118 12.0 1.1299949287445505 24.0 
545.000834572902 28.391497119925333 11.0 1.2217531153471375 23.0 
546.0003030719834 28.713804867770243 11.0 1.2173961202527595 24.0 
547.0000672873783 29.166144842752985 11.0 1.1386022991576985 24.0 
548.0001475352009 27.7974761441568 11.0 1.179363707617561 24.0 
549.0006917892714 28.07448732936704 11.0 1.1716755868515878 24.0 
550.0024822306682 27.751559234360705 11.0 1.474153279504598 24.0 
551.0010569739025 27.86816884937533 10.0 1.7664463984918142 24.0 
552.0034977864246 27.685403385260063 10.0 2.0242068048493613 24.0 
553.0028140944107 26.843344550992 10.0 1.9785457087849951 24.0 
554.0002983093474 27.175776763205057 10.0 2.0796117204361524 26.0 
555.0018243250082 26.556910827013546 10.0 2.512755307379566 24.0 
556.0029024701503 26.741881487870486 10.0 2.7543149575892207 25.0 
557.0012030593947 26.845249609258023 10.0 3.008574115573924 25.0 
558.0001564899652 25.15741600564372 10.0 2.339140384500452 25.0 
559.0005036927153 25.7579174641801 9.0 2.483437830530232 25.0 
560.0016691457715 25.78592958055928 9.0 2.928506156857855 25.0 
561.0007750530574 25.783034138428118 9.0 2.9764279819039205 27.0 
562.0010139967312 25.662918694862096 9.0 2.7538157022554426 26.0 
563.0002341328008 24.872155366275376 9.0 2.9156582405566995 26.0 
564.0001471103463 24.540643634251957 9.0 2.827575598457275 26.0 
565.000265373652 24.61481562430248 9.0 2.7467013085827743 24.0 
566.0002710214867 26.18562365496783 9.0 2.581451459327018 24.0 
567.0029036341523 26.565913474492618 9.0 2.48768647121757 24.0 
568.0028140944107 27.229793737856014 9.0 1.9445730543020077 23.0 
569.0002502587869 27.526066014139168 9.0 1.7942816228585794 23.0 
570.0001063085663 28.03268954116079 9.0 1.6346036995552655 23.0 
571.0019028813829 27.141391768678584 9.0 1.7251018823372135 22.0 
572.0000941890572 26.2350464527101 9.0 1.447137245976048 23.0 
573.0012272508243 23.53325585457261 9.0 1.4818424348992596 23.0 
574.0007749152355 23.397508533597996 9.0 1.4525698273821441 23.0 
575.0010885171198 22.613712202032012 9.0 1.2559914125019849 23.0 
576.0014207631305 22.547059230568337 13.0 1.3766642975366403 23.0 
577.000774016632 21.88631366317942 15.0 1.4822594461336713 23.0 
578.0009161128754 20.55091540555238 12.0 1.3530961052604575 24.0 
579.002078695646 19.287490694584587 13.0 1.4870097527328887 24.0 
580.0024601483326 19.04489881937207 12.0 1.0629811398502689 24.0 
581.0030825707519 18.712058292488706 12.0 1.120233290314448 24.0 
582.0001622679068 18.596840503985025 11.0 1.1568438718343688 24.0 
583.000331952635 18.150228088259553 11.0 1.0175634078340416 23.0 
584.0051512739269 17.686200432562334 11.0 0.9936906956031006 25.0 
585.0024822306682 17.589321773980554 11.0 0.7804236701316323 27.0 
586.0000964694708 17.868512532357673 11.0 0.9172869284677286 25.0 
587.0005403786927 17.93054365015203 11.0 0.8720506861076124 24.0 
588.0001782322946 18.300868461331525 11.0 0.9442879910767296 25.0 
589.0033352203322 18.68066222347747 11.0 1.2306182779105281 26.0 
590.0024822306682 18.720168904884527 11.0 1.2059424193108592 27.0 
591.0008727852942 18.76981374771483 11.0 1.1306621055102695 24.0 
592.0021681596832 18.74366846339018 11.0 1.1806800304934297 25.0 
593.0028140944107 19.500199323316227 11.0 1.3492497750667805 24.0 
594.0000763729981 19.89241380998164 10.0 1.5088700244165132 27.0 
595.0005136271775 21.044760632785827 10.0 2.08651800525123 25.0 
596.0000108920744 21.885089075956877 10.0 2.5661616858496235 24.0 
597.001935246409 22.690286818113407 11.0 2.4824972138060146 24.0 
598.000899895732 22.726125872363568 11.0 2.356013688776363 24.0 
599.0050966159977 22.217549986005345 11.0 2.465490864247483 24.0 
600.001280809334 21.827222607776232 11.0 2.1175493509530776 24.0 
#####################################################################
# End of data export. Simulation finished at: 2019-02-22T06:55+0000 #
#####################################################################
