#####################################################################
# Alchemist log file - simulation started at: 2019-02-22T06:36+0000 #
#####################################################################
# seed = 66.0
#
# The columns have the following meaning: 
# time distance-rep[Mean] leader-rep[CountDistinct] distance-share[Mean] leader-share[CountDistinct] 
0.0 NaN NaN NaN NaN 
1.0035563111310264 0.0 224.0 0.0 223.0 
2.0034033437917067 0.0 139.0 0.0 144.0 
3.0011136813528854 0.0 93.0 0.0 126.0 
4.000248665922102 0.0 75.0 0.0 107.0 
5.000771254002827 0.0 58.0 0.0 100.0 
6.000586216032762 0.0 53.0 0.0 94.0 
7.006927356193579 0.0 43.0 0.0 92.0 
8.001220827517464 0.0 38.0 0.0 89.0 
9.000080008392002 0.0 34.0 0.0 86.0 
10.001169206110514 0.012656955828667866 33.0 0.0 85.0 
11.00415964853231 0.08383987816345705 30.0 0.0 84.0 
12.000122487538343 0.58250696526464 28.0 0.0 82.0 
13.00014022047479 0.9638353713905766 27.0 0.0 82.0 
14.000623790952902 1.6168134757396597 25.0 0.0 79.0 
15.001977305391913 2.7030091456701415 25.0 0.0 77.0 
16.00169724840184 3.8884644514468327 24.0 0.0 73.0 
17.0003924560471 4.10639840425649 21.0 0.0 71.0 
18.001704538518997 4.740777180471232 22.0 0.0 71.0 
19.000452175860385 4.721207960049988 21.0 0.0 71.0 
20.001010240485126 5.695317251931868 21.0 0.0 71.0 
21.0018846743409 5.70319073853423 20.0 0.0 71.0 
22.001630971159006 6.168255973558616 20.0 0.0 70.0 
23.001704538518997 6.075677870072052 20.0 0.0 68.0 
24.00180885726076 6.496195543383131 20.0 0.0 66.0 
25.002986567740233 5.842468388516146 20.0 0.0 66.0 
26.000168167259325 5.823129738925546 20.0 0.0 66.0 
27.0015423494559 5.60988488035493 20.0 0.0 66.0 
28.001122330014606 5.7783991033889235 20.0 0.0 63.0 
29.0023261415625 5.6904586884727815 20.0 0.0 61.0 
30.00006881469882 5.9401218115464 19.0 0.0 58.0 
31.000392854207746 6.136551622427293 19.0 0.0 55.0 
32.001334412283924 6.64881106722889 19.0 0.0 55.0 
33.00170453851899 6.712779770267979 20.0 0.0 55.0 
34.00359437889815 6.20629711288604 20.0 0.0 54.0 
35.00123393598091 5.994081954347334 19.0 0.0 53.0 
36.00069995379046 6.772721706924391 18.0 0.0 52.0 
37.00052556482222 6.29775808334885 18.0 0.0 53.0 
38.00010744440874 5.942636490934095 17.0 0.0 53.0 
39.00132766368382 6.160099822688237 15.0 0.0 52.0 
40.005306942228074 6.57839668019448 14.0 0.0 51.0 
41.00055347709366 6.492695023315785 14.0 0.0 49.0 
42.00231548615259 6.5905213021674465 15.0 0.0 49.0 
43.001311262343386 7.242572864140279 15.0 0.0 48.0 
44.00026428924749 7.675905900271507 16.0 0.0 48.0 
45.002618919181984 8.34777755937872 16.0 0.0 48.0 
46.00173666098295 8.863401127775848 16.0 0.0 46.0 
47.00661308117964 9.82078276727391 16.0 0.0 45.0 
48.00170453851899 12.179170396533888 16.0 0.0 42.0 
49.00697046344532 13.333861866252235 16.0 0.0 42.0 
50.00142900321103 13.328296278098987 16.0 0.0 41.0 
51.00075956216597 14.524552774856806 16.0 0.0 42.0 
52.00016302308317 15.938739688759778 15.0 0.0 41.0 
53.00170453851899 16.69835575492287 15.0 0.0 40.0 
54.000663316843784 18.64653777871975 14.0 0.0 39.0 
55.00157886567023 20.595615628183754 12.0 0.0 39.0 
56.001993535288264 22.05405649806246 12.0 0.0 38.0 
57.000000969153845 24.863220826221745 12.0 0.0 38.0 
58.00170453851899 27.846410333245668 12.0 0.0 38.0 
59.00053059715397 28.786017850241777 12.0 0.0 38.0 
60.00081135101504 29.797248987731745 11.0 0.0 37.0 
61.00144930981443 29.96122828805072 11.0 0.0 36.0 
62.00033601684773 30.305446009078224 11.0 0.0 36.0 
63.00170453851899 31.407081259160304 10.0 0.0 35.0 
64.00535604738452 31.491161362843528 10.0 0.0 35.0 
65.00058415233362 31.4460747298301 10.0 0.0 35.0 
66.00159854872 31.34779342339021 10.0 0.0 35.0 
67.00037575032495 31.83594390904193 10.0 0.0 35.0 
68.001704538519 32.83351993083454 10.0 0.0 35.0 
69.00770401133833 32.85749499118471 10.0 0.0 35.0 
70.0003249875411 30.193260584331043 14.0 0.0 36.0 
71.0032785812102 26.6497616668866 14.0 0.0 36.0 
72.00271061848844 22.618472752103003 12.0 0.0 34.0 
73.0000434779987 19.12635244494564 13.0 0.0 34.0 
74.00169800695856 13.817055343376117 13.0 0.021771601861225065 34.0 
75.00371187436744 14.624199010083716 13.0 0.0272118473338571 33.0 
76.0002194276093 13.955959165342142 13.0 0.012338934985892969 33.0 
77.00005050127318 14.63925893178763 17.0 0.012338934985892969 33.0 
78.00015095742181 15.882385633358771 15.0 0.012338934985892969 33.0 
79.00605614885826 15.830365600295215 14.0 0.012338934985892969 33.0 
80.00170076265955 17.161397048063623 13.0 0.005071292152492068 33.0 
81.00040853548784 19.33523889736304 12.0 0.005071292152492068 32.0 
82.00336683969824 20.108942863646536 12.0 0.01984256086383881 32.0 
83.00125719652233 21.293686264733175 12.0 0.01984256086383881 32.0 
84.00406876284872 22.066602392034895 12.0 0.003772263697759975 32.0 
85.00252762292415 22.68001789950689 12.0 0.0 32.0 
86.00312307026861 24.0768473298239 12.0 0.0 31.0 
87.0007672589574 24.833601073401258 12.0 0.010744927640659431 31.0 
88.00072311024707 24.8553732424013 12.0 0.010744927640659431 31.0 
89.00163710013481 25.02858396884733 12.0 0.010744927640659431 30.0 
90.0046353270259 24.534639820287502 12.0 0.02844271204214404 29.0 
91.00163737402163 24.67060078699113 12.0 0.04943670909665319 29.0 
92.00452392455914 25.143589746269335 12.0 0.0683384705338707 29.0 
93.001704538519 25.549991112401067 11.0 0.0683384705338707 29.0 
94.00031654077456 24.71234415964831 11.0 0.08326892280166154 29.0 
95.00031784620205 24.8073782480075 11.0 0.17246575939054426 28.0 
96.00070664635598 25.20558956450129 11.0 0.4031985887404288 27.0 
97.00036831393143 24.638928031539173 11.0 0.42578024282611215 27.0 
98.00075196278145 24.176062194670198 11.0 0.40289567870814236 27.0 
99.00355089278032 23.141044317770202 12.0 0.40937437799124377 28.0 
100.00135428756094 23.17794339631286 12.0 0.3500620696559698 28.0 
101.00066961519146 24.392220128112996 11.0 0.31075777133756005 28.0 
102.00045366325446 24.51440050318992 10.0 0.5273053119325716 28.0 
103.001704538519 24.806012513245435 10.0 1.7300377544613006 28.0 
104.00153354301604 24.273609988239013 10.0 1.8674933561940876 28.0 
105.00572816424574 24.631326214230956 9.0 1.7819980116534653 28.0 
106.00104788736542 24.066486505291813 9.0 1.2576498691613207 27.0 
107.00054263661694 25.107650891586516 9.0 0.900524097711978 27.0 
108.00011513247527 25.067649606108052 9.0 1.0397945862161282 27.0 
109.00459747533232 24.33822496664868 9.0 1.0417716250468199 27.0 
110.00576057275697 23.758729453490883 10.0 0.7490767962755507 27.0 
111.00152245183757 20.022570245065292 12.0 0.6910624346758136 27.0 
112.00031164328868 19.879854459380823 10.0 0.5185477884576104 27.0 
113.0005075052433 20.459880011001935 10.0 0.3530319814362401 26.0 
114.00021548057897 20.824206911242268 9.0 0.41968822945287604 26.0 
115.00140813996833 22.731400347387623 9.0 0.48074874653500727 26.0 
116.00076731483405 25.161886463503528 9.0 0.34617473012181604 26.0 
117.00087011389 26.434864840423483 9.0 0.36247754655524694 26.0 
118.001704538519 26.10218653149937 9.0 0.3518545864524119 28.0 
119.00829228022285 26.125774529401134 9.0 0.3674535571350398 28.0 
120.0018689874973 25.577993600265902 9.0 0.32812112788712533 27.0 
121.00090255720067 26.74888422639451 9.0 0.3169031268807389 27.0 
122.00036152309603 26.60544313229906 9.0 0.31907174542466676 26.0 
123.001704538519 25.802934033173734 8.0 0.2085358115423096 25.0 
124.00481735333945 25.301645692018912 12.0 0.12307733102673032 24.0 
125.00576057275697 24.543616608699413 15.0 0.0 28.0 
126.00162022907617 23.0916216726226 17.0 0.0 26.0 
127.00274007360467 23.53722873341081 16.0 0.0 25.0 
128.001704538519 22.35336425112204 14.0 0.0 25.0 
129.00791970192728 21.984345922291038 14.0 0.0 24.0 
130.00576057275697 22.492279315447636 13.0 0.0 24.0 
131.00351665712094 21.42468292065702 13.0 0.0 24.0 
132.00253762575466 23.174201382459383 13.0 0.0 24.0 
133.00129114426716 23.550274283051507 14.0 0.0 23.0 
134.00180659273065 24.54464372610971 13.0 0.0 23.0 
135.00081392307314 24.716609478591444 13.0 0.0 24.0 
136.00016359183888 24.90088684384841 13.0 0.0 23.0 
137.0051444065501 24.65153279557435 13.0 0.020987516369196817 23.0 
138.001704538519 22.582680445521685 13.0 0.0 23.0 
139.00408422081804 22.359145960408224 13.0 0.051949509660259484 23.0 
140.0001469020022 21.75454552834567 14.0 0.051949509660259484 23.0 
141.0025856512159 21.15871784841977 16.0 0.051949509660259484 24.0 
142.00062741363814 20.55884183557333 15.0 0.051949509660259484 24.0 
143.00118601900468 20.768825100904813 14.0 0.03563180759401664 24.0 
144.0005482526293 20.286991801212455 14.0 0.03563180759401664 24.0 
145.00025793701445 18.085124504778058 19.0 0.03563180759401664 24.0 
146.0022512737716 14.073558385456263 19.0 0.03563180759401664 24.0 
147.0042793561968 13.400855076664508 18.0 0.03563180759401664 23.0 
148.0000667667514 16.769109809320316 17.0 0.0 24.0 
149.00147217044278 17.96286002445238 16.0 0.0 30.0 
150.0012591613856 18.41979915968678 16.0 0.0 27.0 
151.00060796096406 19.537551103575574 14.0 0.0 24.0 
152.00324127182375 20.12516159262655 14.0 0.0 24.0 
153.001704538519 19.93326411934154 14.0 0.0 24.0 
154.00111216359758 20.497918637668697 14.0 0.0 27.0 
155.00137234646132 21.977229815358996 14.0 0.0 27.0 
156.0023905185416 23.35635913826883 15.0 0.0 25.0 
157.00068573674656 25.223270217464304 15.0 0.0 24.0 
158.0014985707939 24.05010925927174 15.0 0.0 28.0 
159.0061402709332 22.542741259493216 15.0 0.0 25.0 
160.00102028549864 21.401371923726092 15.0 0.0 26.0 
161.0000595713974 20.265184220659336 15.0 0.0 25.0 
162.00125324152634 16.817767831187115 15.0 0.0 24.0 
163.001704538519 16.041932051999733 15.0 0.0 24.0 
164.00060724389255 14.879373793402793 15.0 0.0 24.0 
165.0008756268975 15.128346674660671 15.0 0.0 25.0 
166.00071173004056 15.40465140516299 15.0 0.05434235519456523 24.0 
167.00311907361424 17.106913262913665 15.0 0.12445668421149748 24.0 
168.00052065343021 17.883858357872285 15.0 0.09297238360691103 24.0 
169.00875842212054 19.059107047358356 16.0 0.07981050705820014 28.0 
170.00139172798524 19.972356191816857 15.0 0.07787591153576014 26.0 
171.00113746223053 19.03137587822263 15.0 0.008605658775740928 24.0 
172.00463831235527 19.381637407301405 15.0 0.026990260043082782 26.0 
173.001704538519 18.279594865788315 14.0 0.07815042027753946 27.0 
174.00226004833394 18.44897062462609 15.0 0.0 27.0 
175.00184830807024 18.504444199754023 15.0 0.0 25.0 
176.00074870094545 18.60256961343152 13.0 0.0 25.0 
177.0008539322765 19.554542473399728 13.0 0.0 25.0 
178.001704538519 19.61079843598937 13.0 0.0 32.0 
179.00290159890056 17.198934921648437 16.0 0.0 30.0 
180.00062251700786 15.560401477208883 14.0 0.0 26.0 
181.00023331352594 12.290964532525937 14.0 0.0 29.0 
182.00016429869552 11.925514649074579 19.0 0.02603083907354769 26.0 
183.001704538519 13.599029867570213 20.0 0.02603083907354769 29.0 
184.00230610167446 14.574942761221763 19.0 0.02964675254723134 35.0 
185.00155132844245 14.5067779572477 19.0 0.14930577026873593 33.0 
186.00264782849715 14.825217422210718 19.0 0.038935100565884014 30.0 
187.0008438320478 15.116313654576391 19.0 0.0545877159920109 28.0 
188.001704538519 18.90498092134116 18.0 0.06684275662730307 27.0 
189.0018404907278 18.953553322617974 18.0 0.06684275662730307 27.0 
190.0014619518028 19.394145561163906 16.0 0.07985474011498661 27.0 
191.00017000555493 19.64998994278344 17.0 0.08549795806938269 27.0 
192.003251690169 19.4647249988941 15.0 0.0822846845845446 26.0 
193.001704538519 19.7586411210851 16.0 0.10177199883571691 26.0 
194.00188219319145 19.47656159356363 15.0 0.08829632054539929 26.0 
195.00174379708915 19.135642378371344 15.0 0.10128592293306367 31.0 
196.00220781103945 19.42863517309247 15.0 0.127559172372257 29.0 
197.00119322702602 19.19051909357388 15.0 0.14280558736476273 29.0 
198.001704538519 20.11417013816463 15.0 0.14280558736476273 29.0 
199.00334492081353 19.92490902660562 16.0 0.1452863164318262 28.0 
200.00127445419932 20.12676759954954 17.0 0.16989285029138695 27.0 
201.0014487646691 19.33869917091397 17.0 0.15304740525143762 27.0 
202.00268531967126 16.768967487417942 16.0 0.07468393730520433 27.0 
203.001704538519 16.234005004962356 16.0 0.08862565768797166 27.0 
204.00875842212054 16.20329727895371 16.0 0.10083234127415192 26.0 
205.00059082558005 17.53421474427557 15.0 0.1304188072630728 25.0 
206.00286256472342 17.72237935658915 15.0 0.1593602419607581 25.0 
207.0002094165469 18.22511458848712 15.0 0.1791637688059199 25.0 
208.00112024125858 17.72854375345757 15.0 0.20223371552920444 25.0 
209.00162388801033 17.54149881875909 15.0 0.24796092296057734 25.0 
210.00166344136065 17.80101006122615 15.0 0.3034900478376427 25.0 
211.0013373803359 18.96637421206701 15.0 0.3796403596738758 24.0 
212.0005864976901 20.71072975542261 15.0 0.436776740227646 24.0 
213.001704538519 22.35502245955784 15.0 0.470060858931387 24.0 
214.00067126634067 23.47292773600757 15.0 0.6020648899333564 24.0 
215.0017597132905 24.350484659831952 14.0 0.6835316399690592 24.0 
216.0012034658268 25.25799137702425 14.0 1.4056886539183997 25.0 
217.00016633047952 25.804370444414513 14.0 1.5083581313690415 25.0 
218.00124235641576 26.212929863353363 14.0 1.5477078573073477 25.0 
219.00030299697508 27.169073374490498 14.0 2.2467052239022016 28.0 
220.00131833822672 27.24305562079032 14.0 1.8963449784036293 30.0 
221.00446537136293 27.5794040260035 14.0 2.0317845516683364 35.0 
222.0006090433277 27.88496548386296 14.0 2.05000877511257 36.0 
223.001704538519 28.474065323977445 14.0 2.24821661443482 31.0 
224.0024407987365 28.53966193275534 14.0 2.2798124278151377 30.0 
225.000468257763 29.08592347451393 14.0 2.31101304560605 28.0 
226.00438856441414 28.827319385364152 14.0 2.6450239810694134 29.0 
227.0097096468541 30.70829249045731 14.0 2.885064470240828 29.0 
228.001704538519 31.641612648274123 14.0 3.1780676504630456 29.0 
229.0009762999706 31.58324750137241 14.0 2.8154000883344437 30.0 
230.00194617539483 31.79350578685124 14.0 2.653316516823915 29.0 
231.0041960927701 31.8737261102877 14.0 2.986508532887364 29.0 
232.00038110568747 31.974759389911593 14.0 2.725236284256326 29.0 
233.0000331815418 32.73429061249761 13.0 2.547924097654023 29.0 
234.00332719675788 32.90130620260238 13.0 2.1086561226455527 28.0 
235.0018150309759 32.848540115096924 12.0 1.8680153643803463 29.0 
236.00106568986916 32.53671299569439 12.0 1.8465828886577116 33.0 
237.00039267775387 32.65387514226794 12.0 1.7754749097611633 29.0 
238.0014507748714 34.20507728234604 12.0 1.695636602684312 28.0 
239.00098151069827 33.998388376088876 12.0 1.6343160527009029 34.0 
240.00328681771884 34.009703879118135 12.0 2.0140463268412767 37.0 
241.00115118271793 34.08736856347389 12.0 2.2648457312195434 33.0 
242.00045948073128 34.285770937288575 13.0 2.2933606030353366 31.0 
243.00019534524031 35.39778562435884 14.0 1.9856828064448209 32.0 
244.0011889173 33.40790892867954 16.0 2.3784838288013925 32.0 
245.00165585378755 31.446644600332007 15.0 2.9835023099996585 32.0 
246.0006599142846 29.657384369980143 15.0 2.9548347044651124 31.0 
247.0004336898129 27.595334199248985 15.0 2.8328087516371494 37.0 
248.001704538519 26.637360828261507 15.0 2.957867906319259 55.0 
249.00086288957434 26.69887214899153 15.0 3.470989593466364 41.0 
250.00290321114014 26.117171301077125 16.0 3.9810841934693273 42.0 
251.00106397403675 26.412853100573383 15.0 4.198767260779204 37.0 
252.00229741219337 25.920060803603988 15.0 4.357293631491707 36.0 
253.0012662327382 25.586234452598834 15.0 4.327021517772705 34.0 
254.0000425950367 25.63075407888529 15.0 4.051792418279863 50.0 
255.00144690054702 25.567538429925776 16.0 4.7399422575602275 42.0 
256.0007359595914 26.000973604333954 16.0 5.756851768380819 39.0 
257.00101933466937 27.308182199355663 15.0 5.842681601477036 40.0 
258.00090816864645 28.388561704324914 15.0 6.186768040147914 39.0 
259.0019481561708 28.30192019207949 15.0 6.115479097036739 34.0 
260.00082187925125 27.78736112680616 15.0 6.191138107014567 36.0 
261.00168356451763 28.49970839817264 15.0 6.529891271159413 35.0 
262.0027574788883 29.44799997329647 15.0 6.437689009022066 33.0 
263.00137005367765 30.669564060350538 15.0 6.161511587557913 32.0 
264.0016568174766 30.081792417129783 15.0 5.966025785587101 32.0 
265.0003796457935 30.18250101332307 15.0 5.828598681109156 32.0 
266.00427806817356 30.7547646922437 15.0 4.584249023755467 32.0 
267.0014177866894 31.185438683731352 15.0 4.231292236586451 32.0 
268.001704538519 32.58032655687475 15.0 4.367479388702306 32.0 
269.0008820267495 34.18946214951422 15.0 3.4234788746751805 32.0 
270.0011193210195 34.8291353213422 15.0 3.730167068489025 30.0 
271.00022256611516 36.03858788914043 15.0 3.1261711607617175 30.0 
272.0049913987117 35.582363480029194 14.0 3.147188407980105 30.0 
273.00031805622694 37.116583517765065 13.0 2.4412237892279136 30.0 
274.0044102224028 37.347853636924626 13.0 2.091054363856285 30.0 
275.0009511834902 37.93038334960454 13.0 1.679933740184389 30.0 
276.00381788760615 38.24445201391229 13.0 1.5986315927992854 29.0 
277.002021209924 38.03367513162053 13.0 1.5560751910745294 29.0 
278.001704538519 39.40057441549717 12.0 2.720217565675465 29.0 
279.00034798452464 39.18035183210555 12.0 3.0432763359152504 29.0 
280.00021697102875 40.09513701719785 13.0 3.139297006388812 30.0 
281.0009559275004 40.04534111595407 13.0 3.381546459215879 29.0 
282.0001409247767 40.28074427343469 13.0 5.2472188409139955 29.0 
283.001704538519 38.297702954055616 14.0 6.280607237589884 29.0 
284.0000597864671 37.977490812874144 14.0 6.356180790549637 29.0 
285.00308219390473 37.94698964253925 14.0 5.4811278750942325 29.0 
286.0012141272497 38.54961832218832 14.0 6.140775283418635 29.0 
287.001163132174 38.838973642859 14.0 5.323170751000866 29.0 
288.001704538519 38.367549290430254 14.0 5.270210247119218 26.0 
289.00624234083983 38.23717183396621 14.0 4.562143429685307 27.0 
290.00025145034226 38.406306104951945 14.0 5.28489544251945 25.0 
291.0006613377615 38.90919624772831 13.0 5.3035828479497304 25.0 
292.00051833672796 39.07388724486192 12.0 5.379223365394492 24.0 
293.001704538519 38.63345936777187 11.0 4.100333762267907 35.0 
294.0023566015549 38.65895964377887 11.0 2.454440106574997 43.0 
295.00045546643344 38.71955334763178 11.0 3.665014776851799 36.0 
296.00148354239815 38.66778773308273 11.0 5.841700537432496 31.0 
297.01204995073755 38.48514593904647 12.0 5.788277056601619 33.0 
298.001704538519 38.947894104628176 12.0 6.953777037457743 33.0 
299.00211852135885 38.699212234099654 12.0 7.784366667846106 32.0 
300.00198151412445 38.714439669104095 12.0 6.1209440464667875 27.0 
301.00492980196327 37.78359841710099 14.0 7.586343464810409 27.0 
302.00051343346286 37.30087711560404 13.0 6.847073524830623 27.0 
303.001704538519 34.39552872476174 13.0 6.545869234446951 27.0 
304.0005970229391 32.833348931633296 12.0 6.657795815919329 26.0 
305.0010592923812 32.17021102169896 11.0 6.9234700245845024 24.0 
306.000972492163 31.14683427822446 11.0 6.748709082926762 23.0 
307.0047806703804 30.81618122219031 11.0 7.4696166928478425 23.0 
308.000693634119 30.865546946248415 11.0 6.89763785183597 25.0 
309.00002084496253 31.180491399733086 11.0 6.9060537061570635 25.0 
310.00395849871586 30.963718853564348 11.0 6.720450239789924 23.0 
311.00129549358405 30.351477342177887 11.0 6.260545629933019 23.0 
312.00067088834857 30.832045426453107 11.0 6.003218150291335 24.0 
313.001704538519 31.11772453496463 11.0 6.044325825014544 23.0 
314.00614988631565 30.927936318742255 11.0 4.871994936252822 23.0 
315.0041128293417 30.800838969894915 11.0 5.332470368343225 23.0 
316.0006740196874 30.116509471489653 11.0 4.1193285135724595 23.0 
317.00213778882136 30.32454817555602 12.0 3.6971593350496064 23.0 
318.0010864962388 30.896042700016455 12.0 4.180533972760024 23.0 
319.0001612912803 30.36085448958871 12.0 3.958376882164817 23.0 
320.00217972631555 29.5466729422107 12.0 4.864646802810104 23.0 
321.0003494732489 29.51827407098839 11.0 5.026957894537006 23.0 
322.0019330301639 29.09904720463609 12.0 5.95743712459547 24.0 
323.0002069969676 29.206222594108315 12.0 6.903878779333694 24.0 
324.00185469586324 29.65035851983423 11.0 6.888114725881997 25.0 
325.00098238726207 29.587789421257256 12.0 7.093297574101733 25.0 
326.0005776760595 29.487358459873814 12.0 7.425663731255125 25.0 
327.0034151803434 28.898689959564578 12.0 7.542561031842116 24.0 
328.001704538519 28.723562181538576 12.0 7.472342415829642 25.0 
329.0011672515984 28.48368799775884 12.0 5.593632888876667 27.0 
330.00009165805125 29.00217681733859 12.0 7.446442812819944 26.0 
331.00171209584937 29.254459802227164 13.0 7.102426308805225 27.0 
332.0027012466656 28.941607083751922 13.0 5.47672420360205 27.0 
333.001704538519 26.871543253153238 13.0 4.902664032741067 27.0 
334.00454940632136 27.158954838457156 13.0 4.486647893165619 26.0 
335.00040302574615 23.69990555549107 14.0 4.456198526956267 28.0 
336.0033504007111 21.705561889290458 14.0 4.2543739653243335 28.0 
337.00156810109473 19.67378289047454 14.0 4.015952422331832 26.0 
338.001704538519 20.29558558041511 14.0 3.322843396348297 26.0 
339.00006564372916 23.53997760100521 14.0 2.8843504599456553 26.0 
340.003452290663 25.384820637632682 14.0 2.7978791918218238 27.0 
341.0026599802258 27.06906730474114 14.0 2.6909258335503936 32.0 
342.0013623988633 27.691148070661548 14.0 2.0964492383921614 30.0 
343.001704538519 26.764202858033922 14.0 1.5512248730320142 29.0 
344.0030915444306 27.74893552254188 14.0 1.2757531399023099 28.0 
345.00187724392634 28.391907720807488 14.0 1.2260720471190232 28.0 
346.0026231986065 29.803096203027355 13.0 1.2073001070568934 28.0 
347.02288066714243 32.52183059789869 12.0 1.1790189981736396 28.0 
348.00019651805377 32.668577881751574 14.0 0.9912305099923722 28.0 
349.00875842212054 31.559012825274912 14.0 0.8393334324846212 28.0 
350.00144950659427 30.919177256126034 13.0 0.8635847954913294 28.0 
351.00156694823187 30.54875323229701 13.0 0.9036872601099704 28.0 
352.0004321238259 30.050137760031618 13.0 1.0591920019257812 28.0 
353.001388095879 29.85052205761566 13.0 1.020547608654946 28.0 
354.0036103546524 29.6558491375415 12.0 1.0393446733728033 28.0 
355.00105703125024 28.530120040084828 12.0 0.9602101308535465 27.0 
356.0042943785426 29.056711278710765 12.0 0.9509770004860275 27.0 
357.0029540835134 27.56560516830053 13.0 0.9377307446374528 27.0 
358.001704538519 27.713287694676616 14.0 1.3327389185547085 26.0 
359.0049023337925 25.919510905313317 15.0 1.4423021162922822 26.0 
360.0013593268491 20.446905955678247 15.0 1.8095653549936221 26.0 
361.0049903515006 15.905850909467434 17.0 1.545531550212571 26.0 
362.0006120414705 14.442637808540704 16.0 1.7027660702542453 26.0 
363.00120718676766 17.441960796779245 16.0 1.6742483675166286 25.0 
364.0002229019401 17.952777721037112 16.0 1.9482814524668712 25.0 
365.0001760379065 17.765111972568157 16.0 1.827770885603483 25.0 
366.00013583149484 17.754927199196224 16.0 1.9099701039690589 25.0 
367.0023338034701 19.066456128836855 16.0 1.6576093637996328 25.0 
368.001704538519 19.03512029521592 16.0 1.4424545230038872 25.0 
369.00340629255317 18.72218021537773 16.0 1.3643891389975005 25.0 
370.00128412411016 19.099667626034233 16.0 1.5712568735738874 25.0 
371.0002227668331 21.23421432821118 16.0 1.5541306705893114 25.0 
372.0012772730719 22.305149604644605 16.0 1.6536093955900553 25.0 
373.001704538519 24.16413723535281 15.0 1.6083381196426698 25.0 
374.0013833382999 26.67125657250979 14.0 2.2673383351569285 25.0 
375.0008859288397 27.060926948513096 13.0 1.6090948398885225 25.0 
376.00018183913113 28.296864784448935 13.0 1.3296393150693058 25.0 
377.00066919178033 27.965354992695545 13.0 1.707996688829315 24.0 
378.00139135139034 29.105890366402903 13.0 2.091468050345829 31.0 
379.0001395591275 27.944083076982924 15.0 1.8317149128908292 33.0 
380.00206695757436 27.799943007314997 15.0 1.189054158629936 31.0 
381.00211782461406 26.39969045426898 15.0 0.9701001684085593 31.0 
382.00226676666125 25.999239918644406 15.0 0.8695244795628465 29.0 
383.00049540843264 28.567982023887936 15.0 0.878867601302483 31.0 
384.000333306335 30.24191926174571 15.0 1.04916420638945 30.0 
385.0010578107841 30.645369558071156 14.0 0.8483225691069477 30.0 
386.00027836294583 29.959180293019486 14.0 0.8114560126100114 29.0 
387.00170950507766 28.269840060424873 14.0 0.6695624287228172 30.0 
388.00165025193195 29.01293501359129 14.0 0.7350287831704226 30.0 
389.0001012589011 28.213126694046693 13.0 0.6460163165041043 30.0 
390.00224767302547 31.698358828904365 12.0 0.6901142147621199 30.0 
391.0004117144498 33.47413333110366 12.0 0.40794184841500924 29.0 
392.0007890307681 36.42436148304131 11.0 0.33976957336777064 31.0 
393.0000961391644 38.330067076405065 11.0 0.5631843235188912 31.0 
394.0000669300666 41.24730974625757 11.0 0.35777465930173563 34.0 
395.00161820273433 42.68936894479726 11.0 0.2467974789637154 30.0 
396.00171935081005 42.711970692141634 12.0 0.4069517577892451 29.0 
397.0012608582157 42.90056243037403 12.0 0.17527138769974449 29.0 
398.00127371798646 44.182933550409956 12.0 0.1704695503182778 30.0 
399.001939479309 45.81936359931234 11.0 0.17364240830750438 29.0 
400.00288884788336 46.22186438780501 11.0 0.18782649454497446 30.0 
401.0034192167748 45.498012325640296 11.0 0.07945980460014966 29.0 
402.0007663248254 45.50908470043704 11.0 0.06834254626305623 30.0 
403.001704538519 46.80752226273235 11.0 0.06856375096411332 30.0 
404.0001138135671 47.053623381394644 11.0 0.07256734945564533 29.0 
405.0033868861508 47.29388986604451 11.0 0.0766322185535039 29.0 
406.0024768075661 47.68764180229231 11.0 0.0 28.0 
407.00347038254387 47.92153604240772 11.0 0.0 27.0 
408.00118030872994 49.5431581680867 10.0 0.022613267559915693 28.0 
409.00198619824783 50.72938438864283 9.0 0.047345802395004404 28.0 
410.00007277283845 51.36369355397936 9.0 0.22256536156459608 27.0 
411.0004133291832 51.55003535585878 9.0 0.2967218015666872 27.0 
412.00316223826064 51.745120258632646 9.0 0.2967218015666872 26.0 
413.0003412500607 52.6257778939766 9.0 0.4162729409341785 26.0 
414.00209441455985 53.0326482251982 9.0 1.248782498261006 25.0 
415.00132424958 53.18370951154007 9.0 1.4759376787751683 25.0 
416.00264226361395 52.31088666192358 9.0 1.2732001918796927 25.0 
417.00000236622844 50.73468001896897 8.0 1.4371516550466943 25.0 
418.0010057052956 48.423255947932134 8.0 1.245165688815093 25.0 
419.0001425789781 39.787256247710786 27.0 1.2739193161533704 25.0 
420.0013638040888 44.072482347089206 19.0 1.2890991049824967 25.0 
421.00003463696737 45.74484480225161 17.0 1.2888318289743868 25.0 
422.00205330801873 50.680735880835606 14.0 1.3974784154725066 25.0 
423.00022418274875 57.757508281100314 14.0 1.0796084619652462 25.0 
424.0007834573821 61.45767274057536 13.0 0.8673141760088388 25.0 
425.0008107881283 65.12937157691316 14.0 0.6794532226192921 26.0 
426.0022386026101 67.40354400735093 13.0 0.514722688561755 26.0 
427.002441970518 69.61294105446682 13.0 0.5265506464808705 27.0 
428.00019680125286 72.47895325428225 15.0 0.36419261506393474 27.0 
429.00225616535636 73.64032767835572 16.0 0.3509143629551417 26.0 
430.0007038983828 74.28804194881785 15.0 0.24220177530702058 26.0 
431.00180335040244 73.37311435070143 14.0 0.08844333245468965 25.0 
432.0004295296296 72.54365956355491 14.0 0.2051056501410117 25.0 
433.0002256046526 75.01867423657504 14.0 0.31193558364649143 25.0 
434.0004543719254 75.84261588718557 13.0 0.314564969273338 25.0 
435.00576057275697 75.6732461413052 13.0 0.39064112119659034 25.0 
436.00359397598913 75.34849664911839 12.0 0.48854813045083856 25.0 
437.0044097549389 74.42968542770433 13.0 1.209141082073469 25.0 
438.001704538519 72.82161201401406 13.0 1.3877257656295485 24.0 
439.00510363136743 68.70661084194705 13.0 1.6157877443226403 24.0 
440.0011589465012 68.23860913565098 12.0 1.6578381432639837 24.0 
441.00119758912666 72.15045303197137 12.0 1.6683805472238062 24.0 
442.00088743371396 74.8083263995017 12.0 1.5985454917876567 25.0 
443.0009002644798 77.43807895898135 12.0 1.8478918592066818 24.0 
444.0014243308982 79.95292834296859 12.0 2.09866822487363 24.0 
445.0001143618782 80.15720059745381 12.0 2.1579408945716017 24.0 
446.005822261008 80.54790574022195 12.0 2.127289768223491 24.0 
447.0015701671874 82.12824742824617 11.0 2.1945180658902124 25.0 
448.0012923848622 78.68763463557465 11.0 2.750551541876907 25.0 
449.003119144679 76.90158568088297 11.0 1.8651303092941602 25.0 
450.00067731280325 73.6137671199939 10.0 2.35798385536922 25.0 
451.0009535998071 69.62961970571551 13.0 1.9356517983261323 24.0 
452.00001393031295 60.51791407560959 14.0 1.8650973278128564 23.0 
453.001704538519 55.7193567484391 12.0 1.71726084612454 23.0 
454.00098963399955 51.127171224905155 13.0 1.5203720538801941 25.0 
455.00075209732165 46.38437679237596 12.0 1.4495756447186021 26.0 
456.0003970408788 44.578297903747156 11.0 1.5053997038814115 24.0 
457.0000042696953 40.35416418448701 10.0 1.017984005826143 30.0 
458.001704538519 39.795339082981386 11.0 1.30602060774241 29.0 
459.0016768182819 34.690994162212505 17.0 1.2312953071239716 30.0 
460.0003466020941 32.84663195992681 15.0 1.457314338387484 29.0 
461.00049248919515 30.37734309771017 16.0 1.883414736778957 36.0 
462.00603323003634 29.80940907750054 14.0 1.782699374222414 32.0 
463.001704538519 27.595689146217353 14.0 2.125360314054069 29.0 
464.00143848597384 26.423653622124704 14.0 2.532304585510809 29.0 
465.0033621190748 25.077417478176958 14.0 2.610588422875292 30.0 
466.001263703088 24.520371416398202 14.0 2.5271671978782737 36.0 
467.01095353634787 25.530850748879487 14.0 5.232347098625031 25.0 
468.0003894537224 26.66339199579816 13.0 6.386048755113693 27.0 
469.00115040512463 26.077806614382823 13.0 6.336144006167346 24.0 
470.0019288361012 26.655388411541875 13.0 4.77161426368905 37.0 
471.0019088276109 26.94842670858296 13.0 4.881290490842764 24.0 
472.00307597616643 32.36060497569138 13.0 5.83547803180029 25.0 
473.00114415333536 36.487361958874494 13.0 6.200326739898904 25.0 
474.00360160582755 39.33194772693885 13.0 5.677486957949455 29.0 
475.00314126282285 41.083665079490736 13.0 5.704190242575096 23.0 
476.0033091983835 43.00564591260229 13.0 5.737363442903343 23.0 
477.0014611828156 46.26261086613872 12.0 5.421311932023904 25.0 
478.00115192113503 47.40228350183981 12.0 5.1589940272983155 32.0 
479.0026474825564 47.17990321655819 11.0 5.332327627184685 25.0 
480.0002094636331 48.60827489795031 11.0 5.004359236126822 25.0 
481.00001788988845 49.54524836725411 11.0 4.577548750885027 27.0 
482.0036003340413 52.71024069400762 10.0 4.066939641076155 32.0 
483.0011328342845 52.75383593505631 9.0 4.186730323606944 23.0 
484.00090149431855 52.73558925291782 7.0 4.146688079782489 23.0 
485.00405666256563 55.68150429165589 7.0 4.150334098594548 23.0 
486.0006636192132 57.82487844441603 7.0 3.618982184363108 23.0 
487.0002929470732 59.26714554053986 7.0 3.5411685467098155 22.0 
488.001704538519 61.36219714093137 7.0 2.7413370129874752 21.0 
489.0001247547032 61.47549970762867 7.0 2.986157009837156 20.0 
490.00157494380994 62.37811658344654 7.0 2.8217819834720004 19.0 
491.00145700030083 62.925195369639866 7.0 2.3867033995243134 20.0 
492.0040065567585 62.970073486558334 7.0 2.0510606196719094 19.0 
493.001704538519 62.691572612886176 7.0 1.7031471802489593 22.0 
494.00062042703377 62.49542040256489 7.0 1.3064845751970202 24.0 
495.0001602077674 63.149491134264174 5.0 1.1946844955547453 22.0 
496.0046606210717 63.547346575728184 5.0 0.8472403553124487 22.0 
497.0006660023937 46.369061989871746 44.0 0.9572156574586398 22.0 
498.001704538519 38.57949537713305 40.0 0.7408091549330957 21.0 
499.00068156923174 42.019504826523395 22.0 0.8049812090897606 20.0 
500.00119307588466 43.259253167857814 19.0 0.6719026166832333 20.0 
501.0003265350695 45.08420545854319 17.0 0.6787673311710272 20.0 
502.0006002636488 50.14784441934422 14.0 0.6462355911974361 20.0 
503.000622839423 55.200205974749 13.0 0.7276280119607093 20.0 
504.00223889872024 54.97127735153741 13.0 0.548414457288661 20.0 
505.00078328867363 54.5817796097941 12.0 0.3671227796250223 20.0 
506.0055269833697 54.15206821910341 12.0 0.38077131874453846 20.0 
507.0055279960417 54.78323967964322 12.0 0.33112385881654943 20.0 
508.00023706271793 58.072166854616604 11.0 0.33494484569601946 20.0 
509.00540933735573 57.679037560536734 11.0 0.31020662210326455 20.0 
510.00140170455836 57.59150310406525 11.0 0.2306515436573081 22.0 
511.0013355825493 57.24380603872073 12.0 0.2306515436573081 22.0 
512.001454826387 56.99250121768045 13.0 0.2174473964310384 21.0 
513.001704538519 57.79438037939932 13.0 0.21703158467786107 21.0 
514.000781592762 58.1848041337333 13.0 0.17302096059678815 21.0 
515.0027768538358 58.64271247594829 13.0 0.17302096059678815 21.0 
516.0031135780858 59.61045698142863 11.0 0.12720424481234052 21.0 
517.00084938883 60.95554234487216 11.0 0.11538197761555975 21.0 
518.001704538519 61.6184101942599 11.0 0.11135766060614342 21.0 
519.0028987693071 61.4794085702048 11.0 0.0914461798116223 21.0 
520.0003072922749 61.25499323516972 11.0 0.10003029100012714 21.0 
521.000650319613 58.87377156276287 11.0 0.1133447561205488 21.0 
522.0038058066363 49.869859626896336 11.0 0.1133447561205488 21.0 
523.0004330530146 35.64657661777575 11.0 0.09934169195994917 21.0 
524.0038967464116 26.482400895276612 10.0 0.09934169195994917 21.0 
525.0010882530628 20.1551689292149 11.0 0.10777636026052713 20.0 
526.0005434049358 18.708686857670525 10.0 0.12134735464844455 21.0 
527.0030467840213 18.25495042394152 10.0 0.05523474196344313 30.0 
528.001704538519 18.581324920389733 10.0 0.046355223739947105 26.0 
529.0021048165211 18.143729848201055 10.0 0.046355223739947105 25.0 
530.0000677284373 18.996863992050162 10.0 0.0 24.0 
531.0025605920325 19.13478470486296 10.0 0.0 23.0 
532.0010797965351 19.357581198050603 10.0 0.0 23.0 
533.0007656602103 19.04930952019427 10.0 0.0 22.0 
534.0007933234268 19.081293978041696 10.0 0.0 20.0 
535.0020446343927 19.352947442340874 10.0 0.00398647195563027 20.0 
536.0009261386654 19.6506631667993 9.0 0.00398647195563027 20.0 
537.0005873459962 20.27285382399314 10.0 0.00398647195563027 20.0 
538.001704538519 20.59606265197372 9.0 0.00398647195563027 20.0 
539.001332196884 20.777118292718047 9.0 0.0 20.0 
540.0033891753353 21.518929299798344 9.0 0.0 20.0 
541.0074999697165 22.254019182407884 9.0 0.0 21.0 
542.0033417404475 23.437216567770427 9.0 0.0011550380521704207 21.0 
543.001704538519 23.89746238375356 9.0 0.0011550380521704207 21.0 
544.0069414681923 24.800361476604245 9.0 0.0 21.0 
545.000649195696 25.627486701823184 9.0 0.0 21.0 
546.0022490432302 29.75103241721824 9.0 0.006003086395787406 21.0 
547.0043097556187 31.001597289343575 9.0 0.006003086395787406 21.0 
548.001704538519 31.99663075445787 9.0 0.13780221137164386 28.0 
549.000669274949 33.60084353562949 9.0 0.12401982256882152 26.0 
550.0007972833415 35.054565233913465 9.0 0.30548000143260173 22.0 
551.001951303695 35.42314186951512 9.0 0.2917297339877494 23.0 
552.0023864705147 35.16443366202305 9.0 0.27080431357725737 22.0 
553.0011887660005 35.171122037822975 9.0 0.26128622527741857 23.0 
554.0045828582857 34.68967879605923 9.0 0.3442864818284964 22.0 
555.005760572757 33.95423131661332 12.0 0.31404339663862824 22.0 
556.003298160873 33.35118794282635 19.0 0.31404339663862824 22.0 
557.0020720177043 33.28177636997166 18.0 0.29527563500550924 22.0 
558.000222707618 30.69351430845424 20.0 0.2871584805263823 22.0 
559.002033067286 28.401215948793553 17.0 0.24976328634929656 22.0 
560.0014964981291 27.32665060378055 17.0 0.3367050960494379 22.0 
561.0006887453244 27.09504138371128 18.0 0.3367050960494379 22.0 
562.0004505727724 27.533543368812417 15.0 0.3066683581687167 22.0 
563.001704538519 28.96754747488872 14.0 0.3551985213548133 21.0 
564.001705374747 30.176647407129124 14.0 0.398683386415432 20.0 
565.0004753056935 28.92907141610109 14.0 0.4023881507030027 20.0 
566.0034673262641 30.05069760722115 15.0 0.40081026982581736 20.0 
567.0038630390576 29.95915357892114 15.0 0.39984184918601284 20.0 
568.0004880961337 30.96768936731297 17.0 0.4237822770981597 20.0 
569.0003794480695 33.09230823832375 19.0 0.5534048929416528 20.0 
570.0000548010485 34.280582386571744 18.0 0.5542885321474651 20.0 
571.000791174468 34.45402979276169 15.0 0.6472818302718994 21.0 
572.0003396560738 36.560796987604746 14.0 0.5537844598612424 21.0 
573.0003323963798 40.897472753368554 14.0 0.7324117509507262 21.0 
574.0087584221205 42.89708750328824 14.0 0.8356348067585692 21.0 
575.0005965348935 46.26478680467454 12.0 0.8296257071039915 21.0 
576.0038995389192 48.8861391618303 12.0 0.8207726144596809 21.0 
577.0023553859555 50.254088252218615 13.0 0.7944433081616821 23.0 
578.0010217458092 50.351853430415844 13.0 0.902040574788042 22.0 
579.0003065139166 50.67861102511095 12.0 1.0169451336970947 22.0 
580.0008327601377 51.13962458162632 13.0 1.1892722626164796 23.0 
581.0002537335179 51.45434538529428 13.0 1.3431375187894967 23.0 
582.0012283516027 52.135895960602355 12.0 1.156426744743357 24.0 
583.000745177853 53.40663064301252 12.0 1.1380834052913857 24.0 
584.0005557716559 53.89062445668624 12.0 0.8705366493242971 24.0 
585.0015098511161 54.119434796260876 12.0 1.019799227136407 25.0 
586.0050232847461 53.949413761127914 11.0 0.8037487679089768 25.0 
587.0024950764245 53.816294212959775 11.0 0.6418544229830483 25.0 
588.001704538519 54.648938495197974 11.0 1.127769731893947 25.0 
589.0033880232968 54.04605796462751 11.0 1.5450642733509812 24.0 
590.0002406512264 54.03344702777069 10.0 1.521724711888447 24.0 
591.0035810814356 53.599231184204356 9.0 1.2747824374599137 24.0 
592.0023190019019 53.543977150743174 9.0 1.0985060858651796 24.0 
593.001704538519 53.076431361164936 9.0 1.0734287115707042 24.0 
594.0012033409447 52.782135502045286 9.0 0.6149238677455016 24.0 
595.0013107385532 53.14562174300017 9.0 2.4254802342918786 23.0 
596.0019465085602 51.72082998364319 9.0 2.4306191455268222 23.0 
597.0008216369721 52.09398430209396 8.0 2.9690002358743897 23.0 
598.001704538519 54.151678075885144 8.0 3.3698647702715583 23.0 
599.0003349339662 52.81523501534423 7.0 3.434510102694447 24.0 
600.0032497720725 52.31587167496797 8.0 3.4373976699920554 23.0 
#####################################################################
# End of data export. Simulation finished at: 2019-02-22T06:39+0000 #
#####################################################################
