#####################################################################
# Alchemist log file - simulation started at: 2019-02-22T06:52+0000 #
#####################################################################
# seed = 142.0
#
# The columns have the following meaning: 
# time distance-rep[Mean] leader-rep[CountDistinct] distance-share[Mean] leader-share[CountDistinct] 
0.0 NaN NaN NaN NaN 
1.0109151986555955 0.0 230.0 0.0 230.0 
2.0020013230183373 0.0 137.0 0.0 146.0 
3.000416619701559 0.0 96.0 0.0 122.0 
4.006276974564674 0.0 73.0 0.0 104.0 
5.001025470668633 0.0 55.0 0.0 98.0 
6.000423675992911 0.0 46.0 0.0 93.0 
7.00221609709126 0.0 41.0 0.0 87.0 
8.000194482934434 0.0 36.0 0.0 82.0 
9.001084376995381 0.0 34.0 0.0 79.0 
10.003112424637365 0.0890143766170704 31.0 0.0 78.0 
11.000967674765722 0.4783652410901247 29.0 0.0 76.0 
12.001121819792095 0.5750147616314538 28.0 0.0 74.0 
13.000572165760094 1.3679245813890937 26.0 0.0 73.0 
14.004617830954453 2.168473112716852 22.0 0.0 73.0 
15.000535657515266 2.9794235783725895 20.0 0.0 73.0 
16.003829804426502 3.6590457243166887 19.0 0.0 73.0 
17.0052924278656 3.990651601558424 19.0 0.0 71.0 
18.000130682481274 4.145925608072928 19.0 0.0 70.0 
19.00040276531073 5.134891353056818 18.0 0.0 67.0 
20.002533445440378 5.299831695644585 17.0 0.0 64.0 
21.001220594591658 5.132149374438182 17.0 0.0 64.0 
22.002142940742985 4.955045997784421 17.0 0.0 63.0 
23.000572165760094 4.766953199398636 16.0 0.0 62.0 
24.00136937171798 4.299101970576591 16.0 0.0 62.0 
25.00330091814582 3.662650906590913 15.0 0.0 60.0 
26.00099129286796 3.4337297792360233 15.0 0.0 60.0 
27.001700217661604 3.3773954860738784 15.0 0.0 60.0 
28.000572165760094 3.0588544110298646 15.0 0.0 60.0 
29.000778750036588 3.203681261736614 15.0 0.0 60.0 
30.002043459881047 2.851325220309058 15.0 0.0 59.0 
31.002404142758397 3.1600242009018467 15.0 0.0 58.0 
32.00087550869561 2.614596284082307 15.0 0.0 58.0 
33.00057216576009 2.5778755963276216 14.0 0.0 57.0 
34.001079382784155 2.5726576261286804 14.0 0.0 55.0 
35.000721943976714 2.7276398975078897 14.0 0.0 55.0 
36.002123424831616 2.3469359158970975 14.0 0.0 52.0 
37.00265309474685 2.414715293602245 15.0 0.0 51.0 
38.00057216576009 2.2361461271564345 17.0 0.0 51.0 
39.00311353819836 2.2230766827990305 21.0 0.0 50.0 
40.00066669431999 2.4084552379976123 16.0 0.0 49.0 
41.00184781157859 2.867301244836521 19.0 0.0 49.0 
42.005261221554406 3.6525363967491167 17.0 0.0 49.0 
43.00057216576009 4.36882205532165 16.0 0.0 49.0 
44.000580715000474 5.451855186551386 16.0 0.0 48.0 
45.00070562153362 5.043068743823129 15.0 0.0 46.0 
46.0017939289601 4.919406036544682 15.0 0.0 46.0 
47.00108077327669 4.466331996868532 15.0 0.0 46.0 
48.00018451189213 4.539704903655216 15.0 0.0 45.0 
49.00017490235475 4.978299478578636 14.0 0.0 44.0 
50.00294108834056 5.287901399067219 15.0 0.0 43.0 
51.00189465856371 5.194759621918398 14.0 0.0 43.0 
52.009784288211975 5.853534634212718 14.0 0.0 43.0 
53.00057216576009 5.984072287321526 14.0 0.0 43.0 
54.002627038286334 6.526371104065519 14.0 0.0 45.0 
55.00005019560547 6.151790835708714 14.0 0.0 45.0 
56.002973537611 6.480228894671332 14.0 0.0 42.0 
57.000124840329136 5.739138180868536 15.0 0.0 42.0 
58.00057216576009 4.8899168601398655 17.0 0.0 42.0 
59.000589650287374 5.814921434476364 17.0 0.0 41.0 
60.00026625576362 4.596393217593474 17.0 0.0 41.0 
61.004494388750445 3.5147709509241203 15.0 0.0 41.0 
62.00226808806996 4.8841961587566125 14.0 0.0 39.0 
63.00057216576009 6.044243478639686 13.0 0.0 39.0 
64.00064336343198 6.6617822089128085 13.0 0.0 38.0 
65.0000062487436 7.090214632434734 13.0 0.0 39.0 
66.00401741795572 7.521141176816548 13.0 0.0 38.0 
67.00030576200652 7.404896919926025 13.0 0.0 38.0 
68.00057216576009 7.771392606948772 12.0 0.0 38.0 
69.00367936944431 8.315901001982168 12.0 0.0 38.0 
70.00051058027199 8.49509710091704 12.0 0.0 38.0 
71.00202949794304 8.762260372739824 12.0 0.0 38.0 
72.00021858572336 8.316589925440597 12.0 0.0 37.0 
73.00057216576009 8.140848637926208 11.0 0.0 37.0 
74.00147014811968 8.604321287224375 10.0 0.0 37.0 
75.00512655565726 8.483945242531178 10.0 0.0 37.0 
76.00136260962704 8.425617443330857 10.0 0.0 35.0 
77.00366921367824 8.295348201098758 10.0 0.0 35.0 
78.00057216576009 7.958117411431082 10.0 0.0 35.0 
79.00069403089144 8.149035036765767 10.0 0.0 35.0 
80.0018436086564 7.849514176413078 10.0 0.0 34.0 
81.00326030704869 8.13481593116193 10.0 0.0 34.0 
82.0030323881989 7.888371886848363 8.0 0.0 33.0 
83.00057216576009 7.675147489854845 8.0 0.0 32.0 
84.00091730919146 7.993566710090698 8.0 0.0 32.0 
85.00054617955696 8.075186433283625 8.0 0.0 32.0 
86.00202886287062 8.05275620820054 8.0 0.0 32.0 
87.00239029492658 8.24631336097472 8.0 0.0 32.0 
88.00057216576009 8.36889637342905 8.0 0.0 32.0 
89.00356181058642 8.13494609959756 8.0 0.0 32.0 
90.00285776233254 8.133114298671016 8.0 0.0 31.0 
91.0009124633964 8.16645777102112 8.0 0.0 31.0 
92.00158810337662 8.492426922414678 8.0 0.0 31.0 
93.00057216576009 8.809500607695227 8.0 0.0 31.0 
94.00066684888732 9.03186891530651 8.0 0.0 31.0 
95.00019790996322 8.847549342736418 8.0 0.0 30.0 
96.0012929692718 8.736325250940045 8.0 0.0 30.0 
97.00082841213423 8.755490576169917 8.0 0.0 30.0 
98.0000648065498 8.9133949589392 9.0 0.0 33.0 
99.00016695791044 9.299864429976726 7.0 0.0 33.0 
100.00083726338308 9.617375393271038 7.0 0.0 33.0 
101.00017163976815 9.210101298054937 7.0 0.0 32.0 
102.00053229729981 9.64659703843869 7.0 0.006009500665705279 31.0 
103.00010092219229 10.159515839222154 7.0 0.0 29.0 
104.00135135710813 11.220484183237511 7.0 0.0 30.0 
105.00114860079184 12.405483388766006 7.0 0.0 29.0 
106.00616347536075 13.577323774688871 7.0 0.0 29.0 
107.00148887412831 15.466837315730551 7.0 0.0 30.0 
108.00057216576009 16.189828496783687 8.0 0.0 29.0 
109.00173533425463 15.336270845388096 17.0 0.0 29.0 
110.00353238703484 12.27794640537736 13.0 0.0 29.0 
111.00281959056416 12.206075455337539 9.0 0.0 29.0 
112.00077647244021 11.235421248915593 10.0 0.0 28.0 
113.00057216576009 10.691769347588474 10.0 0.0 28.0 
114.00154647556337 9.886365284529216 10.0 0.016421501468311978 28.0 
115.00001482970325 9.291118788451891 10.0 0.016421501468311978 28.0 
116.00161092186706 9.390527040879078 10.0 0.015959826797819834 26.0 
117.00152461143861 9.388309973282114 10.0 0.0 26.0 
118.00057216576009 9.136219914773386 10.0 0.0 25.0 
119.00163241017722 8.988267875485183 10.0 0.0 25.0 
120.00042844863094 7.7836221670644115 10.0 0.0 25.0 
121.00232991160347 7.650771430413974 10.0 0.0 24.0 
122.00120713973234 7.929322669309463 9.0 0.0 24.0 
123.00057216576009 7.320654294864052 9.0 0.0 24.0 
124.0007776033774 7.690356909825402 9.0 0.0 24.0 
125.00091221487918 7.7826781638074936 8.0 0.0 24.0 
126.0003690692917 7.539089446785188 8.0 0.0 24.0 
127.00136506549397 8.86025977326342 8.0 0.0 24.0 
128.0005721657601 10.500208943851733 8.0 0.0 25.0 
129.00089557571528 11.362779418784973 8.0 0.0 25.0 
130.0000963245086 12.03679481034316 8.0 0.0 25.0 
131.0005157746553 14.939961801447135 7.0 0.0 26.0 
132.0015375385811 15.833974967012717 7.0 0.0 26.0 
133.0005721657601 15.860629656968493 7.0 0.0 26.0 
134.000110863806 15.86813519691989 7.0 0.0 25.0 
135.00441963476825 15.644125252026898 7.0 0.0 25.0 
136.0020625071387 15.190286669588525 7.0 0.0 25.0 
137.00257499529494 15.169228950479287 7.0 0.0 25.0 
138.0005721657601 15.610140925214639 8.0 0.0 25.0 
139.0001513554458 15.604223428284412 9.0 0.0 25.0 
140.00097786683014 15.291470710633599 9.0 0.0 26.0 
141.00581363273437 14.364822039118977 8.0 0.0 25.0 
142.00286861014933 14.221079151967674 8.0 0.0 25.0 
143.0005721657601 14.679809847676383 8.0 0.0 25.0 
144.000093808814 15.311341386936709 8.0 0.0 25.0 
145.00126845966497 15.043177419096166 8.0 0.0 24.0 
146.00012620053087 15.215331411537205 9.0 0.0 24.0 
147.00000906419328 14.561981280538962 9.0 0.0 24.0 
148.0005721657601 14.94670977687815 9.0 0.0 23.0 
149.00260158401863 15.567472008995844 9.0 0.0 23.0 
150.00149038569933 14.255652184580653 9.0 0.0 23.0 
151.00054942818628 13.1734482106486 9.0 0.0 23.0 
152.00034733211402 11.580179047473365 9.0 0.0 23.0 
153.0005721657601 10.792483320353258 9.0 0.0 24.0 
154.00550681702987 11.409910416182495 9.0 0.0 24.0 
155.005249875806 11.50097051116502 9.0 0.0 24.0 
156.001823265437 12.285921198933611 9.0 0.0 24.0 
157.0006913770991 12.00810413958436 9.0 0.0 24.0 
158.0005721657601 11.712847437204655 9.0 0.0 24.0 
159.00038367215402 12.733903967553342 9.0 0.0 24.0 
160.0027441111997 12.498972602191557 9.0 0.0 24.0 
161.00265680952333 11.847617419536917 9.0 0.0 24.0 
162.00049289421526 11.897551098978807 9.0 0.0 24.0 
163.0005721657601 11.925032150155644 12.0 0.0 24.0 
164.00186105570387 11.518587992880986 12.0 0.004647703928984852 24.0 
165.0025675800654 11.436383674020952 11.0 0.004647703928984852 25.0 
166.00056999109617 11.934439841639383 11.0 0.004647703928984852 25.0 
167.00148609011939 13.586728631941275 10.0 0.024957466143180052 25.0 
168.0005721657601 14.17425872539589 9.0 0.024957466143180052 25.0 
169.00015650552692 14.7875130124363 9.0 0.04000354847833085 25.0 
170.00127499678456 15.569520929079157 9.0 0.04000354847833085 25.0 
171.00509874694643 17.395907358293844 9.0 0.04000354847833085 25.0 
172.00042167337915 17.301198376661684 9.0 0.06984946482080742 25.0 
173.0005721657601 17.59677088954231 9.0 0.08489575940644103 26.0 
174.00133507403046 16.77672379478502 9.0 0.0999419413557544 26.0 
175.0032693720349 17.20576180484789 9.0 0.0999419413557544 26.0 
176.00033589065234 16.522868940763438 9.0 0.10240852723682867 26.0 
177.00062889504827 17.756756399894694 9.0 0.08222194760476718 26.0 
178.0005721657601 19.69468610507431 9.0 0.08222194760476718 26.0 
179.00050306025364 18.178692774324396 9.0 0.09714517549113184 26.0 
180.00400517047086 19.370442349920197 10.0 0.09714517549113184 26.0 
181.000024230167 20.48243398163063 10.0 0.09714517549113184 26.0 
182.00128176820022 20.750481420694157 10.0 0.11219119061760087 26.0 
183.0005721657601 21.666773433090047 10.0 0.11219119061760087 26.0 
184.00244740252734 20.546844376519218 10.0 0.1319117612506888 25.0 
185.00000457905728 19.86219309521571 10.0 0.1269990441214351 25.0 
186.00051885501207 19.165158856426547 10.0 0.12452954292082345 25.0 
187.00019448227746 19.088728189645007 10.0 0.13957422132743819 25.0 
188.0005721657601 21.168610528575943 10.0 0.14006029255866997 26.0 
189.00263304061843 21.601160251170693 10.0 0.1570659883919395 27.0 
190.0051231570175 20.981227046321095 10.0 0.1570659883919395 25.0 
191.0025038349685 21.56396638317913 10.0 0.1570659883919395 25.0 
192.00055668574421 22.934677847336832 10.0 0.0295246209642083 24.0 
193.0005721657601 23.950036448985255 10.0 0.04403599530945856 24.0 
194.00280456560355 23.525223752034513 10.0 0.046914786263022014 23.0 
195.00178952058593 23.123995823401593 10.0 0.04363418003085206 26.0 
196.00094223126672 23.579421859146322 10.0 0.001980834477161635 24.0 
197.00128793896673 23.66331404668424 10.0 0.007383791136054526 23.0 
198.0005721657601 25.511986680047404 10.0 0.06039377514746221 23.0 
199.0039132073206 27.185542688248834 10.0 0.18008954751540213 24.0 
200.00207245648457 28.9105968301628 10.0 0.8002030083724256 25.0 
201.00138959125835 31.984466579587426 10.0 1.185229118237002 25.0 
202.0022317878908 34.29481672120928 10.0 1.1128389947971775 24.0 
203.0005721657601 36.249498952367475 10.0 1.285471857989188 23.0 
204.00009256161923 38.84687929240675 10.0 0.7553781205689333 23.0 
205.00433946744465 41.12283025513846 10.0 0.5178861496001982 24.0 
206.0003534983614 42.00586465754865 10.0 0.4498379793312969 27.0 
207.00002945756927 42.25299297029733 10.0 0.3461464350261462 25.0 
208.0005721657601 42.95992745175683 10.0 0.2195043527823327 25.0 
209.002491900191 43.12507119782758 10.0 0.27192884378718396 23.0 
210.0024403102943 43.52327442611247 9.0 0.28616958054678976 24.0 
211.00108713956507 44.63827840116728 9.0 0.3050108092081926 22.0 
212.00150810883454 44.242758164331306 11.0 0.27842111649172224 23.0 
213.0005721657601 43.32179420485225 27.0 0.061796798902316194 21.0 
214.00017883232152 42.656301354709505 21.0 0.056497163478262086 21.0 
215.00318994903938 40.42949594508645 23.0 0.04703845537202392 20.0 
216.0001282925935 41.27385912762546 22.0 0.04173935667412943 21.0 
217.00708653039413 40.45913240197167 20.0 0.023422024015733248 21.0 
218.0005721657601 41.42763529760289 18.0 0.06413272098740537 20.0 
219.00026535942376 41.53901949623233 17.0 0.10946697362576101 23.0 
220.00049502336262 44.6919722297587 17.0 0.17029645954297182 24.0 
221.0026563560447 47.20569945516886 16.0 0.179515715639069 23.0 
222.00162475849677 48.92951027426707 16.0 0.2417395652887935 21.0 
223.0005721657601 49.04935925307494 15.0 0.16523293868089162 21.0 
224.00308442905697 51.461582280815655 15.0 0.08593243246139821 22.0 
225.00406110254045 54.62307734137211 15.0 0.1970324102500871 25.0 
226.00239511270064 56.659377020478594 15.0 0.2240199016839133 22.0 
227.00124170451298 60.06154706420571 15.0 0.17216260917134826 22.0 
228.0005721657601 62.45166157595601 14.0 0.1806113522580159 23.0 
229.00181431720435 64.58409562070075 14.0 0.3771947954391474 23.0 
230.00157504876643 66.52571655944368 13.0 0.529205848727065 21.0 
231.0089253340832 66.60821666129429 13.0 0.6878402923698212 26.0 
232.0010602647616 69.50362222586854 13.0 0.5273126901699352 26.0 
233.0005721657601 67.76550904912317 14.0 0.09407238845391618 25.0 
234.0015997046996 67.29764878687406 14.0 0.10316380460732666 25.0 
235.00161357509486 65.14681951412672 14.0 0.11695390981785456 23.0 
236.00188397708123 64.61787953517586 14.0 0.14130020978304864 23.0 
237.00937244138456 62.45987263540555 14.0 0.09247930661095459 23.0 
238.0005721657601 62.99935423763294 14.0 0.09199795024415375 24.0 
239.00012597343024 59.08253907966734 25.0 0.10046146654066501 25.0 
240.0018618425018 56.39890509598508 26.0 0.2013344126032936 24.0 
241.00071234068994 51.89447827870936 25.0 0.2255021397741415 24.0 
242.0000860641558 46.964512500945325 23.0 0.39738130287852386 24.0 
243.0005721657601 43.85815208608491 21.0 0.330423410859561 24.0 
244.00370966760062 43.48238031893273 22.0 0.36256874079637336 24.0 
245.00238852935956 41.19531469744 20.0 0.44755919726070387 24.0 
246.00253262080884 40.79365138070396 19.0 0.49752317058102646 24.0 
247.00249095126696 41.472934681727416 18.0 0.5663735799832614 24.0 
248.0005721657601 39.613065626872114 18.0 0.6512439314724685 26.0 
249.00069746465778 39.39123175567266 18.0 0.6767035795671847 26.0 
250.00164388118884 39.03806899713521 16.0 0.7876577974561885 25.0 
251.0012507472414 39.32860556821537 16.0 0.7714011124506419 25.0 
252.00046578118108 39.41923869664482 16.0 1.0325161464778645 24.0 
253.0005721657601 41.13966277987273 16.0 1.3766153853149097 25.0 
254.0100856898381 42.12981050941786 16.0 1.4489753825835934 24.0 
255.00016664480134 42.30784624915596 16.0 1.0346327155660746 24.0 
256.00423149434687 42.85627973204353 16.0 1.1508834820463911 24.0 
257.00507878022137 43.07623047202226 16.0 1.578732123518356 24.0 
258.0005721657601 42.11834321211072 16.0 1.7993168193934594 25.0 
259.0039879208815 41.642981676724595 16.0 2.5743884701782527 25.0 
260.0009624168673 40.91579602943309 15.0 2.586480905168388 25.0 
261.0008552259145 38.97250106121031 15.0 3.0587906189755607 26.0 
262.0013120749806 38.341986857974945 15.0 2.846894881888353 26.0 
263.00055649725863 38.798319540802574 15.0 4.881078306547259 26.0 
264.0003722000347 40.891667593960456 15.0 4.72444603447788 26.0 
265.0004678167701 41.63114443984529 15.0 5.500401497107334 25.0 
266.0085612803138 40.07981027654498 22.0 4.004950628054117 63.0 
267.0019449239572 39.43591249981561 20.0 4.729378212186372 64.0 
268.0005721657601 38.93551271365757 18.0 7.799341490334616 34.0 
269.00067150996364 38.15382451333343 16.0 9.109149345908946 33.0 
270.00052823032553 37.033177466601344 15.0 8.150940963320872 32.0 
271.00044166549674 35.8199252324625 14.0 10.41249157859877 29.0 
272.00186080117885 34.938934441592146 14.0 12.170388947906307 26.0 
273.0005721657601 34.80613385482349 14.0 12.877365147120102 27.0 
274.00088763009256 34.23212053931842 15.0 13.683108298625049 28.0 
275.0008716988209 35.2156440449775 14.0 8.340357817868743 90.0 
276.0005116584219 36.40715349722445 15.0 11.885136987656635 44.0 
277.00125266295476 38.463717330835756 15.0 14.201048179288435 33.0 
278.0005721657601 40.36592173117697 15.0 13.5260337437948 32.0 
279.00039161695884 43.78411669438777 15.0 12.163293781204517 66.0 
280.0010941279193 46.86166637726949 15.0 15.633018949865274 39.0 
281.00314763652716 47.977745459133814 14.0 20.488416253029857 28.0 
282.0003639715093 53.01766208649338 14.0 18.776466294695567 29.0 
283.0005721657601 54.6187824366644 14.0 14.709379633288522 57.0 
284.00075989705243 57.02558704310985 14.0 12.622053304754527 62.0 
285.00009781333904 56.81151159387358 14.0 18.10853683367546 31.0 
286.0006494454431 57.379609345710186 14.0 20.287399332197 35.0 
287.00050004017 57.916683424848294 14.0 18.842393899977345 35.0 
288.0005721657601 60.555802383829835 12.0 18.54687670033843 31.0 
289.00716268952004 63.464787715531145 12.0 13.345862203267405 106.0 
290.0003903405306 62.97262123192462 12.0 11.907419774616281 48.0 
291.00161359433656 63.15111277962883 12.0 14.025478859648567 36.0 
292.0003506652708 64.90379926150136 11.0 12.957529776026051 33.0 
293.0005721657601 65.24184702430455 10.0 12.78448275388016 31.0 
294.0050022271012 65.98409730530352 10.0 12.131227985267865 26.0 
295.00149888176196 66.57425878802651 10.0 10.930281875144876 25.0 
296.0011633263986 66.0715533165081 10.0 9.31621541860042 25.0 
297.003759887269 65.73812212993259 10.0 9.89803847195029 25.0 
298.0005721657601 64.48627914072135 13.0 8.873637491376028 23.0 
299.0048342595203 64.3897349482485 13.0 7.743657216914373 22.0 
300.00301891408867 62.54790265137875 13.0 6.229401700220349 21.0 
301.000084858979 51.07673501612073 42.0 7.051115139204057 21.0 
302.00003493975686 48.17035608214507 32.0 7.2334635686501985 22.0 
303.0001508238907 48.45830702875006 25.0 6.8928836047337345 21.0 
304.00472900243284 48.26693692007848 20.0 6.724527648944617 21.0 
305.0030210195218 45.46955195580318 22.0 6.02774387818296 23.0 
306.0000205964107 45.34926022004549 21.0 6.390645893577286 31.0 
307.0025951486402 44.63877431929099 20.0 6.891096265411839 42.0 
308.0005721657601 43.44202656682136 19.0 8.564634943465764 28.0 
309.0027817203811 38.55439613573969 18.0 8.821973336020518 26.0 
310.0009131786557 39.99956513628833 18.0 7.52604082653974 29.0 
311.0014287767838 41.25610790871216 17.0 7.273772823551471 44.0 
312.0011239387022 41.48534228397976 17.0 7.842139100721512 32.0 
313.0005721657601 42.03153896478478 17.0 8.422444802432029 31.0 
314.00064939302615 41.78654150906758 16.0 8.646435230833696 30.0 
315.0036883650568 42.15644957274555 16.0 9.21203098054282 32.0 
316.0021573086847 37.46547977586255 17.0 10.368827594928426 31.0 
317.00862528132245 35.09480399813237 19.0 10.063354390700534 28.0 
318.0005721657601 34.29976803886923 23.0 9.356696112705114 29.0 
319.0011909479332 32.861282690378786 21.0 9.680247230210654 30.0 
320.0004609445067 32.41298452113547 21.0 9.740149158028053 30.0 
321.00349565653545 31.70947983571587 21.0 9.471463039035859 30.0 
322.00061267922894 32.385694450804706 21.0 9.310193770214752 30.0 
323.0005721657601 33.02617390348522 21.0 8.580634556256502 31.0 
324.00687382926856 36.57335743359676 21.0 7.600961149366394 30.0 
325.0063799933756 38.81895792564106 20.0 8.407730951938627 29.0 
326.00445404079693 38.839107574762174 20.0 10.117905732747225 27.0 
327.00073911290883 40.07172114718111 21.0 9.995444236854393 32.0 
328.00042005568247 42.23561123314593 21.0 9.820503744804752 30.0 
329.00125875816644 44.301886508715455 20.0 9.645862897603434 30.0 
330.0021931307995 45.2216949395338 20.0 9.39486645011877 29.0 
331.00052535216804 46.42320716337165 20.0 10.091069661863848 28.0 
332.006380282175 48.38987005334535 20.0 9.362461033723259 27.0 
333.0002492410412 49.32919734335026 20.0 8.255758370049405 27.0 
334.0006247641387 48.639090484824585 24.0 8.044408601322221 28.0 
335.00059217344045 47.84763843905673 22.0 8.073037938108646 28.0 
336.0000550659315 46.474034595098296 22.0 8.610368576464465 28.0 
337.00049658908296 42.67579015038572 21.0 8.014924715005385 28.0 
338.0005721657601 40.34436305706576 21.0 7.332532890206201 28.0 
339.0015003158718 44.15459093185945 21.0 6.692832547356743 28.0 
340.003802731739 44.54000497282405 21.0 6.833723324932137 28.0 
341.0058651101793 47.318726577834596 21.0 5.920152591903088 28.0 
342.0003849498733 51.06443575743299 20.0 5.710021682350916 32.0 
343.0005721657601 51.7494810127434 18.0 6.283347971676132 31.0 
344.00356028555785 52.84124647288727 18.0 6.638238256115261 31.0 
345.0007733926156 53.62073629970736 17.0 6.595516759316844 31.0 
346.00446070734773 54.10307857159209 17.0 5.323103674463552 31.0 
347.0013312984747 55.99206561240614 15.0 5.5206196038881705 40.0 
348.0005721657601 56.28267312917729 14.0 6.469612629566331 36.0 
349.0039799370212 60.18958342587099 15.0 9.423626422732788 34.0 
350.00307725845033 62.11461818391091 15.0 8.477992317920503 34.0 
351.000325492356 63.25265131516024 15.0 6.613776888253321 34.0 
352.00087786153864 63.831055758893726 14.0 6.407199174279133 30.0 
353.0005721657601 64.93159422419782 14.0 7.045532465781593 29.0 
354.00120668453485 66.47779129955526 13.0 7.6844714787273025 30.0 
355.0042981372392 67.63224084692484 13.0 8.019565189939458 31.0 
356.0012763227618 69.04127872324766 13.0 8.01852379409345 29.0 
357.0000048205408 68.51761392399264 12.0 8.086433348823569 29.0 
358.0005707170585 69.51953569443997 12.0 8.604984450368148 29.0 
359.0002408947306 72.22864465453445 12.0 8.620919202414429 42.0 
360.0010522560783 71.90982774681255 12.0 9.549329831068388 38.0 
361.0015028633018 60.72549201002692 30.0 15.023968337351306 35.0 
362.00223309282785 42.28606318112139 57.0 14.211465177508428 37.0 
363.0005721657601 35.71495262030076 34.0 14.441806639067027 32.0 
364.0009245223187 30.90845915717519 29.0 15.051149881426468 30.0 
365.0012614796041 26.799770144285347 28.0 15.807493105570561 29.0 
366.0011185501246 30.816038254564276 26.0 15.56527650832418 29.0 
367.00013916979793 33.326739612275844 24.0 14.60675492992017 29.0 
368.0005721657601 35.42696965143563 24.0 13.653221247924375 28.0 
369.00204015517926 40.00828603726856 24.0 14.274235398451646 28.0 
370.00091408417643 40.44541383155339 23.0 13.452400876142365 28.0 
371.0011783612765 44.85743643573588 21.0 13.34647668803977 29.0 
372.00075929975344 52.09460219553077 20.0 11.705411937852674 28.0 
373.0005721657601 55.75616063199222 21.0 12.236850217872515 28.0 
374.00077665570626 64.51415466382659 20.0 12.48238275621301 28.0 
375.00461432371975 64.38286662489678 19.0 14.747012950157218 29.0 
376.00089615299225 63.46656759100046 17.0 13.92581696633654 29.0 
377.0045829825278 62.48437450435398 17.0 12.853918771659108 28.0 
378.0005721657601 63.551934164754854 17.0 13.163166754177793 27.0 
379.0043457193356 65.48283363219467 17.0 13.861076675939872 27.0 
380.00868413547244 64.04576507295073 17.0 15.20907981697346 30.0 
381.00642759488693 63.87479966108028 17.0 14.225529772951125 30.0 
382.0014540581435 64.39175164108987 17.0 13.367487426730381 27.0 
383.0005721657601 64.59132265876899 17.0 12.608296277492117 27.0 
384.0002679482195 67.19580136400087 16.0 12.50255308388369 27.0 
385.0060581362006 70.58231487478506 16.0 11.51470936534256 25.0 
386.00017881391824 71.72973269635003 15.0 9.870422878397973 24.0 
387.0005252247544 71.6073727928758 15.0 9.476847220801147 25.0 
388.0003138524522 73.78461319961264 15.0 9.180010352030727 25.0 
389.0080467072998 77.82101141452694 15.0 8.602884309800768 25.0 
390.003846768721 76.93487960013205 14.0 10.113941433573101 25.0 
391.0047489368332 75.47457671627404 16.0 10.058758202598908 24.0 
392.0014160360899 74.33554792627444 15.0 13.623050597319605 24.0 
393.0005721657601 73.93377899722248 15.0 11.86170483389756 23.0 
394.00020326642317 77.2407593926859 14.0 12.787040651863995 24.0 
395.0010295604391 78.49293431792397 13.0 13.90388633368522 26.0 
396.0006303883013 74.3528204980985 13.0 15.541982181381897 26.0 
397.0027115712366 66.26593439841369 12.0 14.34120257416672 26.0 
398.0005576659325 61.76943102130094 11.0 15.574381924596924 25.0 
399.0083104871595 61.57654695990301 11.0 16.01157107487189 26.0 
400.0066003526195 60.06250524913354 12.0 14.482697728265665 26.0 
401.0002284022056 57.22047668002262 12.0 14.388473150123192 25.0 
402.00766394630904 52.49561013981555 13.0 14.04316205702751 26.0 
403.0005721657601 49.97024016604406 13.0 11.393196191344307 25.0 
404.00041371580147 54.00131369218096 13.0 14.189055801048868 24.0 
405.00229965236787 49.87114910518552 13.0 13.641928714293092 24.0 
406.0020698245358 54.129596947074 13.0 13.036027857306575 24.0 
407.0030891549814 55.3267052075486 13.0 11.66677378563105 24.0 
408.0005721657601 52.43240579383172 12.0 9.485231943428898 48.0 
409.000182877424 57.75072628285132 12.0 9.643014928540088 39.0 
410.00256029862004 61.754366864807054 12.0 9.84447916918031 34.0 
411.00001711769073 63.12343679385221 12.0 12.112586409365036 33.0 
412.00375026564825 63.43592473394679 12.0 11.141968785039891 32.0 
413.0005721657601 66.54097843139746 11.0 12.919286278369638 31.0 
414.00229615524995 72.1959684933137 12.0 11.934271883178965 30.0 
415.00143513829545 77.38957900043843 12.0 11.237747544735232 31.0 
416.00084204485165 78.97951074772986 11.0 12.38412981457718 30.0 
417.0001149896525 78.42798200478991 11.0 13.646631010729422 30.0 
418.0005721657601 78.87833583601608 11.0 14.464499975257512 28.0 
419.0005634158639 82.11600453889162 11.0 14.350035447850042 28.0 
420.0007887356819 81.08653727159269 11.0 15.800963048502314 29.0 
421.0000306944358 80.47298717781314 11.0 14.609469836797475 28.0 
422.00053530124137 78.2893679446421 11.0 16.280981982860762 27.0 
423.0005721657601 79.24434893915064 11.0 15.043357329218358 27.0 
424.00149400486475 78.85559024293819 11.0 13.541689507969297 30.0 
425.00227351731615 80.4231070277018 11.0 13.788566980433268 31.0 
426.00174378623683 84.17351837902507 11.0 14.963445198654407 27.0 
427.00136634013865 85.72278424121708 11.0 16.501280061618207 27.0 
428.0005721657601 84.08350684106034 10.0 18.37975735188989 29.0 
429.0020164274163 84.53557035704817 10.0 18.797803241413806 31.0 
430.0007145018819 84.3989351213997 10.0 20.169843478518022 26.0 
431.0005226943808 85.20202549201494 10.0 20.286901681115047 26.0 
432.0015397469363 85.3816542170396 10.0 17.432855326352797 33.0 
433.0005721657601 84.41909577290019 9.0 17.61238227094438 28.0 
434.0012976950736 89.41329267748596 10.0 17.3080162789964 29.0 
435.0049645465656 89.54035787345794 15.0 16.06405938084473 46.0 
436.0046537086236 68.58563437528986 14.0 15.854522045793438 36.0 
437.00019982153754 58.804714125461174 16.0 16.6108598597567 31.0 
438.0005721657601 46.591160872832766 20.0 16.05727720934705 29.0 
439.00415499558636 56.887000227287594 25.0 16.238924224693005 29.0 
440.00158313365756 56.26627463081068 24.0 18.353782485079165 29.0 
441.00064054409586 60.4066760639216 21.0 16.671092179324212 29.0 
442.00182302202387 65.723053222956 19.0 18.31688280058616 28.0 
443.0005721657601 71.59844981131666 18.0 16.689415765204103 28.0 
444.0005127892947 77.4349269976913 19.0 13.764918476368493 29.0 
445.0015329934561 85.851438556353 17.0 13.476244605888906 28.0 
446.00284502158047 87.02686653751637 16.0 10.477752052084224 27.0 
447.00325674527477 86.86865931142592 16.0 10.947111995483068 27.0 
448.0005721657601 85.9918271155327 16.0 9.480787379594739 27.0 
449.000629724983 84.74638465424587 16.0 7.734872232588595 28.0 
450.0012592410475 86.0076098108128 16.0 6.888337545130791 28.0 
451.00343624416166 90.53986661157431 16.0 7.184932632652391 28.0 
452.0008951049974 90.464256626925 16.0 4.95860943560207 28.0 
453.0005721657601 91.38483213197672 18.0 4.864167392031206 28.0 
454.00700509720343 89.42230227895543 22.0 3.9597798879469455 28.0 
455.0004417793958 87.84248910124668 19.0 3.904248637626621 28.0 
456.0022618504831 87.32886557093575 18.0 3.4997453685039353 29.0 
457.00131454309843 83.85938283020428 17.0 4.184481064135615 29.0 
458.0005721657601 77.66130460917373 15.0 3.2414684176688278 29.0 
459.000608537586 80.49854770830368 15.0 3.249736314354532 29.0 
460.00068350744795 78.51326003792771 15.0 2.52275792652589 28.0 
461.0016327164572 81.27509157079731 16.0 2.0243253346784456 27.0 
462.00074899902484 83.40196102135408 17.0 2.24168623422404 28.0 
463.0005721657601 87.52586206501742 17.0 2.0458631338085347 26.0 
464.0015060630886 89.90031474603862 17.0 2.4396970628349526 26.0 
465.004726979215 94.4723208989249 17.0 1.8991576315568746 26.0 
466.00035390407396 96.17031125665916 17.0 1.9331387231371044 27.0 
467.0006249794899 96.11272588862752 17.0 1.996115483494375 26.0 
468.0005721657601 99.58324731136119 17.0 2.03454823409509 26.0 
469.0001686865853 99.85929340796858 16.0 1.7172386578194798 27.0 
470.00446749192935 101.21438247733823 16.0 2.78989983739527 27.0 
471.0052698128129 100.49006885036356 15.0 2.8757493077393583 26.0 
472.001526752583 102.28210460033296 15.0 2.8404576583061454 27.0 
473.0005721657601 104.67331053845432 15.0 2.8778585898366047 28.0 
474.0042404986125 101.4813856953718 15.0 4.258635492765816 28.0 
475.0015928040882 100.29582387503412 15.0 4.141874409804731 28.0 
476.0012869405239 98.75403349947939 15.0 4.275850473668461 28.0 
477.0014579006117 98.3895242602695 15.0 4.3426641597198685 30.0 
478.0005721657601 100.23284528713593 15.0 4.083047944471279 27.0 
479.0012529659367 98.3471065331844 14.0 3.052074767713727 27.0 
480.00699529606686 98.03853653503946 14.0 2.7561720839283166 27.0 
481.00022553889767 98.60158723638874 15.0 2.994093064135086 27.0 
482.00171058568714 99.33746627964857 17.0 3.008934668253305 27.0 
483.0005721657601 97.39091964837121 16.0 2.8425495015222 26.0 
484.00623963242145 98.78627335749412 16.0 2.7841016733187307 26.0 
485.000455115072 100.53136671379296 15.0 2.784951405737597 26.0 
486.0012401801919 103.54477084463514 15.0 2.924659262478963 26.0 
487.0011303015189 104.66820617976445 16.0 2.8598635458917707 26.0 
488.0005721657601 105.10757431100397 16.0 2.859060802243803 25.0 
489.00212886739746 101.84604064462086 15.0 2.799900737169267 25.0 
490.0016753385168 101.00187415606038 14.0 2.786099260701278 26.0 
491.0033641005012 101.29942796301894 14.0 2.809352153125001 26.0 
492.00013710470955 101.33422080641154 14.0 2.71764426550399 26.0 
493.0005721657601 101.98777334505075 13.0 2.479848648837445 26.0 
494.00439614953024 100.14196212051498 13.0 2.5572733841049744 26.0 
495.0018179983335 100.74526042246299 11.0 2.6310235935657285 28.0 
496.0005535684111 100.2235811254453 11.0 2.6529426835673267 28.0 
497.00035695002805 98.84240902956836 11.0 2.6431376120335157 26.0 
498.0005721657601 98.8464333209482 11.0 1.9257083442876934 26.0 
499.00165466007155 97.27877087012271 11.0 2.453609168836148 26.0 
500.000273879814 95.88085245992727 12.0 3.53905422537317 27.0 
501.00090003129077 93.37809884092515 13.0 5.473260911006063 28.0 
502.00978428821196 90.29981855140883 14.0 5.31357007041814 28.0 
503.0005721657601 85.47055721307011 16.0 5.1707761809256905 28.0 
504.00046895053237 78.23886702358791 16.0 4.852472537480652 28.0 
505.0016024070428 79.94978270261247 16.0 4.878429423673345 28.0 
506.00023876606525 77.18645009745417 16.0 4.8641582488027835 32.0 
507.0014691616244 82.88927494846433 16.0 4.650665822006726 32.0 
508.0005721657601 82.57557793860441 16.0 4.637302079323344 31.0 
509.0039139422358 78.71078107399151 15.0 4.56271684313463 30.0 
510.00343285699216 78.9266972948966 15.0 4.5698331729544135 30.0 
511.00396291917355 81.14693843789563 15.0 3.977874166212135 30.0 
512.0030790971686 83.86129645626146 15.0 3.9779262277990406 30.0 
513.0005721657601 84.31152520078476 13.0 3.989713484202106 30.0 
514.0030578734511 81.39494459969023 13.0 3.92892099479565 30.0 
515.0006023959264 81.82398410131621 13.0 3.877361386581767 30.0 
516.0007324181727 83.46600169374393 13.0 4.210556991198829 29.0 
517.0009158304103 83.2584057809813 13.0 3.7637467527152415 29.0 
518.0000406220298 82.11230192201872 13.0 4.193342704722667 30.0 
519.000294232889 80.15847323108534 13.0 4.122164435701875 29.0 
520.0012463805062 78.44160564924778 13.0 3.1322613282819383 29.0 
521.0002641503613 78.46870966193903 13.0 3.39732618053309 29.0 
522.0010747520286 78.0598717977311 13.0 3.3997629078328826 29.0 
523.0002311320018 78.18503861687051 13.0 3.253020761065934 30.0 
524.0002654258641 75.64533239747853 12.0 2.6078050604698166 29.0 
525.0005733742612 75.33010898993881 12.0 2.229160236116906 29.0 
526.0055780403784 74.75906784242656 12.0 2.422599238618015 28.0 
527.0007977526658 74.56958020541732 11.0 1.8914729417010097 31.0 
528.0005721657601 74.1987018543815 11.0 2.175963943335534 33.0 
529.0010763627986 73.61558054060959 11.0 2.137879458980048 32.0 
530.0018303330047 72.83129338263679 11.0 2.1481094421988556 33.0 
531.0015450761372 72.62331234184532 13.0 2.1549141735280504 31.0 
532.0026844200644 73.7713313279609 12.0 1.6808043797162 31.0 
533.0005721657601 73.70970595357308 12.0 1.629052605666102 30.0 
534.000161584642 72.82091844737015 12.0 1.187765539042399 28.0 
535.0019497281156 73.46007901230135 12.0 0.8520112793560155 28.0 
536.0007674058774 73.15408491416629 12.0 0.8610370001772001 28.0 
537.0000572081046 74.61803045782133 12.0 0.5218687008130775 28.0 
538.0005721657601 75.77923807081778 11.0 0.5218687008130775 28.0 
539.0025988951912 77.13777944365657 10.0 0.5137332562040638 28.0 
540.0069445313611 77.18648767933314 10.0 0.5243829668797384 28.0 
541.0003752992445 77.57509621344992 10.0 0.5137332562040638 28.0 
542.0023414505299 79.72643331607891 10.0 0.5137332562040638 28.0 
543.0005721657601 80.55317991766951 10.0 0.5137332562040638 28.0 
544.0024429554313 80.71445355040453 10.0 0.9961328194113244 28.0 
545.0011202525366 82.08114632742954 10.0 0.9961328194113244 28.0 
546.0017473599387 82.8697779364588 10.0 0.9961328194113244 28.0 
547.0004178672071 83.19161893102063 10.0 0.9961328194113244 28.0 
548.0005721657601 84.49271980812485 10.0 0.9961328194113244 27.0 
549.0044739663749 85.00310547022693 10.0 2.473841079436177 27.0 
550.0013233320626 84.57249948360929 10.0 2.9693408976240785 27.0 
551.0147220019205 84.40152245022668 10.0 3.810276241970328 27.0 
552.0051579987271 85.52023479432842 10.0 2.315653457596294 27.0 
553.0005721657601 85.69738259951231 10.0 2.29015286112466 27.0 
554.000002729711 85.35769004544356 10.0 2.270535002334851 26.0 
555.0025937407648 84.80574818295473 10.0 2.766035483167364 26.0 
556.0065547715803 84.89212886928547 10.0 2.758402431434549 26.0 
557.0006972674339 84.89787901435923 10.0 2.75781741979727 26.0 
558.0005721657601 84.8848555092407 10.0 3.263421303874021 25.0 
559.0008694816567 85.29545856122932 10.0 3.2072430702779267 26.0 
560.0014283729539 87.13563340745668 10.0 3.3098814884054923 26.0 
561.0007579835961 86.54991754099545 10.0 3.490874925976481 26.0 
562.0008661860885 85.50903667528493 10.0 3.5695950869019737 26.0 
563.0000418170187 84.85436794168002 10.0 3.026093214212648 26.0 
564.0014848729166 84.66676028893285 10.0 2.3571752907797245 27.0 
565.0003925816355 85.09523032489136 9.0 1.9762258350469193 26.0 
566.0004267845145 85.87195341638697 10.0 2.0036058549058495 27.0 
567.0009024426241 87.43879797407261 10.0 2.0628103317127016 26.0 
568.0005721657601 88.29476340881467 10.0 2.0323088397184828 28.0 
569.0021001582963 87.91032335788292 10.0 2.4359098292412233 28.0 
570.0001084932477 87.9292166335288 10.0 2.5297175347103633 27.0 
571.0031870425614 88.7380129619294 10.0 2.5421716019738123 27.0 
572.0097842882119 88.30801804512953 10.0 2.4831228027197207 26.0 
573.0003970897294 88.69186693730452 10.0 2.659123912204989 26.0 
574.0001966847509 85.7200072447973 19.0 2.3161593552880926 26.0 
575.0023457041552 83.02520777428174 16.0 2.343261631596292 26.0 
576.0009152587809 81.66594348744745 15.0 1.8900391639133227 25.0 
577.0002716058133 79.97564022110535 13.0 1.8910651551994895 26.0 
578.0005721657601 83.06151023550137 12.0 1.690570359432367 26.0 
579.003628121118 81.5470916508926 11.0 2.085575294651319 24.0 
580.0005526419422 81.96923967794174 11.0 1.8811325085748543 24.0 
581.0022281984914 84.1993903663374 11.0 1.9907795429416326 25.0 
582.0003907611366 86.83532532819079 11.0 1.2831509622538204 24.0 
583.0005721657601 89.82487676229677 9.0 1.1909660217382116 24.0 
584.0051776483202 91.35580829726106 8.0 1.240209837062673 23.0 
585.0000865308683 91.87430619284521 7.0 1.0058139977340916 24.0 
586.0004464917052 91.2799506230798 7.0 1.2474788427770762 23.0 
587.0004025148136 92.30713486180527 6.0 1.6985632816192624 23.0 
588.0005721657601 93.61507339194334 6.0 1.3041180088963342 24.0 
589.0017242200137 94.48596722595718 6.0 1.1630173725094546 25.0 
590.0012481418466 94.25373610351251 6.0 1.064523869307796 25.0 
591.0014679877017 95.59072033961895 6.0 1.4394640531235807 25.0 
592.0006211085238 95.78593406427873 6.0 1.7732514760373213 25.0 
593.0005721657601 95.3784088597069 6.0 1.6509359423436933 25.0 
594.0011717469407 92.92522220548513 6.0 1.6310212771737491 26.0 
595.0016734290876 92.9724192870939 6.0 1.6697982566635987 25.0 
596.0006527422216 93.88481087873363 6.0 1.6846434528799483 25.0 
597.0028372417333 71.02643718054078 43.0 1.8155068551678906 25.0 
598.0005721657601 62.298900113272836 35.0 1.8897168902537775 26.0 
599.000041453115 51.736298830198514 32.0 2.1790939335808512 26.0 
600.0025920704946 44.3789965419844 25.0 2.0648893554400405 25.0 
#####################################################################
# End of data export. Simulation finished at: 2019-02-22T06:55+0000 #
#####################################################################
